# in_len out_len mcost tcost threads hashes req_time[s] time[ms] hashes_second
32 32 1024 2 1 752 10 10002 75.18
32 32 1024 2 2 2664 10 10005 266.27
32 32 1024 2 3 3986 10 10006 398.36
32 32 1024 2 4 5290 10 10006 528.70
32 32 1024 2 5 6562 10 10005 655.85
32 32 1024 2 6 7928 10 10006 792.35
32 32 1024 2 7 9190 10 10008 918.31
32 32 1024 2 8 10352 10 10005 1034.65
32 32 1024 2 9 11355 10 10006 1134.79
32 32 1024 2 10 12360 10 10012 1234.58
32 32 1024 2 11 13969 10 10007 1395.88
32 32 1024 2 12 14880 10 10008 1486.87
32 32 1024 2 13 15666 10 10007 1565.45
32 32 1024 2 14 17181 10 10007 1716.87
32 32 1024 2 15 17784 10 10016 1775.61
32 32 1024 2 16 18564 10 10008 1854.98
32 32 1024 2 17 19546 10 10031 1948.46
32 32 1024 2 18 19367 10 10033 1930.40
32 32 1024 2 19 21939 10 10022 2189.08
32 32 1024 2 20 20529 10 10008 2051.31
32 32 1024 2 21 23453 10 10034 2337.44
32 32 1024 2 22 24002 10 10013 2397.19
32 32 1024 2 23 24802 10 10009 2478.06
32 32 1024 2 24 24149 10 10044 2404.38
32 32 1024 2 25 24010 10 10020 2396.19
32 32 1024 2 26 24773 10 10042 2466.84
32 32 1024 2 27 26670 10 10042 2655.88
32 32 1024 2 28 25481 10 10032 2540.08
32 32 1024 2 29 26021 10 10033 2593.66
32 32 1024 2 30 27762 10 10034 2766.92
32 32 1024 2 31 28440 10 10022 2837.81
32 32 1024 2 32 28349 10 10030 2826.50
32 32 1024 2 33 28909 10 10012 2887.44
32 32 1024 2 34 30892 10 10025 3081.41
32 32 1024 2 35 29808 10 10036 2970.22
32 32 1024 2 36 29495 10 10026 2941.85
32 32 1024 2 37 30912 10 10027 3082.95
32 32 1024 2 38 33199 10 10019 3313.70
32 32 1024 2 39 32697 10 10023 3262.20
32 32 1024 2 40 33419 10 10034 3330.68
32 32 1024 2 41 32960 10 10041 3282.62
32 32 1024 2 42 33142 10 10041 3300.69
32 32 1024 2 43 32223 10 10045 3207.78
32 32 1024 2 44 32526 10 10035 3241.23
32 32 1024 2 45 33089 10 10025 3300.81
32 32 1024 2 46 35806 10 10032 3569.25
32 32 1024 2 47 35044 10 10041 3490.21
32 32 1024 2 48 35576 10 10035 3545.32
32 32 1024 2 49 35638 10 10020 3556.56
32 32 1024 2 50 36365 10 10026 3627.11
32 32 1024 2 51 36446 10 10027 3634.74
32 32 1024 2 52 37418 10 10015 3736.16
32 32 1024 2 53 35796 10 10022 3571.72
32 32 1024 2 54 36155 10 10029 3605.08
32 32 1024 2 55 37828 10 10029 3771.84
32 32 1024 2 56 36945 10 10034 3682.14
32 32 1024 2 57 37612 10 10025 3751.85
32 32 1024 2 58 37072 10 10024 3698.24
32 32 1024 2 59 37973 10 10027 3787.04
32 32 1024 2 60 37646 10 10015 3759.13
32 32 1024 2 61 38219 10 10030 3810.31
32 32 1024 2 62 38628 10 10034 3849.82
32 32 1024 2 63 38197 10 10034 3806.64
32 32 1024 2 64 38232 10 10018 3816.28
32 32 1024 2 65 38527 10 10017 3846.24
32 32 1024 2 66 38380 10 10023 3829.31
32 32 1024 2 67 38657 10 10033 3853.07
32 32 1024 2 68 40274 10 10026 4016.87
32 32 1024 2 69 39634 10 10022 3954.59
32 32 1024 2 70 40108 10 10027 3999.80
32 32 1024 2 71 39481 10 10023 3939.01
32 32 1024 2 72 39564 10 10032 3943.75
32 32 1024 2 73 40103 10 10029 3998.87
32 32 1024 2 74 40160 10 10021 4007.63
32 32 1024 2 75 40705 10 10018 4063.16
32 32 1024 2 76 40997 10 10016 4093.25
32 32 1024 2 77 40488 10 10023 4039.47
32 32 1024 2 78 40964 10 10025 4086.21
32 32 1024 2 79 41031 10 10023 4093.60
32 32 1024 2 80 41702 10 10020 4161.85
32 32 1024 2 81 42695 10 10018 4261.94
32 32 1024 2 82 41889 10 10031 4175.78
32 32 1024 2 83 42947 10 10027 4282.95
32 32 1024 2 84 42263 10 10025 4215.87
32 32 1024 2 85 42824 10 10027 4270.85
32 32 1024 2 86 41506 10 10037 4135.44
32 32 1024 2 87 42284 10 10019 4220.33
32 32 1024 2 88 42535 10 10027 4241.89
32 32 1024 2 89 42600 10 10025 4249.30
32 32 1024 2 90 42749 10 10022 4265.60
32 32 1024 2 91 42895 10 10023 4279.61
32 32 1024 2 92 43526 10 10023 4342.69
32 32 1024 2 93 43348 10 10032 4320.90
32 32 1024 2 94 42869 10 10025 4276.21
32 32 1024 2 95 43418 10 10027 4330.21
32 32 1024 2 96 43362 10 10025 4325.17
32 32 1024 2 97 43464 10 10030 4333.57
32 32 1024 2 98 43905 10 10018 4382.52
32 32 1024 2 99 42685 10 10030 4255.69
32 32 1024 2 100 42775 10 10026 4266.37
32 32 1024 2 101 43055 10 10033 4291.52
32 32 1024 2 102 43532 10 10032 4339.49
32 32 1024 2 103 43649 10 10023 4354.91
32 32 1024 2 104 43826 10 10023 4372.74
32 32 1024 2 105 43457 10 10027 4333.98
32 32 1024 2 106 43495 10 10022 4339.84
32 32 1024 2 107 43949 10 10026 4383.67
32 32 1024 2 108 43867 10 10022 4377.22
32 32 1024 2 109 43527 10 10027 4341.07
32 32 1024 2 110 43488 10 10027 4337.23
32 32 1024 2 111 43826 10 10026 4371.45
32 32 1024 2 112 43662 10 10030 4353.14
32 32 1024 2 113 44466 10 10030 4433.37
32 32 1024 2 114 43983 10 10027 4386.67
32 32 1024 2 115 44374 10 10022 4427.49
32 32 1024 2 116 44684 10 10025 4457.13
32 32 1024 2 117 44640 10 10030 4450.73
32 32 1024 2 118 44335 10 10030 4420.26
32 32 1024 2 119 44387 10 10028 4426.34
32 32 1024 2 120 44129 10 10030 4399.83
32 32 1024 2 121 44325 10 10029 4419.73
32 32 1024 2 122 44484 10 10026 4437.06
32 32 1024 2 123 44461 10 10028 4433.65
32 32 1024 2 124 44916 10 10024 4481.01
32 32 1024 2 125 45188 10 10030 4505.16
32 32 1024 2 126 44878 10 10028 4475.16
32 32 1024 2 127 44588 10 10027 4446.63
32 32 1024 2 128 45423 10 10029 4529.02
32 32 1024 2 129 45109 10 10029 4498.02
32 32 1024 2 130 45386 10 10026 4526.67
32 32 1024 2 131 45364 10 10032 4521.71
32 32 1024 2 132 45520 10 10029 4538.91
32 32 1024 2 133 45350 10 10032 4520.68
32 32 1024 2 134 45458 10 10031 4531.67
32 32 1024 2 135 45785 10 10026 4566.63
32 32 1024 2 136 45876 10 10028 4575.00
32 32 1024 2 137 45688 10 10029 4555.71
32 32 1024 2 138 45616 10 10029 4548.50
32 32 1024 2 139 45993 10 10029 4585.91
32 32 1024 2 140 45526 10 10026 4540.93
32 32 1024 2 141 46020 10 10030 4588.08
32 32 1024 2 142 46063 10 10031 4592.15
32 32 1024 2 143 45884 10 10030 4574.73
32 32 1024 2 144 46049 10 10035 4588.68
32 32 1024 2 145 46121 10 10029 4598.97
32 32 1024 2 146 45894 10 10024 4578.46
32 32 1024 2 147 46135 10 10028 4600.41
32 32 1024 2 148 44908 10 10032 4476.42
32 32 1024 2 149 46041 10 10030 4590.40
32 32 1024 2 150 46386 10 10029 4625.33
32 32 1024 2 151 46450 10 10029 4631.71
32 32 1024 2 152 46139 10 10031 4599.45
32 32 1024 2 153 46612 10 10033 4646.00
32 32 1024 2 154 46314 10 10032 4616.69
32 32 1024 2 155 46490 10 10028 4635.85
32 32 1024 2 156 46286 10 10029 4615.20
32 32 1024 2 157 46604 10 10027 4647.82
32 32 1024 2 158 46574 10 10029 4643.72
32 32 1024 2 159 46143 10 10031 4600.04
32 32 1024 2 160 46543 10 10032 4639.27
