# in_len out_len mcost tcost threads hashes req_time[s] time[ms] hashes_second
32 32 7 0 1 1747 10 10000 174.69
32 32 7 0 2 7038 10 10002 703.64
32 32 7 0 3 10456 10 10003 1045.31
32 32 7 0 4 13989 10 10001 1398.81
32 32 7 0 5 17350 10 10002 1734.69
32 32 7 0 6 20900 10 10003 2089.38
32 32 7 0 7 24184 10 10003 2417.72
32 32 7 0 8 27414 10 10003 2740.61
32 32 7 0 9 30622 10 10003 3061.39
32 32 7 0 10 33708 10 10003 3369.80
32 32 7 0 11 36427 10 10003 3641.66
32 32 7 0 12 38378 10 10003 3836.66
32 32 7 0 13 43049 10 10003 4303.71
32 32 7 0 14 41583 10 10004 4156.58
32 32 7 0 15 45638 10 10002 4562.69
32 32 7 0 16 45432 10 10012 4537.62
32 32 7 0 17 51390 10 10008 5135.11
32 32 7 0 18 51845 10 10004 5182.58
32 32 7 0 19 56670 10 10003 5665.27
32 32 7 0 20 55485 10 10011 5542.66
32 32 7 0 21 53806 10 10010 5375.23
32 32 7 0 22 55532 10 10013 5546.25
32 32 7 0 23 60465 10 10011 6039.60
32 32 7 0 24 64083 10 10008 6403.33
32 32 7 0 25 57648 10 10011 5758.29
32 32 7 0 26 66118 10 10010 6605.43
32 32 7 0 27 64711 10 10007 6466.34
32 32 7 0 28 69317 10 10008 6926.45
32 32 7 0 29 69899 10 10004 6987.18
32 32 7 0 30 65905 10 10008 6585.29
32 32 7 0 31 69821 10 10008 6976.38
32 32 7 0 32 72741 10 10003 7271.59
32 32 7 0 33 74630 10 10011 7454.95
32 32 7 0 34 73938 10 10006 7389.31
32 32 7 0 35 76274 10 10009 7620.34
32 32 7 0 36 76388 10 10006 7634.47
32 32 7 0 37 76081 10 10010 7600.51
32 32 7 0 38 77956 10 10011 7787.10
32 32 7 0 39 81104 10 10005 8106.33
32 32 7 0 40 81307 10 10010 8122.76
32 32 7 0 41 81615 10 10005 8157.20
32 32 7 0 42 81220 10 10012 8112.35
32 32 7 0 43 80980 10 10007 8092.43
32 32 7 0 44 84901 10 10009 8482.44
32 32 7 0 45 85619 10 10011 8552.50
32 32 7 0 46 85106 10 10008 8504.07
32 32 7 0 47 86702 10 10010 8661.48
32 32 7 0 48 88390 10 10004 8835.16
32 32 7 0 49 85827 10 10009 8575.24
32 32 7 0 50 88385 10 10009 8830.37
32 32 7 0 51 90038 10 10007 8997.52
32 32 7 0 52 95202 10 10009 9511.21
32 32 7 0 53 90928 10 10008 9085.60
32 32 7 0 54 93376 10 10006 9331.59
32 32 7 0 55 93273 10 10011 9317.44
32 32 7 0 56 97593 10 10009 9750.84
32 32 7 0 57 94784 10 10007 9471.75
32 32 7 0 58 95288 10 10008 9521.05
32 32 7 0 59 100661 10 10009 10057.05
32 32 7 0 60 96377 10 10009 9628.63
32 32 7 0 61 101298 10 10005 10124.44
32 32 7 0 62 102742 10 10007 10267.33
32 32 7 0 63 100268 10 10012 10015.23
32 32 7 0 64 102248 10 10008 10216.99
32 32 7 0 65 106207 10 10007 10613.67
32 32 7 0 66 105174 10 10005 10511.90
32 32 7 0 67 106035 10 10011 10591.53
32 32 7 0 68 107550 10 10010 10744.64
32 32 7 0 69 105973 10 10011 10585.24
32 32 7 0 70 106916 10 10010 10681.16
32 32 7 0 71 109205 10 10009 10910.83
32 32 7 0 72 111164 10 10006 11109.51
32 32 7 0 73 109536 10 10006 10947.24
32 32 7 0 74 108936 10 10008 10885.05
32 32 7 0 75 112327 10 10005 11226.59
32 32 7 0 76 110956 10 10007 11088.11
32 32 7 0 77 112337 10 10005 11228.11
32 32 7 0 78 112964 10 10008 11287.26
32 32 7 0 79 114266 10 10007 11419.11
32 32 7 0 80 112749 10 10006 11268.49
32 32 7 0 81 115782 10 10006 11571.08
32 32 7 0 82 114302 10 10009 11420.39
32 32 7 0 83 116338 10 10007 11625.52
32 32 7 0 84 113900 10 10008 11380.71
32 32 7 0 85 116503 10 10007 11642.52
32 32 7 0 86 114790 10 10006 11471.69
32 32 7 0 87 116878 10 10006 11680.74
32 32 7 0 88 115842 10 10006 11577.02
32 32 7 0 89 118090 10 10006 11801.71
32 32 7 0 90 117954 10 10011 11782.89
32 32 7 0 91 118085 10 10011 11795.33
32 32 7 0 92 117215 10 10007 11713.14
32 32 7 0 93 116445 10 10007 11636.49
32 32 7 0 94 117823 10 10009 11772.24
32 32 7 0 95 120379 10 10006 12030.09
32 32 7 0 96 117566 10 10006 11749.50
32 32 7 0 97 117488 10 10007 11740.78
32 32 7 0 98 120895 10 10007 12081.10
32 32 7 0 99 119452 10 10007 11936.74
32 32 7 0 100 119201 10 10007 11912.30
32 32 7 0 101 120689 10 10007 12059.90
32 32 7 0 102 119200 10 10007 11912.06
32 32 7 0 103 118696 10 10010 11857.50
32 32 7 0 104 118937 10 10007 11885.37
32 32 7 0 105 122617 10 10008 12252.25
32 32 7 0 106 121655 10 10008 12156.05
32 32 7 0 107 121572 10 10006 12149.50
32 32 7 0 108 120114 10 10008 12001.89
32 32 7 0 109 121374 10 10008 12127.79
32 32 7 0 110 123673 10 10007 12358.13
32 32 7 0 111 122243 10 10008 12214.69
32 32 7 0 112 122568 10 10007 12248.23
32 32 7 0 113 120288 10 10007 12020.33
32 32 7 0 114 120176 10 10007 12008.75
32 32 7 0 115 120688 10 10008 12059.32
32 32 7 0 116 124593 10 10008 12448.97
32 32 7 0 117 122615 10 10008 12251.93
32 32 7 0 118 123054 10 10009 12294.08
32 32 7 0 119 123851 10 10009 12373.91
32 32 7 0 120 124788 10 10009 12467.88
32 32 7 0 121 122828 10 10008 12272.99
32 32 7 0 122 125449 10 10010 12532.15
32 32 7 0 123 125229 10 10008 12513.21
32 32 7 0 124 123485 10 10009 12337.21
32 32 7 0 125 124709 10 10009 12460.27
32 32 7 0 126 124342 10 10009 12423.44
32 32 7 0 127 124154 10 10008 12405.87
32 32 7 0 128 126755 10 10008 12665.47
32 32 7 0 129 124495 10 10009 12438.33
32 32 7 0 130 125887 10 10009 12577.82
32 32 7 0 131 126714 10 10009 12659.53
32 32 7 0 132 125849 10 10008 12574.71
32 32 7 0 133 126712 10 10009 12660.00
32 32 7 0 134 126626 10 10011 12648.32
32 32 7 0 135 127411 10 10009 12729.83
32 32 7 0 136 128444 10 10007 12834.85
32 32 7 0 137 125317 10 10009 12520.64
32 32 7 0 138 126518 10 10009 12640.68
32 32 7 0 139 127547 10 10009 12743.15
32 32 7 0 140 126881 10 10009 12676.41
32 32 7 0 141 127758 10 10008 12765.64
32 32 7 0 142 127214 10 10009 12709.36
32 32 7 0 143 128276 10 10009 12816.35
32 32 7 0 144 127170 10 10009 12705.16
32 32 7 0 145 127981 10 10009 12786.49
32 32 7 0 146 128675 10 10009 12856.22
32 32 7 0 147 128375 10 10010 12825.25
32 32 7 0 148 128172 10 10011 12803.35
32 32 7 0 149 127701 10 10010 12757.43
32 32 7 0 150 128600 10 10009 12848.26
32 32 7 0 151 128601 10 10010 12847.84
32 32 7 0 152 128788 10 10009 12867.05
32 32 7 0 153 128446 10 10009 12832.86
32 32 7 0 154 128915 10 10010 12879.09
32 32 7 0 155 128865 10 10010 12873.88
32 32 7 0 156 128366 10 10010 12824.23
32 32 7 0 157 128993 10 10009 12888.17
32 32 7 0 158 128745 10 10009 12862.50
32 32 7 0 159 128544 10 10010 12841.33
32 32 7 0 160 124171 10 10009 12405.52
