# ERROR 32 32 0 0
# ERROR 32 32 1 0
# ERROR 32 32 2 0
# ERROR 32 32 3 0
# ERROR 32 32 4 0
# ERROR 32 32 5 0
# ERROR 32 32 6 0
# ERROR 32 32 7 0
# ERROR 32 32 8 0
# ERROR 32 32 9 0
# ERROR 32 32 10 0
# ERROR 32 32 11 0
# ERROR 32 32 12 0
# ERROR 32 32 13 0
# ERROR 32 32 14 0
# ERROR 32 32 15 0
# ERROR 32 32 16 0
# ERROR 32 32 17 0
32 32 18 0 94 5775
32 32 19 0 208 16685
32 32 20 0 489 27569
32 32 21 0 1051 49421
32 32 22 0 2188 93067
32 32 23 0 4435 180461
32 32 24 0 8951 355208
32 32 25 0 17996 704744
