# ERROR 32 1 0 1500
# ERROR 32 2 0 1500
# ERROR 32 3 0 1500
32 4 0 1500 84 188 :9facd3c2
32 5 0 1500 69 124 :3a2ea47dc3
32 6 0 1500 54 124 :031e55620b58
32 7 0 1500 53 124 :341d5513d625e5
32 8 0 1500 60 188 :2d7649ef63c73855
32 9 0 1500 59 188 :441470e853bb4a9b5d
32 10 0 1500 52 128 :efd040b2c11bbc7e4209
32 11 0 1500 56 124 :0471cfcf89056abab39a95
32 12 0 1500 54 124 :edc61e4e6c1e36ed639c4640
32 13 0 1500 53 124 :09efd2fe2e532d061149fe9141
32 14 0 1500 57 188 :7f99672454b4d1ae140f5f7cc3e9
32 15 0 1500 57 188 :7654a0dfba87cd5bda779a74724d32
32 16 0 1500 56 188 :1152765f6f23c0f044d63f0cebf07e47
32 17 0 1500 61 124 :899a1422dd4467c8fd54e4c8397aaafcf2
32 18 0 1500 57 124 :e59296bd01d705a626d4a942379b83222167
32 19 0 1500 56 188 :aae6ffc13c484adb5718b7dacf85c8c64a16d2
32 20 0 1500 60 124 :6e8873eb98ed07488900bf7720f6ea8dd5d6b5f3
32 21 0 1500 54 124 :270996e70a0ead1fe44bca9de4b9aa3629e546cee5
32 22 0 1500 63 188 :58d0c59ec1436f06d9da0b02fa9807ec2cb2db0c7cdc
32 23 0 1500 65 188 :92b41921ae3b96c571cdc23212c09d77decd480b7e12a8
32 24 0 1500 72 188 :c529a408670d58dbdf6490242401d1ed9c66af0385b40bec
32 25 0 1500 64 128 :f6e0582d34f63d445d6db1b780851cca9148c26e0915a9d39b
32 26 0 1500 62 188 :caee4a59ffc191b51115c1089b91be2b992995a3b023c2dfdccf
32 27 0 1500 61 128 :61ad70769ac710057599221c3aad4f75b3ca916d4665f1a941ae41
32 28 0 1500 56 128 :fc7198a5f095ab77f08024a49b3f8d8f9b7f360f03f3ea34f73386cd
32 29 0 1500 50 188 :2bf80e19f7f9856d4af80599d69f4b1a47406d9dc88d71c3851b7f3c3b
32 30 0 1500 72 128 :cd17eba422915b5cdba52b26f8a81869c5a282d13d995350c8857917e915
32 31 0 1500 72 128 :c0cbb55fe02cb42dd8d74f6d3147e407cfd0e5674144409ddd6ba72c596e1d
32 32 0 1500 63 124 :1ab8a6feb675d035463d3b1a21bedcd7d53f149ab24d4d644795a926ac54608b
32 33 0 1500 59 124 :d4897906ec6f643fa41b5c2afe3802b9645e164e12588b7101ba2a66aa07b5d7b7
32 34 0 1500 68 124 :6501b8c5201dd76af76919ba5e0cececd0f4c98c00465c02c3e8f65c111a4eb86222
32 35 0 1500 55 128 :2a7d79df0da4aa31a911a01d18218c2a10bf3018960948de82879498f46634479fbf5c
32 36 0 1500 50 188 :b5bfa39e6b8aa8bf36778ba963a4daa82842ebd75af680ca512569bf3ebe7d45e27296d6
32 37 0 1500 52 128 :e1ba755d725e89b0dab77653c954ab412eb81ce7c1b51a02ef91f06b575750749ec584584e
32 38 0 1500 71 188 :6a4eb44e3ff77156d01e4044b65248cb14e74ad99e01f85b51f2b517da2ce0f051bbb285d416
32 39 0 1500 64 124 :8ae957ae9b18354b69f01e60537ca040e77b6ca7f979cad0809b195a67cc438245fcb9bcd559b2
32 40 0 1500 63 192 :ebf2395226ef6e43098232b3257a034251c116033b944fc50d6ca1c6a1ba7b503e8ced930d1b467d
32 41 0 1500 54 188 :74d172eb3a9f66924b8341eeba31647a6cc894ffa2d96ca02a584449dc3bf18337280be1fafbc937ac
32 42 0 1500 57 188 :f3ac12a80ad79686c012406fb463f872bf3cdd163538becc637069aa30f418efff044a002b4833989b2e
32 43 0 1500 58 188 :995189cae6ebc13dfc14af309f951bd21b1991d740c31972b5a57666fca6a2c65107ae0c23aef678dc7a90
32 44 0 1500 68 188 :60555ccf0d6309ba1565a8ea5764e4f4a657c7c6a3fe9422d7a27667a0fc78f88e301728e7314383a9a9cb63
32 45 0 1500 55 188 :08e426fc39a6f39e09a16b6a7b71dca4619b9b46e079e84e29bfe57a38201b2d05f9f25054a3f22e23aafabbb9
32 46 0 1500 60 188 :fc32ab6e631a349c1ffe245b5059a82ea19e89d1d8b02a06075d7a6331c7063be430c657ce3b71d54b007944992f
32 47 0 1500 56 188 :91a893c4f7317140560062759efc767589e8a90fa055b47c9570ed0e6b16d7d22253a23db3839ac4c7b47ca59308d7
32 48 0 1500 57 188 :f2217ef9364f0f3b834a6bd6477743e1605c197f42cc4e37400c0a0ecb768a1276832ae922352cacb9406525d92869b6
32 49 0 1500 63 188 :906c08b0f42d66640cd85b9ce359579e55c6a50f1123610279241b26d70ff0157d4cee5ed24ce6da3c0f836715ee29e4da
32 50 0 1500 62 192 :e65ff9542e15a38a38e3b579d018c8ddd548866ea59a00b69ca716b8942e5c22eb24614593ae0e6d95d61724cfe003f7b7fe
32 51 0 1500 61 188 :09919d06871b89f4e6a3716c9e7fd0ccbcba6676578def4686c9325479ae095dfaeabc1b733f74e209a45a8df43f310bb74a1c
32 52 0 1500 52 124 :f0c499eca10f78eae7e271a23de5b81d060a4692d53d545dba8157576106ff7ef8c49a92927b7a4a1a4907abfc0f3121f253f99f
32 53 0 1500 64 188 :b40a3853c7f3f4f030b59a3ccdcf6d82a1edfcf87aea5ddfea1fffb5fc709389d62bcace377c1579b2a361021bbd4d3917c3e6cbea
32 54 0 1500 65 188 :6a6d2dc2dc8a268206dc65dce37bed669b94f0bf7477f92ec5963502530180313ac822a9e69785f556f5fa76d1cb2d21df75f7c0f61f
32 55 0 1500 68 124 :7691cb740e30867711e7d35b949382de7332b29e50f9568fe7f0a45e65d0a33eb4b5616d6a17649c76b549ff1d59ef71d40d16e1820de6
32 56 0 1500 54 128 :4abb34b604f1867eb4b4cc130f836acf9dbabf097d8136d4857d15eb0855f0b3d0ec2abcac45bf20feae3b617d50f837dd1f95f95a662b76
32 57 0 1500 53 128 :8fcdcd5fb976945f69e65d0c02f6b32f0ccb198b264899f4ae4c3e598240decfe33f82816a22bb171e97f9bfaff6379666cd4de9fa6b77fa61
32 58 0 1500 53 128 :fccfa24ca3be3618add1e796a1ada070e4b72991ea00204c0fc6a9ed18294a5cf1899038308976c203fd0fc5d276736ce47b18524e712ff71f6a
32 59 0 1500 66 128 :7b78b74b4ccb09ac0ec3c33f889ff020f66838007f3ac0cda75ece0a2b824cfa4fa82bdde10e4081baf11b41a687ad734f68554884b9bebedca396
32 60 0 1500 54 188 :7e0d144982ff3b061c265240d4e24074f4e76c8498a5c7436275ec760f490d06b413ac5fd40f88a3436e3400f1ca3a6f66b54b75cb24f251bfb80499
32 61 0 1500 64 188 :f03eb1ad19dbdcfe05dc5f53501c632a8b3437d56bfa759b68f8288ae565a1faa30849d59e6e3b1bdcf9df2173c57ebc1258e771c4237be35b71ddd28f
32 62 0 1500 61 128 :671a85236084f424a8d1ecf64e6c4e7f10fb6712a1a15a2af70e31c650be46e3f451bcff1266f2858c0f30f4e080a40fea56d3346c68d8d7fd58d231032d
32 63 0 1500 67 188 :6d95e62cb3b55a96d534979f3cfa88efa87594e57037a86088e7ee1e84c0c5719997184ae471c6db1511579c7179338033333ff66cccd860f45721d9da2ab4
32 64 0 1500 53 128 :ae4ef8669aa181b8fd9d3fd5e1cf6a67a69c18da250e24642cfd30137a3126a475ade038a049c7c898d21e294dd79b69906a55c1976cb135235ff8f9a06aac28
32 65 0 1500 62 124 :cba61bf87dbf74596ab9b912d563ac6fc07ccfe3d41fb70fd2eba2d458f53c7f5217e247cbe7e7c695e0e9dbb8e5b70e88296db5dc0adc7a08d808bafcf92aca6e
32 66 0 1500 68 188 :fa96857ab63d840fc240a3ccc53ce18e3390a24208d1f849f11288c5aaee8e6cc8f02b9187b0413692c897ff2b394e855fc0cafa84be3bd8a6fe6b21afa6aeeaf81d
32 67 0 1500 69 124 :53f53bff2710770aacc94004396a6c2749b0dfc543743ae1dad4373272065d602a8b5832a956d49d8b4f89c861eca6b5be016e77175f43158cec8fcbeebb63f2373250
32 68 0 1500 82 188 :9abd0426013d6cdbfa59bd81b87308c18f3a7b7a6cf5b0794dbb5a787d46cd4d5c7f8d4ae875d99cef95431c8de096142c6eebe95180c767a8737f6fa2287f3873f33dda
32 69 0 1500 56 128 :12a6d83b8482379e745db0293dfcaa1987380a4422a5ee6ede6c1bb651b63dfa6592c0c792f1e8ab8321b738607755576ff73072c18446f456c3a34d9a1f43dd8b2c429fcd
32 70 0 1500 61 124 :bad133cfcad6c2f571208bf89e3737b1cf350900ea9fcafe23eb7371323950e2816366f1e83e91bcfd4b3f2dcec4bd6fae763a1d76348d3f104bb12ae3d4a5e41499c855f387
32 71 0 1500 62 128 :67645ff6eb8a4f9890adf935ade52c5dc51621071aef93f2aee852f0d1611a668f49bac07e21be825ea4186befe9f52841369a7aac318c5356e357ba3d6d992d8e577f32af4113
32 72 0 1500 50 188 :4f2f5f10e3f5162b4c8ede8196eef2f145acb7116b91d3951f1d20671df45edbe5b5a497af2e0adcd475e3b307b2e5e181b444f7de9a10631f58356411ce3b2e49bbe579995f552b
32 73 0 1500 61 128 :55efdd08f7fb13d8bc75d769c0ac558f8e00b4ed9deb9ce715d3539032f26b868d92ac53398d60ec691b6a00c5b8f274266d2b9e6e706c493ce51c9a1c41c66f7d25b443fe0794bdfa
32 74 0 1500 70 188 :cf15b10d9ba171fe6c6a116da9b69b941fb0c8776ac7e3558266304aa351b299f37c7a8f0ad48012b2c3a5a428e038a8ff300abb74069741b8b9bab1d5efe8c0f309cb2f332d8b25d0e9
32 75 0 1500 52 192 :39cae940df910756b6722497191d6af1466955dc1fdb560b912e1250cdb504ea4e535bda65c150cf595a65d29c9ecc2e120b9c6143a33ca756e11566e433a9e1e8adeee73c143c104d14ad
32 76 0 1500 55 188 :a25b7b886b865c2f6826566edbb74081a840cdea9c338372564ad287cc90f6e30a5756afd20fba38691addec4ef471efd76e12ab56351c2f07686b92214a6bb5d0977b2ddcaf433f13bcd551
32 77 0 1500 58 128 :3eb4ed82ff97d914faeb74c403cba2db65e20983d14e93ab604771e71fdba27aec24e808630ae82333b1b3af568116b847ba5e1fb9655385a5c3820e10c1b4302ff9b34d87f1cec2917f80d24c
32 78 0 1500 62 188 :baaba0f32cffd3ba6d3b2ded4bebe37c6198cc45f57a0c69609f6a220330a7e569cda13e639dd78c58e59196e7581317467713b3e1c08b8dd92b57e05603907d80ad85ce709a8f10c1879a26e883
32 79 0 1500 55 188 :aafac79cfdcc80d26e9cb6e616e524d472d5fbeecd945d138fc6485143ff4ec94796c369dcbd0e107de89b63f78766ade85318ed99a930e28e2594cca9fea9174a68edea158f80e9e31b93779e74ed
32 80 0 1500 63 124 :66d63d4203d46ef89303e2ac2c6f04c686f85b7f4fa1a991b564d736bce9cbbacd196bf503b3ef98945c142a2f758f424cf30cf0a75c5a688b0979c0d7beeb097fd274509aa29c77f9472587fadf7300
32 81 0 1500 69 128 :59949ef57335ae1e265079246cecb3a381bc2c60a2fc65302b632995950916fa5ce7b8a7d7c66faade8f59f0cef8a84e56eaf5423b38b42b066ba6baadd1ebd509b54c79d2380f692a4050b3005567b614
32 82 0 1500 56 188 :51f743cd6cf1452d783aee2fcedc172b96fc4d422a44fd0fb6d3f1fc362da526bc293739ce1fc29a421021d114caa889136cbcbc8d5d9648192c8c158e0048f1a50569e6bdb2583b375619d3b4b8c8e5781a
32 83 0 1500 66 188 :c0cb345300696e68ff3708e90f0a97d8579d2c987d6cfdefb9697821b451c7c4b4b103b0b2a0468b7ac681a2177764f7869410392f06214a7c80b183f2a18b2481636d97eff550603f7bad73de945a678bf676
32 84 0 1500 63 128 :aeebd7526ec21c5eeca1b8379ed291d175f8f837a4e9e41a5f5a2cb5d4d1cf550a6f93c4a62e19acb87adf31e2f3d2ec5680782400024847d2fefa4a38b303a6ffb6ff9302ee9469ad898caefc4e685045c7e078
32 85 0 1500 53 188 :2796af3dbccb1110b0bd357ca0d8294695cb12636de0c99ea4556acaaec52744550492664fafa659f60567bba468c4419052c7baf9d7d64bbffc5e97b02a5d075a761e79402317f3ead91128e1e184ba2a531cbe19
32 86 0 1500 76 192 :7daf285b1023a69854e61f3c87cebdd43afec7b48aedcb5630d5bec287070cf1b2929832536f253087860f8ffdd3364f46dea52e93984da9e245dfe57db85323808f7cf586361d5769fa2b6e17015f6230f21dd00106
32 87 0 1500 61 188 :f05a84be19de7f0436d46fd8d2a9ceca1b66bda67d6f54ebef087e3b9fa745064e208f0c2dc627f7375df357f585608a01b83add4d7eb65f58960315f0e2fa88a82b44d44b5b0cb4a8654fe3cc793a48d7897a981cd470
32 88 0 1500 57 124 :9b33c58114f594b75f0a603785f8454a625ff7f2133363864e337e113911db26fe63bcef69c662c7928412b7cc12371b413cdb823b42640e01c2ba64ab6eac941cb87b97977bb2e6d1d5819947ba24a81f967597c61fa5ff
32 89 0 1500 68 188 :0fcab7cdaf249e5fb2da0d62decfb3ec7788d116eac2c85428c24ca16a27bccb0d933e0e5ae0a7d603faa2bc9d36b74fc253cb13caa596e888d73f4a3bd6628725d488ed97c64337140884ca49a6da79fafe682511172b17bf
32 90 0 1500 64 124 :d98641eae3d6f23264a8a4f8ce1f873bc325db91825084394002fd88ca4612c8a5ebcf16311d7f05016e9a0ec0db8f6192af8e9529acf9e206cbfd9e4c51779b03d098a6d994e02f5b821831d5d854974bdaf600747baf2be9f5
32 91 0 1500 57 192 :eb06050842f0eb37feb9624c3f3064f2d62c3095fe5633d95d93174bfda571d9da628c853e3a02a283a08b24e5ad3217d86f48d292a184936f6062ce5c0d38e3c285ef80ae0116041618ff5d9a8cc3afc4b8a51f64f373fc305ab5
32 92 0 1500 52 128 :168782afd2e5d53db55727457825c9ea97700fc6056f9552b9a172e3131b8504454f0bb15a8e6d1dd88f717d105bb74fabd705729b72dfab07984fef59d6575c55bee9914dafc528370c136d8ea06b0dec0b9425e5e7a8d1ce71a712
32 93 0 1500 64 188 :4d3e885ceaf24715342da2690d212f0faffda9ca3ab9ab221db043ccac771cc8cc8b5f3e70ba93157957ad6b355eb4cb43f620c376166a53dcede4f756260d8a6b24c1ecd9654ceba341ce84736e33eceef974ef3085bcc21fab51e875
32 94 0 1500 55 188 :23d0697af2bbd6ddc6164381292ed3cc0d1ce4b7996fc0872968b37a270a1d968e51f7c9a275d32c6b5b982aca86f6fb9e09af0f4e4fe0f93a9d184cbd5a662d9563fe0cbd7b8b852393be59fe97a1c4a0472f7e0756fe2cb9647306e9ae
32 95 0 1500 60 128 :aeebb1994f846bec885d25f5dcfb5a9457960bad24a32444eb7b8a97795899142252f90cf5c8408df057e95e5e18bf2bfa57dfa97a29c12f4d6bd64dd34e890c4de85442e0ec1fc83c720dedae3f50d7bab03022243159c02f8062d5b58704
32 96 0 1500 74 124 :d79baf8766a8be76cf3f7c2e44dc9e5027a1312a91d0a5735371ab76a49ef90e471f0a866184b46026d5ad97f80f0ecb3d4633a379f0357eab4dbfa579c01c7a306d138739b02965233c10eb009d45ad572cddcb608da57fd42cd9c060e13395
32 97 0 1500 60 188 :3d6e511529ff59ff3c665ecb88f6c019985ed7070b8a7bfeedf30cc25ea2760304327b4240c8a5397c6d2c280083edc0d94c6a2a48e87f083b59edfb41c60441f3b648a3b9fea3f407a9cf64ca6107cd799f6aa57b14cee740785c2fe654b38673
32 98 0 1500 65 188 :c6e94c314046ba1268328df6370a65e1331e0f7dedd4f518db9bf2cdcb435f48bb95921779ab103b47e165f31cbbac837e6ec57f88ed3fbffc960d2fe6d61c41f97b1a5aafbf690ce287a6fc0039778554e90dfbc6e8e1c7a605472ac385fb9f1072
32 99 0 1500 53 124 :fdc21aaece367c0dde45b331c6c3922092c8d7f4734a039f113dcfc25c4a5ffb34001e8b1268c8bbc963e0e46918498ed84f34e411ab741d3964c8369825471a65f70f5cd94d92abbd08f1649f30fd4144dfd345f7864713f3e910e645128b737c9057
32 100 0 1500 56 192 :3c2fad2ba80e8c0eb61ef7481d85a74e8f2844b46ff9c15db2c29657ebd25d6e57e3e9e31b78f3498a47a5ce9e3bdf4f07309c7170baaff7f1ad66450b3626b7a06df176238eaf29af104300d2d619028074aa2fe0f402260752db2ed16855e612f51f4e
32 101 0 1500 58 128 :d8f2413ab8bcdbd0277e8a5b0070ea504456e0b601fd7a0225f08ab7d054fd6246d8d155353083b23a3416985f375aded89ae6abdd0445a48308c2ad932cefc296331cde6ae627cb5e6e755676fafe55d71d03d861219880769cf8b517d06a9e61f0f56f2b
32 102 0 1500 62 124 :969b6bcd8eaa5e839669c38bce22e4fd45e454a5d1211b5f703aef2fdfd083345cbb1d5a475b43dc77424d547a567a66f1c928af05d1a1dcedadb0c5b5522c4a3df80c35e372d73f4b30a6ee5628822dcc8c7e32361f1a76475a27c35669a9606107b97c8c47
32 103 0 1500 72 188 :989ba5b22e4acddbd7f03d0743cf80e72180605376fb90ed5a2a9bd8c4415d4c98c6426f7805bfd3bd45f32d327b5f6461985ec0515f4f7ecf6223ea4c6b5dee404240033cc2d98a1a78a94668772b87083113ce2738a9e07e8a7bebc1d900aa8a25d252832293
32 104 0 1500 63 188 :3e047beef36fffe0348d9a80269de2aab14d7584f171d0062e2ab1a9efbd41c203fdb1870e247abb5bb482b8548e918e76a63b0beb1ed6ee60aba9c4e815428e47e2fd53b37b877d2c27703f39599e497976c1b4287431b744100eafa5bb2a36ea353ce9f7c64b64
32 105 0 1500 73 188 :f00a704e2067651f38ca09376bff75a32ee97a33fd2bbaa6596d71f59f913f2f1d0633ff2b01eb75a0ff53454edc6cbedfa29dd55ec0ab48f7d4902e93be0b247fcb07f74029b696663130701cc2b3c3d02f416b397b7a7a09c578a17a7fa64b1e78b2504e5fa7e10d
32 106 0 1500 72 188 :dcdd8733382edbdd628917ea1d771b04ae1b30137876b33e8dcdf38ff4916bfa3fdb49df3dfd8d87c542d1f9901e6e947548c28633c29c4fd9db90de65052c770580f5c41ebda7768ecff6037a5cd9063b58603b49a9c9a21508ef1711d3042ae14b3cefe476ba5eadb0
32 107 0 1500 55 188 :4eb367968139b1fa430ccf274418c89d6127c215ed142e908020f6ab32e9df1d63ef53a59c30cc0646b88554bdd3400e87520215c6c1e6d3be88e11a113753a98012d606afbe323ab183fa1acee801071c92d294b5f3ef314ea315c4871618ffe8a0989da0e9827a9a6388
32 108 0 1500 54 188 :d007263810f157ba9cf47626b31e521001c4f03cb8de474d46d81138b5abe75936b5e50917b7f9665bb398b677a8d8c38e14dfd29b972d1c9ec718df7bc6e550ccdc29bd0639362894bcd50896600d8862a9e45bfe8bef295c8d1d6f88d61accbfd0807e3c53a8e7ce24db99
32 109 0 1500 62 124 :6123c6143dedb5862ff69e5d2053b83d3b8e4eeadf906beb07973f790b8d6ced9e7db57e0cdf3ab2b54d6eb6f06e40c238322549d0fb35eb43958ef106fb5e0c05064d86e7bee45d76c1b75f1fb905c9d7eb36554a648b252a979a1a14fb7242d4931ceeba0cc1aee4444363dd
32 110 0 1500 63 188 :9d2a3f69d574881c7a9df120fa5b745f64e0f5001565663c544ab968479061463380bc779b3ebe0aa1b799bd8b0e1ca4715c0386a65c52c78feff40f96bb0e81f21d63e4436f158a978f1f5aaddffdab7f42bf18806cd7c0e570269e35514462250550ecc5a47746b38433ef53e0
32 111 0 1500 55 124 :530ff43d04d7c312409194940057b96c6c16db6a9ab8fce06bcad8b63fa0ab1cd1da1c1ece5407b08269dd5a809e106da79f8fe4fc2f0608c82e938f315ba311166d954c916df5789ea3199a0d7922e15b6cc1e5ff6224385f1a34cfd5c2b79aafa54e812731edcb7e50a0cc2858bd
32 112 0 1500 56 188 :ab300335e017b19ba24a7e6b50f051dc16945636fc13eda57cf41eb331d770c070e3e0dafc9360603e59e6b176837cbcbff930aeeee00bc015c9bf9091f204531720f4b9595efdb0c99bdbf2feea93db590c926b42ef6fcdb8ffe62c5d4154f9bcf2ca97e9ac206645937dd5d413681f
32 113 0 1500 55 188 :54e40c49625ea62bebc49a7cc5157cc05260491875c7c82e5dbc92549db029ddf9724c2e331e0a2fb7a46b6cd9932daac439c23532e615e51f5b9a145dd693e5257c8edd930817b8213290c182f0f4387f37c612a2ed653cfa6b38984c6109f36f3bca662f39dae0998feabda218aafa48
32 114 0 1500 50 128 :51ad0d73af59d3c1c01b12224b49f9989b339d784440612030dc7c4656fbec24255727a0e22a7b366d8a895274c1523892f4ec7850c5ada2bdbeb86a005f3dd37ad56912732a6b8a3d5e54943e152b36cf5ade68f0b143a67bdb41a2ef2ecead6aa2e0105217d95ec272cb8d161889dd248f
32 115 0 1500 60 124 :f96a8fc10728334320979eed23148d84915f45518018db65ca688198f3dee804029a5d77e9b0347b7292ba48bad9f6f7b89dbfb9a45bfc9ba78bceb8f087030c05eb8a9651f4487b51bf929ca0bf9e91fb8e77720f6a2c41f3d819160d8ac729469dbbb4503617106a530d9d6a050d612a5286
32 116 0 1500 58 128 :15813031decd918acb2ba0e899dfb5a2d0141440a649914ba1c90dd5ff00f18e388bb249193c0c87e1c4a163c77aa18afee7105e100f196379c04bd82fffb159523a9d97ede7fc12364e7dae488ccfc79968d66995fc3b84fcff7f03af95f4b54395cf0a5f88f5c33574acd21efb33527c4b0c8d
32 117 0 1500 51 188 :d443c09b2302ce2e914c874d22f1a2e97e1ec6c568f6543a28da8a6e2845e8565ad09d58653e6addc3d1540c2638dc01f5be0aec4d916a9dc8676f13bf96cffae5e5d1b8e8b21a05cf061d14805567467ff8d265e7090d0fdb90d72e63c5cedceebc258ab94e032e2d553e8450a0f9e90334d56d99
32 118 0 1500 59 188 :c642d50dea97f6f53dbfbcb14290215e5e98437683a9825cd2073dd0d877e5a0808363c4691d55b97321a3673f37ab13b1d26e1988a113c7e3012500d35d638498f2a97b1a24047612e1963dc1ff66d8fcf0590e5ad56cc54f016c8f1cf8aaedf5e09d4855dfa248c35d0f75e2656f2b00973649f2ac
32 119 0 1500 62 188 :df25c4b00de781ddc2ddc0115b7e4dfad3d9379d0408254ceac1563385d2dd20adc78cb61ba7bfe2294fd2a17874d346591eec437a1b72a14591d2313ee97c4cecbff1e42aa918353bacb249c00d896db5d5d5ff2c8c3acbb25a5fe7e8df2398419a44e03bd7ae0a498075e5552ec863d26a1645bbe2aa
32 120 0 1500 60 124 :b3c7fbc393337ba8943197f48c2a04b4d78d168172284acb9db10ef4420e7383f636d03d193558668b459ddb29f7778e1955df6d930aa8570b3e9ed57e6cdfc4b12be135a51c09a90f492639514b5f55569c7fcf20878f38d2321c6798079e99115ad7fb5123c4c69e369e44d2d736498a13da5aeccec063
32 121 0 1500 64 128 :a87ce52d97ebb24b62cfefea3c4a704a1e64d5a1011ea31e466bbe95faa102190a8fdca41bf80b6871731732d3af98100f3ea1ba3784e0a3ff5329c79842ba1256877e2e7c4ef07d3f062d2181d6e09183029b6dd81f5403193bb2434e7df51295cc78489a21811326227eef8de9d92bad5ad0ce99a46ad396
32 122 0 1500 61 124 :396537b432a4234261f4d5c068b4ac53fc7b888e44931613eadb19432924fa57b6d1b6b2961bb0401d5626a16de06f762541a82f91c82b79e3365052fa3609b7fdb7aed78c9164fa74f4bff884f3b668973d6d7b262c1270b527513578940fb04063dfde6ca3096ef6e69bb78287bc74a1519d5e434b8966197f
32 123 0 1500 64 192 :1ff2a87174211ada7295c1730e0f003388f84b71790c38d9e690f7d77c3a87ac44cdde4bbc78b70baa0f7bdea08f748e3e756925950b0ce814834640e0e4652600ca0e09d572a1fdbb455299b2a8e7e58020a39aa4e48693b2c4b3afa77d839e624221cc26cf329dd788f04481167d235b07e40b568ac10396040b
32 124 0 1500 61 192 :70f27997ef54394c0a4b3c194bfd6e3c4bb05dd4d9e3c15c80c1fbc83dc7b396e19ef7e4d531bc3dec2f825154e4480a9ed4d91dd3c0a4f9737149effd88c544f72317507fdf8a031f4b7185efff7f363ca6455c4f7167112fc8cb3dd96ddbb50f74e76ee9d65ef1dd6f1126be8b4ddb977f31d4f1815aec7e5d330f
32 125 0 1500 54 128 :9385b3f65ae8228d4487db03829ada01694222cf46c40f8f9c4d85fbec22c45b563644a79e260c644032a3656eeed636ead9c84a3aa649352a5c687111ef5e5f831ff1274b4c3ec0510847d70b90cd594186ad6a732a861c6693556c38302e3687b50a6c14c7ed4832b7ef08ac94196865c5dafcef79932bc13d878488
32 126 0 1500 49 124 :66b6fa1c353432791e8d40745015e9d61d3685d0b0beb442463ce53e63a083f111f84becf49ba70d74084ca2f6af9debcf62aa1ad9443d4d7425cbe3d73614dd0122799be38f1d09752879174d7a07397db35f0ae3a5ff37b91b267dfd0390e81a66c5643742cbbf3c191640e0350ddbf1482611ddc48651388b1fe1c76f
32 127 0 1500 66 124 :e8882f26994d172b9450a48c3e2066883e93a4ed3afaf53ce57cf68d5ed5362a3679836c2dffd3a1fb206729a3de7aa51bd547e5a5306b8d9f5e67c7602c53eecb0b1e80ab22b1fd6a32ed07c8362e9d919cc72f7d95268e81e1f974bef4d9e5faff8a5f7a32540250fc3b605cfa22ad34a98ada18a298d4422c33db9bb95f
32 128 0 1500 66 124 :67f6f7f15ae1d3f6676a208e12871997b455b66d71f4b6245fc44a70b401933a476b9c496a9f1700f8731dff81d9da73efdd1f0e7d614fcc4c300e1cc06fd30d107ea74826cd22f32a4032a4a40d9bec25b8c41585be7563cb62d3ce068bdb5da23fb111c92161cd543310c0ccaddb03e838a5e9cd22a0c6be2082512b5745fd
32 129 0 1500 55 188 :8e8c8f292393df49c1c5a0f74b6f47d27762272b3f166522d01338ce57b3fcd9806b0ebe4808d803c3f9429ce88925f447fb11daf7ed172202f25a9e16b51c5e3b49b4aeba8f720c74561ae1fb1e1d98990cd88c27bb53b26c4365c7ea0f5e0995f2e0673a601b35d8e4c8ab5d09d05c8465964c30aaffe6dbfceb7b12884642c3
32 130 0 1500 54 192 :374b3df5c27c6bc35620b751292fad185db6a95e56d2f4e6fd51011eeb58e064480ec5061f70fe647154741612c70bf60033afbd889e7a71b17806ee2d00154a1dbff8236799a953639cc8b4eab9810f29b79c15f7725369f1d2028c955cd8ab5acf706459f5c1e9cb75322ac39693605c483efbcfe8ee5b7cc6a06724a250a33525
32 131 0 1500 53 124 :8aea1df2efb53937c33efadedcfa5f5d3cea218b334058480f1a99960190b55a3fba4af74336016f7a03f3d44d7ff9bdd70c67d73452d25212886d7cd69426ef3165cd65891f0fe85d82aa602f3257350140d633e8570680d716824d3d6f44cbfb1492f33f4f552f26f96c5b1659779289184fd74c3225fc4ae7df8016b7813d3631a4
32 132 0 1500 50 188 :df6d13c2ab270b4e2b7eb99c5ecf21d8722e8b32db939d0f4b7c84fe6effe15caf97f3c0109df3d3f56910a221ef5998415bfc7ac6ccb658e6a87086bb0ab56619acd6fe095dae21681d19734556e98b86e957c665f81fa620f5304a17e5c784866ea7962461e67c2b30d4a54c265a6162d0be049391becefa2ba6e1a0c271a3f15fae32
32 133 0 1500 55 188 :25fe004861fe52809c305ca643fac8536320fbd61bfdf6f2b044cd4f13d1482189e59040fe9738ecf569db54344a02a45b3a072527b80805551eac1564e49d879e50e7111bf9234f78466128dff4dab6eb218f01c2f4221279a74fd74573ed5b245f22d7156cf0f8186d1d0505a6323941efd84cb9edebf7a3f6c755141f488d7e9f3a6538
32 134 0 1500 54 188 :98b1204a911a92d77e0071ee39d7e32d1cd4620d01ba1b8bad68ed42cdf72fed217e4a05228b44a731e9274d2297b59e8665da3da424e0fa6fbd57e974ae80854b32f2baf4fd5aed69f985d1f8044bd382891b57dd00a8e5d7df6708bdc29711ede907ce805ed69d843424afebe061603142271b376a12abbe1562feca54353e0c3e7cc2d6a8
32 135 0 1500 50 124 :c2e19a48c9d855650ed74adfa6e13d80a0fc70e457cb730e640e5b6df6ac4f68804f43bc251cda1d1a559e5f1819dbfc22aecb41343358ca8c3b5b021bc50d25977a68e039b40f510211113534644271c97f5c3df305a20902f7d21d8e5864ec73dfa0ef1744424e99f3498a7018963791315d02c50f1d0a12a07f000e1190aae0d5bcf4793913
32 136 0 1500 69 124 :20a8605c48a02d967af1c9247300ca77a56b2563ecf6d3ecdfe9af2dfae9791fe31fae26f0fbe56a8b840696e6e448a74c63d4ed8b13a16a9c89e6c7c0c055f7a5b1161541ea9920aab8b3ae11c7fd83638bd7f02ba168e315472890b5bc408e5a60c255357f0209079829bc7f4bffafe46ba87dcc6c55bdcadd9efa488f850583250f1e99714221
32 137 0 1500 66 128 :bf146480fc75afa195f3b348389433c4c9c69ed5bd43e7babcf62adabc1ad869f80172051658af5501016d518e1050b11a4ee9f40c838f229480a1a993c7ee685cdc3f6e09e1b98a5077332906eabf06a5d82da368d829b8adf92781cceaf80ab00715085b6d7d8181bdeaddc09a24f051b682f07c56372cd8b1b6a5862492fa36bbc23cb24a65ead7
32 138 0 1500 56 124 :a35bcb451d4511f847a4b0eb7004197604e8e98d732f8abbdd2fe0073aa0a474add170f4a5af3ca54271fa6e53bae9c295b2542896a5a409e60216300b29da7f0ebeb5d4fce44960f1335e20c3591c0507849ff242a34dabf6f73bfde4f003b2cdab08f537953ad555c85c786d2c09b3c23626d0b5db0b3418e8bcf2ca17e8c8a8cfaf80a446af0bb581
32 139 0 1500 55 128 :89241fef948785a0cddc81e44f3b9096f961a78464134440b0600bbc734f87b7b9c6a294ebd5bac26d53a6d4a51fc3140f09beb7ebcf5bc515c20c5abb66c0273906559359149f1c663b85be17286506128adaa5e4edcb0d6c976ce1c5e05dd999312c252a439f479f334dee9fbc90bb019a17988335d4bac09e3252892ce263eba299cf46b05fcea527d2
32 140 0 1500 65 192 :46c64de404137fd143599a2274e161b59390dc42d2d15fa24cb7d2a78fcbc5b293b40cf844010daa913880510c074b609fa494ac85c9db6cab3827b2047ea0333a473efb5dcfbe3f1d97d526fa1b27d0b5082e8d8afe738301b38924ab93d8d537010afcc10feb3c95c44575089bb947d70a328a4619c68a2d2c593d7f26916ac876f616a8a2f83e5c3cf8f2
32 141 0 1500 73 124 :acaaae279e94a1824ee6bf4745f2e6c7110ea6393ebd21e9a7997e289e15bb2165548490c6b22505aef9c2d00b71109c989b009b6fb9b4bee1edf2ae33dd105e87f051c61397b142efd8d8f4a459f9b16ced93b47d45ddf488cd7679fa4d46a940d072f4660aa71eddacf7ca3a7a247d7df4198c11ef5ddf2623125c126002cbb5068fddb3cee01b7d8503c9c8
32 142 0 1500 60 128 :b36191ccca1e0b392824c372b7741d273dc585c49ee239b8386ffce9e96937dc3316827512082078b2d2e5542b33f574237a2f3ac8b009d15465fccd33b2ca10455e10580f04e19360da83b3c6303a0b5d9180b747eba50b28b4429f3db2d98d555a6dcee15e2358d093117a66d2b6001fee2d15cd6bba1960435093699e29eb20dde9f1a2863de7c9f86f5170df
32 143 0 1500 52 128 :d949c3b294b485fd57043a1fc38951ff916bc9d349024ca27620f2a552bd4632d2e29d087a096f1360bd547973af3ed1d68b43cb62a2fb1719bd8c32e2d9c06cb9af1fda8dfb34976b823057118c187c44704c767acd1151bb1e96156b3a343aed47c7e0772ce9023de39f1362233de01bdeaff26f16c06d35b0b3e007927dd0c7dce98fed357004493de883f5ae6e
32 144 0 1500 53 128 :686d46530b3fc68943c669ec94f0ea867a99aaf671f337cff2cd2e7772329803a7406f24df594db42b96a5bce1858b095210475568a33fc3bf6b98b408d01dfa0c72d303d4c1a572f7cf17151216ac2e4d263cac865885d16bbe0c55704ce93e3e045d3e5f26afb4cbaccc985f253b59b9c91fbc2e9987a2b659a44490f16d0f3b438e7e1b27704651e4c099c3aff6e6
32 145 0 1500 60 188 :c09e1ed13ce6821712433cdf91dc389a20520b2f85fd5ea55ed8ec55d2723bee4cdfa253bdbf4f4d4ff6ca0e24fb483914f5d5516f5e86788a846f18b841cd8a2f24167fa0f3f3507a111a39c1acaa428a165eabecf82063040b351f690ad0d4e81b152182603bc847262b0aa9ded3372327c84494d84a52961dbc50ef35862ffc3acdfa3afed4c0f4a06927cb7114a931
32 146 0 1500 51 188 :2128d8e648c422084791ca6ad63668e739257d3e67e424e13cc1910aef8c090ea84475db4cf29b75de6dd08d777ab561d07f8624b438bc60c15478b181e722b2ca21fdbb95bf8285e3b81ecb99b0ba4e71c254a88603bc15398733f8b166c8455daf9db09a165370d0553d2c559b329d3508a2d3e527422ae690bc92b901352d1b141212fbdedb4cba2438aa819ee66b8fbd
32 147 0 1500 68 188 :4dc8cfd6ef9a249302801b0ce9fd70bc1f1e29c944f8dae0522171bccb8b6baa4416daaa050058f96f6ba6a38e9d59996ecd1487d11bc58e2903d5a06d7bc3fd6d710af927c6c99179b41f1465e818bd304695b3a29799701ef02906e2443dca46bccaa235328d8cf4acde467ca819325c06ccf194d12302e2c101b602964e722c5cfaec5313d08d8094403db7c457c4a90fab
32 148 0 1500 81 192 :6f230f0e6bcf493c8f575ac286c8a74f93495b0b431dd14a40e3c08763e9bd717cce4ff5f61784680b2adda5760325e34020d0674b6bbc68f3e0e333584d192900e32ad1e1f13ab9cd2e984b41efd72a986df24373dd63a9e577af7bcb7383b03a7e25c98ff618f70755bf560e57dd07e22002e0364e2f292778e57e8f196dae567210e47cdedae2d648316afda3e2b980b4fbe3
32 149 0 1500 63 188 :812f603004593de4863118dcd59c8f2ac5ab995ec1b815d0c2365c26fa63acf67e4dcd2b536b9f40ccaadcbf44873848e0819394ea8f76bf4193d07c911587870da0ed0d231f59f81cd3702f41780fab7ee6109565a0e96c8f65b70d67f4a1af6151fdb40df9dc380a6ce343703b858148c95f3d891ed9903a0ca9091a7ea3af61141c93016b9df44187166dec169568aa30367a6d
32 150 0 1500 60 128 :ef266a59096853522188182b7b0658827dfdd9d5985b8b6aeea82f7f224ce3202049012b650117121c3138350d14a97917a30e01ea09664d0588888255b6811b0441ca7d01e53fbeef8cdfb6e1ad86f1661ab2cbcd6305966e6ebd6df8efd479f99edefb10d0ef52953665ca104c969984eae5b09ca47f57152322e5427eb12bfb6db418645db5b18ae2b33d23173876593997046bab
32 151 0 1500 54 188 :601bb21c2efb22f331b7cef1f545548d1ddd30c885e18b77cd7def5312f9a230dc620df38c35c6392245e2d2aead33f40c68595b9a6434a96bf4355fdcc536a4643a5ca92d2d062de78e335594cbe2b6a74819e542ac35a200f91cddf8a67e842bc00e1ec469dce29ed9fa69788e9a5089384a415d904c3bfdabfd3fff5ca58c4c3ba53d33f150d05cc02c6ca77fa4c5ed2c7c42b39664
32 152 0 1500 56 188 :8f5a0b964c133b1fbe99d3fe28b144678cc79867e7a43973ec154cd660c1b8eedc2f8e8d89eaa589d16d6f8c20f52b5efd0234d308a3669c8ea7ec840b5a0042710a8d548e6807dc08d2cd37ebdae5fced40c41d44fabcfe50c8ec63c54fd161a768e09f52286620f4f7a49dd8570e1771afbe76eb5a8d341f51f99307f42d149a7b1690de99079e5fa42c176245aba056517749e3b7d0d5
32 153 0 1500 55 188 :52c7abe2bdb86b7d0529690b8fb2b27887d1a5c2c16cf094dbde681a7d0cfd8505baf07a1e0d51e3ef09ebcf38f3e2c01c18010f9cc7c77d710405aac4384f7879e212895acb8cf25e49ecd6304a2fe4a94761f4a9b382c5e5cb166506f0f69b00d62e7751d00f244f4298a4847113c2eefa579c453832e4929f8e1c2c2b352d0c3496c7527070226041b1cd19530f1b7ab7087515464f1350
32 154 0 1500 55 124 :14e37c7a53d03ea13d7cfc7982cbc30365240146f65bbd5bc58e9e3efb3a809811feb4fa22bb63f4ae527640cb51b29ee24078b314502570679d00b1acf1ef7b51616777e8d873e337acfbd9c74e4f4e84466bc729aeac9b56235ea8c0649c27ac78b51c3460481ab760196209d92bf1a71998df42a7ada25b820937082b0ebf59e105a9aace4f0aa0b7fd6e4c047ccb62e10fc6c35fbaeab7b2
32 155 0 1500 63 128 :019bf74e83584cfddfaaa2a2e52a8b380f25c1775d084e31d2f0740f9b915488302c51e526a30ecf863e2add4e90b6b726e85053503bdd5dea5a829a6941aa673247493d49771c927e359f78e1da3ddca8d0f52ea0e8ee253b00e70e17d8cf1ae7fc20e1ea040607b9e248a87195e66353f92a76c96eeec3183ee72c82e47e97d8dcd047e98b112b28901ac80cd02accce1043449b28d2d9f64ba1
32 156 0 1500 62 124 :458388167b1a93174c899b4034b8b5857f7277cb62372b4ddbbee25ddc396cd348bf50e93b3791d4a277c8ef84586a808484a006ecf302c932fa21b93aa46724bde175f8437ce6421da5ebd35209b858fae493ffd470bd5161dcf1b5ae3e54a652e3e34d006f5d6efd2cc96ff4f97073444510e915ea01d35fe0c40e6ba118ace750d384f13c3ae8972c917160957b64df538a7e84688aee7bb722e6
32 157 0 1500 53 188 :a6c2137156d4c3f8b55956ed947edc5f3b385fadc6c62c828585e7e98ffd82df876fe1ba9e988ad4b02fe9e6084780800e2e9f7fbc2b91c4a45bc5fd99709af3676c40d5228beb3663bc5e40177c22f48d1318bb50d85b90f557cee38038520bb3e44f1c61f5a432ca9bfcb8c120a7fccc8479bacba0b75d0bd329dfb4ac07c4f482d8ad9467b8d41560892d49e6c6b2d45ea1839cc93e065abf8242c2
32 158 0 1500 70 188 :875fc5f1c20c93f4781acdcfe7863103930e3734d33057ff391f13af90cc6eab7fdb375e192aa61f078e1b4b48b33e216d16057882b290c37c37dedadaa30142dde3ebca2c47fc5403b38fe07267c9fe69ff85dc823c1b668ab8fe8a1e5201e3f80c2c8673709a099c72dfe97ca7cfebd06a3a915b516d099d978bea6601d525e60a6d8fcecbba432bc842f1b308782ba04ce906bb9a4678383ee562ed5a
32 159 0 1500 53 188 :e8b26d9a3b75d4b0246131a9659d67b3ac7722dfc3e939a233e429c4796ccfd2a167c267775c59a8d26573ad5ed91cfbd4862c4fbab9e95cd2aa9d6e69fc66ef2bd5641940eeaee5d502284882a6c55a80e53fdf8fe6286a0c37b9ddfbce3982d562e31f5a91edcbd117d24a6bbd9c91b4f4ee4162ccb727f5f152e2e62e543116ba4c6a19338a8eab05e9d377798768d920d552bf0c3bb1735a20557b0458
32 160 0 1500 63 188 :16fb3dfc10bf2a4b15e86cb9d83c5fa67a82ca917cd89bd6160048795888821b8f8041ce4567d65dff0ab7d430efb3d352533b1f1ea1f82c081f8edee947d97349b8da9decc83f1b05f129ee9793dd5b2e7352c24f36fd7507cd6b778fd14dcd1e391d263e2aa61c94a7dacf2aed4488273970a7ac8c9f275888bf82c692cc3111dfe03aa6512514664ab025ebf2e092c3e971250f00bd6c5a3f2d2e9c26ba06
32 161 0 1500 61 188 :a61db89e2c0b88dcb2c383b5cd16a5356c0cd072ee7398a330974a29a0684a9d007d6f81904a9d1d30edf79faedfc2e0b80139a8d63aa7723a782208343d6c7b8aa67288adc6d7dababa061f430ccbce8260e5d3f4180fca102291fcee25e156e11b08fba65712a5d999ae84682cb46b92d8dbcebc1057650e3daeaf515ad4ffbab7161f687fd8aa941bae5f55cb812536dc3f1f54439d901be5afb7cf49f5cf6c
32 162 0 1500 51 192 :596a6eb58bf2b5c9d61d81c236d96932a5b47af07c221fb00688260eea1302c85d3de1ee973f973b9c3b509be02aaf15b1db185df325c6bab026915bbe4bde6fb444c560e08457d97d5708b770bf383b241ff5b73d8af329375232bbceddc5d4d65f48d41fb439f99171c9abe13b01a57c4a3547a3a51c7514fadbd18c2d1f0583b749746b43b0e88d9fc88ab65cc08e93fec42bd1e69b0673116665173258730fed
32 163 0 1500 59 188 :022d983640580307d64307844fad7b7b171df10fb05d2018361789de08989ec1eaebd142e2603081277e36e91c1ef4f356de701cc79417bace7a041c63d45589a275e510dd46ec97abf0be184136d91d12c40af4f36e30b9b9341844729ae5381b754013fe2f99ad5bbbf70b6ef3adb13a79eb34de16b6938b9982b37772058e342c83cea7aa04e182b96b21b4f1e8782c8fa03ee02816c312737c3a587c75e4525a10
32 164 0 1500 67 188 :922c32b379bbab5fa72d8b36ee4d39e428a9b2b55887522772d73b34cd9212ef577803da5cb60255632ea1ba4c3db2ebdfc967f67f1c702fd66951833d81c4c470ddabb7a5b2a26f2c0f735053fe4a5e39d65eb9c01e492580d71f33ff9d353e77a1dc469f1dc3edc39f43ba15c8cc3ad2168521e328de38be93b68350a89bc37b28c27057b7a0e465a9a56af356896c5d0ed1973ddf5c90a5bd68e019f905cc6f0f53dd
32 165 0 1500 62 188 :a5e4d7dbc902dd331f900b3e0be98e9d67637c3b8ca71d16c0b1dbd39dd246ce9591dede28bf71473e2b582e0679ed56966e04322ab9454071ae6fc9214867beff4c485a81adf06d6171354d5df1c1606ed5f3015204ee69d77d4e87583b709285b1dc785e868e3d19721d958934c539639068f7925c3d893e64211f8767bd68153606d59c4f2689b231e1df55dd6ebd7643496384eacfe00e884202f242e8e05459aa7ce6
32 166 0 1500 52 188 :1185e708e64d38317dd946fde86ef3742a5cc393533a2bdc955a0232c5133ea2f429d5dda9167aab30a2801d53caf9994cc366c58ed15a44f10ae55607283c167f7ef9ed2bff8ea3fca4917344a446e40fc64deb12acb1ce4d95321bdb82bf3cd147f0b1011125e3049ec5df22d0e5404151e138ac7d29c3f6336775d492b52fd8e25d8626001c0dcfb253455c74b7f27e0a143cd5cda43e6a07d3bd0608252da362767493f4
32 167 0 1500 51 124 :a28a2ee990eccfec68c02341542a5335736c85087075b573af7a359ab35e4c4f4ef3a402308394836901e4670eb8b1e2fd3574c466882cae9338744cfb0ec281ced220884018cf033ff72de93faa491ab6e7966018408e55928d1368fbec60e11417a23ab049e3474b039a89e286593362cd4f5e40be3d77b3628f68a6a6664f9ea5b6bd24bb79fa17bef9e29484ae7887b042c610d116c710b9ef27947967b05209fa770e2887
32 168 0 1500 52 188 :1c9cead0d99528d081371a92dcd8f491c3339bc888b4fbc659fead6a6ec53c185603d61fd38810dd6127fd8ad673aba5b297414155b667a9f58bd57a011cf28cf559b54826a14975bce5472417bda1454298328168f90eacedf1552474e7e5ad4ade61206d3a41965c531972231a70838585ed27791bdff734bfa8f3dbb0a1039fe15f03ea2a259b0da7da7bd3f9e07167002e442777e6764b735866928818f6846c6aefc1b7a863
32 169 0 1500 51 124 :b6dd6ce3555c424f82c31b7377a8835ed5fd82d6e644e4c93e689ffd82ae4eec13d7ac5620eb5550f1d2c3513739069d8264e3260fa0d61caf63199306f3daa6990bcede9eda2df47f3f00b6519622b3ce3265051c875fe959bddcb72ee277e68c6d78c9bf9998a937f67f9f0b5c8ab330f686f5538923b584b3565335787bae37e679481b935c59ddcf32f2d9346d41dbafd65541ffec4d4fb59eb6f8bb487f2e6fee1b0096a9e284
32 170 0 1500 59 192 :d7d3cbefa2059927d8aaf45cd2fafc5a900cb4db1faced99b4cd37a5737ed855e433da6d0ea112a5fa8e7f2d2ac27ffe294e47da3c35ee36f7589bcc8985dc611f91c65d0d94d7c94f90a5b9d20bbc250f03b456f6770b6561b3cfdf67e36dbfd3b3983b052d6c16b46ce80a9eb7b3db555d6653278732ed2643a8b6ec22104cb778cf60c6919cd79e4c9bd48bdaa37c33a470564e2db439b620ab20cd71c9110593b3fc6b0e7ed509e6
32 171 0 1500 64 188 :7c128965a34180cb4f69c6c74a3397dfb759ff1a4dcbe1a0644fe80d28cd1466f558a1782e14c10e2138247e27203208214978efc933ff2f9415e8f5b0ac85e0c81765dcca97886c74b1289e331a3fc97d037fbc27be50b4dbed5344fb9624ae6d3a73d78b21626a6b0e73322ecc11aa82bb778f616e3c682f2c934693d9b2f63ce8a9c9eddff6e2f9470a726a6b9e26e993049f9921a22dcac32915787db03d8eb64785be3209ea280b90
32 172 0 1500 69 188 :982a5d32b3c07764b2ca3c1bebac1dedb0ff86fc68c023a0f045fde113e01eef020e91e5d28f33af19d1575836cc93f14b03e2a5934c0c9e32b9fcb5cea807fa638aec53b8656935de96f301bb8593f1c4493764654c6a9a992dfe73c021027322acb718ea43ce4ba0c3593a1541eb581ee96356c57384a37212e6ab98be3054fbe3739110cf08d432817b836621c00c58ef9574b8bd40ee8c3038f80daa8e272043abd820bcb339c5ea5fcd
32 173 0 1500 70 188 :bd66b68e1a8bd477237659a6bd275b79ac7c1fef0845d577ea9f9b74998704be818b96070243b31054b7ae2fab87f12dfc077fafd7fe15ea3e0ff0a2a3ed39a5cfd286fe3f65755e277f0062b8371f39703a05bc5aecf206c19170a4ec7750a608504bdc20f899f407c89b55044798e228c62b01ec6d06e65280da6c47d0cec470cceb1bc89ed71eeb40e9f84e7c0d467617136176275f814d7656b1feb71368194d7e4502cebcf45f266ae863
32 174 0 1500 73 192 :8e93d175364114968ecedc543e9559d2844ef7e19af1a474881e0445f448c391a06b50611781c1079d4a3f0557cb18d007da6555e986b160c9796c4f87d01ef3ab568555a190473f14d10aade06acaef6e898388bbc942554641e41c2f6969dfc7a79b7e51463b454572566169b4db3c8f3f75e734f280f211125366b5d6642fab23a5751b488b43ff580044268114d06d6d590a572ec891ca3cc2ed6895425ee0257baab0b7e92529796ddfc132
32 175 0 1500 63 124 :5ee3e49e8cd52f22758aaaac021f8da61ab472272daa444d08ca0b5959638b5e733a693697c26d01e79194f454f50eca0fa5606e87546cec5694721b7b674ad6d051cf3748f6608054aac101a8ec3bd9ec838210aff7cf492b3e568c96ccb512398ae90828a8d1fb4ae235c07e6adddc2961050c0c3f6f428194df2fc91c16c2bcf9afcd90fe8f67d7b22d8cf1dcd3e6094569d8aa3dcffefc0e080d4df23365d4fe6ce7a1d91cd257770716c71b2c
32 176 0 1500 57 188 :be2cae059b18b3fc0ade9eff38e6d6edddec05aefddb95ae2a72573f79e1def0cbe7f95b35412f51b3d8a779cc4273f3a60bddbe3c31074877d641229951d9d3208e844e7fc8ced592fc7848ef4538be4e5e5d68f855f96aba6905feb4de9a71413b6fad371e5e196bda7666df454decdc784869075e96a25930fb437663ea25b252ddfa6169a36f863afb91af331777f9bce07139003999dbb410f868a6e7ac0c915c783eaf953b8a54fa05f5035083
32 177 0 1500 67 188 :901eb16f7f93d3d65f5d9b4998e3359a33b52f4f2f90ac067c481f5216229233c7abc5161fcf155a2faa9b802771c522ee2d44e58409523b75b0fb12dae87ab75862f1791beb7ff4893e0d836256900b7f4fca13762a16aaff147cfb0f28990d1968fdbe75cf23042c817edec3cadba306547e03fb0b49c6d3eb7d3308fa43c32ac02de6555b2e77c5653fb65854ea9ea15ff3cbfe7bc45d62622dfd8882e5fe40df130475831ae36048ca522b84cf63e1
32 178 0 1500 69 128 :31763194bd38657da26e1d4fffa4f8c80592e0d9c9b93c2ea543785a26766a4d578f5b2e37d3d5f5989fb195e85940087147ead69340d48f484f91e5d3680d6505f1e94709878bb9503cb7c4b930f6a8e17b1a5d4c01f3f91b7f0786e2d1aa424870545a0a414ed3b21dc337c47f2b53d157235995eeebf4125090c5bb053b45983e326d879aa8c7bb90b7a145b6af27d7ec2c8713a99cbd6d462e71dfd5a6e1943cb0de6ef4b922d6102784b3f7985f3e19
32 179 0 1500 69 128 :9fa7ededb76f9fb735f94e3979ef10b775c309e57904befae6680c856a79b11a336c9e64abd227b18e9ed2b325acbfb9bca5b1a53d8d6d2fa293ddee323851c8e66bd1ef02ab3a0147bf8fa3f8700c3f75ee5bd876dbe995e785408ed3fa07d5436b0e8b2024edc6530f71d39104ba5cce7c5c6f9535176a587b94e0e1dc05f0036ca0f8188f32191b7e6799aa367007d1fcb89197ac3742946584f76514105ebe057edee0d7940279040886a19a733468c955
32 180 0 1500 62 124 :23d39d3b4e8ce19fe0d5881583525eea3c6d6d13a5ee054c4c7ef08b9dade30b7c3b7e31a1e83fc0d7c4c47fb6dd33f30aaa2d4ef3c13d8b266dcaae479a92240e253c84896e02b801d768bfc583a297d274df68c85977a7cac2e0a531f5d808fd8f66d508603015bc661ba75370401cc81f534b5166ae16abee5872c7fb0a8f1ed76a5448a101ccd5d51cb2c8c20d8161020e7db56f557a026259c55ef08afd228b4a97803af131cb8ad71de4823382e92834b1
32 181 0 1500 58 124 :2f63939dfb8984b657f0fbf522383622e975069bf00171a9841062dd6739c925bad4e1ea10510d2b8c0e11e36c2e8112802e4370f4c9972fc8be4f23796a313b721b0208027bf7e9f64bdc2d198db12e4153779e6b130be43c51fc2ff26868017812a213de667cfb16eff113fafdddaf56cc0dc4e95b2b3b4157f3c7e535c8f45f4d41d3ce80f6535448ebcc03683abebabcbd44657e728ad11a5cdbc56ffc1093323c7a946951c5309157841cb94454801d6a3f85
32 182 0 1500 58 188 :c04908a7384117c530ac091f30a5bbc177c1d3b6d5ed0f3f5c133c25880a8ca147d43ae3f2a358e86137b0b8a66ae4f1a77a6e6ade041430e132c4f2b3c35be3c2a538450dc84c50042cb98cf9283b6c9c6a3956acbe2f69cdc037772186064dc7635aa1d5d4cb5326a6d46805278d7e6a7d6c6199ddadd5be69668d887e53fe4f5ebde80ab0b70cebac1526aeb925ba92c43cd8ad3099ba214b068b8ec5b5feb6e1c5c1a8c67b34344db5c93b5b9486a95ddc699224
32 183 0 1500 58 124 :0b5690a203a6890024c42e46b1a74f9fcabd8ef184567b6fa2bb47f2041f205647a787ef5877df1453eccaf77feaa4e4dac7c4007b291e9a1487d9fa241abae8539d22e297ad89b591e4e6af8e5c04a98add44277f6ab320b37717b32453252105d6f3eb94307ab693fec2ce23835931f3f41487ef0c84a13dd60f81899d8a5b8f70a247985f8abdcadc4ef8c8a42edd53325bf0aec001132f4f2d49e9fbfe04cd4670ef219ec115360f86531d4e9ef892f267557f176f
32 184 0 1500 67 188 :bea045850bc0d6b5b500bc2cff678cceea82f316f7ad1f89003f8bf9bed2f175f20994e20470812d962e60405690abef1dcac6079ecb25fc5c71fa0c50ddff5b7cd6f71bb1af4f418d4862f5e06aad65fd1f610fa3c3e3afc891d477fd4c2dc6f5e09eb96b3b719feb1f697a6ea76c5afd9841aa6b3c3639924a16d16de096f524c314e2ee57bbe31df5ae441e1bac9406988c0a8b4631b3fe1d5d349147bea9dc4ed0f8375f15ba090662b7c256a7c9b9937f2d723498e1
32 185 0 1500 54 188 :d16916bc55ee9d4dd116678845c5fec6f1f75805d28c46e639f7347eb6413042fcd41e9a2b4a8fa81d57da4aee21737f970b205436aa326f5c97ca4156645bb4f134272764f00388bbcaaed6316afb98fcb1bae489079e1d43f57517bfc7a312e66669b77ff7ed16f9bceafaca6d06577afffb54ab0d31bb840f94395cf3b9c6f7e22cd9e950bfb6ce3f09b654772e29c0089ccae904c72c5dfec30792f76ecb84ac4cc0eea28476af1f86ca5ab9e1723ae5bf24ebc4574150
32 186 0 1500 64 188 :ea1e92ae2fb191ec0fb1e6798ba105e6292ce1741c1366bb101c17f22e022703b37a87da3129aad107cbe005bd3a206564acb963caa65804aaf989bf781eeb8265fa2969de8fdf4773516d14f835cde035eb6f83b89609ab9a1697ffc4c7427a2fe0bc813e97565960caf747556fd7493eecfa5731e47ce7890535d9fe6fe5d8e5fb48ff199cf35fc38d904d52772de3f819ed44dba9f995b24b805199bdfcfc509aa66cdff07c03bf13ac536d12bd345627ff1dacd082d74589
32 187 0 1500 57 128 :2d09fc23550b3ea4a258c76ed70bd9a1dc63b572565091a42fd04bb27ac10f75499847334864319cbd55135b5350be562fdd4978131ffa09ee969d88c7cd0f72fd579cb27e23633c36e61a8a627c7e77e5eb90e52fc9d99dd0238144f25639553e64a946fb2d26784ab720b4e96e9a357a75ff0af57fbb229595d0b2060c7dd83c2a72fe2276171afa89a980d0cb0726e0f11b6dc3f8a89613bb9439d8cbb833178f5e4baf9b3bacf321c39190933cb26d30e48601481d79fcffea
32 188 0 1500 50 188 :3be86308a5b3ab0672c4c4dd3938b9c279a30f7558f6b14e786546582aab695f5afe34ddf5bc3b2aa75ac263cb8a3bba55f95b6ab15299e024bc2625ac6b56cccf67efd6d194500b697d8e347685d5255dd1e8e690f563ad15db38e8824808747f550fc5ea9b3c67f607cda75351a1032f243abfba591c65f4a809a4fb3b0d71d526c2da8faecbac060d7bb706e9dd599072c205894b756abbec182e766e51b8913022edf5017a47f8e6482be85252e9a915ce099887096db5a28960
32 189 0 1500 63 188 :f9fd6f40dc35be6e3ed321d91cb04998b159d6bd2732f277761733904363f342d414b17e78089600b3301be4c01090c67af768946b79765b892bea80d77dca9d5d9f8d900359a85ce5b93933047f0635d21a7ea30581d471b6cf192023647921d6d16b2d67335dfcd491930ed3ed50608b7b3081a56af59ce19bd44d1f393fb7f5e27f6dcf6795516e4e0e7c3abbb80c854f0636c6d92fd1d0f15bf8592762524b550b006fce1fc0f5fbf1273dc61d4573ecde0e9b1bfd4d9821a19054
32 190 0 1500 68 188 :4c4f611ae7fab718703223bcd217306f5390749478cdf10c6a10e4f2a73ec49928c9124efecee85d99c1be8abe6a636c09c30ab575657dc4e466d383a78e7e3fae88b2f58bc06c539ef2a26edf61cbd739c208a383342fa7c4b277d980a7aca60812ed29ed65358c0c64eb8e7d5557148aded1a5d4428262f85f497924ecc71bc32183b2c02859315180749e8df6f155428fc024dd6d940269c90d6ef1d3d433abfc61cdc098e787c8dbdcb02638bdd9410a46ab03f1bcca1afb54a4dc26
32 191 0 1500 57 124 :a23e155b41bb8098a037190e5eaaa46b031122a3db460b5333c5dacfaa73a690d566bd32ca98ee6eecae8561f2289c274e5eed9fad5adbdd9920149828e67f6c905a52093146a306bbf7abab1458eb66a049dd9d108f6bae64259d853d46cbe1c585bd9b88f9a892429dc5b5e0bb278735ff60427bfa8ae7627674eb11bc7045adecd92291345acbf48d2856a58c6e2b3e3f957d3d55a4d0c6a67d66a55dbb29ef04b01be3700bda3c6e4c3ee23a6db28d1f3f862d6cbad96e3e19d8ee5dc3
32 192 0 1500 55 188 :770e6ef0d48db0e24c8cb71e50c49de61038f9246fd63415afe36a3e5f747cbd9a32ff9dd34fb7f505153c017cfc77f4db69023f76bacdfea03e65453b5e3915af2541a4511b8ab32271f6bb656c0e8384538dacc5b61ce5ecd9f0e183ea59eaa76bef7ac0bd06ada6df53b9b77ceb1b93c262e71298bc4ca59f710aa2feb3f4e733162c7547920aaabbff729599f25c9f3016e5394c9354fe8927bb5dfadc59a31ac64f3008a447fb280ffb256bc4d000e68ec3801613acc1dc806c51873b0d
32 193 0 1500 52 188 :8490f65ee3db6db9f09587d04994af58ca0539ff144346158b3b21e589e6563108a52591c1d3f09a54d72b7a1ae721c1dbbc3d54e5eed576ac55e49326576e0f4bec0006b3fd5459f9e1d63eccdfb23b5275488d614a2b1aa3d89dd67d4888f140caec27383d4a8e4c635edba034c057b5342573a091c18973e16b38fce4b626eb086ddb0f31265334540701e0da499aa708f723edce34f4409670d7662e4938bff5d8639f702e004b60e82228144067c31cc8f11af50cb57399c200cb747aa064
32 194 0 1500 69 188 :7666d973f9fd00423a3b79e2ada05320b8a64f6809fb6946dad4ebb80c891439bb302963faf29fedf76cd9d5e8d2815e6accb12b94b63804918f0a7fd750bb059319dcec39b2f21cd659fae4977900bf962438c8d7fae754ae921f244a1d08487e1339089f017e574d6f12339480c304b4d929df50a9ad4eee18c28919e0f6cc73e093f4617b8ae4c639861e58a623a81ad11116c193f1950453cee565eab10b3f9f5d7772bd8cfa25862a7bc83f304af21e0cbc77c1794d6a59711ba7fd77336496
32 195 0 1500 64 128 :15543b875db8837b8100cae22a1bb40b96984e9a1d2bcac0c49a69332576e85e6ab5d21645bf59980476d88f2344f62df5b7c0c96116c0d9ddb30ac24d8834f9aa98814d5858f17dadb352d10c8c2921ea8a6013c13913f6930c42e571ff94bae24c8b425d3cf96004ecefd3d293f7b709a98261579a39c7ca5848d34a123a2d531d38b3cebfe7dea6ad3c5c5e63019e2b7d86d354a6b85e6c9a667f8d6fe215b5c4f907740652b11b27d56e7f2b3853630ba4bdc03aaa533b89aa93d2d129152f93cf
32 196 0 1500 66 124 :6166bd98cea83f3351bf86c6ca84ddea0d5958e87f6df5ea92bf874e701328b8f0408040d62764540933ef46923ae0b24455af5453e44925a247e9cc806152fbb030b413db1fd9f379ef71cd6a373fa014f8c0677c031bbe9d31dd18b6245ec7c3c7dddb6a3e06a4d84aa192d33a9572fddd4dd57cd66b86a7d32267c44f7e04da217a407375f9208b0cf1b8a151043ac331a272c0506f3931b03cda2b08c7f2b867a893e09dc3c3456f70f4f953f64f66ef1fab87d91a58358ce38735c45782fc4ca439
32 197 0 1500 70 128 :50cc85aa67923a20c3af6424dec01a671bc420d45d2a65e2ee078a0274896232ece66afba6d689de53d3a1d2ef916cea4872fd4b2eaad43d90aef817c66bbaafbc43f4e3140562fedfec1a56e7b2d6a361782d39fe1780900641b2c4c8384e7f91a27616125b32afad1616b00f48ab02cabf5e064d6c1e0006845445947f0bebc3863e5197528744c71f5d0ae746c8ea2bab552a94ec37a21ca739d4534c7fdbbf8fb038afdb5798bb807e9a2078e86d6e30ed1da38b67de20fa93ce2292411d6255e24a63
32 198 0 1500 66 128 :7b3294f3e4886ac67cb1c16c9c2f0f5e43699ce44ba3044547e57b5a386dbac65b1a70ec392ad51914da7518ee17261d6f4b77fc62fe46866e8fdfb5e6cb0bebbe468cade01ea24e1589fb328a72e5359a5097694fff8d7d3a6ed533f4c7099c1a8c84bc484823250efc3e2d5de14b50a127d843676f7f868adb7bcf033d9dfd109a88681538dc8065c0012a976387f0b7c2c258304574c3382a2ad92937ac7649d4cb3294ca8f7cf786179c7235d3899adebf25fe6d731eb1002cb4adc2d5042069598257ea
32 199 0 1500 54 124 :195a7d73d621ef25f78714d937eb3611e8ff347993ad0439c1a047678dbdcff4dc0f53843d621e708729347f4c5506805c57a76a8459e3343bd382b92b0d43dc8cf08307c08d8f9e2a4127efa92edff12022d2f285df126abb20ae633748efd4c6c0117ffc400c675ec61eba979f3f8e77f9576c18f4938558eb6cff5fb080ed8b14263981ba23b8cede9e8ba721ea5e1a4f515df3eac5d916397147b7b9e4b88ac3ca3aa8a74fbf1c04a02849e4d05cd3d86b0b7dbca9e12215f7c1b802b59f4ac356ed3564d1
32 200 0 1500 52 128 :bf3860124afcea6a968811e914db4af69c598e1639d4d0199e7830823cc6bc3c1031217883723d1943175e9a997c0a684720697b82f59bbe895e8e5442442d082b4e4d9f44bb3140291cf41c3d954833eedb030d96fc5205d91123e2a8a59c907b64dd458cc2b74dde2d73d4325aaf22834c9a859e17edc7e2d4eb98d62ff612be8bfa7607f36e651b0f1cd21bc9eef6a26c94cf35ceb8469bd83a7c021d8404f82104120bea2d83b0bd9ca806198355997a47f2adbe0ebbb17fb7d6fb848603d4b0264eb2bcf1d7
32 201 0 1500 51 188 :2293054f4d9476945d9b9d7b6e7d729a2ee8dd27baded99ece4487b59e1a62519c34e6fcbed7bca91160fb04711b35f5f5dca5624e1a72f4c21dc4767500594ba0ad2d96f821382321408f624dce7a4f72b38732466319d3688854f049e7609a9b7bc494794ca636e694c4fb51c0c0d722349a17c1616cb3d2546eeaa3fef2bb7bad07c3ecb4d7909a8a5bfa7bcc19e24ecba9bd73c75ccd976cfd2b46c533c69dd829693ced0ae8af1ffe22ff810530badcaa1bf3ef484ad11ad5b05525bce59e5e1315dfca98030b
32 202 0 1500 56 128 :5fe4ccbc40a231c5ccd32ca2586068047e22f9255fd3cb7a0867d60ae1e8fbfbb770c1692939976312dc6e7759826cdd7d1e106f421d75a9b6149aa84f3b4d7e68beedda18bc8e5caf465a4dcedfff0f1fce0241f5ea9addb319e901c362e4da39ed6be4d4528f62b4c12c62cc3586355ad57aa54ca6841d0e129bd376ddbba4a5c0bddeee704aa9ef81b35cce466beef4b222582c6f16e8382e73660866304c7e25d5d640fa9179df88b6973ff1ffdb6c5ccdb066ad7ac0ab20fdb554890482c5d25643b0cf5c4d212f
32 203 0 1500 52 124 :5074256f4a53bb93734764448faf9d88b7c644f60b00f03e1310b1102d6710aea18f0c4d254c4324ae5c699c45d1248372ade55e31d1c9e31d072f49fa21cb0fa1bd78ab49e3f2bf76e63f7c1118fb3f01c529b20f6820aa7fc4c0e68464115fe1bd0c3d3f1a635771b29f73c18960a941784ce6b6a06c2f37b515e7ce9ba908417124e1b3615073879e38a9eec03793e36266f96bd757cbdeaf0275e7a5be9dca34217a3e564f1ba33d9afbfc6edfacf8b2b4abcc604d9e9c775f560bd3b3a6bbcf78f05aeb13b7c39eb4
32 204 0 1500 66 192 :0abdce8da7440e4d2e7fbbe9fd39d6e36e4c97cfb2d63d677957c04be2012b0c5e6dcfc3f1ba4990914e2ceaa91020e864f22b7924611e9bfddafa739d9d9626e34b905164b7898de20ab96669975a92d5d1c95f356ee6e4483686a89379a101460d982a19d8e3eb817fc0b90205f106831b905d64f5da6a2be2ffce7479dc9baa52dcc5cdda7fdff5d279c6594d41522afadd8aac5daa6620eced4c0754eb7ceef53a96b1018a73d7f4dc1d4f8c2a7995d24b9c8e88ff748037d709b8ed8b858bc97afb227fc92136e3a642
32 205 0 1500 64 124 :28d55e648047a4673e2156c364fa9919dbdaf0cac82a8b3ec89894f7f45cf305cc0f2a02193fa44c08e2c17150f58fe8c555b5f6b3820d0fe394c4f31883b52c93374fb6535c409a05ae348f115ac4867e6fee2bbac6dd67584025b24a9e3c25ec6a1398e0e5f5e47b245ad6d784010cb57b6fb8b1c3cedc0a29363b910529bdcb7d1eecc318a78c28c3eb71e7ce3ff3ed72613b8431b157e791b67795e16e131c17cb60c49251b37dba79b79c0786c3c0f8d0359c7ba96f5914fb8648f036fbc93087144a44d7497bb0849e44
32 206 0 1500 70 124 :e6c0f2aedaace4a6f077cbf5e8d025fd42c92cb9274e401e0e285c6f16d208f8440546b7e1caeb099ac033a8112768572b9c5ca05ccc41618f0c8945b370fd908dd0804551cccf01f3842d93d6aef52e05fde04d27c3d63e1e1052e40d1fae47b4cab35cfb778dd860ba2cae0eab891dd2d98f6931f7c966d0f9dc5ddb96bd1f28f9e2aa3199bf69577b307da3b891a423971b71ab62a27c1fc86da95bbad69ef43b351c573d2556c53ccc8dccd585a552727b52e6bba495edcbd8df1c4b7b5fca9869a481535f5b2e0382f7d241
32 207 0 1500 68 124 :8c642c610092f65708f6cdc7ea3b2a993d46b5b7ce8ec52b329b44a09e69221a1d795508d1e8df4836e0a393c8a10381ec5541413e2b4281d5d1b847acc8e89e4a5e751b596412c15fdcbfa2124bfc728f180545cd2a2abf92a3f4ea6fc2d1a0969c73fd2a7a046e3a95f271bdad5b20cf79ab06494147cabcb0be1b115d1f0021da1afbd283a5bbf2ae8164616012ec2efc32b9a7fded99eb1db880f723f71449eed25c2fec2dff8d565f3c267c4e989b91a09dda4bfb25aae60d1ab5dc321756a2f6b26b6c0555133f972dd3b49e
32 208 0 1500 52 188 :8b1af153c45a18c8d7d0064a5e95410c70c440991e26ecae3110a4fc9fd1a41d160a0207a99f2af84e92c37ac32449c58bebb437a2fc529859e9d7d9f7627a5577be4a9a5e89267dd9f0bd05519447ce346d2e8b977126e802e7dc726a0588d1454053c0165a18862e76902e34d146e1f7ca3685419d528cff12bb83b0f78e541dc2beea8a18577c45ad368d3764d977a09f74498cfab3ef1d10ccc2295af999d53f19c526b81653a3001e2ed11d1f8718d762d03699afdd3c6c017615097200df8274f356779e91f119739cfebd2901
32 209 0 1500 51 128 :608392eccbbb51efbe29ca6158e31e1521be9835062e62e6965d31ea5b1eea97db82652f6f40582959ad2686a2a278b6faeff031373ff4e1fc93cdc158ae21c41748a64bd25b888dd3fa42821aa79de7c95105e9bab26199d734f134c3f6c41e7464b719181ca44755bc4ae54ea84207afefd516ca26ec144f58034fd1f71e530f533bdfd1a60c3cc4c111a224d08a8b1572bbbc92b9c121d48401a3c6a94f0d67ef02abcf006a33f36b6ed85410b8fc3dd4192ef6f11cf595e482e0c2287e0e1ab54173ded28c9766d0c71334a7a0e708
32 210 0 1500 58 128 :0fd48c2a57432da7182c42081c2db29071bce719fb5fc19560ec4fec54431117fe180046c28ca95a8270ca6184f16751ce339628188c8456a9262050b5a8954ab908089bf0646c59844ed0dace20ebf3eefe44ffa9e4fbecb7a7974a072bc3243ecf3bb7b5958248c6e3e4b6f43985c387b5b15c75b28c88e47716c6e25e53626056d3acd291cd3ab5822de7e3a500422d07b6d904a073929840f536bb3e7dd893ae0e96963a227d1506d00ff481a5955fb8c04b43bd5e0ec3032ac4aa33bee1eb3e54160027bc6a71ab0c53bb23c61b115b
32 211 0 1500 58 128 :2ed01cea16d7c930988eb9c6fd099448797449da65b17529737db0ce82797f5f740d374b2de71f229c557adb626a0fec15c2837e1c6e06e34e7d3f1e08e523f4d326a314fbf343cf006ce4993274a9ba0954adb23e276c9b86529e00016aeb606217e24dca97d2fc96e93a957196593887580b45bc059abb100c194d5a3ad9d8d9bbb53a208a97c897a567d7a17ae4bc2447b69136b219510b75c96144214ae6f5f3ea841df2ff2cfea2b8991dcb669f519ea58a3cb653b1d959de1858323adc6e0bc28b7cd8276424ddef52ef914b5de4dd86
32 212 0 1500 63 124 :9212c0857740520aae78b49eedb41234d7e3790ac46bb380f64332380434856b96e94465c5ef0bbb836865ed48eea4d41056d78d78c89bea8be64d88550b24768d3a44ee172772f04702caafed7046d9394233bdc1cfd373970b7a198f2e4e77963c1b64023f4acc78236d27beabbabcac8f656e4258a2a1dfe84e6df5c3cb37f985693d06ebed0fa2e144536bc6c37e0b1012ad37f5fed42617c0773a25e23a539b50dd74b7fe98722144490497c97788e86fbff3dd6c73488949ed2bc0a86432b961bda952c6b319d1022200d1323bd61b8200
32 213 0 1500 63 188 :cf5200b2923dfa06de45d378f940c80988aaf5c32223ed6efecd0fc7b061f455b59e2e534bb89db4f1acf1bddd562710a01a26ccd5ad11681efa9dce6c10b33a278db2b90a96e29a85d743ac2a52926efbc8a462cbc37b6c6c539a4300b8f188af46520278fd4bb251b10a24a51fee46d422d6214bd54b9c11a4483bf7b49f75fb01c9a14ccecb304c7fbb8bd028d304dc83a814fbe38cddff85d44d4988b04691dbf421a7e8efc2193f007d8fc2e862551b64fc3fe8455b8e559c07bcde44ab4430645bbab3ef6bbff48ac1f3b1ecb6e967e0933b
32 214 0 1500 65 128 :cc6d2985721ab7ed613f511a7635f5448242d057a4cf6bb1a6435bc23414d462d5ab323fadcdcf2b8d82ab4ec27aa4688a5357e1e94e485f30ff034d6277008b24f49f6ac9348feaf414896b89f5d9604ceb128baa40afea50dceb279d154d592574830612ea366d91914eb63af1d7e20fd4d433bb3c2a5e63084e556117d796c70a27a6974f11ffd2b0bf8ea81d1bc942ac5fc41f38eac27a2dd47fbba4d20780a1743a252ae59a3765d5fdba7232b08054237060a395ccf858db96ecb0d56cbfd091ca5272c9d3fb60ae1c7b2245b9794430c4a21d
32 215 0 1500 55 188 :912fa7cf30a256f29a2decd3f1151cc1b394914c6b84a0924ccd84c4a32418183a73aaa439a1bc8fdcb3c818c1f4f50ad557f85014658e527d93826b60fa1aa3c2569ca44fc00470a4ca9343be421018779241afd1d942419e806caa1728fec11f3e4c7381f57982efc6ed22e5a662a854c538715ba82a140f4d8387bc963cdf18ca3eb9f121efbea389922ed1881f64d09d0683d45ab5bd296e87225c273e7823326a8f7eca5bad089dc36c25bc1bc416b09695ef81265aa3da63be0468d91998bb117a32c57c1ceb6ddd1d61de9b654d42ccd9b256e0
32 216 0 1500 65 124 :115db4cb58eba9d84c9be5fccec0f9dd98cf3a61f8a8cf4286b64215def6dbe7cd5b0041ac16bd81e8fb411b4c78856ed4564c884e0cfe3db9b2a72ca0931698167b5f6404eebdd4e3e95ac4dde4c003c7bca5a7062c75d971a228e14b5c4d783397bea59ffffbee88f19bd7344eed685ea3931a94b74dec51e5cb3a068cafae0425f41eccb57a146bbb7469fc10b12b233e6a4d43961f140d4755f438ca47adc9a7c20b51210714893d7b0688ca6f430b05bf7a7bf952d4deb9e0881e25b1adb9f535a735817d809cfe60ae7ff9a6fb330ccd7882e6726d
32 217 0 1500 63 188 :8a68f37d18f8cb7362dfea5769cc375f6d31b63377642252dc4a29c27a73e46be5b4a47c797712a3828d57f97df2bf95895896a2e909c325a351e816f4716b8f6a0570d29657a9a158e8037952c62c2ed0f6730ab9f9cb1964092e1270f5d530bbf78ca5eab4945e4a96d8956aeba8610462b5eb8118d0304f200721221bdbf51b36f6b8a9afac7ca63b96c1d61247e2147c09029cfad00f83e2eadefc2c4e8eeb68ba42eafb590cceac1ceaa142d8d3b008aa616c7b4977e9fb394f75e81c4403f9267ceb47b7122e36c699b39d27f274c580d83366f10101
32 218 0 1500 67 188 :2f23badac68778e740657ca4ac30b174796798315a50665efc7dbe94f6438bd91c011f85d4c07853806c2fef8fc11f6ffb70da3796f36ac84e6de70af207e064e4322d51fb86ee8f7ff2bdb24f459ea47b46dbac70709b8c2395d179a3cd8c0673ffb707b1d373708c8a5afc4ccbdfe00a575c8427ccff0e242c336a8dde32456ec67d8bd71840cf8d799e253d88845b9bee6c6ff9075c0c997101955c1fccb18bd40daaaa10f1c0962d4fd946d5801c84f3ce47d3651de7f08f8044a78e4dd4429f70da634cb5ae7b1d413a3f3dcf81d72214303f1e2b71f768
32 219 0 1500 54 188 :b9563dccc56179603ec0ace1c776d30690add63b6db2c09331c08dea85d450400de5fa170f7593e15278e580279529e5d4b864b7db7a2cb0e13a346ab315125de073f469e84efc78212ec9d9dd900109ba7cf37e1606022018fabb9dc94d627446bcb4f5393b900d4257aace49490aad6871a3e636640fa7b306b776626da85491d58b15c7cdad8b6cbeb3eadf03d2fe104cc506cefc22b305646b925f3b8486a978d722ec9894e6a5afc0173af1755d3f0423c02fe96b9229c2ca87a63efe198bdd58f5ce8add6402b0dab93f02c783f9f25aa1f01627188d1fdf
32 220 0 1500 59 188 :56219042e27c9ce46cf3562223f68f08f4d33bbd57030d8bd63514a002b02d32234b5ac7f747400a4cf86dab451c4a7f31d445fc967e4975c395840d3a113041a6c704d4168634f370d37deb0bd9334f6eee3b6e0545ba34a6a23425ad37e943a47c61c3e2a93de1851aca00766801c64257537d8d1cc1f545fc2b0a5f8e93490d9cea876d6fc385217a079d2d675fe1a5028b016c12f2b86c79fbbb82956c825a0f8cd116f18a5938c5e36b3ad6b7350148f3a629ae80b73478acbf8bb37e1c9fa87e683c4366901d8f3a3c5b82c226826af02a344ce2e00bb03291
32 221 0 1500 66 128 :d904782bbfc157264f335e9d0cb708c5a8aa511e3164142cde2e6255c0ea5c93c27a2c58d676efed6b8f67f06fc6f9c2efb17a6c3d4f2188ae14e978a4cc2d3fa498f3ad34034af8788bc16ee1e7504e99595e47830f004974f75d8544036256663a14e4f56bb602b538e06545e223979fa8dbb62a5dc2ae4423c1c7069112fb525fec0667893b1fdb42143834bf6bf247e7e6721b2acce3493efb95126411c029a53b19629d7b046acf35bd3a3ad37060e165803e0bb42c10bb3ef94799c035a2a2c0b5726c830fc16da1b02be9463a3837056ab3b0ae0782e69b3944
32 222 0 1500 54 124 :a0a56d38a41bf989d1125674d4e4ee459a38006ff16a4246a793354339cc214c7b08162c7552e20415523588508a233b054de90386d2d16f0071ac7d60a5e56a3819f354753b4206d558564d4e1616220f2187073e24fffadbb4e7fe5ad9e5ef3f170cf7ccd2b6a3923533c5018ede90827a434be85e3088934f4311a6e72245987913b02baa1299912e8391bb1e7ade5bb50a37b873c69036fb1dfaf4fa8be35244736c8d460c8b12629e4c17b8e968dcca901c2a502c4d514002eed25e42e2a00f9b4cd42584405d9ed1bd8f707620a555fae8c6f86141df0901d9d368
32 223 0 1500 62 188 :c35beac3214c0975f00b2b2cf90168abe7fbd43a793b54b219eca3e26f593ab01ab348962398350e1b9083cad2c0c111016523e3df717c4de5ac0b39e4a0b81955dfc5c469e0d1746afa70dfe2ede6d6fc6d0e0d9e17e2915af7e2239d11f3ce5877e2f796ac7f719967cf59693eed956d36c577a2a96f4b7eb7a2832890014c2955eea78115072a09344647bc8b5df5aa42065604564e067e829943b6bc429d4ae079384c2d0e20414eba2d2a7f57c32e6f54af7f7ff6b6632f0ff44822209d3985a81929390f3f636a955c11a62ede8abc5fddbe56256d52dee77798320d
32 224 0 1500 60 128 :d84b6efea5591e8bd78e67c8885313c2e1e5d7c551f183632fdde6a397f28ba78d6940f4966aa0f934bbab829455c1bc4f71d8f49d87a003bd988615a83c06bb9204a5592d7d4ba81a915ab063920c831f817c7e56f9dce9e8f08efcb80cdf95b1e36a17f96daf5be039a5987984192085876ca6e76bbafa71c35bf7140f30e79598874b13e59305559f2cff0f39ab3e6c8a78a4eba85b155a841688f99ff5e4375a1be793e0eb53705231804eb3fd8b209c1a15757eab928f952bce706750f9f3965b91689fbe18754a84052e8c263bb7b5030eb7ee21f24b3a99b201a5dc35
32 225 0 1500 56 188 :722868e0bf0230cfd04ec852fa0c9dc6460e8e4902ab820c981fdbfd30c052bd485b67d8b3d9d5f36a77c0b0a4e9981759ec39b37c21c27a674128336fe34a4360f8f9fb27c686e8b0e8ef12b5463481442b44ed1efc9ac0089a21f76e337d20295ee4bb90a2a7511b05e1a7ed9222e5903d4ebe46cee095db7251caab08918dadcdba2b07d3367556715cc34709c197accaf4319cb18a93b6ebd5f7a0e81a29af6b7cbbf8858090b5925e16cf1eb1183746857eae2a1b5df0d7929e5c381d445b32c7e1b4047e21dc7bdbf1f7a16ee711185524573e4dc40d06a0ba86241e324d
32 226 0 1500 54 188 :04b7de6ef9cf96bcc32aee9f077f884e80a5dca8be2a6ccad653fd1c7bc2fee266a23fe1c2bcf7f69f84bf6e259dc3520c1565739a6e42c62c5f3fa85c898d2ef08b39f79f5e7ece544ba712f057ee1273ee325c546bfe7db3dc0bd1b451014e28101df5bd2bb2ae702afbd577c7bd96c6343ddcd33d88713829a837adb87a9e5466dd348f8d3bf289e539121c5918b5c1d266cb121ddc293c7036efe85cc9672c0b25f5c0de02ed709df138dd30bd28f78db07119eae6b6bddbd5a4616eec53e85087d74458d19eb95402e635fb69789ad9dd1d00c628951cb0131104bf9ad54987
32 227 0 1500 52 188 :57d09c022e3db2312aa0f889bbb1159e8f4b30478b4eed07a74856a1650d2d8dc0e86b937cd2067a3a7919ac599bd504c6132783caab63743e523883dd44c424ef467e739652725c99c780b63b0b29b0cbc21f66c5ab3375ffe4de7503f433a54884413af1725ea8111af433a4320fe9cc05626ad75eddf8d3140cee47c497bf7be61be2c28140e723abc638652ac7bec80bc0c9aa04b4771d569cc477c0a1c35155544a5c3272d1a2dbc94a5d5adb59576b791ae33d535fc66990649fa8676e7b44d990b3db655c17259dbf324109fd7dd0b50d14c0738ded3ef18d3e30f62a4e7f61
32 228 0 1500 52 128 :8e8c1effd38b817df2ab0f6669272650fa9cb19fcb7ac6e01c201d90290cb9a252ce0707e00e6d8e12c88176d79ed594f94d581c92553802d393139dc8bacbf994110947500fbabdc25f6418913c02ba74ed62fa2aef2906033431d13cc9b857e0aa35fe6d4fa813a66489a1f0979c74d662db5bc97128670c2bd86ffac63e36d9c7ba3e50a4fe28fc1649473b6209bc6fe726c8087aef2e8f2f31db3ea438aaf4ff641a928041a03627b07b49c93d3aae2ce88c310e253432d646ef098a20949b0deb1d8309dcbdc01d953d3cc94e9d36e42d83228738f20ae1db8200c42f2161140889
32 229 0 1500 50 192 :0b13f76ed62787a8e88df65ac9d0c56b4b8b35c5038801bb6256ddc0d4788a80924870e8e05fe89dfe0e0ab3597245dd7ab40624867661c331746a706ae0b255ac9c182f650bc5f2682126a79acf0d88bc257e4adacf7a8e9d80c7b82426e21e61614862c5c6ba1ca1c031d4471331724eddf0e41594580b30f37fb4137a0b5b17f2651e1448c1cbe4d412cdd8fee3cd022d60712f2ac776854cf6cf6feecfbb82de3682513fe68e4c951f7f3065e5561bb9cba2d6a6aaed5c8ddf2e45b6e20efccb90a16e4abbea6300850360bb82450ef8169a9b2a95f3878b73286c4a999e822df7d188
32 230 0 1500 61 192 :57cf962e6af475311b74e0d252487df66f2f96010372e4ca36cffa966d93daf4fd99adcd7ac09d99892e06691f64c504f077a16fc8be33f180d58a32b13444bb0f48c8f3a99ce0a09aeccd4157b566b4e1200ee479ce283216bf5c7705921198c70646bd3d1d22bc3ab8dc32af72bbb24ea29910a7489cc2b572851f511d3f55a8baa151a20b87c8205ac53c2f96b80f5db9f5e93bb0c70a9dfa0914df0aa52ae73de62c22e189c7c5cab94155260db2d192185b3b993bd7f86fae5a3ea7616008bfe40bc6768d4b2020d6d5b6d8665225ea69934d253b6e2b18b585569a23d10cf5d4aac5a0
32 231 0 1500 59 124 :b3192fcb6f730de3c9ac9a1f8bf9b3c906d2608a901f599567a16c475389706e26b0f51b53bf762d86de467a7247abce9384f02b79a7692409cfcaed24155b658df6dc8fe70baa744324014bb1e2e651935a4a051cd3d1fe264493f6f56ed9042fd4bd2807a47ce4f20d81562ce508146f6f633877cbc0ece54b066fdd794a5b78f6c30103769ce5f686dc7634ac9d4a19b5b57a49f068e8d161caa975375d149e73698f6c088fb86821a4e98faa30a0fe3a8c433f11de7f720354c030abd513cf0ef022ae2b72cce54d355c9a9fa826f0b35d7adf40d8f4c777b73f68dd93200d38b056232216
32 232 0 1500 67 188 :ce6dcb4e72c70c0d3465deeb13cec7ce2e6ab6a0e9b7fb0e6df3c8134c0bd47763a542b37ea959e1c20fce1fd358f5027850ce455584d341decfc2ffc1a40b9ab0d1f53a90fa2e51e14af50f2fee1617ba6a0ef0286af4c253353cae2f897062401aed9cc11fb3efa8f1416ce0ca390a0e9191ea219b51aa30d9e740a568ed82624121dca5d421f8ac82c78ca2990054acb0e2b8359aa71bfe7073f8985f28ad526245f82e7b0f5dcc573c76c480b3c8f7637b7271d7156b36b5356cb064f8ddbbc4f7aac05fa80395f5061bdc4e0b04379cd4f94c23457636bc2f2dc32d534cf53acbd7f733c05a
32 233 0 1500 63 192 :6638811431807175f3085f883eddcc32b925d1242052c081b49dffc3464565362421e77ad0c81c0057c291af2abe78f0ad89a2cfc73d0ad59e77e1f3147bda086eaededfa182bec40f48e8686897c6b640b3fb01d189ec06f4cf787ca444558e5754b2f68f233a9f2188d73a947fd878bb052bf815aaede04c767ba4af870d71052054219d23b92e642ddce0d5dbf02a307d1b4b3cbd4d12f817007a6f48fecae308d092c1c46656da9a5d9ac8e405ae1f1895e78f0b2b2b7918f6e393de471169b3d5772da5f0e03065aed348794398be411132e2c4704453390df3191503a438eff43faba5fe7577
32 234 0 1500 69 188 :a28d1b7ee6c2e4645bf68d490b54a3e0c9327b681003e94ffba26b7e90b8d51a29df658063ad737015b2bc769ef52fc8545c1a80c58dc2eda51e3ffa77f020b265503e0f15a1754981b5a70c209193260794702f14d695a918600245f1e042aebd306911df6daea6f0e623edc1898b24197489e6090a6df269100a2077260c8be67975ef7fa308b120e2f3194d07194e07354e6f7b7071f1e5f56bc6d3b974e0f693905f351aa0aa227d2e34dba640975ca655e91913b17b8e595866d2873d5f077b316ee2daca25ad41bb6b424ce113a37fcd19479463de789f0ad4b0e57bdc6827c91a22c0a715f430
32 235 0 1500 61 128 :edcfec3a1bcb632f00d002ed6386b1cb8019b1eca8ffc979ed75c765b335102cd3da2bf9311fe7ffeb1aab8f9e47e216e86f644e0b9f96562d1bf2ed1fac90b7899efc958f3acdd3aeb294ba6baef6cfb1ab482476b319138d9537d3d9f61e267693b864b49818c67fdd988dd229f35fac7bcb2a11d7fc68e870452d386c0b424a71b4d526d8147996476f522e34b7f8c2689ccc4e260b56a516f2fdc05eb515dcafb5cfa2cf39cc58c202e59590bede13c9465e2053eee00f4f95c957e0e47599a03508a42f44c3027b5548efa3518f221087cba47625895d83883da3ca6c3644ba371a2e6ced4c1d9706
32 236 0 1500 62 192 :0c689895ec4d8619bd626a78e4ed4191333854ad4f074d92100e76109e11ab5d9e3b4912e32322449ea5d758019ee40df3748ffbc9b53e67f5edd178dd21d7734329027788f5ebe89759e20fa2cedc13ad6b994f8abd457707d6bf821dc9aaeec7bfa163fee956027b4cb8ee42e8df0c4c9527163d24ec9793fca824a87430ba59af7d95739dfc3ad870c7ed7a1980daee12e26bdff8fce8ce15d7fa58853568704d285a097887a9cb333c9ab5b79fc4cd71bdd504a30edd5bebdf6637442d747cbe09b80f59be20b9688101d641abeaf3f7808ecd991f5fbb7c6deaeb378b8763c2a512388b4e9e90d8b8f6
32 237 0 1500 55 188 :39d4e84dca31389a3afc61929aa4954d281958c051816d283043c7a422edaff894f8c095d33fc151200e95e9e1e27e1f51fa7f4135d57516a5ae51240504b5d7742006886b6dc9a5ef42c771624417a58730e8691e2228fe3aadb22e5b659d53fc4d5d03d80d77b0f9b4ddb15140ed17af5205c39a64c326269247605c082c93e875167614318e83536606d048ba24453d213bba7b04d1855e4b560fec8ef685006a9924c6814af69abd08dc466a9cc1f533fac8a2f517e5281a9cbefb93094806671dd317362cb6798b5333e18a2ec1576c13deeac92e97d98ceaa73e02fcd55d0983646252cd7316e511810a
32 238 0 1500 65 188 :4a606bcddd380f748bfb6422dda83500f7622919ee37b22f8d89a4f11e47a4984b7ee8f91a79de185dfc96448483f272c0ede7ff6538d6f227652d616dec40c640f40e3137e7b2dccd2b354ead2371ea446f905e0d39c66db2306d11052ea72e5d03b5d633ba4ae0fcb20191e49c37b41281e8b21f79b306bed41a2f360861c4adddf389e4dd0453b24c337d71665407b6a52d1a32b6e1d972e5d7cf46e978cea10c2d10dde39c0603972cc7cca85c09dad7eaee9758a7adf715f7983a8ea0b14594a4d147d5f64ffa4abdcf92a2fcc238214df716c51a769d6df1bf03c2907ce094ea2d0341f325ff208bb2b93d
32 239 0 1500 56 188 :f4c6018551aded40ad09eea79c22b2f94ca6fc9ec87b27671486e04621a3bb7f67a08b024df2e31b6ad525fa8003bd486a6d850e4a89656006876a0dfd2ddc3269a650bceb92d4d47e2b551c5d70b8d0083f98025672541458168e4246c82a3b470341aa20888d1c1e0a59c1b7bccfbb76ac387b3d5d74d68a2865b0d4f10277fa375c28cfe2ee8b8d0e3836cdeba228823ebded4706b38bb446b40d34558e10da8b943c638499e747b0a95850ee01e3d3bc40ca9bcf0ae4551c4585e85ded2b759b7cf48f2593cd86529cb0aaccd41c39bb0a9be8bd183e92212817dbaca3c1e47aef18f58819b9aeda4490d15f20
32 240 0 1500 60 188 :8f86ed48bfd55bde8359da89bdbcb1a7f35bac00fbfb55ae6306889f3943ea582c794723296af942ef00baf5cad994ccf112f76b6d45f47260e4ce1f233012c5c39d5f73010c39df3d1da9692ea809d51945eef3a522b5917c60534adfa6a17b1f0fd240be629098dd42254c586b7f965699de242f4d0c9f51d21f5baa28e335b3fb31a8965b04b12a2a86bee8a7bc8910ac1ed7ea838cde073c80462e5b3ece285c48c86e8631cb595e4b6ce1dfa3565fb7238f456f4feee0910079e3804ec8e6437fd306a0cad6b117152ea624ce9fbe4b370d1fa13fad074578bad9169dcb7be119afab8debd2fa5cbe3f78ec6902
32 241 0 1500 63 192 :26ba6f2763442e41ddd1219cb3dcf08c9b36a4e1f0e7b52418980da03e38697b9c55b3bb06fb36c0e8ab7098d5dcec58b09ca65432585b837faecbf1e10a7ba67d5f20fb3836321a97331a2c657e1b3c8f56d59fc24e83c1192faae411a90b8be04507f0e678c505aa000b2abe28c5ccd00a383bc5a4df20adac0c1a6d8d2fb9a6f3098daa57ae9c12e8b58a1a6f834cab860679a762385da1691ede12189c786ba9a4180f5d8b58a4c5e0ea9ec79d0c2b6fb7c45009d21ee5009851ccdeeb7404e22e8954522938d3e97e4a7ad6e01c7bc9012bb790253780f1b95ff622e72a514f5dd2dc7a916b2e5ceee906fadc886b
32 242 0 1500 67 124 :48aac541b9e16c8b639c134563e37f9f00a45890b6f17fcc9a8eabcc0d8015bb28a78e54e36496c41611a38cbc238ee0df281aac51de61892fd3aedebf9083a282319b94e5f199bcca19d09aebf3e17efff8a84208eb01525e39313a16763bde08d1436b4388939649013c200acf2f6a17325ef08d49b5c6eedf474b161c4559b1e8eea442cd9ee4c13b30e79a50f1898c61b572ffca8bb0301bc46d032646e5de216f6f1384bc4b6acbe6696064fa12765e9effeb9e44218991895fe48041381b90110eee8074ae2b92bbe3c764937b22e179c2d977475f76833369a4685312a84673fa2b3bb91627c608793a69d5d1f63b
32 243 0 1500 59 188 :acfa268e48b021ea72493dc499d8a0332a33f81e3971550b2789c134a394ea8df8b96ff1c661512dc0380cbfafccdc36b6cba631fc2f817cd6ed07e184d589001e806270ed3321a466a9e891104cc3eb0110b476a908e45b83b19136611e609a150f00d11aecd90e45489ecc9447fd2f0ba097731e496fdace5a848701f76a04c4fbf6fe18b94e13777bf6d8762fbc21aea84101decebdfe6051b9f2fb9940838b336d26f000912bc797ae904a536a1237bcacb64b481d768ce3b623d9691f092286452348536c75d6d629a4b5758a393548b3cc37331ce2bcaf048f02a1f4efbee16a226115d75d2acdbb333b6fca9c99890b
32 244 0 1500 65 188 :2545d90112353298aba4c2808d216c5d32b89ca7042d3934683e7b7f3de13c21306b05ec9edc5f44d08556471c72280105f89cb31c76d650de246de40351dca10a4378606458170ef18f16835dccf0383cb3a3427804398c8fccffebdecab924dc73163a5cc44cb27788b2df53a0c649fe36a87ce3d054ba0639149ba7ed34c4ec764e4ace7001e9a448dbd71e04f182d44e1701d7b7a8d9876a1c7daa62bb36c06fad1b20991a68f51e3db8770cc85791f10a103f477b5a411ff0514659945a1b0be397b3731e5a3f754d3cc0dcb9166ea5ee2d502a227c6e9db3db80a1d4ab697dfd10d4515316e7eb1b1ecbb27133d3f22169
32 245 0 1500 65 188 :6f5fb57aaf9a663e0a281fb8483f2f0fde37cbba75c27f5c795aa41c848c155586cc2dd7a9992fe24cd44785c63c5a334cc206def8b05bb831d38698f29329e0b57a1ceaec70043b4f5d473094b58c217450cbd7c8f432ffff008d3a7ee8d6c91ca932a0abf623096d5cc6483dbd17a000f0f956aac8558c95b73132cb753e487000374069e3bd19dfcc724f70bba0efd93635b15cbb5a7789789d7116be65a1b6753aad9c8990fe378689dc97d2f3d693af4250ac3fc46207917cc7bcb33254f3896b660f70a85ecc752b5f77336ff116178f8a5971e13508de444078aa84cf07076752dc5bee7bab2e862cb903e26687d2fb144a
32 246 0 1500 62 188 :38396442fb1aae884770f1b692e5b1096df89c288b102cb8a0fbfde401ed05da37194ce186d85ee62ae2460c4b4354d32e4888b78a9ede843c06753eb450e9fb66ca8ed7f544ab9a7e4c5dbcc4175c7e6af3e73829879253853c64f382f7af506aaac306a1535fdd2ce47c43eb5e7692a728ece37f0f4ea1fdef0090d5a224e8db2dea0fb885b0306333f887302e6a9bb4fd062ae7363593a70d7ccbd297205d02c1bdc3782a5743d6c144a1b7076a9f7bd20de1122dad53bc77902373ee932b0e18c65c05d3bdf5fb923eb137797c382cdd943bbb489cd59f9b799c3d4fd19b4d4eef877d5b2de17cbe371d4805cfe0e250fd1c76f4
32 247 0 1500 65 128 :85c3de8e1b7ba91c736c5ccdde55627545d7057ff0a806b6dcb7191093ed50384a07c0990040e70491d9cdd074514694d0726f9456cfe79349f2ba5b098d79f9f778f6a462aeae7619c7fff19e2301c27e103588ef4fe4f1b2996ace081d1818dbe3bc348e3e55a46bc2d433c5d37a430164f77748c59fc4aaa438806881399de478f17084983575b0d3ca965b35d1949dcf5f7c5908a7be29c0662bbffe7a3d82fa1a04daa571a82ed6e8787828d390ab5155f8cffa8d5ed7a3e004887055974cf25dc1cde5758e79e4d4a17e455ab2225293723a2bc5772435778789b9b722780b8c480d8d4d85b49b95bf8a754a0e6980d9904150f3
32 248 0 1500 61 188 :65314d82ad8969017784f236cb8e5737f7daf3cede180269baba4a561492206e0c4d5ec554981885c8a6f5140c9e9c2d64685b3ee79233c6816bc8502d485c24c59555a560d6845416ee936fe8c6a6ccd7589888ee7a333414f810bde27efc03e2eb9081b2b687cc58fbe62f508ea6c4b0a1691fd06c459cff524c6bcd7285638eb443f93c3c55d06f388ee855f394dabcfbde05e835bd3ad90f5c2e0e1d933e6d7a72416135ca3bfc80ac84394dad4205bd56ace90230366cd299e7ec031716c45727293961232065e2195900c10a3c865fd504f1914d03bd0768f0a7319f2eef62a09169ba5fb6109e9630a23ee52f1ee73c98df502268
32 249 0 1500 57 188 :72501e8c5bdc146a3dd3c5f5680d1713faabb30c1304206dfa363a329504108d4195cfac8e0e812989aabbe65f5d0e7c75f18f1632ee44df227ba57777bc7b2a4320e15a91262184706baca8e525779a23c3c8e357563237ff42e7dc39c92012d88756d7740c70820e100a95fd70dedcca27a149d5235892a41eb7f14a13e51f6b712fe8ec20fd1fcaa84196ef687047d2a8984c1ff429759bf8e7dd7a7f75dd6fc6aea4710319376917f1bb03f9abcb4d845115dca4022776ae247161421fb05001b35bfb2e88b6b883bb026d16818d230a1f90b0e815ba2821c73ed1bfb9e724ca76bb8fd4ab4acaa63503d52d5ee6b9c7230e3037d3cc9c
32 250 0 1500 65 188 :581d0533d806dca00746babc752876c8489f70d406658302ad0b64098b94b7eeb4b07983747e616d90370dd31bc05c716e1e13cd99a2eaec62643293cd9f0e0256a8c1c8a0f6ca8c6af283fdc23e7a3a78845d79ada76c2bac1c7b100b54dc1ed1f0f1267e047e38c426ed65ca5b08390909afb3559cce2dcc60beafc4e8498891f9ef5cd6074ac114d2966b9584dacaa3fdcc5748e82183d494e1f5bf373e82f5f62a121be06d8b6df5410f475b249ed0793e87265362520d9cc418d221db1b2edac994143df356ada905e6d4e39667b0bcbdc86b17fc27da5ef1dc6a35aeed3df6a8aac6c0b02145ceaf49f94a5aa958b97f44bc1befd4fdf7
32 251 0 1500 50 124 :4daf93674fc27f58a75c469b74ec29d97b76cdf853b00cc51d3f7c2ff9ab6dcfeee693181391b9ad11b4250f521b7657aec314b44963249a0093503f06b11067fdf8fe1480289e1be06b7fe8df52b2f3eebdfa00f512862828b9fcbdada89d5586a59fd1656cf70481c1ab8a3ec304f92de0647d17a25dda5dc4e9d0697c0d04fdde95e9a3dea84dc56caa9387557358354998c4ee213676bb156513ff65923803910adc43cb755690724ecfba9b65e029f1f1ad1167e7752f7ade05be92920dbf81da4202a22c04184c0e35b637153ab8ad31ec41f3ef4e79fcbf8f590ad39d2e7f32d1ebbb0ba455fa2ab8fc3fc3f0e3351ad3f2a500e4046133
32 252 0 1500 53 124 :e5e2a785cf7c03d98fd95dd1cec096befc76d1f5b449c747b60a6810c2f9c2b6b56f4729844659d60e17c375738759e7c3f7397804275bfde79f13cbf18ce5b1f471ce0eeb90cd6c838599c9bd1845561fc3c691c2fa64a993173454e70565511129e21bfdeec2423a911c2fad796b34fcbcdf3ce80a8c15b8f17fbb24673d9ee01917d9769e0b6de440f45d991933781a50fa55fedfd54e941bb4c44138f90f70f14c30ab076e8a430b94e0729f7aaefec0afa0d75964b41a72c60d3afed03d8b3bdb98fafd07e271f771d8075070c3fe5c898acbaa0fc1a2458909951f473f180e93963482512a1d80f4c05b08f867ad915db89a24675fd340f912
32 253 0 1500 52 124 :0a4d38a0666b82ae7dd88a493d39fb4592b2e0c8ec8c3324721d9641a24ac46c21fbeff55287223ea2a6fcc26c275de45ac65fa5510e4863645baf97c740f31ac5d5804de922b316a852513d72c491538570aca9e620a6ca4820253046cfcaf1abf6342473e9be457c7248097ebe54d52f8592ca2c1e13be403a9940204ff35d63b1b9dc44db14be91ed32f3427342aec850f3aa34a3b0a033eaf7aecf08f2708ef06f158e6759b15609d3863046f9cbcfe816e0a36b90d36b0b612dd4a0925fc299c788b87b432cbc1e2e275ed73d5465f67bd6f6aeb24cf84e674d5e0acbff319a069750e846360ecf2fbf8814fb37c81e6a390611648c717b6054dd
32 254 0 1500 69 188 :ce59eb0ce00c39e1a770b20e8015961f4ffe15c83bbfbe6a5a610ad4406691b80951fdaaf08d7df02ae59e3dc2b5c3ee8db24c578a1a11ef631a0e076aaf7304e151b234f00a0c0a272100e943f9ba8a021b7d0ee5b90556bbb04fa9ef65e7cb45e076e74b18698aa8bdc7865d0e38ecda247a0b2af52c2f7be6778d116c81b1c5a916026363e3b405ef158c357bad16653cef92428959f0091a1019212dc617b614abb983ebdfda6b29c95288e88dadd53b6689b78350f6bfa30b6d01a0ffd0dd6ee82817e0b7fc084d91813543a8da13a034b4c174c35881072f9b2f15d9bdb4f18eeac4c64a3bdccf007086ce05efde4ad09970f0439aa4f1dc927415
32 255 0 1500 65 188 :f3ca94a0c6d99578a893a7aaff9b8129b5959d0b71eb40ebc49b583d3e422f0af4dc726cd54432a3a682c950ee5bd275244e5435fa4f687d77e205ee63ded55db8d469b4eb52fc26e6856a98d32adb8a299b04d9153b186cc32c109d6a9cf3fee7d3a335773b75088093b8f02a2070a9028e4a2af85d6757f680d3f1c93b5acf182f236129a5dd7c7f6ed55a96d6390be1d48536ee58f23d1e4a7af79b047d20734bf06bfde50feec18691cd537df7e1a736ef3f1d504a3f104418b5d674300908ebfa7d7bedb7cb5ea687876426ffff2f875e067d588ddf38d6a803489fbd2c2491461182db9cdb6c3279bd890c3139571dd497bcbb02b6be235608ca11bc
32 256 0 1500 56 188 :8a18feb30874107d4bb6e787884160855888a9684b13b3d36ddb0614c241968fae2db1169db69b874c2046a15af711681edf0084527bc3c567f6cdf6b589431662e58f45d4225b738b48e1d90f63d5ab014e3b29c6a3a7834a2c5dc610ee1da107188cba717e277b764c5dbf91866cff80d906431c391ebc15ad08380a1f505587dd380c2a510180bf95bfa2ecb6fbcf858cc7f7b82ce872591c64259f107146142b5ba6954694c6a9adb9dbdfa26cfa235951830c046a170969ce0a7cb76b7c16b3730501529cb916b9ab6223472d9daf3ec454b461b72cbd30459328302470e2be3cfdb7e9b9a7f87e3769dd40bedccbd9955f5b2087e5670895f19a559dbc
32 257 0 1500 55 124 :63a402f371f65cf5c6500cdf4a3182bf46ca3456ffe1e99cde4cc0a0b18da99bfc32ef09915a900935da2513e21c740dfa102d1e9865dd0c26b454cdf873a77b08f07a9ffa128403972f9b44fc70a1aa9d6165b8ca98018e272b198ccb4700aa9dd65a77c6587d98a0c38670016ac72805fcf4549faa5ced82c6aa33573501fe54b796244f8a2ade2f18d277c6670ea658b1e795a1c89560e448d56053d198e09e1624e62bea53e5de1910ac41cc5f89f2eeb61616c5b26014fc449fc0057707245462c659c80467562c6d9001553e188518d21433b9822b300f30d6d651fe1fa557356a03333550f9138841884560771534051d087e60c010fa3f9a69b9b00f6d
32 258 0 1500 65 188 :eceb813c3aa45374e240456e30948ae64edc037f5d9e94e5da768549b74c479b03a7bf6a199f134b4d3ff1200ec66f172a7149203186641b61f0318f905336dac9e38e89c652a22b6b1bb16d2441c90b93a01d82a72aba69c7c0c4323adff61247ad18f88511edc533ca4769838aee9e0acb439fda7cd1ad144b5ac53eecfee1ef9a7d1444db5634f8169f31e14ad81b0d10eb1c29c0154f345c024b3d8ca3f07fbc88be5f4bacf2b456cec35047d11892cba059c8b4378abf3c5e7d4130c84cdc57b4f775e3f7e45ef9ef7dbe716b058db184cf287a8eb78597deac1e70ba996b556d58d5bd6fc03c719ce612a989a77ddf21363c3e8c3729ae5e9b1f3804881102
32 259 0 1500 61 128 :3e2a9688a2bfe84fea9bc88638f07cfd68fbd7f59a71c3d999e31eb0fa083bf7294fbffe5e8e291c3e5bad33a2dc618f3ebbc5e3ca7046519bcaf25d47e30314a9ff9c347454f3075b7b92a9f07631752e48cee5ad660c051cea715044d05ae9a4e3deb9ee74fc7b79e1d79593bae8c17bcebace4cc3715823a975cce02adb3f838aad05338f0d55fe51f261486e374a2f9fcd44dcccbdaadbefa9be0f18739ae5def584f61a2329d14973ac5d8c8c95dda492497e0ee4b9d66771570b6faf8f4f94d0dd1c01561dc9ea108c4955b6c356d5529bca43a903b4595c38ab935e05e26688ffc76610ba36bf1badcce6c73bfc6a80e25dba805f06492fc9860acc860d001c
32 260 0 1500 56 188 :22c0bccf5e8f21fd76837250bf4da5612952276259bf6dc4366d3723eacf5de3f60c8e8d766c290bef250d462a4ea6a393e3d6e1927d807df75177f8e4d5cb171060ef3b024d77b74d2a44890fa22e38db72c20b928a2df665997c5eec3dcde101497e8c4f5d2aece7f98801476b462ad754c728fcbbed5087bc7d762cde275c9b11e2426212f07a41df3b8ee161fb24840435b2bb90039e319a597216ec967d40023fdf2c2b68978aec5d18fad1572be5e22a19ed7d4686016bba46cd6bd974cbc16654e22cd0b2489b4e43bd933b249c94d0850e85f817d8d83467fcb30f3f866d042775605d64af3e673ab0e84893241a7843d26e17226dc51d7e679d3395395dd2a2
32 261 0 1500 68 188 :c2009126bc50d40d79f18960828e6401bb7409374359b8333fb34d5e1b07d9dfed547bbe07b627550ff943389c6a7826d38619b327058ff027393f12bdfa939fedd78719c8690b0581209bcf049a444ab0737f6e5b7644172d90e22c1d0e265be454c8214441c067db603e5740a81d46935371d73f754b7607cd0a7fcebaf4c27b4ad4d9a0f8452a133b6fb30f4952c4059d493993db2ff3eb885a204db21ad17d2a14d95f66d4473ea9943fba7f7070c640337b40b84844924cc107dfe140d1815ba5dc1bcd64575b6f83d70f4af41f701c904a4f0a8948963143d8788777681e367c49308824f0608ca3a359073961267df64ff8b3fa2cc133a0875fbce076eafbb981ef
32 262 0 1500 66 188 :aa39aedd78e3e69ad0d6f12671d1a0bfff49a3930fe6a35c80ea87e7d4808e39285105873936bc280c88a4ad92ec730aa3046990873067bee5aaa229638d945bc7bb89a72c5aa92e3e30aaff238e79500537a6c8354efe0074892255589889cef7055952fda993309f3a1726a2478eff33831fa94f3806d63c57c0fb121d7380d34f83805c15bd6262cdce5eea6864c0c1d35d5e7ef9596bbd5c15179d9af43e91ae38071e529b40ab31f01d1dc5f1b9f3f188136f693e5fcb81103a1ebdf0e7014ba859b61af5e10c0a2da02017314c032fbd2d540980953016058dd14403b57ab65b1829e7c6fa8ae816467b57bb235db6fe91fd1c615bad15dd2bb8c7ff69c597d9a1707a
32 263 0 1500 59 188 :5bcbe6dc0db2774411aa6d576d3db9a5e15bcb2b46b96b87797b9137364864c6baf3d5b9d1cd9896986617ced55b3e0f26d88ed19b364f5cc8cffffe12cc253d4bf76b6686e3dfbecd8844725a28b6dd3c8ab278d3d64bf3119ed9495a1f51eee02e4f173d4a9f035b872eb5ce4d71d683befdfe9601d939f48197e1b28028e8260aff7c8be51a67c68a3288fb4215f024e1b3a335b95e3cd82e9c1ccf0e6fe6191dec9cc26c040abcc6ddefc3918f969f84fe7b9e4301e445152540050cf0fef387b2aa635ed9caffd80a8fb90e681fe06b6a79854d9383890dc74c914468c579b098d96e332a5cc5323ec1e4e348e7a5537cfb050471fa733f4b97a8a3e2ee9d11158f4f6626
32 264 0 1500 65 124 :dd58f1868f9dbc1b2df7809582bce7fceab0d58aaadcb55caced0f4a922663944ed65f5e5628a1a89cc32545a20fd39fd98f8079d878134cc3f111bc7a2d83c5a3b6b786b507ba40a6fcae148f01845e81ecfff028ee76695efb8446892775a639f4f7694dc93e3d64faf27bb7529408223521e40dcb636c628d0c27edf9894b60af919eff69bcb1e13839f92b25c8d2dddb38a0a7c6b0ad22c740ff3954f7a01a38e7997ad13d7c5a6880f49f28d7e60d64e19a6d04217db7cc8c21b11a382ed8ed183dff15740d0ef49f522fecb9e8b67fcf1233397f8aca8fe81dc50ab4d37237374cc7b94c43be0745c41f4eaa71b62d0f8ad82cf9f82f1934ca0c7e65d4d01a2bd70370426d
32 265 0 1500 52 188 :44403267cbedf90903e305a075a6f68179a220d3834e6023f7874b6f546221905a19e7f3ef92e9bf2369a151425d25d8a3bc54df91e3d92650769514eade99cf9ae1dfbdc4cd0e45a7c41faa0218fbf5d4c90cfc7a08c4126963c11deaa7d71a7b314bc3ed82906075c40c32a1716057d355af140325c1bbb7f6c7453fbeb7e8eec7a38b13f83b55f795cb83514bdfd068ec9559b4190dbbfd4d538f52696cb33a1f915c77c89ccef47df5c33354685afede894b906540927b570d2c03f61c3065193397f04c9339d72ab9b9bf61637951ccf603ada7e1c92293ebde39f7f3fef803163bc8453989fa5f033b0ee2b77af5271f4b0c5aa7e42938c9e85846a2e777e16f87dc0f93045a
32 266 0 1500 52 124 :f22843223370e9250476d50f31e49b9738a4ebc0305651ee5129c746ee04488f8d0e238df715bef44e522518723b674fb2efe48a952d5daea3f50f4f524f41355a83cb5a0b4729e766600adbaa9cef53b6b63837d4773ff40f90d67d3dc1608185d6bdbb5b1c11f68ee8f9d15f70e574198013b8aa345d499465f00d423e0709b621d6be7c89187b61626f18a5ee4806e48eba21b7c4eb43eec8dbdfdec4713dce5b1c59cefb63648917730f751566b0a1f6f8b7adcf8c9231adac7e89d588afb66e9a473deee03f0ba33551b7c6a92146b2ee4a265178bef02089dc27e97ced7b47ccf5ad123648239750653cc2b3cd5d7979dc2d874ddefdf3be2a18c6251e256b92e0f8eff75bd854
32 267 0 1500 58 188 :0a5d677055ff842d89eee5cb1aa5ef3a57ee53ae0b6f95b04cf7dee8db1af9a9774c4457cc438b050777b2961ce1e8e12126160b0e74dc4860f51047e0b1e4256ef9e49829c9cbc64e12758e987e56a1b8cd22d794f4d320bbc17a8017a2c66f3a72befe6790da4c66bebd319fbf28c5eb0d121dcc94aab586aee92851f51a16e4f3c98bbcd0d0b6e07ea6eaf7af6a395a37b9038c08b4af4babfc68ecb03a0c1bcf965db3a9035c3bd46176baeff93effaf3ab0a9c31a6459ebf00b2db604a4bdc8f5c66eb880ca91025c34404bdff1ad1ff5788f4429b81e220a86721865485c2e8cf1a0009256a863a9bf874910c6a66fe895df88ab29a30c3e66aff2e8e77ef26b585dccfce0e53e1c
32 268 0 1500 58 188 :fb6e2b4301a21a236b5b552f08e34c7b74e764ebc9bd00fb7b51d6331b5c9d55c8b0bb69c8b7e609df7a03e1268ee83d0c9e0c6b76d1f19f290f966fd298aaab5ddc50177f0c1671ba818495546c0be945793c4392d4986f634c98a926a9d924f176c19fd00add151dca395630da5199ed771df73f44e6b83dc883caa5768a8738d95abd41bb8682e0d07ab023a456bf5d2f5e6402afb45c7a62c75593bb28f1e1dede6652927b37db34ecef282d83cf699708510a1d5bce48ce8090e85533a7c50bb19e27a7353b2e3d2d6aa71e4cc767f7d9943d5f2a42d8403ce93ac5a2113d0dd031b8606dbe5a918001cf50cd272c9157724eac890322ca0bccbab0c85674e7c85252b9200f6ed4d5a7
32 269 0 1500 54 124 :a74ed79fde05e616f3b711f0ffc5c95d78c4cabb3c4be5f505e03451c07ab42cf32f779376a4ae97c51a472dd40558f11c4c132a75fe0f2fc9efed767b587436c46a994c1af2c2a52cc746ffbc7a62bf3fd882c628c5ce88694b8cff66430aca31cafcd9c34299b5dad88bce83e57702fddb0de58f389d7317a30f56a75544f2fe4f8be5f3db2efc3ed848b2b669066d8fdc92295ce1e60de0ff26f1680eca75b5ba52a74edcaf16094b63adb2312505eb5609ad73b1b4fbf3c376b8a30ee972cb91feadf4998274f10803ee55b4ad95070e1dc6b9dc487f45405bda37bcd7f55423accad693bce10303d3d57cd66e18da58397f2ff56645e7cb7e83d2bdeebf9fcf926357422912c824ecfccd
32 270 0 1500 52 124 :abcd3a57245d084d5dee1124eac260fedea8ecc6573ec6de3f666086364017e6a31033e6d4a19ce400c75d7f1f5313293293d2a219d288325862dcb696d81a7d36c3b7ef4dd89d4d6129b2291d24f8e336f1ecf9a053fde96df8b5aed324802a1e1ad7e56beea6f98d32ff0913de3242394d045a05db4208fa09a61b60ae85b447b987068c6554c6b0e0a7dadf242ef0d44845c40b73e6015493c7a75c0a144b9aa11d138e6b150d21bd58b3c7839dff62ba63a155c906fe5e1a6cb4b6f4cad83b8e6ef8ac8118b4ba2e1cc3c639df6df8fd5b031875c55a72a55065db4998e76042594c72176799b254093c3522eb2b6e0e59e371dbf811f66d7b3cc54e12caa2c65d7f6ba447aa8e31a88c13c8
32 271 0 1500 56 188 :25baadfdeff11a1c77abc6a3585519a6acb103f56b73363f85d909b93070d9a00c41127a7892dd602443d05969844ec31c588a31be5441597a75ac3800124b7a4386f59d77b4d4656033a5f468152c4ba0c61de35938fb4ada7ef21c294a8377e9f6e046957b459ac9955dd73aa7e0960b0d15d9538a7841731e8c744adada0cb92fde3e7221e622eb075839e7c00260915528803ab83a5dad79c4eee0c94c7bab224e66ac068ab68e02546796c91a0470ab551ac522b9c79af7d43e778e0e35c488c3bd571152edfd428a4336f8137e60f23b7b99684ea6207dfb1bdd8beb32ea876c91aadf57f8740de62f6b059a8141f03140fb1310956d0194a751312c5bfd54066dd555265528af1f20f398d3
32 272 0 1500 58 128 :186dd24fdee7a86c46d7f3e6d057fa7c7b7ddd5899e9557bea3d6080150cb2a72d612fe32b7c258e04cb494cb96e4ce0e3e63d04715981a780fa2e3e153e3e35233efcc1f1379cfca0d6faea8640dd42971671045b5a8cc51e1838845fa5624ef05b92188076131093c933cf04f3ddb7fb089f6153109cb39dfe671ca868efc9f98c6bd224f73d489bea6840d6afbeb59b8e605dc72d3f60341d65aefc8a5b1fa4930869d3e081ad9a5395dd8b94272f37c3e4b9e0c02f2308fff4b5658c88d70769b6b440c0ca42ae6a7e69c5857eaabf3736332dea4628f40675712a86e71f6da1ed70d55b8c5362bc67c48e2eb968c89859ad343d47497887ddfa6efb95adb3290914fe66de1b2d13ccd971549aaa
32 273 0 1500 55 128 :f6b1a3009912cb4858cff62a3970700bc30fc5f80b0ceaea35b486dcfabb9fa922e3e06b41f49fe2f267574ce72b3b14ff3b42b95c1393eb1a5cebeb3dd2a82622ff82d875f51b09a6fc532240e4b4d5a998d5c6be85b81e56763d45bd3ecec59a2bdc41649a7b0310c3fddeb95fb0a8c22e0386f442dc53ca2da6f1e2ed1055235b77aa01e4bf0384b112378444eb67995b32dc54a6674f967c5c197c8ef6e2ebcb4928e53a4513240f30db8a0ac679d500ef5089c3b0a8ded24c1a6d80b4d8b0f171ad3b3cb2477b5c9d7538936710f274c2c11afecdf6fd2e88feda8598da3a6e62d03151a66ecee6c7457118a4974be138da27e464e045722e3bfa2ae617ccf662603d2bad03eefa1111fca8c4beaf
32 274 0 1500 56 188 :afb669fd03084e0d97ca83bf0dd583363cfe58a69351470264521fc1ac3de69cd72e50411e6158eb2a5699418eef61a21be2af5449ff454d89395954c7759bc57ba8a3e864967a2dc4cf12e3ba93331040dedfd4084ccfac8d17e2771ed92a1a07898f5b444d9486d936eae03992e623ad689ebd87ec47ab6fa5b1f720729bb67a0c00250741c6f7cd017d26858e77034d1a3b8959065b7f11cc60614431ec63bc3b1bed8a2160f3d90be3149cc4e8334231e29b54a0e9247d789fe59fcae6cbae723890cf3949d644af102faed1e847a8375fb2b2144d1bd72f8767653a3b7028d7f0104161382624360c7bbaa52fef44705fe60aacd181d0af375440332c204e9cba774ebfea5387ce61bf2e3b302931b7
32 275 0 1500 54 188 :cbcd63747055c55e8eaf9599d6cea33e65a846c6b5cf0495c56fe5e9183876dfc2f63d06eb6d5cac81f9cfd4eb800691a743f31e6afc0bc59df0eaeb7f598ebc6125aeb8727b6ceb4354ed5e24e4816760be1b863e57542bfa29fe23a2c06345bf42b8d9e484ed871cb872f090663f3b943897f862d889f90b95423f8137e5d29ec3cfe5b16090d40af363625f826b4bb526d913045cb42fe8becc89c2768221700e62441135324b9fea43a88bbdc37867f6ce8f22ee6c8204b0839989eb0adcca1128c8e12d7922c2da1cc3d3bd1e84b34726b2031a942fbe46e9d38c45278e4a7f30cd46a92f6aa1356dc169489443d4931f6ac575362d71f7b3052b77dbb824661946342cd76ab3a7bc5d8ebefded1bc9f6
32 276 0 1500 66 188 :ae1a3855e22db5741452ad76635e5ca8b5cea22f84230fd7cb7f6f1b2ff38f60e084f4a923ae8deb07d5f0b6650b44efb7a0822367a28f2e985a0c7dbc9b2458011aebd5223e22dba449dda748294ea53e7c7ef51f813f9d0a24a242d21e4c3ef217b2b273fb0144dc2ef539583343bd7799f9e9fbaf7c4740c06dc8e2ad51074a0a434291c0e9901af1da9dc040be45432eb06d2c9ac6e00f30a524ec28f36e7e8af768e1dd695bc92add35b9fca8a3f7ef997974f3acb268e2560c166b7c7f03253d953d04b1b7af7be6c79b61f9aa512b9c6db6c82833645f50bdbf614d1b22b1ebd0036e41551d527a6679703a3840eddd41ef2642c35e3bf1aedde05ff32797ea5bd12e2dbb55f9d1da0d8d41e1749debf1
32 277 0 1500 63 188 :5d099964b00292a88a189399873132136103057cc14ffdd3d05970fb60e8facea65333aaf13a8fd6ab3a5ac8b57844e6b3d8bd10920d76c50a40ab8b6b47c5852c6dbebfc5aef8753a6f3919711d65732977138e6f0864c261876357b2f6a2890014e810ae687d92e997a40d4bef4759316829cb82c379bc0d9c64095cb5c82189111bce54422ac7b28b076008f9a04831de69bee32e53e118e03dcda7efb23aefd5a736a18a9481f1c5c57cfd897af517d44efe9a5beb4baf5abc6c21881aa7d04eb59caf7991cd3adfccbd928a4e43408b59a636b3644a5de3bd1294011789159e1e58beb8b1b8a66b8065907a5db53d293ab40c2ad37147817428e35350a8b4a09ec1c6b0eec38507ed7cfe090127f0d8aa7c7a
32 278 0 1500 69 124 :75b46f6289c6a8e9a1b84035ffba5958e42f0a3c0a82aa7835e1411b4e85e907ee9963a99fcb129a68914df44e5d808d8c69d5fefecc00b2246e6c44aefa6fadf0dd17b0a15ba709919f0bd97df9dca92cac56de94a48f082a7ad90e0ee913be15c6d6f5f990e1f9cfb8591545efd6b163ace6050c769dbd4c50ead4ac7bebaa9be85e87fcf4a027fd14cffbe476f656201f3210d998023570fd9d76febd5f922d2cc483c3295c79cef82c65e98816f1faa9e0767a9a60c125818f7895dad1b0d69c54689f5cb2285f95c5b53438e6c7dabd3fb966386fa82f0a174999e12e0a9faef4e5b7fc55c722b76707850ff60d47e842021f4c7479f3656bf436028532e98252e59471a7a490713b606af80a728912e85879a0
32 279 0 1500 56 188 :d2899b30f7d97c5eb28ddeeb06186d551b0b1c4869901434cf6c653cd423c289687f6029bc9bca8e186b2c563aac40091f895912e99d2f44bb883e12d822653e7d11c889d7ae094eaf46289e53083b8e703506a5b5ce6d5e18a3e5673a17890eaf379b26a4124177801e76088476c15832ae65288251b73351a9acb31f39a413ce3d8dc02d7b79b83ebd412ee76d7c689837f8446b28949f76c69d9dd9fabdb7dfadebdf529dd1692087a6fab140768dce96f11980445836047a97fda521d9cb98524a5b762e491e09c9a0644ad8498fc5cc524ea039d63b5fbf0412e5adc29b2bf8321a098be70e994a9c0f8a955218b2261dd66e953cdc638725787e0ff7c4bf89ca6fa6c1e4185791cfc8662a764ca6d06d45cbf2c5
32 280 0 1500 51 124 :1b251aa0831c073c5c16ebaa2c17d6309ab1a5df9cabde623d3760f5363186b802e046cf776c44ec04b992aa4b33202e60cbab165c62fb96276031c7275084219c8441a83fe714a4fab326fb8a4a0ea8da8c14be6f01a47388e04544db05a14d274576f3f2ed0b78889febe6729728f17d1970f109b5b8d16ef805b6f16971a73ea52b95afee4feb72e8853ce2cb57c286d8b23e268cdb9230044e00b8e31c52e24e3c63246315f7436eadbe156677148239b3a76a8e4368a6565f9590e6edd4f2ae2a88272f7b61db9fcc125785a4e82e480d1313670f6a1e134caa13d96cbf17a9483ef71b3ea1a244a1323ae9c0f34f39782ac243324868316252a129fa869b371e6b82440c740cf449c38304b70c9e79fb5b4b01dfd0
32 281 0 1500 63 188 :39195be0269f812fca8a72fcaf8b3a3083066cadacfed19f33cb4c08bfd9ea11b674069a905f00dd55d373e0439fb64474b38ff23a481498642e43c5aa2d8512266c42246318bd7812d67888b65341112d13c019d0d3e43c067a2b7b8d5a903ebcbabc2edf1292dc618a424773d6cfabe399fc4b0ec526dc793073f6b0db974fcd292447b8f483422b6d55e3419968ea2153582bc796fe9437605316f4a1aa18d4727d8b49fa93e3c68ad980d701c100c59323331ec78dae4c808862b38e5df65f986a5de46bbe29a7bdf1c85ab0ad8ba8adb6bf86c01df0f2f2dab8e542635fe1299a58fd078c6a4c1932df1655ab4ee640b2d0689d943e35ee1e77f0fd387af1ef49e674b3b1dfcc54d8b8ef4f5b4e842748db7c333e06fa
32 282 0 1500 66 124 :13027af72367d0364493b242c4c058fe8757380297aa32b7df2855e50103f23a10a5e09dd03870b5e60d2cc1d1ebf6c3c8dbf6fe9b09a461c864c9eef4a8f48d4ef8ee02a34fc2e38e75b6c6ae54eb8115fc6d40d0c1754efc2ebf7947f29e05f0f9ca7b3652ba513dcc4c582d96cb52678adae6fed8792bab2345d657f811900170c0061e3721c775cb0e226b220343829429d19f9aa97d27f169415e246091ea0534bab19869d8777d4f92b010bb2fc374b5c9b0e56c3972adfb1ce125c0ffc4ae8adcceaa223cd43edc211f7f5e5ef9abcfbc2303831e84892baf49be81b816150654a4a0274bf73339bad5dedddfdbf66058bcba5f8acaf1803b6160414c181d3f332e586145c5582ae03f9578607d3612eb13d9b03f6d26
32 283 0 1500 62 188 :9d416eb8ce244eb0b3a4ee335f323575fe399525b6462155e84c107ca868d23a5ac1efc8539d99940210412d46df6b49fb40af039b78e2d71690d92fadb73b0db6209c0a47ae125992b60772973ab6810d70ee01da9d3a7b25e836957e70cd9393d737de3b44ab45f85855f703d1ff82ab8c4af8746fcd9075fb2d14fdb468bb568fba7fd3f35a2fd487eece932620beca634a81d69556e3d3b1c5c28c593f9b900e3a3b2b01cb3c4f5433627272ecffd8b75b0fddc8b21214c0bd09f8d2c5e747e7f07f06ab536b0c72f87a96acdc7206a33bbd47c5fbef759200d5b8976aa456a577be068d185ca325bf4c25c2ed529548a698502241383a597dd8efe05cc4145a0f5e4c7dceb213d5ebb1b619f7c8cec4ed687752473e45b5d6
32 284 0 1500 60 188 :6c594041806dc5ef5c4e4ca734d7ec7467ee85541589b7353b21df8f5081c97731e59fce08015a4912152d9a36e72a1067b5674159c3b00938b0061ce802aba448b99cef6242f0563e8fa3fa9b74468c06fa26a4946188bf22d37b740945cbe70eae4fd480d3f34a831a3cb4d6b615c2d6a51d5e600a67ac3d5e06477a8e6eb4620a556cbc86736302f1b1d13048680cb124655fe4f17e97cfb7a8552c17950cee95af2f23e0c34a8ac40ba96f332b8e4e2538474db6fab64ddf3416a089240fc567ddec01fd0d0b5b0b2c08477dcc7e1e33ac56af6ce36f5ab571c9603ca6467004d4b015b75185f1fbe8788e0f5097bbbde8fc94498e8383e62650d5221ee80f5b01b33080227adb90f2373fa3233defcf0962929860adf4bd79a9
32 285 0 1500 53 128 :8c9447d038839f29d89544f073deeafdeae4eb91365d159ba8cf91aa422ef3049701f25bb40a0b6be03fd5c2eb2aafb53eb2bdd1921126a7d438725035873b90c0fb1c69b21f190c3c445e1e3e5a105d68d27b1ca7c09a52563edffb98393594a601618becabed43a2d40452d2368a5ebc80ea8ae5a03de257053e97682611d360772d5bf08041c99868d04cde4474b772404e195a0512edd4afbedc2443f9899672180c390b5cabc2a60b60e604099a3025e6e47da2eb900ff06ac517629f69da017146cf9170981e23e65150ace0e5a9171be158db4ed34f6c3734e40fc36815180206c0968e3ebc3ca4dae2eb8634a78e6872a37249c0f8dc549c33f5382be16f65e1a4385577f42a41a07dffd1da5fa2a7d06df496ba399d12aaeb
32 286 0 1500 69 124 :88960cd105d6a64e670d6825aabf2932d834ae53d2bba14ea05db56b85da640fb92d65fa6d9f2d25ec997e945828b5f0948d712001668699209f7ee294000367342034b750570ae4d6449c3f83a1c64fe0d721f71648ec2ec21ffe401e7735c6ecb910a5d68de00b9551a816932645979650e358b32aeabaa633c86543d73acc5e06b22382cb58d5120c5fa0ff752be7a61326c376a94ef82093788d812f2d7862153d394eb600b361083b12a03d78bdccd54a347dc817d7b0bfc657ce3a96dd57b58ef7b7dd8e77c4bc046f72418652caa836c08e45780507d65c8769901d44dca5a9096641c20424d6a640bc7181dfed7a942fd3825e907ab9cd80dc144038ff2a3cec63dd4c9ca02ac900e6010bdc90d914c0fdc1124811050756a16f
32 287 0 1500 64 128 :185b569c39639a0452d43f965000b57c1e247e854539491c215595426e31e5ae9ae823db35ae77fb61bccc11e06eef2f59308cdbdb74eddb94cf7bce0a6a8aa82796f7d06d271ea35b4a43334f0157789b220977832045113234c05c3ee57ea82b94c10945c58eb2a578b88a311807c827c0efaed947074917f818604c8362ae9007517b0b9259e8ec66c714d71da32405975fedeaaf38928a95210afe09f8d14b6545bb20a80818f95cd1e86776447ab5aee48cd1bf7c5d4578314fcedc1a063b17927f88905bd558cd8487fcd5026453a4f335d5c1f9a7b99f265ebae5f5a4c42a839289eabf1e60f6e2fe2dd70ccb6b7f8e5dbb3ba0a83d95e229199582e9d433f729a0db1f41ae3a89913efe826d3b6cc012fff4446533ad102ca25eaf
32 288 0 1500 72 124 :1f7a33df8f107e86d966e2c5da516dd2de23924cf439ae33129a862acf29e9f00278e85fbc38192836187a5741cbdadada75ed332118955f6b93cc6d3401c2971ec8a974a9cf4b3ec890dadfc744dfe72e17a52a7f8225dbe8d8f84ce4fb95fb5534f898d33e0d50b47eedc5140616e522c062317154b3edf7b296e00b8093379c7cac3b42e42abd13953da8d3d7ad2c4dc86332ad1096e2f0c1146f0dbaa9c1ae0e15cf4140c4ef0ab86e3ecd40ea6de0dff9a5f057b6fb9f740cff7ab54b439811e44a8f8754180e49c3ed31940688533c4b584b0a0505463949ddace3034d5099191fd024d0b5ca6fc10e3d5c8dd76ce9642b5de3c48cd76a006e2e6a8bda6854f070c339ad4e29e72e25e8a37b827ae7aad83187e24578a93ac76b90097b
32 289 0 1500 54 124 :210387a799ab92c3a1291630301d172322c3222216c26a512cdd586231eb55038be413fd4083bb05d8ce1f745dc38b3808a9c90765aeee67aabc71c634a08ef2c56012a653279ba0a9bf539fe09166470a9e5cdc68e2c61a851cf5850f390ed0239b761d42012842d3d2911671edb5b3d8029dbc8b341d1702b25b93e7de1ead71aa0063ae6fbddfa11f72abc4e08f7180462bfcba64f762f1b39fc3e2f0aed7b4be54701642f3a73e06a12b29587b3652a215d1dc46948a34f6cc2c4f2811bb22106a82f74b1e2dc97342bfd9d404211a27cfaa834593c6421b1832cb6a3bc83c7cfb72383fbaf9815b2e3a7ab6733b1086a96d1afb5e8cd7880b702a25940fe2924a08a977e4049f9df894344edef6543b6dd466e520c1a78a41ed08be25ff95
32 290 0 1500 60 124 :0530620f2f56e789764c82e8d23d1037e967e3c0462a4e79d54f891c1098279f5d4b1d5266e590d70f200d27fe326785ebdd57de547c338eea3b139d14979e2cb2bbfd22be48f35f1b1d2b1a5fb978ca3837d6e727f2b26a375d2493452b226d8d10cc1dd08f213a9ebf255a83da3c39ad6cf5d5a62639c0c5bcdc24702cf74e7ad06691f4d576d15299fe9e9e1c89b935e52b33477314a29410c5c1dc4caff4f0811b56fb16e3ddd0eb54c64f0f04875562e3fbdfc0f9f97847f0cd953df5caf97534d480a8f558473f4fbf75bcc9a4fc5cf54a6f825faadff7eaaf4970489c53b7592d62265eef5311c96b5ace61e078d56383c0ca379ce0e4499cc2f01db403d9f586005696ada9507e3a9f9a8284f89727d150e8f79d3ff8d373eb9b7bd9fce2
32 291 0 1500 69 188 :2f04479a4d18c7b5657e9ace713535e1c4fd9892fb372dcd52429d98a8488226bd5b5c71e5a49a927283afa3df4d69c831465c54ac5198255bed893ba58f0d7bbbb461ac02617990b5e6c93db633ed580c46d08cbd31c0c462c2aeb4eb90cb19cfd38a9f4685c909faaa2be4f8f59d4c58882978aa687f823b10d8cc668dd528860ed2d40d70e23929e5e379e383f375562163d7a6c532c9cab5701e0d16f6f44fb0990b15101c6efdb259f454e161b6c905de24f3cac21c4e88e4f199d30a048b504c132bfdf2b4dc3e6cc0100a4ec5aa33ee5f3cd44c9cf7e42e54553c355a0d2e45bf298bffd2787a538850077ad2c2801007095a5ca68558898ec952b1687d1416a030913ed3060d334dcefe45a691a655c29d3fc783bc700198630abed935ec09
32 292 0 1500 65 188 :1d3e6876387b16f3d9e09aaced931bd273954166da9b2984d50727c5fbcad8f746c35c70a8eb40179ac5bf7ad971701bffcf54ae83129c2ef94efc558c8cabfdcd0e1a37f0a9aa1a5b3af6a4962c1de5533a4f69189d8703e374f30195925d6d97fdc5dee0b8f9ac8c9df2f02504157fe82080d16343bfd9e2b1c11706a5ea9e376b77f501498a2ec4640c529022b42fe3a07bb9aacc4d4488b981968b5ee8d0749b7028cf0a81ace01e9ca2570ddebd0439f1878272f72268261bef97f7178a9677fb60271236c690a0ca31f1539065a9cffad80fdddeeec3e72a03aeac639b31828b0854a880a97382beb575a8f3511049da9806c016351aa28cb40db80270d8b102d941175cf70a2f8f4a496c6ccb7d88c243f2f1150d8b43c9ace4de3594e5d52f69
32 293 0 1500 55 188 :65e767ec21468088b149b0d2c2634262921b05dcfea162c975e03b79b5415945634fb5e2e556c5642b25c7a833e8ed0e1adcabd102eb6169364b72f01518c794e6dcb26a970dee721cf8d6b2a715b5aeb7229112aafe08acf87d267b3436d0dc04b09c542f747dcd07e6f830180ee6c7304adc5beb72d603e48c29d866b12083dde7771e76d0257d885ae8b92769d2e124336d9ded40004710acb18481f592916ea75c58f33003d8b0f4246f1f7d11e47d572538411d4856c9c2fba7151df1193100477d7c1c6209b9ca0015a85db9d5f6250599c77f3a805fe5864c021cbd126b82e27ace78e80a8cabe675f18eb1bb6b7f323d50ad433b059db822cf9e40d3fe15a2d2099cca731d31bcfc7bedefecdf3d6aa77bc6237807f212bc3ffe17b2f46819078c
32 294 0 1500 65 188 :03e4f5a31409f0433695c561c5083855cc012e7e394d14cc48268a7ede19e559e50ce262912ff15bbab4197333cccd40b98f50e5e91cacbc3da3e0a861d2013ae54431b27efb1e9d761bc04d196f11fb8abbd7e531e92598f2341fc754c6d21acae41f52215bbacdf6a866fbfb92b69371471a14c1c5ed7a8639f7f28c84e61f700eba038e2ef1f897093dba97842ad3782657792f4b0f749f41c5e5a486a66b64cdcc15e445c6f9edbc288e140c9a532da90739f42a7ba12770ea9406d555e28bc286465aab42d84ece44a9f99bcf4376f6fdfe43c266b9e78064c94fa7dad91cc1c8dcda3eed2a17960ce251dfd54b46d4962a4ca945668103e76483ecd8d6940f3652b05d8089b8cde156f394a40ebf1a6b549e9d842151acb3b91b44b2403c4b6ec77f09
32 295 0 1500 69 124 :efe97673f2c113e8d173a2011f784a7358fcbb872afd5bc5dee3f72f89fbcea81b2ef0b3913cca8a917ad6e20cf32571f3ce0efa70e3ebf306b00902203dd6c6fe8360b187bd3a17032663d1b443c9b94a219dd8e9057e488650b4ac218326d1deef5a544115a8fa15255e98da025b9b3df3e7e93893f7e940c5ae8faef2065e01d92b1d21649c25e6edc68039fff74e989539d57b94f677597c4ac1839520a9a378de0d103ab29b324310badbb3b7c6efb40de52d0797e7ed1baa14a229c248ccd14ef0d614ea3d4e6bd48204d679ff6081e4e7b2e2815023741a14395891249b3152ced5cc20ca10e077e640a18c2faa98722ae51c4773b3f1c478565a09d14538b9c6fe7087fd8770b6bc568a65b9ea07e02b2b5834ca5ac58f556360de87f57202145b30cd
32 296 0 1500 58 188 :d8e022fa1b036e0f95cbb6a46fde09a057e7a9267e5f5419332c0706d7ccf0d2be9ae25f551c722e8580d41569dc5c939dbbe38a477559e7468813d3f3470ccd6235ffe6e34a3cb378ccde6acf6f1c721673ebbb736268822534e41f41edba2bdd95c1f20fc4eeb9526d1b0b6ab6572b9c106e0869fae4b7dd2e3e14cb6455bc9ca42d38740247317760c765983176f7faef9d41c9982dea00fce9210bb6c6ba6214732754105e04b1e6ea187ad25c894c5954ac1d14fa80690f9194a73693fe4d158bd48a691e67d15c831e028fb734adece8f70b8d6dc51e5497071eaf0c3146f5b5e9a64a899f7a0dc339212d28a77fcbd8c3b9cddddfaeffd6a6fb0e63a6ee0bcf9ee6053cbdc82ed3fb1230ebf32f9d68606dc82d5d807c51a67bbd36802b6266a8b23c3ae5
32 297 0 1500 53 192 :5c6a7c4b9ddb4551fa54f7afea7583bc449a908a4fa4ef610e3c2252382baa3b30669bf253c4e67e564b0c38e4d9a1d05f459afdc0f2ac2ae7cfcc62882c57354e638b7a30d0e819d065bf1f3bf88d9572d9c54a422bef4140d50d28a31d5106ceebb17265972f444e5a91782bc18b0155ed42f2857a73bda3939d1d77c8c895736eb91fc038ebd6ce4dee9cdc8ee8f6cc63a106f792358bc02f3adcfcbfa8a9e3d217f2ce28751efac6d58c3a9da922042a69d6aff8be260e57fd371628e55c411f45cc17aec3c63df5bf2f438ac7cad7defe4678957abb21df9070c6cf2c6081971ccabba234f38e83a19ef629f70a51578730234afcf1a40f549a6c0e519300448e1e1620b32480ce24cbb1bcab2ff915d72df0dd10eaccfb100e186d858b7663db754d8224ad2f
32 298 0 1500 54 188 :c721df1e3aa88b79a4e69d07e27c2618f7b9af6c56b3cf66fae9ea6c83d08e215fcd3db4f54a892b404868af5fc5fd48de6ad50383f57c66bc92c11aa69c618561122f4fb9a8a103c6098c69616bbd6af26b6a38ff02f8bb390e44d60ccce6e1ab3c85ba2f9593f599d3499c5f82dd836188be127bb53c8c2c43f0bdfd32cd9e1ec7772298ee7eaf132673ac5294b40dcc61c0ff1c8a9118bb0dd9a98a462e685f43debc2567e7c258f5857ed9e93af107fd254f0705379d0b57946fc72444799cdc162d87f5e0b0d3b3dd79afeb5be3f48ef0911a7649a4b95ccc6ebafc79e09e027cd861d3086291f41fbe7c23d2801e9594550034d07f438e5bbeb1a3630ab93bfda8a35cf7e1ea2e98529dbe33612a8c578868ca521ccf108fd3ac809d465ae180e6f8246ab00f31
32 299 0 1500 59 188 :fd6fe2aff730e7864fc976c95396555f62f23da9ffcae79f1e01736492a082ed8c05ef6aaef97bec01e3c00474190b83cff08c98fa9ae1728c8f618a57b7c9c24a86747e0e430fbc14b475b3b7a2da0c46c7c61a509de4efe1295df182118c92923c6c8c6f60f0ba504e412f1a24f61798b7048417908b0f1c85e5cd51aab38e3bc401b4bce4d69730a4181a6dbfa37248e9ff883d7eba6ef01820fe593340e68bf8129cdb06375595e1c31ec17d85c2325a53bae33e9b780c05cf4d3fe561f07c5b135924c09bf6c1d83fda450b94a725f7c47a5589cbf8ef6ac15aa7c89ab7d8be921c6d0b25efb819da6db38bc9d6e64099061865ff7527834f639521f383e0891135b52db0bddba9bf15d64b89bce04cce0d148401813fb2ee1e854551fbd3f690d1e935c75222573d
32 300 0 1500 51 124 :b4941a399e8ad01f1c47b4c738e107f0e839282963d577a529e196bc213f23a6c33a66905e295d2b637d243fd2f6021f80897d98e9b27843274ab09454fadb4d1b1ee00a8cf7bdcc20d7074c5194355dc7a0397d683b11ac6cced2ea21e5dd7c806295466a5dadd59ce5984284a1bf656bc3c2a8c98bb0f80e70e2f8868e6f064990f5aa4d8373bce76e943e0664aacb6597a2b5af00d4f23088b096b48583895499aa2533369c65000df13a7e28f5b400f9fb0eacf6a6fbf2214744e1a914aee4c5e4e03860def74118b3b0c1b69e8f4931f5ae95fb3bdc2126cdb44e82b5dcfcfba7f358605fd3ccdf7a82ef47ca9572a3ab92753b9b034d2e17e5af73d5378b7e7d9c5c4959316cfab67282913cf823a65f96b6f702c438ad03f63687bab1bf697ba7cd99980cdd6c00f7
