# in_len out_len m_cost t_cost time[ms] memory[kB]
# ERROR 32 1 0 2000
# ERROR 32 2 0 2000
# ERROR 32 3 0 2000
32 4 0 2000 56 1 :00428070
32 5 0 2000 77 1 :a37419ed35
32 6 0 2000 84 1 :d3dc1c9f1e32
32 7 0 2000 56 1 :746336d9228979
32 8 0 2000 56 1 :3f613860062cdfd9
32 9 0 2000 56 1 :307d48a91600275394
32 10 0 2000 56 1 :54c940613e636d2ca2b8
32 11 0 2000 56 1 :6bd4e9fa8a8a30a0711097
32 12 0 2000 56 1 :4a2f636c72ed21c3377dcdcd
32 13 0 2000 57 1 :52f47d0ef088095f565f2cd1d7
32 14 0 2000 80 1 :36a9641084c8f3da27f3e52d0494
32 15 0 2000 56 1 :f1b5dcec3f2134cf5c63b439a25e9c
32 16 0 2000 56 1 :b5757a51139560936438b1cd86d8340f
32 17 0 2000 56 1 :b9c4339cd5e92f928131538f9a0b5d8109
32 18 0 2000 56 1 :9a4287364ffb2f52b07d0ce198be57340cfe
32 19 0 2000 56 1 :2c6084a0a204c417148a53f0b8cf4f181ae4a0
32 20 0 2000 56 1 :1cd784ccc2e2636147c4307fcc4eb7dd74c91331
32 21 0 2000 56 1 :6f0ce153be20b33e80c9e341163a41d861d84f1f49
32 22 0 2000 56 1 :720d5188187995c930bf1ab4685606c3486eadeae40d
32 23 0 2000 56 1 :ad47990d8e5a54b8ed69a120265ffae646a51c9c859420
32 24 0 2000 56 1 :b3993bf7b835ed141b5fb51d000732304d90ad6782df3bd1
32 25 0 2000 56 1 :74294194420ba39a0b25524fdf70f5e98eada2e579248336cf
32 26 0 2000 56 1 :780dc760d954d81a1f01399d31599bff7d28ac18460d50966093
32 27 0 2000 56 1 :85ecb7598440bb555d9593a2b2d3ae7e8bbb6ca773a53923beab8f
32 28 0 2000 56 1 :74eff39423b4c4836930a3320a6914aa2833626db7ee42aab4fc209c
32 29 0 2000 56 1 :697b2758c3af5513e5f740ef2ec563b44968c4842eb8fed8b99d9e53b3
32 30 0 2000 85 1 :9244cfdae834eafb5229c752e09316de69738ad2d1c2f5a78c6eedd55fa4
32 31 0 2000 84 1 :a91113e04045c0fec24f3713d158d2f51a83c9438d005c4a87bebd22b91c3c
32 32 0 2000 56 1 :46fc1ea8cc1fde3637a4cb64f27e3aa771be78450370578d24da178d9a96eddf
32 33 0 2000 56 1 :cd3e4b915a9f7498c012c1baaed352e085ed4bd639b959bd9a2f86086ae50a07b9
32 34 0 2000 56 1 :ba1e39494d4474e975ccd2fd883522ca4901eea5c11c205c471f153aec2a3762a360
32 35 0 2000 56 1 :b8419b8120c784d37620044baaafc6414dda72fea4241cbee6199f57da0ba745392439
32 36 0 2000 56 1 :6d36b035c62a5a1de894e469345e6d40fbaba6fb17dec2eabfa3e610661fbad84567bc27
32 37 0 2000 56 1 :f36a48b1a31968009e61639c6e0018f540c97ee6989a64b37db2af7422ea65b6408e9cf498
32 38 0 2000 56 1 :a4128e4fbedc0082521fb0a5f5f618ab36699c8befa3aa9d7c850c1cbebc1433f571a8b70118
32 39 0 2000 56 1 :50fccd2b9321126f564e2b3eaaeecb9f10372f46c411464b4e17c15353da3b44ec2d287045a4f0
32 40 0 2000 56 1 :42e08fb59f4a71498776eaffb46d435600ab6f81b666f2871c143fba52827ca6414e0366d2257282
32 41 0 2000 57 1 :2e9da91fb2745078792ba916f7ae0f4e649dcaa3281c827409ab45088e7f09bad8742b0fb50ecd0aaf
32 42 0 2000 77 1 :cc8ed545759ea8243534a8daecdbea591ecab8a48c3dfe6936924cfabe5cfe6032fc4193008d6a98fb5e
32 43 0 2000 56 1 :dc7cf5ebfc249a27d9ebdf7abe541daaa90756e33205166b1c015216696e74cdba9a57000d0aec4ee75585
32 44 0 2000 56 1 :21e5078e0373aa11aee10bff6f6ff171e69ffca6e60dfd13675c4a031dbd1665b2b3afb9769ba07445620d67
32 45 0 2000 56 1 :ff9b641066955a4b8c80ccfb48341d0a915b57ab230b7f6b9ddac138c6ff838bdf849baf6521c6d00cd85f7ddc
32 46 0 2000 79 1 :96beadc96cc41a12a67be0e329ae83450f93856f8affcea62b130ac68d495b0872c634535d4ceee575374ce126d6
32 47 0 2000 85 1 :4d9825e32e61533ddb33cc865608eb6657a874e12ecde19fb810b3b390ffad951af1899e2f874f6260a28e5611c264
32 48 0 2000 85 1 :5ec33c2333b19b25d4f483be79e7854314ebd8244ec66dba4f89dbe165594f6062827843ff918d5b45ab153ae8e0db85
32 49 0 2000 82 1 :e733c3f110f0e654950e139448e8ea8e48b66a0d858540cbb9c5f92ed568ae722b4f8a587ada63e0b8a2d6950c3acca109
32 50 0 2000 84 1 :2fbf77b744e3a8de36909655a8d2ce9fb049cc4d75e59c8f5ac32f5ef8b8919198e8a039adbcb145bd346a6f04d5f96d021c
32 51 0 2000 56 1 :e6875df332c9336b7ee8dafe637aa323211363fc4950a077a9e4272d0dc5d085e73d8d959aa18c166bcd6ef7bde3d6cff63595
32 52 0 2000 56 1 :bd5c0eb489c31d1ffe2b339fc70c45f055cb8edaae4105410dc048d02f58c974860266fc3fa9b01cff5ead8fdf641780ae21243f
32 53 0 2000 56 1 :96ea2b833d3cf692df99cc6fe0f947f444135126c4ecc0e4fa72799012c37d35fc7b46a5b81d66df095e61050849dc4cef73825e0e
32 54 0 2000 56 1 :a69857067e74d7fdc2a0877910264a6468af770134fb4caaace5f994852ba1191ec55a5408e43ac07fd3a948bb65e52d4fbebf3a7092
32 55 0 2000 82 1 :3439312d4baa34941679aadb0cebcc8596f30b956fdfc2a08853d4e35a18f6284a683ce825be78e1f5100d1629d5af7cda1ad5122570ca
32 56 0 2000 85 1 :c1850b8e2d4cc1408b60598a5a9cc6c7b45b66955168cd12abb750a4cc3cb65a03779e319e04daa4a3cd1c27d5c9b7f167ca9906a1cb1734
32 57 0 2000 56 1 :6600c4691cf53eb0431cda8ce307260bb0a83d0c5d3f578922d3c48ed4ade4cbe22f4592d71f08b4c39b4b0f184c6fff38ad1039c9c7a834c3
32 58 0 2000 56 1 :c6571897f5bd3fa60a616ef5cd1ce4cc5160514926f347cdbbdd9380a40812173ad8ba676c9ddde64571aaf7f562fa3b878d34945204d0dca908
32 59 0 2000 56 1 :ef0f273979f667750dde4ee75f78693dc35b8736580bcc671e8bec709f64c657153a5ccf0f0d1c5e49b745654e8b4df9918fe9bd9249f6301e0258
32 60 0 2000 56 1 :c4fc9a81fffe41dc8f5fb98f3b10d1acd668dffaabc6fca36662683dd41bad016719e6698b234bb52c3c7437e1f62c5130820ba2990b644622570a38
32 61 0 2000 56 1 :e0f98686cc52b29c9fe6075ee2a65b9c65bb19914f680431d354c59e7bb3d83ea35a6c142cad56f553d6952920a434240070724179a5ff7ca08f5ae459
32 62 0 2000 56 1 :0578b17715be181ce35864b742f7ed697a918c3bfab5124bef0c3005cf744443e712f0699a527cae8c87bccfa10da5d2fd509bf067b725174898e014c050
32 63 0 2000 86 1 :8f58779cfb998d91e70ec632625e90c3e6e3231d4a8de3d3503b208dffdc60d3a15017a42add152093e77ed11ddf7d9b2250febd3f4bc5a030a41f23dda943
32 64 0 2000 85 1 :785578a3e30fb08484db492fc0df63ee853e25669d04c6be4b8ba3455c1621820e7fe98bed1291918d3cc6381c17b59f262ee5e55d4356106400428979db4ef3
32 65 0 2000 56 1 :1f6fc4a0874b4e23401df29072a9fdbc0fd0636563fc71e14a9b7a2a3f68cab352fc2929a04023b2bd74c3aa75d387da437cdc03957990f47d5c71c736de9e1345
32 66 0 2000 85 1 :e9be5d6807bff0680c1f54e169e9cd25d1171b33f46ab4f329155d6fb55631945bf3860e914cf15c9d63ec54b33cd77a28ee354b103fddbc5ceac757ec4fec0af0af
32 67 0 2000 84 1 :47fc560c117e87f5dc5d3364944c7df8356ec6ece267a9d8ad2c3a540b9df01a7b987d3902add365d5ad4885b0a646a30abca0153f5192e5970713735f5d0884ac6562
32 68 0 2000 56 1 :9027c02202e8f8ea94b044ae3aa9703a4fec0b801400b14eccd05ee0d3c4b79b72f6a4bbf902d9190f2bea81681f9ca1a0e1b9e25764f2400aa7d5b80890c36cec2c814b
32 69 0 2000 56 1 :121337446a7bdd6ef6a36d8e925435a36d800f4827fc1d0dd34aa7bbcc1d43dc9809a47782bed9d847d2f8c5fe6fe638ca5d20bf608d071a6e9072a151f977d9abb4a25859
32 70 0 2000 56 1 :ea6a964909c245d6da46fb196593e77b4b840bbaedb10996a402a52016ef01c437ce27df527c3250e69746a0ecafb752e098ac6a16e47eb3befc52f9d8f9346c3c4a37a50f03
32 71 0 2000 85 1 :f4cbc5d7277e4d6b11b23b11484b40b64375a7525648d867bf1b5fcf007fbb517eee024d1df027567be66f6b60f782b15d7baec31704f1df10c79028efa97d2d6cc87116ffcd7b
32 72 0 2000 84 1 :22e15d434979a23d67bafd6558eb5b26ee8e0a89895c19ff44ead9ed3d6620751f57aa0c3ffe8928e9bd9be4e626626f2fb385d83317350250bdd461f1316ad177be03163876cd32
32 73 0 2000 85 1 :1e1285d51832160bee62babec2d8688bd77b34b586fd4172f59d0086e46af584db1e9559e7a78431a8d3f8e6713437e1a0f5c05f29f38512573bfbf58e3a2f52fe4c86d32e0fc4b4b7
32 74 0 2000 84 1 :fd7558fb861fd0a81c49ae1c40f9550bd1ed5501de6d1f6de88e74c445d7936ddd5a7fc7124edd0167b8e6c8257c4fe458607bf6824a946f730dfc2405bd2bbf404dfc22b207e00dc8f7
32 75 0 2000 85 1 :d8a0caefea6eebbcf58f37860a93d98aaa462e24cc9007f90e0fbb3bd7b70d8db4a13987131d9f4d40ebeda31003bd2f6cf64539289b19bbd3a355d01f7ce72a2eafe01220b908030bfabc
32 76 0 2000 85 1 :9c3ef7ef483fccb7106dabb9eb51f7c912517fd4629678cb4f7f0b201f190b668f17a2f52e3b3d68700cc0cb8968caeb7e7586dfc7231c987a6fdef0036d72d7832c348a17ccb822b52e0df6
32 77 0 2000 57 1 :6b1a9a1f5f48d480c47986dcd1a2a3e5d47909fabb705ce027737aa1cb5fd0360346bfc4812bdd3695838ae12acf51fdbdd05216d8ed1c2232b9f9faffafb8ac18e64cf434d5c5ec5404fbc6db
32 78 0 2000 56 1 :6565ae7ff2a9e587fe16c2f8c255778698b4f2838b22ddaa3d8f3f394258049dc5cd16335c64511f8ee152ff50b416db655879124fac541302780fc500f046863c599935a20d267a39b9ce33dbf9
32 79 0 2000 56 1 :930838072fcf20ee2a9078b9bf8e7f010dc9633a5a10d333181e0dd6eee5c5c17a43ab3044c6cbbad366559a0650eefd0aa969a41e088fd606ad115a2fad9d18d7439705a49d88fd05b2473b70dde0
32 80 0 2000 56 1 :88d756da86ac4fcad709b57a1b51441673f62c695e2bbf08b7d6edf92b164c80b0630938df0e794a04ad3170f75d187fda0978b2ac37424ba56507ae5dc4f59dbf4f2cdbb1df912f48a46e7abaf66dfb
32 81 0 2000 56 1 :eb11d4c9c05d678bc6243a1ff56f9868c10676efa250091472f36470bd205c72f9f71830f491a0a00a8ebad07b3fe6bdb4cd5cbac862ac21ec4781027af64f4e80e420ad7a515fd600846ac73d8b2cafcc
32 82 0 2000 56 1 :a4b6d17d3f5a7b553a5c1e59a4edf85d25cec428484b075456e001e7fec029ebe7f7bd76befb71f5a00a1d7c2f271fc018b0951864737c94eef44ed1cd9ec4dcedce86740429217cdae11333226e0ca33049
32 83 0 2000 56 1 :4c8621d95ecd099c99cee1b7cc72f08d6a40ac6fbbbc8904ee63f1241f3749a0fd9f90f48d4da6b6a650cd2fd4533b7a729fb8a8e917a3d524faed8fecb97493a2a7a35006623dc9c91e30018629a8d439c69e
32 84 0 2000 56 1 :7dbb9214571ffc6f3c40e4b31c99dc4f7533978537a6ff54cb2ac44b74d1e82f860ebd61736e2631a63677f14896ef46427acd058e9eaa2f0f7b80fb833fe17dba804e7dd565a5a28b5f62813855be3b184f3d45
32 85 0 2000 56 1 :be27eda930f493c210bcbe5ac0938d4b5a5d26eb2b9ce4608a4e673c7372b51674973893e1c339cc9313b11cfef0656466706911e120cff6b9c523a5a7f22e447859c07200b344beee38bb5c943f18473f6d110ade
32 86 0 2000 56 1 :6fc3e778b1e90d1310fc1b8dd5bdec214c7641513f14dffb0125c54a5fd678069235dc3561c56595212a4489bf9a0a893893765639e066dbda87c425bf06cd9c38ee2bc8e74ff479691eae0b2c4c42a1153349c4e55f
32 87 0 2000 56 1 :379a64d730fd1d71b15c229df0d22240da37d655cd86c78ea6f3cfb95045f3cf6884d393c59065b3912c9b0e69f3f60b417c452059acda39ff1e0e26fb4b0e1366c3bb72702f98f60f6a4cab91c124f540f6dc2208cc38
32 88 0 2000 56 1 :166e3580a5aa21b45a0d20f015935f3be1c9b5d3cdf5daed2e0502bc42396d4f1ce61de96ed25890c320dc1d4bb1981a4a441a9dbdcb3be9d22b1cdb02aedb590e9e7edb8384a5235b4a7883dd569678f13938ecc06f6589
32 89 0 2000 84 1 :1d398483e03becb64970ee02fe13847ac42aa29d44f47f8df4fea520f36c5a04ad2fc3eb6e2287f71c0b5ea7bd1839de3a1f334b4b2030afc54c0889f5ac42aee59b761a223daf8bfb6b1524b0532014c9b827e757b8d7b243
32 90 0 2000 85 1 :ba0b205865adc4f5ac52f4415084ee11cdb27b6a618cc901044760f33b4f9d41d117549fd1d5da58bc5672d5db527982a874da154fdafd15f90091c525f04bfbf657a8bad1c7187a9e03d3a021555f9804b6beb5ae9127083e11
32 91 0 2000 56 1 :fe27271b514ae27ba5c163b528ab22cdadcd43174422abc167f66cb30e91fdbe531168c486c363a582a1ef67ac556eebddf7c0dba79f83726cebb79eb9aece9d9c19acb19b3228d0c3876f5d8b45da2ce8e8817c95456573490b61
32 92 0 2000 56 1 :6f247c3f2c63d6f0766a57d7bba7fa001e2102d1479fb916ceab5b31cd90dd70df19e0d5184b55cd95053744e977d84c0efb4bfc439df2a4567708ee304b8920607dad538d0b4f39d8943f2ee7405d89c898219d295d33325e13c053
32 93 0 2000 56 1 :007b7d747173e5d00017812ef1336a8f22937b8b59a51fbb996eaa629e303478dca04cdf2506079c7c4586cd1a7d1dc42c38522e4683cbf75e1919cc3e080a968f44033d2e8efa1ac63c1c1a38666973f12450e068230731cbd52beb3d
32 94 0 2000 56 1 :3a466409929bd3da06392f3146c1600382875e166d8ded31eacdc072b4f3a16c3c53b114a760f5829e899dbb7fa2916c0703114e86b11136c8c9c11ea15004de6066f27610c151c83e8f616e0db0febd4cd8586f757977fc1dc69ccc7a95
32 95 0 2000 56 1 :6cadc75e075ca50dae46eec9aba2277a0349ab3366d81f7a48ed0a0b15783c0ffb2e5645e5c45ec842d3b211495e3c7373cfa50bc33365828e79b66bb6f9fe9614c2bbcfee93fee50122f25920b9df771a02dd2e300cf22652ca7562e42e34
32 96 0 2000 56 1 :680b4c6c4d362df1e96d2df2b7966b9d7910a53f6ff1450fc54ea1442ee2e40d47d82046d9bc16f91f1ab1e2d35bf6568dfa38900269ed467c46d94e44463baf2471f5f040a11432d51363f73e76d3debc4da19823739ba28a6044721797f769
32 97 0 2000 56 1 :82689da4378662d7ddc412013f780cc5ac1c0943fa04e75724cc76ac413a3971a2005d17144c67d7a8104803508573735f4b8f817e294e3e1e4b7d543c7e05bdec0aac10b49722f897d942cd03fab16433a8a968f55448eb5aee80eaf658381ec3
32 98 0 2000 56 1 :059bb1e210e4747789ce44476e5a91b7b8d6d774a0b12fc4297f5ba372e117527d0b5b21fc42af3db29240629d87f41a881c3365e160cf50873ab3dd795a8cd29d45af8b4f3338229dff0b7670edeb2fd0a0f4d817f193d10d63ae419a3fda7dcab4
32 99 0 2000 56 1 :35cffad1ffdedd699928706fd2ea6bf0e508f2384f57454b23030fa8f7916e18924b8599aa537a576a694373d175d3f76dc114bb0c87613af5808c51b7d96cbb59a6a36557f6086e62a64931615329bfd57a9e96c66c86b7773853470a54aa68ca07dc
32 100 0 2000 56 1 :6a6fcba7b55f715bca77280450db85deff7e4433c15a5fd7357e54fb41fc49c9645619b5d5c6839a1d0c1da174632053d8132608a64c8377cf96d443df92a79a060c8132bceb0b1c488ae27da374063adeef0047041d26082d857825b9212c8154063814
32 101 0 2000 56 1 :cea531eaf0b944f314178edea4876bffcece53987c959cff4dd81fcc7b3a26f30e2f8b3d133a643cfba62124f69491184e3988a960e0c3ad269c54431268762e88ecc7d4c1d92a03b8d1b327fdc7d5dde613f5d0e07a38e105aa92468e4c7e681e79d6be0e
32 102 0 2000 56 1 :2a514fd37c2085d72a2cd192865aad5cea0a325f614eeca9a7e2690a27ba3984117f4744b3fab8b6ef00f254898eb9aefbc11344489e7705e627f9c286a77f7dc01422c7e2d5d057c08cfe5a62d80e4ac18b6e191a2cc5f56ca3e048bd5c9b2aa1eb3e4c5924
32 103 0 2000 56 1 :3a4311d8bd346d7aad4e0b8c6761faa1720d9fac88ff9b9500ac1c54d35702d6e1fe14c3dba1ac1004bbef88d9354067d8f5788d5998c922d1890717d28ba8d4f0c4ea1bdb529315768e10d78ec96c74a8922e05866951d073471f07180c851dc786ee3b408e28
32 104 0 2000 56 1 :c5e45ebec3387b955b9fa108bf3e5169c98d5440821c39ab529821560a81e0c68607b0634ff1bc8aeb8a2a90dfa58c9f3f423b6a07ea9feb0e4d37b14f41a3b3da06ea24f9f16829672a8869973ab54503f71e2abd5ccb06e3c485fae8f1a96f4f3180fa904e3831
32 105 0 2000 56 1 :22b7374e4ee7b3b16ad32f3131c2517af40a90694d882ec2a63d94d476d7d936ce6e5117ce35ab1662ed74ddc478802fb53211f6e565322bd49917ebb7a78b9faa0a3dab4ca679f3212abedb5deaff50d473cac88fb722c32a80e951726c4b2a17552a1c1e4c2d9886
32 106 0 2000 56 1 :e8bf1ede347583429fb5fa8f7fabc5afc3e7440a8188730fdf4f05534dc46530a5b68f6892e9e97e555dff5caf568cebc94b31ed3b9dca3ef6db8ea7f4513d7217335f44789559d7d2951e26267506c35dde8a86e8ee7f32b967183f9ac787b1a33ff84e32b0a140e75d
32 107 0 2000 56 1 :fd0134e55b09917818cc074f5a1e84dfaaac48e467faf81d4e275f03365e0b90382c6a40d21bd3e42aa52dc1adfa50bc60d1831df4bca812d78e612fd50ba2a4821555a41d1d9e67da6f81654c82ee4a92f760e494ce794e3022dc1a0efbccb4a97328de044ae67f83dad0
32 108 0 2000 56 1 :4f0f2bfd2e4b792243c8e697938b677cf3fc8f02c7b1561ae568761d64deb6ae7616705ab429b5872d19f0cb4cb4e25dc40c67971c50414e16f3c3a4004c8fc20fc19844f1b92f25f0180edca9d359983f0cc98079549b48ff68762f15027d9c616ddf4045d1b0dbac1cb6ec
32 109 0 2000 56 1 :2de23f2e4e563521b9c14b407d45c04cdd2a4fe8a6490b11da8a163364ead195179883be0e6bf391121d5adbb6997f8fee30f2aaafe06a833b3677100e4f17621ce16b8ad11980589ee1a75712eebe4b1a6f90f5c47f288f287a4d1d5b3c173a844120532a5df3f323db049a90
32 110 0 2000 56 1 :03ed4a655d8fd1f11614c96993e93cee069a0fde49b68add2a146e18deabd50e3c4c65e6739b7432a56acd7b39677139c39b8983e94a61113008258138b74e95fbcc3b691440a1771732b2b2d0b9497bf2ea34ddab5624b1f70d342f82297f7ac36dd5a77c082ffe3e239d377f71
32 111 0 2000 56 1 :0ef3a4a56547bb33f2f20eb500d7d41b434ca1183de85c3d390980bfc20c02cccd51ad51c862e3cec91912b48b45dc1d4d98f7aaa6312094b1cc3d245e1ad90bb2007a2965e804f01f2aff0d7b61a091bbe99b7716e91bab6f1efff6a048a15ab757f3bf102355400aa11b5b8675f2
32 112 0 2000 56 1 :cddd9e3c2227e20448672e13f9ba0dbe2af42623aa3125c3901ac193d020ba9ff8c82d63a3df3fb30045dfce47c24726be5c663a4f46fb21e1bd40fca61baac983e89d2bdf2c2e8926d8b2386b391dabbfa87a7511a8662548c905dbf2c0c8621ab94aa885ccc31f4d37557648fe0d0f
32 113 0 2000 56 1 :255eb7a24232a77819ba8349d09a9bdab4e4eb4e3359d02ebedf426b30ecdb926001d51e2b44a2354c5715e6e72300db6dc8ee876249b4de04af8530bb6bcd86473f9836df5e94586a8099b9fd660708dafe3acf31557097c6988cfd1503186c8c7984bb21d3b8d284549e1924c8a01125
32 114 0 2000 56 1 :2bf6030879ab9862a0b24a0d863992fcd0964ce6e0ed89143a3e1d68e9ccd9e33a4c1d28aaa1414a27755531d98218016377fa0409d01fb1c72649e7c4a67ab5c79ef476bcc0bc92985dff59135b94cc446a78e909d808cf59a2ec8f60d336fb3b64bef39723ad81a91ea113f3e509e907b6
32 115 0 2000 56 1 :077f743bd433677056ee4641b63c05221bf36791ac5fcc9160a7c473b09f41b8ee4e8a53471cd06600fb98112dbf6b5758ce2a07ed37031ebb52a37532809e29c786d33d6c555220f208b14fbca3cac1ef2ea37d81c48301e155c68d87aff52bfdbf8e0c3526b839feba1666ff6e84071657a8
32 116 0 2000 56 1 :d6e8dba802f2a5d66313b766ec5d6658e4f486fcc94ae6643cdb8b008d900656811693e869fd0e2411757bf6643d0ee321d1a675144f3e82974ec898f3ece6ca21cd9a7cf470a79a233d637180dc58abae2a31dc5bbab578c00b956104085fd1276df47199c7d42a8a60821e11eb036cb926534a
32 117 0 2000 56 1 :c41005077c7a267c850ff964ec09e9adfd6e714d5e3fa9dbfc46152189f4ae1dea9e37b8aac6c0460a54443443a10256ddf8ebedca0d454ec7791966cedd2b4fe17fef461c2e28cfe20fa6602b2292a6a3da2c6a59faebc0076453f7bf0c50c7f95f8faed6d9460e931515c3ee4097a7262eb411c0
32 118 0 2000 56 1 :6202098134238c5c94296c5aad354b8311f61d4170684df3c71f01ead855244bd0468c4532bb5b78e3a2bbeec4825ce97b0a99740d9356c115eab027766ccc10acc3f6cb888da54bea67db4136dc9a684ac857be87c5a4a694ff392f7fbe75835bdd3ef71de618c05dcc9a181f46040215edcb77304c
32 119 0 2000 56 1 :5b965abb287726baf8f6f52d9b19d7496105965884787b0f5d7cb96cfdf24e633ab92dd63bcd779811de6d2cab74f25fbca3d40f9cc2a0660347d804e3cbc7831a51bcf6e7eb34dd3d2012bfe8d88a7fdbdd48acf473cb51d8b3ef76195de64ca8f5b0aea97aaad1f6a3bf6c543356a84ef3b48b162933
32 120 0 2000 56 1 :3952752c55e72e3c45c081ff4bfb9753b66bdada5f932c9229ea92d7f483f707a9fe91757cb2be33372210d6fa904542e1788f9e17e056103ec6269f2a13ee6991c27f73b6a33fa09171018fd7a2586ff90648620644bbe68ac354649e6a56ca2ab8c4e4bfef70e28d0a8bd6aca2324b757adbefcb98bac9
32 121 0 2000 56 1 :819c1489fda01a77190823361bc013ca35da6bb3c3ef78b2371edc4d29d7c6aa5c612356b9c8934a62aa68578b6ed16c3abf2c4abc66aa9766852d83ebd3d1bab3a2552efbec5b49812202c4221c1d349c7f2e2d68731056a45b761e51bbda39de69f634d177b52749dade5dea9b1d701423d6db1b96e45bc9
32 122 0 2000 56 1 :fdc608f8b9b8f13a642524c53d74c6d17dc78c0e76b24a523240efa43f7c8152c6aa61c564b926b9b7e3135692d4a66fb6d149f7d11f8e1296d75b441e5aa52e7c024d63011637b4ce965a0d5752a15b3b9a6424e2a8cc4358537ac3abeb28316909abfe57441d792775186f160cc3198b7344b5b24109ec4e38
32 123 0 2000 56 1 :ee53415dfbaba5f102f170946a25755d1d3d5a1ab9afdd9bab4bed967a3c5a438ceddfa0801758cfad559d509e56aceb2dab30d2fa29fdc8294e72203fa148113542eded1fdd38ce309f647b932a40c918be515640240c41ef485a575bda0327ca703c863dcf3df052e7692c15f078dd45b60600d7b35f9a3cb36f
32 124 0 2000 56 1 :ea352f25d16999410bd5a579c624131bcf5be1d1bb9131de2392630091f2399583cd38566e4f17b82488336736d9dc16f01742d6df4c80d83c430252855e93d20f32b83301822d9544c121e2f5482170824417af159204afd8775abfffcca31b5a424488d6bb50ecd42a57934ae2ce9a3b0b5c1504c3077988b9babc
32 125 0 2000 83 1 :7aa767954dc35547fa8d4b08eb5c77a2029950c043f9b29f4ef109a397a5a85b078dabf286c58e36a49487c2da15528c1b7809e28f0b9550f18fb0b3e046bbd8959a1e2adb59ab35ecd3de108fe4cb84b53ff82bdcc2a5280439ba8400e78a59d29457dce0855b38eb2c911866a33257e4b1d08980807c876705c0ab21
32 126 0 2000 85 1 :87f7e752c7ad933c61bc5b1fd69468c6a1295972a8aa072387fa16073876d79fc0b8fb42d344e94115356f37cc140e0396aaa44f1fec170a9715016c00eb0a8f68f2c1a3cec2a8793294b56bd50638a7e3564345b4c0bd1e5a8e3191e44c14328356a82046765490c820839c9693369bb1281652e6dd206fcaa6b1d0e3fc
32 127 0 2000 56 1 :41d30f2be80d3a427a4d1ed29b1bc9513848a0f94c1d4061ece0aec0fb68f0790c6cbc102647c350af02e672b0922b68acdbe5a48c7bf270f3bed43f41311f3afc61ea7eaac4fd1c0a561759d4292c5688ec31b5a8af6a5470a63de475ab85c0f7a2d9015d8528f56c6ef2015ee7bdea125add3eb843311b130386ea75c3f3
32 128 0 2000 56 1 :0478c0af73363a80de4171f3f8bce1140f9028e1f6a941d81d77170b208470be1d03c8368d0c7e516e8096f91e01518d4a59498257adb46d135cb620a628ef2ecc0027d57907ad56a29b579eedbb870aa9604e3250f2076951dcb452ca10644f2a8e509e9f930bd3451cb5ced5957426fb5793b086371001290841749669b634
32 129 0 2000 56 1 :584162f3bf0061286d355d4c57c3e708dc2de84e6104827fc2b2ac5cbf4b0a1b7827239d6c4a56fe4327eb8f48f8e17bc86ff4fcf12ff2d754c33de1e2c86561be5fb1de01a784be756fd59026f98cb84db0861624bbedb5f0506f20cadefd84dcfd8375e895607273999fb2933c91663303c6ef1a2df661296589fb1713b10614
32 130 0 2000 56 1 :6cf13d1e8dd2d328a884097102bb9980c04d1c5a2a940e82d2df170c20e990a10f295199421fe92486b569184c60c2d3762ffe7629f7f966826170a08fdb53e75426e29de6288b1435d424ebaabc0401111188c05857a46095a19820ee5fbd71c99f4a0e1d8eb857fa9e38335be743a8f4b71a8503a37bb169766a072e4c5fd88050
32 131 0 2000 56 1 :a5056d62ce2e0a92e8d7f2dad713cda773d6bbca1152ed065889842c62b511f519c37893c4066661218fbf5c0a9f0ef9e245e5b7293ce116a9c7f8620da2e28e139135f927ac629ec041f8efafbbdd4d3c85160439621b60ed067ac482957e5d451f62e77635222b9d12d0e419428e970c3c8a83c8db5461ff4047769e087978088e73
32 132 0 2000 56 1 :16fd4d2d3622ee24be65b2dc562b7fdf772ab2e6949ee663ab0f0ffaff8ed68898ec22c4de50bbba2793c8de95931f6e5a0adfe859089fb149be000fbaab0bb993ade4834354fa81a57fdf8e3de9f3bfcfc95c6b7b7dede6607df8a68077b503ab940be78041b199e0b5764b5c42c82529eece0cf11ab69b65a7c616424bd9b261902ec7
32 133 0 2000 56 1 :ae41ca0cfec3156152bf1c07c81f7fdfd359f06ce5d74de343e719dd3bb73f761a6a2e5a15343cec86ee7148bf807d071cdbb6e846c939ecd94618e239af297f086cda4038128fa714f1faf38a5e71708585448c892c2a95e40b9e406dc3a1005b611c274222d77a49342b7edebb8c22e206bfea89359730f10550fdc039223322945b6bc1
32 134 0 2000 56 1 :7dfc9392f9ca4597eb3a8fc20e18b42ce1118d0a0b8e80888a8a57465c93c66edd933b5980de9e6fb12d4fbd22a4c4e55b3a4fdbfd8c94f5505cc029a2ab1342ccf9b95a7c8539f0b6bd2afa080432c5b93bc57f0f1395a72f4bde7219107b43a060a525506ea7f0b21fe86959795809aaa88defbb1cca411c52e201481f71a00aeab6e7e929
32 135 0 2000 56 1 :be90d696a7c1ec5e30d8e76fccb53f83153cdbc5aeb609ab8ac1198955ab12428ec71a662d511774b78a03195b2273d70b724f60946a28bda4f12a67b4ccc6a244da9934f4d7511eeceeb430fd445121414684ebad8889289a6e6c3f80c1df0436f0b81df6ce5da5d798538684c2c6fe0f3ac4dad07c88bcc735f5db6a6162e5fe46cef226a41d
32 136 0 2000 56 1 :ada7dc6b724ee5a6245549bd1ddf4f6e9e051db11092a19368ed4299da478829d4d34dcd2510be91837d016bcc7344600bd58e7f8b5db70ba088ba9cc3670f05249db94d7cfff5e5cac4dc0f7c1d8a1d8cbf067279512b3ceb52c6937d75fabdacb5df1c3bf9c30a3868ce9fd1ff38909fb499c027e0bd676bfbd57a9e34e3382474e154d64e71eb
32 137 0 2000 56 1 :118f2d84955fe31daf61e727ee2f3ba7987c37daf0b17eb0a86772c2a2404d1282a5213824e5e665b6b42e806396b9e84077d4b86b60ded0822c4b856ff8d40d957ebd9788ad019e34d393c118ec3b70ceb7f240bc1d100ead5652898cd42965afab390fe8216560bb3ea5a0b9026c80e3359f591fb36eccf379bf89d624f51d8783897fe99a952b11
32 138 0 2000 56 1 :5206a7075bb088ec1039df9f0edefb949902d678073c3a6350b88045f1c3e75411d1b5070ebc97c8d0c19fce9d11926c8feb0c40d2d20320894af4c7d98082bced7acb42075acdc025a09465ea4c1fb758a9d75e9662adab96cfe366f94080fca828a577e47377bfe7bb66ebdef35d6bdf41fafa8cd734afdf7ab4e7d414d7a27ba4bbbab89718527a33
32 139 0 2000 56 1 :80ced9ae5669c5a19b7580b41d84b39b75f5b6475554d3bcf51f5f1f985e61488c1fe7510a73f83344cc7affa357b0fd1da52cf3423fbc21d5c008bd7deb2e824378ede00bc56323fdd9d357da33fb5857870118843bcb3c16206f9703ad8aa58562d39efe9f2c75a6510ae72d875497518cfa62fab2f31a29c915366ef8cedfa94873c0b78656dd5a2994
32 140 0 2000 56 1 :b7df9ed57ad04334157bc95fc89b853c1803392296b5fccff58b78092aada03dfea7d22c589556e09c0678b976f1759c7234cf46f68bd91622de27305d6d4079acb71d7f6ec07fc9476196e75a389f02df99f546ef462a22b1a481398dbdbce9caf598180c29333174e06a7ad4f4506cad6cde9dbc1f5c14cd0fd49fa385f49649ff849cff2e85c51b01ec7a
32 141 0 2000 85 1 :77e1759b1f13545891c0f1152426adef2ce94e3e37492453a32ea281b89a3159dfbaca8bc6acc861cf93d3fd5f087bf5c21f22f3471cff6dbf88474eceb0075775b8e7e82e1812cccd0187b38e84dca4eee2114144637220cf1e3e3af88d6f6594ea094d6ee63049b06891fe4da26a817a1fd99a36e171c897e3eed8f805a31bee942b23d39086ca4a36038b86
32 142 0 2000 85 1 :af91dc586fe1a409ba5e74b6d4628af18a65786515feed06463a2a5f04a737c36614f08b5e3ff22b50f4ef9660f72e2e62c375c34b29fbc48460d2b7880ba2ede10d4bba2e901dd1c99ac2cb4ffa086f1308550a8c31eb4acf1429f7ab0519d938152f7dbf628d595c6e943474a247094972c3f473f133c8949e0c2b9cdc5d2529197240169370d559726135135c
32 143 0 2000 56 1 :f3b65e17ef777305136f84cad457f2d3e99c1e77d9c07d5d02dc47ad479d71150b27a136ff7fcb6f5022da3bd10ab8f38aa8fa0ab711b9740778b259ae9023ae3dcd3d18d474141a6667ce9327ffc629d80f798f35c73c9d64a2a794af4d0d42d55addd04368921954f05dfba0e648f46e4f09fe0f146a1910259b6ce346f7352bef6ae4f060893bd4cb4f36724da5
32 144 0 2000 56 1 :910b406e0c78354853045d29e15b9cec922cdf8631b10581b9bed675b29d44118240de26a6a76fa9a120c5c3944dce73a9d9f89dcea0e1202a8d14f45a8540209031b4cbeb617e4adc54795522d8d0991edec7ba9b252d304dd4792b94dcba65352cc69c78b6d0edced4e527f48300b437123d4638d390d206c049f1a8bd34861b42c0058cdb97815183f957b9b3eae8
32 145 0 2000 56 1 :bd2510e30fdd06566475d30f7798ba62f52b8c4fa841b0ad4d2d97e5e72a28b52927e3dee37f45369b56c1c2fae3ad3c111c94523167d10d1a30102513e7c86e67541eb3140ad1b7c39b80fbdc4826c67cc28af31146103f3c07c42598bdf642d53c87b9054bf7cba720365828155d03d460c9708c7da2da80f1242eaf2531dc3980c25bb24ed9b1ccaf49de3a3f575006
32 146 0 2000 56 1 :0a6e8f8b36ff36aa9581548138d8409bb5c240f3c1a3fc07a365733d59d274faef373c92af792f9ad7e04eebe4abee37566f49f1d1ee4139501a7cab4bdbd40f6862ad30cf68ebddae976427aa61c159a66a9ffd89462f4261e6a98b51962061de86b90beae2f2d271f0508f0e6b27f1adc98696f3c30e3c7e5e9a66498d2795b0f77c6c20379bce0c3cd0814abb62a181ee
32 147 0 2000 56 1 :752666216ea2b203d3186a3c8f7459c929f13cde69ca39d3ae04540ce5459081acaca7a3f1b7583b4745d4e53e578bfde943c20bbc1d4ee06eac21539e7c17893ccd867b32b01ffc1025a11ccb2da76649f8f2b2d643707b783a331a1cb3bcb4fa81d7fa66935f86949837318679b656f791b2e01d22b69a36afa4c7d4a3e7b7c1645835791b6a04a34758388705a249b74a1d
32 148 0 2000 56 1 :5678e973fdad51035b2371b75b410a8f793ace518166de3aca0187d07b5f4894174a473e9f968dff939799a7cc0d79a932a6d9bfb6c12f298beb66c0615f6cb037efc71e747dafacc9f72e84da222dbe64c4b570eb5ec4aa2d6cfad4a519dbf8509d7f6db465941b4433438cb54df9ba37902923e13c8c74f0b5d3ea77e5b1c6ad6f0699485ec93cc4a3f0c3f23dff787a46fe17
32 149 0 2000 56 1 :75c62b15eab0626b516c014e47e339f9976f03be813e039363c19ca0d765d43f0233edf41d1cd066b1c9801ba5130600dce4618222fec7cfddc2f6a9156219b7409888af17301d48cdbfceadec11af353c56d7050b18fe2019c696d9736b6058f1e3fd8b79709cf2f39bbb8ad45de433f6f21da6a9186f0b4510a143e25054f1a3f2c0860452660861cb1d9322a7bf68bcf9224b25
32 150 0 2000 56 1 :e74cde716bbaa75ddc6497b4939cd9db3f6bd646bb9915ddebe8109cb36ef274db445cb36b93f862c2220249e366462c31496b0b12a3183f81c29971915e27bc30efaace63103f4e53d84fba3fddf2ec36ddf3444dd5c365acd237a8d279f87af552be160fcdaf0c48dcafe9747f9a866ca4da33177a78914525e76e42779b9c1f66b7600b9d99376d911d6c5c1c81d753992c955281
32 151 0 2000 56 1 :52acf969b97e72586ba1b9d47d6c3d909ebcacfe6909ced7da7edc1bad5e897b41306e2864a06aa6c860d1a067d8f44e11f201fe841b4ede40e8a64c84646c264e7a57294cd577780fedf2e28ef55f66ba2e0f401b5ed72e757683d2057fb3775242df9bd74e0582124b1e22620beebcbca9e433e79862eab222736d73f09116c6dae453c3e8589fbb8da223fe8069fcdad9f7823baa95
32 152 0 2000 56 1 :2d369d39b1021df98daa25b8d5715b90f09428d5d87218aee54454b82365a427784198c2b6c6c3f304feaf873ba9ba21253f9c3be415162904ed61214e09f25ef90d16e879a359a6b8d812a97f9d97998c83ce861a9912d52bccb6219bfa3bdd3a3b080fa92ca193fb4e2549481b407fd90d19419279804af27ca9c712171616872802c6b5c83ddbe48bb75368ccbb88ecc10f24a5c18f98
32 153 0 2000 56 1 :326147c88a74d1eebd6cb7f0c8853c745f103801e2fbea87fb3301863020c7376567f389382fcddd5c370ef51a726c48abf8213a1f80bab8ddf730443e9f43710431c992d47288265e55987660422cb65c1e9b840bbf3e5d400d6c1515f417202424b101d55206828d0757d85105453ba465eade32bf107efbb4ea78cb2124a03e58549a81c3a10ce37423d39e08bf9547d1ed0819c3c6591b
32 154 0 2000 85 1 :56b26cc0cbeab2bc9908ac72618f309b57d9cf982c3f3e30c04a81d30201fc68d2689e9a0426d02dedc10554405eb7a1fde3c2acaf44ce74e0ea69e88eac7dbfbf2c13157cb10a3f073f8b377a74bad33ab49c0cd6a2b1c5297a3dfbb75de63a7beb7a289c7c165e4e4b4860bd27e5e8565d159a47366e91807b837c088fbb37a550ce9183b37d41827c696c1317cce0ace2b53fe8d35661ea54
32 155 0 2000 85 1 :bee3d795170f7e526a07013c23df66b705b9b1d8f9577499693ea58cd94ed261851e99cce68f2316c9025456296b94ecefaa12f50fe3eb26d492556f9dcee5a13e191b56da7db28cf75acd156e5ea7df22e63ce943f08f41281c6ebb71801130c70a1e5745c0207a02fb61ee1f7f5eb29d90e9f09505ec51db8108f3d7749d1536a15fb5ac9894032bebbd4c0b2065299b669edbaaf7f946753a8c
32 156 0 2000 56 1 :36fe2e5d26ced54c165235ebb12fb9cbe394e378f0dae7f96bc6be3975393e69ce3cc86b3f9bbb484c811764369788e35b9ec4cb0c06937716a5bc5bd09eeb37a74b489d656373743ec2101923e5405a0c6f4d596a1c2d9867d441f8edfbfb9d49f74e217a2fb8416ac5c4620be71b4de2449a7fec70f1a91b7d0b86072c7605d025ffe8f14f3ffebca90d8e13e926fd4110b5424b5eeffe11814d95
32 157 0 2000 56 1 :406a6052eafaaf3ee26da9cc7bed105def300a35ec984847c6a8adba917a7992436817826db5629197448b958fab33b57c0d25c41798dc3a331e74c3b70c6a0e48d14fed8edf322cc715541b8160fdb690371f089eb8fea289ea616d4a99418e65bc98f9c614acfae7dbcf95141c685272fa6d1f95c81348b3fded44c179ee09482cd899fd7521158be4c10f6041167a7867d63c646749e1e98456937f
32 158 0 2000 56 1 :d1114a1670e832c6f4ee4e4804d7bac49444fa174b27797485b92b925131effb8ad64a85148312e1478a1545edaeebe35acd0b6602a1d60b8542c6f571c7a2216f55d0618bcdc69b0b77ad4ba11c289e48dbf7a2364931741bbb488db30fbb18b2a5e098ea3e3ef3960f9b2cda13192dc6bae5cb96d7ea38102570ec17c7009dcde66ee7aa963cd15c09294f05c10b427e9f9200709894212a23fcbc085d
32 159 0 2000 56 1 :2735337ad6c7603210531d63aeb0bdcc6d7c4908961c8eb15381c9cb77956766447be31f536f69b2918e1833af753a3da31ec076d07e2e0b8709020e0cdcd99c720593dab28cbcd3ba1a5b7b5bdb4b423a2247faf8f66e0fbfe364fd88a78f34f1c0d5c0d2808a31c93b37b17ec6edbaca95940a8d8e1eda4e1fd79e7232e295d000bc38ced7a4f982096ee40d9a7dda93e5c50db0895681b41ae2df5fd1aa
32 160 0 2000 79 1 :40cbb0a9185a5a3140c20124c53a9e8691abe48c02b84990294212912e093aa003d25aee9fb0119cfd6d93f8b0de0f9ecf6c1706a5dd64dee9aef1fd575096358945a2fcec50761f162ada39b792b0023eead9b3c93bfc34307d2ea9611147b82c11e4e586bbfbecdf3d13d00b5fd516407b2f984718c2454d99e989932d5b6ae5931dc94508d1fa6df932433a9a0ec1e18d90ead747bf3a243dc1318c29ea0e
32 161 0 2000 56 1 :fb6d1702b865ece29a82c3db822bbe9a86dcc8f5284d6fe0adf58ca6dff7e06d201b082a922d83ad0592602dc212b2689f86590487bc22f3d4afda46573af78fc62420c3e5a0b4155beb7b002506c4b17395d4f924934ee259337b3766d8d202e33d70f6d3fb3265d190852da4d116b11f791034f49fa42829d7ab161d5b38799d2f36c444973463a1f07040cd45413b4fa97679532f7f8890bbae687591a558e9
32 162 0 2000 56 1 :fef895e86caeb2863a9c965370a3acdc0c1545a378f83321aa11bd60c221c52360563e50c3bc8358d0ac61ea5ff3c935b4cc6f3486242e3f0e169e8f82e95c32dffb352708e316eba39b5a26d63bf99dd9b961f85039b3c00f3f9538a2ac233ed7d5ed73e045a7c79b6b9cb9d6fbd90bcac6166bc034ae2d72219374a604b78cc7dbb9318cee36f9d3082137651a51594d51d672bfb94b0546121fd7bad617a2cd7f
32 163 0 2000 56 1 :b0c42bc49f2a839695da975fb9809768fad3c0b528b9405dbe5f6efc353f15b9e17422dcb16fe149b87bae5982e455c522afa5a1110e879e2997a3b65ddd362f667c9093df1af04628484de784c5de1a042697c371de5eb70e93929453cb9e982453ea7cf485d9376ba25166fa9d6fe611e26aad3c27abe096acc2bf7ab8913a9dd859749375a20da71b79897de8bf022b7129ecb1d508a04d12ca557c688210f7b87e
32 164 0 2000 56 1 :78901137d4c22331ab8d201d1814e4c65e990cc331c8e2208dea211655401a85f94659e8f4e978c0376797fcb459e97abc2aff404286680fcf8c314c38f186b2449ccab68de5e54b2fe5339e07e938dbd49ee0c0ed6607a9c48532e38e9150eff732fab818334b41ecb547432b655320259c98b4b8df40615dea47d978f40fd2ab8625845707d30bfda786c376aa77d9fa6c024d6d299142eb95d6ed16e04a2eb4aa21b7
32 165 0 2000 56 1 :d014cbf4faac483bf35c9abd3989659a8a9e67a89496fd5920aa4be87d198bbc460deced5ad0fc17997ce1ff8efd07b0eed532c22a9d39ad2585ec92fa1501067da6295699eee2e2b8ceb443bbcf077711333e11be75cc85b37606af2c35f6ffdd6df906bbb74091a6aa926f87f4959259c8bcadaa7ed02446d24ca47152a1dd231461a101a031706474baa40318ee65aba2fe365163eed25fd3a9a2883713fb8600a7f5a5
32 166 0 2000 56 1 :e1011ef974f73bfc07aaa66240200653fe9c5696bd77c2515d1452a7f3d9d1cb452ee468fb3ef90641e7177a1abab4a7770e00ecf6471c0d33ecff75a7e1d03d1be1663a4b9340515a62cde52bf051d83ddbb882f26390de7723bd00386ff8d1bb47ced0df73838245bf34c03edc5ece7e2e500a7976be933dd949ee4da333d2c3cbbd37fd0dd0e7e1ed1b4413d2cc242660a110ee3deb1ba3f42a2b969c4873a5bf6c42d30b
32 167 0 2000 56 1 :56b634fd7029a322c9905198ca86388223aaaf6747728e5577c3d109196092864ccc31a13f135b825b11ceafa14297c4cfa70d2e19c85da02e202583e0c5b5118eac55660e9ab10dc7219aa4e04e1dfec92d1af86140c8a71c55af048efc84a8c1da58aa60da7cffde45421d85eca2a296d8adfdc1885300fb5fc63e9b94324a989d413106969031b8cb113a0caffa2803a584dbcfd73df4574b643c8e85bcda5ef0396b022054
32 168 0 2000 56 1 :07fc3e44b203cc4df1a99be74f142eeb36c7e61f3bca30b9502c43f5ed614d814eac4bf5c4be939027c6a30b6a9630e2a8cd3f9bc8734c1667c6b8200e22e2abf33ff70e67f97b81d0cab3625d5c34c7ace752e0f720ec5ca66de8f6868e1281807045858b17d3cca73f80509735b4b545932c9624c7d9f11fcbfc94a2704648ee8fc53242733683602da7f2fae9ff5cc159838da53d025679425e404bfcda867d014a7f67572327
32 169 0 2000 56 1 :cbb3fde98c659d3d70767e681fbc24597c7bc4ac66069753b6931f00bd3527cd4c33d2349ffd7599365a1a924f40991af3f950ef2f40d299ba969b0ec4a794d0a9ed87cc80cd689beb26a99cf4ec38c0bdd39e1387300a9858273768a16e93cf14aa5e5cc31c6c92c60682858a8df8af9c8caa05a6d35c767f3b180efd16f7bb06d8ba0734b0717a8454f6c6b2a1190cb5a1bae01c0630b28d27fff12b718546741f05d94d394bb51c
32 170 0 2000 56 1 :645bb5d3adba36d465d8e09be5d90856e2c93e73ca36c2582d54461b0a6c9bba88d0d0d952d443db26662cc0e41aebfa90f5fe203cb835b6a92ec279f2ae0e22f7f8a7ef325c4769447b086a3e6a531df3f1b7099d745c67e7c2d9694783129519f9f1ff8ff12a52ac145f017e70d9cb68693c2ceda94db16abb037dbacb94098f8f52341d83747d17875cc977225c3492c9d74343f16cf9a5e799d6cd8afc72485d0106878295c4dc56
32 171 0 2000 56 1 :cacad889234f226940dad63f04aeeec0584685cd8616973b64e6b14c616bb92ccba12eb3d5b33aaa2d7f3cd8f371dff1a5373d92a3ae06ace0164ef61a5930b08bf2cf21879bf583f1d9d7f9d9204e3232665b07c38dfba519100891fbdb9fb837f7b4f420dad9b8834fb86801959f8b8e0387d48b39e1a6c02b4ee5e2e4a1237124d210077fc3f0821448ece045429364eae7d43576872224a3907ab09f2b3a3fdc9c72f11223dd0ff4fe
32 172 0 2000 56 1 :25d19e477ee725d0ac9a4ae3b111fbeb03456aedca8d690d7f20dc6683f72c831397bd59c355450a576438ab20048e54ccb995f20a4231c5c1b3804b923bf4e47bb0fa2d44d64d388cc13c3f4f419a5552c0400251b3fa12cdcadc5ffbd677fe67972a825c9652c8a5ef09e92d717a08ede73c4132af0e7fa8550f4eb4c4ad509cb7ef1df2a0d595e7b4804cf58839a6886a1d53b3f01d4c1e7816a678394cb904529aff6962a6ea914d84f4
32 173 0 2000 56 1 :fc1e486143d57511ff61960ad0b4f5c0265e046b2b1322cf872a025c1bbbc61ae3ec09a8628f2a8546754c7ac87466372c5a07d935d69e20870eb9043d641655c2d784070bfb7515e385b8651df02a61eafb4d91456ed031cf8425dbc80a94b9c35f488716a8ad6a4e72293fbe260ccf798324f588d48abb85f4f3c277d4a4d2dd55efb0daa32efbc5179e012a5379da220cb87ed833a34cb32df3c4411ec6a1999ebb67caa10c3d153cb312f3
32 174 0 2000 56 1 :089daa7bb8c28367b6ff0e744899190c0f0ee5abdb92d05513f750bff590d2e6cb31049e93ac464f9ef69b3ea13e71008a2219bab0f98bba32d0a5078dda3a627f71d65da848514b1b7173a31d25669c1f83769cd1313ade0c929abd4a5dff2e3825c60e856e405e5370a8c06a363d5cedcba0d0b5b70dd1e9106e2a61d12a048fe0d8628d4c61c8aa0f7c6685d2d73b1e2a1957a7b29f36f8982a0356c79f3ad6dc680ead5a35a3a17d6ad36964
32 175 0 2000 56 1 :fe6dec4deae195aee83d3845291af0385303bd6d234442dd7d1c29001c9e07a40f7079ee6ede45af153ae934956a7cc199faceac4d8c4639e5a0af0e39e89af30536415a1e3152aff30bbe9a427fc383c0a0cd9e4f661c57dcdcf1bf62dbd39e11e769878b28668951507ab55f3fa699a0857318e74e6a3cadd6ed3678cdade1a40ed11ae05727f10a9d7a1909f4c2acc29a7219c2dc633e2650ec2cea55f83dd8fa013765276d5bebaa13cf3abf48
32 176 0 2000 56 1 :18973c1da56993d86c1c20614a3c5dd872407edd61124dd92ebd70abc33bdaf34523078f1fd373ed469edd1de2f930e4debe37c7c2de7bd648551d770db27b371e118e54138293e17650b5d412d9a727b95d0b95b3680171e6a1417952c18ade46f901537e22bcc38dacef25b0ca8563bd4c0cdc081a57a824ca79cac10bcefddf875f4fac30dfc4aef5a86ef421bd129b441ad9597455b503ddab758907746053a642ea4542a9c5e9051312ff9a1397
32 177 0 2000 56 1 :429ce751a9aec6fb7fa99956a7307a24afb1effebdbf44add21ac44e0b5b20e37548c784b35a5fba46bb560864f2c2588ae566b16ebb99581c575a1550fc5073da766eb5bc71e6c1a6142d9d753dd3d4005ae73ccbeabefff11e0d4a7b0cc3d85143f11795e5727bc14c511f8c511418f41623569183081f9ae7675430d87408b92eae9c898592a8d77575a0ab9061cc0f110e69d57edcee34babd8eaa5e408ee520409b0d4f10620eaf8014546722c2b0
32 178 0 2000 56 1 :bc180b4165f05bd39a15cbece4272d6fc4140f5232b616bcf4051be681c8db370f1846bc77baf4575b358bdb1009029a341da6d37e6b272a7fc3ffb38b8f74b3b48b5c6dcb5804afa8695cff6bdf6f1c195479f599cf3f5427c97e3a4c0b9f0a436d0a8657bc8de7bca7f69690ca629c093a275cac7181b6db7f790b22bf62f1ba017da61459fb93fc1984c26d666595e493b5901f99fb8782f64cb56dbd3bbe0d446b91de09469cee8243411d1a4f136b19
32 179 0 2000 56 1 :122e9f96914ee4f05d0c90466265a27f0e234db23c0deb89a02c0d6326caf3f368cfe1ddd90e0ef7d1428f6864c099b54403478897809126709f213017fdb7ae8a3428c9cb5923942c5cbda3e8745ee16f4500fc5a9c6086a7ffdf6fdf226e081d8dc11061e85ff1fb704986c89c66ef369b0d8221090db44eda2117da304fd7251f49431d0de320439fa44fb0bcd16cf9342438ba2ef19e22bc01f341a0b300284e3a31f4da68e3c495ca292be43a0eb2df72
32 180 0 2000 56 1 :fbeb6922a8cc606d88318c3835d94083a8d5c84f32af6957df44128f88f84c3033a6977f8812674ad79ad4c0ec3e156a2fe39dda5364ec1f453e471a5d5a72921b63956879c81b1e710e8d5dd9659efe119de51e8aaa416962695089da5e193b4347ffbd3093ddd725ed6ecd9b8f345f52eed77eb3f5ce3ad3f3ed792ea21eaf833d49a89d4e62258de5cad5bcbdecfd5962d49948b6b14bd45a71ab0f5fa4dc15df7c39d92c9e3be3ac02600d59b3a9a16520e1
32 181 0 2000 56 1 :a3fb0bccd87d331bd23dbc36a813c248adf52fb42c325aa9139a4a2d2d1b916713e8d9bdd644198068f7fd49bdc1cd5682915ecb5b4335c569a3862a984df69a54c2b084e9b05a272746d3a271ddbe43eb2acc800e4156eed2cdfb9d86ac8393e97767818c0ef5759917c67632771984388563857b3f2a582121eab87dd64326944ad55d52f38e63cf094b1955ae9a6ac5aef0829faa5bef5b0e7b4231fce63c7be254eb9bc0fd06df5879b5f122e4fbf1bc1331db
32 182 0 2000 56 1 :5e67b98a839dfafbcff16a12073d7926e41c5dcbdd0bdfc773df2a0098bdc9f5fbba846933d447dc5a3b8ad6a312d312936076cb20d68b24ccd050e7b9c634c37fdb81870defe889398a3510f88e9a9ff0f48c2885d4ab140dc3aca623a8d68db8bbb998b7287651978167bfc50acf97cfdbf5549a88f931b77408cbd45d48de4398a601f40da221b710af9b08dc1f22c828eba48908a8906f624052c55dd75b5ee6b9aab37595212049443f31484c50a6f285d32133
32 183 0 2000 56 1 :3bd3a6f4de45d69e52e8096e4586debd9fa0a6bdd7cf2d6a5ec3f587fe54b738d5ec8fde58bc7c0a6261b052fcefed9fa3967e69aa79e098d7e6339e23587fafa8ddb5d4af4643baef01b43f165a9f28e3a969c1530b7ab4d5d7953a0dc1cf94554f95f580733037eadb9153334c84a67ddb299371b7d9a526a5c7761187a34d9d7230cf04e61b556e8108368784f23fb7646c3533c81c280aab9add570e611d3656aeaf5a3705a99cb04b1e19dc7f61b40bfe0350301d
32 184 0 2000 56 1 :51d6bc549be8584d42e3a0821b7220f05f0caa3b73c6ac2cf03159970a8e3132f77e94f6d793cb364e10c330a4f1813674dc5f880f1ea8792ef22dfcfccad80063816d7766680ef0b936ee2bc9a5ded94bcf98d23dc43aef19c1e31e148837ada72136be6116dd9bbe48c282109f245b41c10299e83f9bba93e86d097f5e674c111f4f2f9b3db2897cf5d67715762c45fc9c486fc39dec88afb88f2a290dcbf195e54354e37b59d0fa5512cee30ce27c7d16bb36abfd9d9c
32 185 0 2000 56 1 :22967482e0d964e1cee666f25783aab9290cdd0feede0dd63631a0e714cebf6ec0b9d0c71ccd8d9e77149b943df43b8d163f102d8cb137dbe38bd554657ce7646ad299e21426cf5e3ccc16f6b8f88bae268932ed605ad8599a54f5863abe28ff4c822411e13337d4ba757e327eb70b589eaf7c6bdf67989a14891c840c6c4c2fa8eeb1b80558599cdff5489b0cd60afdf6d0c711eea89c5cddf55f7d85a19041797b16b9ac76c2d63e0e4cef19047280f2a30b98ba46c2bc9e
32 186 0 2000 56 1 :970a0c6b734e2619e981d95c2bca48d6b11902ed3e081afbfd7d634ef12046d474ced88aa34304f05bafb014a608c5d9a33091eadd1ed4828051e6a2e07b1595b803db60dc2ef99b8dfc8d64c551eefd540f9e68e566076397d7ba40b6feb59046013437189eb83193ac8b6766c210db60d2f0b8109d31bb8df9e6b7465e9b856323c4c9325dfd00ec42a9ab8bf6b766cf7e2b97f0e9d538c1413613bca9982cb8ca43b364488683b50ef4b41221241c3ce60cc4c9e437331b23
32 187 0 2000 56 1 :30c34b4094ae1f4bb40e851bfa6525a70e928c3290911434f45ed2a8e5f589136ed06ffa01adfcbe0fad55115dd2adf80766e5fd2a86ddf4b5b7efaf5a35c9c188001102ae5905f9a6fc7bf4c26bdba85b0d1a6c6b0a361dd945254fc077194d5e99b3d380ed6166e8704227b2cf285e8edbb9e2ceda7fb064093f6ccf65ef94a867969349d1567d02c3ff26acaa864adb7983385475e91aac2e666cf2e333e0deae07498cfdfbfcb3ebfaad1a96d081d9b75b3f973cbc66324ec5
32 188 0 2000 56 1 :92fe1300731ff9a43c48b7ffeb6d4e8dd8d0a19481be87978e1935a0f54d36c4565b492a1a4068a3c727375fa93fa05179b14026f748643d70957f62f402876fa46fec35be5e619da148fcc2bd650886cddefe7a692b0ff0337276ee5c7b9e9604f85207c599ae7e79fc5f1aa8d403dec979384ee7be176df406f51a8c07e2ea4e1b2084cbf6d2e07102522e4be18c7f8c9cdb925d5beb9d0a0de2d286dff472b7e809b50a8019a8a32627b29444c83fdf8cf332cf8641c3e1e75b3a
32 189 0 2000 56 1 :6f178606c0772d9c2ee4441a5ce4d002b6e308bf3e46051b2a95aac990f07927f3f3159b27b28fc922c7f6c7c4e6f40fbe000772571b74c629b18da28113c86f611bff7c4d161c814f50f52aaf6ff4ed5902f78576fd77d99d470d63179b1772b428e42b8bf1be638f280623a8f245d833a963ca546e9df05e5daccc7e03da33acd18238f1bbb8c1a7e4ba53642cdd3a4a8bd1c8f781b10b55c10681ae1e72071e3b4987e812c13ccac0a26e3fccce68c79efaf7262792ad494ce2914b
32 190 0 2000 56 1 :3b8c482aa6529912204fc0276cd18a6cec2c8b893d7c79310ceda506351629bdd0379d8a7e3f77ff0411441e926394bd62fa20c262d78742f85b93880387b22664ccdefd427a66f88212ea855f695d0731008dfaeb12c3674803e0c53896e9e5339799dfacfa71001403340fc123f43406f1ef3c486659a5b33f72c004c03e13c6a83dc866ae09cf7a255ba1d02724dd718c2e00bcdaa672470dba6247a45366e1cfd9a024994724061503a1ff3aff7a61d0df14798800ae1e4772a3b2f8
32 191 0 2000 56 1 :db85e6560973e2b8a0b528da37abc27b0228b27178660b483a5f552d711f496c0b6c506d92cb84535b64c099f41e77ca2cc25a08c2e63c18e5de85bf380684f87f684fbce57c493fe695e5c0616295c06e21896da95fcc5316a431447f15bd90730f2327a58fe7bfc63e313e9d83bcb2a37a82c7a1498491d5ec9076b12b2f41bec79bbf58ce2a18f05e5b048ce8b5c11c5d7cca323d41a3f628aa45dd68bcb56ae1049b025f364301a286396c9c284240fdbb4a2c7d976ad4fea653e73e08
32 192 0 2000 56 1 :be58f3c5bf7b8c06dcf3f50cd085834113b2f849cce59b1c88ceec28db060fa44525eede06a2630cb718958ab0bcef9858dcb8d8a604f0e8b005609f8b91722122f8f09c5725c876a66e2ef0633aab0129fb2b4dadab80af58fbf9b44e5029b5d3a5c42e76188e17354942afd238de71765156fc55ae57cd8d744ea767c236e9e63969222685be1431613dab847ee449b0840c4e932066c8a875d5ff7f2c589935a25835e276502eeaef67d29d5e2f268c6b589af05b825d4daddb16bb889270
32 193 0 2000 84 1 :0fbaf6858648ab09ec1a4e24bbc2695b33dd9ff9b5e973cc9a5c415a78b4112c64cc00183604391858ce08e9ac783f12aa9ea4cc48b3a21061c7ad00b54767b601f761c65c0aa7becb036f82da20538e853e24c7f75aca84bdd038d6f74b100ed90a9bb5d1016b32cede3e32c5d585110ec64e217ccf8ae6f0ce008f17196b8bf0c146d1e60b2e31d04a3429c54cba17f8a0feb594ec9e0546795183fb807daf8848c5ef09ad241ee967f6699267a3caff46d0dc2682d9157898abe245b7ca5622
32 194 0 2000 84 1 :891c3e74f831a5ebe02b1f3b462f847d79d72a1ed5f10b42ef4aa75f1f3582b1a277bc3af5a015f0aa53dcf47acefdea0bbc7f8c08c0a5301e89345a50256e2574dcf4f8d9ad06eff53b89f0f3fa2563a2dcb319d5e8c4f3713ebd8be551396f7f7325ca6ebbf28c7a0ee231b6000f2f43ca5b2eea7ca3df8e56dd6ab2c70107d2c58721eadf35e7c4d1692ab5485656c941443c3e7410e1e580c9ee41f540ee2c6c6aa7d3297552cc68e80a4e215275dd2b8f4cc61b3b2fb06ca54d8e2a39e394d6
32 195 0 2000 56 1 :942d9e79a811a043f97e5ff2ad33b72a568b430e953ebd99607cc7ab45f422777eced8c633674c4d322fc7567cc49dd9e7396730ac607f93135af08d6dd39d345b3a0b3c3a9717aa5ba0954079bb6a86b333d9c2672e75761bd1917c02ddf0a1c75eafcfc4a170aa59afd47fcafb46ace1b3441ce7b0051247c3e0736318779aca3345284358c1c666a13641b445be2870413af8ed496553b168fb277162e59c10070a26c5a4ff8582cd6ee4161f8cd6a71e40f95d23378581efe6ddd2e385c42e964f
32 196 0 2000 56 1 :2ce2a45c1a5ca4856371454029850a1b59e31b4595938d9c66b9775f97aa8bed88c558f6fb5c19e53e2f63a813c1be1a927dc3b45f54f7b038a28bec8bb5a37212e5b5db53de30a5191629afe0c6a40bf4443d04e355709bb82a58d5fccaecfe62983e815e827ecb8242eb869361f5e7a0a699198aec8a5c3fea61ddfc0b3e6a103c4eaab2ee31659ed2b770f139ea6ceb8055bdbeb3575e60a3bbed3328375be416a10e4b5d8705e338e7a6ed3b30f2d8ca64d52212381db8a4e5b316295eef8589303c
32 197 0 2000 57 1 :f0c367ab15e2f61878c3be84d117133b347a35e2a3c0713361c78912f318930ac52d6e1703d9da289eed907b5fa88441ffe7de069cb4ff9db5af2372dee8802890e60e3de9b9e21c28823877a0d82bfe05a3d93c43cdb9a19f922d288b7ad6cfcb549d7059a51a79464f128f178ef10e0b4a8f8a1f4b667e5057d49d636164e932dea5bd811fc84734125d5d5b2a332627e55fd9d629d4de59579ac07d0395d3f5fa5f795ee5ff009a7281bb651b5ebc847606f9b5c2bfc50aee64ccd225ac5f3cc5f17222
32 198 0 2000 56 1 :ee71cec26cae15aa269bac8492a4db80983274e68598f2dbe1db4e9b155a10fc62ada15a90bf3ec96d5f3a8f3df79d58115269f6d0240b65a34eb4d620741d5d6d4eae04b36b6d15edd34bdd9baf1fbf7b05ed872abd309a09af080bc54615f722af1a151a443dd11145e54045a6a5eef1110e6832bb4753ce587a605f42312db7b6ba41f4b927004e246f8b04d0ca3384fa36b9b9d00a57f44a1fd8e5da2451712cd44851411cebf0c447d9ad146f837a03cb3fc883f6c7ed89e124743ea075af999675fd6a
32 199 0 2000 56 1 :cfa11d64ff47db7d12ff790f2f6655e055fa9db492deaca927afc54869f7ca952361d4b3a232dc97d55ca9fb0f19e6cad2d93ac531ee1a89b5cae4c8705bfb3bbeff9188fb1012cb41bd4f8a83c049211499c4159db871da257639670d5068ab342465e45311897b630e8a22aa0335bbb22cf842029fa0622111a82c39e5e3ad89ba86b0a92625e00904eeaedbfd2b83f5ceb9f72d6940dd4c5c8efca8937db0c4ce5501098b3ba46d8eff3078a1cedecad3d467702fc0fc8bd067f66eb02c91e0310194452715
32 200 0 2000 56 1 :6199c8da6bfc2bb1a0940529f2b4513fd04bb90549c28653dd5c64fdb957bb39b061adffc308f749998b9be4f28ff5e99f76e28b963de4bd63a98902281ece9115023d72d47d10d965572b74f1b13481906167b64a5244deb42352ac125a45e54c0efff9af6f68316cba6c5aadf8d69c063c55a4b5ee07600250a2d1c72a226c864ac59b5811eae349bc8a2f8d7374e27d0dc1ac7055937709e5c44f87f355a0481ddce7d31984987891eb5ad2eaa4ff27983cdfddea29b1b459102c61e26268e02a9cfbc07c5243
32 201 0 2000 56 1 :b2676d8fa1fc665a0580b538005d3d64eb6ea1f647eaef100cfc6abfa97626936fc2cb2288381c1bd692a2fabab6d587133a3d101641f00db7ac9facf7955dca55f4059a266d678c636c91fadeaaf7774ef36e371098db02c76266429d11035f58f603ac340fe1aa5be8d54c796fcfa7e2e6f1235da5e45244f5acc407267012c823e9668e7831f44455a382971f496cd5de7b9c37080d7adc4d71dbd393c3035c014b10e4496e3ed9b1171343c677f80d34c8dbd5682883f0b108dab16221c53cb853917f784ba8dc
32 202 0 2000 56 1 :5810a2495c0ffb812e75be9c9c9e18e3dc3f2ed12bc81f9d45ffa260801dbf6af619da3f55725ab632d390c552b6b40366c59a5b4c2396abf8a981620705597ce5cb3be26b88fcfb0b6962695687918f389c4b9c772300bf4d1d5dda6481b3bcb5d407f766f75bb76f07c9fb97928fe7425cfc3c20e326543b6b07746812035967981f819b6f885a60aa53375f74d645dae304a2e57c70c5724319d3ec63c868eea8e818706e01b0fb3352e5552d1aa283df6694ea4df55fddacd8cd13b6c602dd0468bede97a6dfb131
32 203 0 2000 56 1 :bd572310dc47530650f6e8d7dc00258a8e878a7e950a98e56e360e547952468f7a00ecaaa811ef205e42e6132ec662ee319d9c693a4d55501d067c753b6cc150b9c7416d33bff0ac400b3dc620114bc5f69e6a0f0859ff56ed07bc9eed646866e65e34db0202dd4c3916f98b6739072bc4356a648dd3881b33bfb51a4c7120021fb20612bca712e5bdd6bede5b09130c97b4c9f31572117223ac239dd9b97a60110b9c70fa7618a1c8c68368181e775cd0705deab2ad94e67b64f76186cd9f18f19bd9c24ccc838b311924
32 204 0 2000 56 1 :11c22d8f7dc461674de530ec41c6c754173aae71585e21cd2b63d95b4144d3d0e1d55f95160ae4d81f20843c6c0232306d969fd8195702ae367ef4e70a8885fe2ea39b0345fd387b3888c8d5165a2929b90313236df5ebf8b1e28cb6496e9f7721c9d77e0efdff92da9be0cf215a7dc2874feb541b3548e76aa9e199501c06c646b78f8ee14f7558af7daab2a7c8d9e4ad23ad7041ddd0d61032ed1e2a5d7b51fe9a2e0a0d133f8afac5258d86b9137827191c8b3fbbf263d5e4413956100973e9f2453209eb43a0b5c4065f
32 205 0 2000 56 1 :68eec336d72640553756bceb2eb29a2a915365004c8c059a22417677fd23f1665cff3b7ba62b480fbcbe169a25e49e10f38a766cc42c87322e33ca2ce37565d4a8b7f0f7aca4d377ce97eff1097b93bea299eb23c4e42399d1bd1c7348a6f4103efbafac7ff8621639cca2a05658ed4ffa4945202bf85f07dc1b117d5df4bd6db6fec28ea142af7652cca8d7f0e841a1f37ea9dd66fd4f12bb346866e587ba237f4f8dd902766c6243dd231d5248d833ca2f224a4b8a9687a51517d5e36daede55946e4ca96cf75143b69803c8
32 206 0 2000 56 1 :b01a2e22f3751ec1fc753c4c341ce07b53349998d290c26b43fdc9e0bf2365d613e5479c9b60c3bff87e2fbdd2df0b0c47ec60440696b35ed64ae3e694f040220b4fef7f75a4390a03d0ecfc488eb47d73603fe089d54847eb03b11a80600cdd4e14bd23ea579e52c6fc733762a0fb27964b238f5e9dc67bf488b992880396ae1b63601f512f84b770118dbf5d5475bf55423515758ba3c21091e751be1b52a4f86999e836d3d24050b54adc394fedb8c3c6402d1901d4d0d93e480edab5694fda620f5d65f07079ced65fb6ea24
32 207 0 2000 56 1 :b730b59787859792788abf586ee78854e2ba8ab3289e44bbdff2060c82c8db32577705dbf29da166ab999f342a18e4154296f4cde881d7c666f50bfc1ab34466c459f67db00e0ebf7291c3ed6adb3bfabc7e90ba7d95a4631563700482954974f74f4d02b7d22902afe3e612ac545ad32ac1f25487dbc381958204a7d9fa39bee98b31b85324b06bce40614c4ef71e59db7d356cf2a08ab45777eab0aa71f7330e9b5d3cc0d5dd807ce661cbe1d2f40f69f965ed15710a00e4770e5b859a6c5a6a14b0c907c4b6e11ee7cc47e9a99a
32 208 0 2000 56 1 :b7f1c676ddef038bf56cfe614fa10eba968f59b0f5c5de5f545f983513d620faa4c8dca938822855e42a93d3fe9bb06e38fb8606daf5cf9bdfb878ba91765cb399b7a11e2d354695225008a1f111345d5feb98a066418707dd2774293c43bf8588204b815b59f547bcf1f3767a81449c07a7459bc8b0ed997744cf16e6e6a876a0a0738bba97b3428f3e9330bdbd4520eb00fc9014b8525ea7803c204829380ef3a5b145cdc221bdd7caa8e79233881e88226cc18c2ed1b9687f08d6f61a644a6d55de96b8606d460ca6847f2a16b3b1
32 209 0 2000 56 1 :830b99943b03e50a6e317ee137fee441bc9749245d90eba283aeae3c4c264dbe27647e728d8cf624b0af4729f2ebbd9c2366ba75653bbe0c96d52857f7bde27781b0571f2f08d5fb4b978a9b98d21fef269e541a3e76464c97a89f4badf414c88c2fcf3292b0f34135e2386e92e579dfcb650ce9dcb5116b34eb1dc76d544d6bb151414e24c769990cfa9bc084628858100863bb23437bde64de4ae2897e41e392e201f58ddc519033f8745c733df6e91176948a6b413bdbf95d8c24d22823d9406348f96ca689daeccd729d40dda44ec5
32 210 0 2000 57 1 :7fb90aab76fbc96fd5843131bcdcbc4c87ac03f77b928661a62e6781c0abeffd234f8513870ec72a70395433705da0a6a70485ba9cea7f2f263ef2a7a6a2f22be66e39d82be89cf3b89e1cca811e134f0d9dddbcdeff9450fb3020e8db625b6bd57bef3c600c4d2c78e25584cf9a3367b74e00f96e6c78d0dde288ebb3ab33366e2641f847eaaa8880ad5192d71093694f3d44bf7f5fe2d6e58cafa210db6608954287c6d066f10cbd61b289f636f79c1b7aa4c061f62e4cb5ceb84c079b47e5678b0acbd4dac683af4e5d1fc837318d28ac
32 211 0 2000 56 1 :53ebd27f67352647d859adad628ef97754586244a90fd33430481a334eb2eeacedaf1f3520965277567c85ee4997cb048a35d8d0eb580c5254c698e585b851c94d74d150f5bf5a3621b110645bdf42e3b5cb8f300f584fdeff5497c3ebed2df2002b9d34f9a195d0018c8f6abac9c6c4828214c6001b0357e301b96714f2b774d10bcdec7c6ef549454aa8a1a2d56a13eee4a586443c330801e4553e15cfb83ca65f5e41cb0820c3f34d9c1eae80ab9fe0f7785e8505efb8f545bc1461916da2f8b6bb67cedfb6ba5576c2af0b708f79223938
32 212 0 2000 56 1 :eaf194eb57f9398acd640324439040e391ec42e1a3097b8c99157e9206e2cb2f224393bcfc5ddeba460b055c98b59be6cc66bfe234ee20f1b5172d6391750d26ad6271f2dcd246a2d554e2ab70615a1e9af5e18f57498358d6e3f9ae4560adf73beb3291ed3960ec222489ef6e5cf67f6d582121255fae29131023e851b51225625640fe018f76eddcfa281c3c9065186aca81a7ef59b03e54695b6ed98bedc012b499081a137cf096a4e7a72b62a2b8463c82f84b2f1b32297454d9df789d5a1024dab7cbc27c825d0565778d379b58ba8a9a57
32 213 0 2000 56 1 :043d9bfa0c15e6a25bf21e4c8d10fa78b3cb3b3acca179a0df4cc07745b738f7adc519a0023b28f573178df3e66dc44f05a31d90ea9a78acc260aed2f67547a42861ab7ccf6938d5d81d1758e12b6a5bdfe30f73c99eea8eaecec17fdb1e89282497bc746fca5c1c5c6e4ee1a96f43a8bf9c13b7131a61f17e9db8a28e8f4bd717885ed8e4d89c284c421634707aa89718d2d3ef27a72a987a838f107082860eb7ad15584579b10e895a227bd2f660b511bc86b2f90a9bc0f02105200a4725d9e0b6e766032b9a370a9211b522e52cb8d0d9c83f13
32 214 0 2000 56 1 :f09e5cfef0234a3005f1c4c38175d533e1d4dfe417f81e0641befb9d1814c8c25f7b24206844f8668677cbae773999dbb34213cf14e30c4417f1bbe61e71d9fd5efefd1c74bb610673b181d3e413ebd007c99f93b91cfe0b6ef6e77875012718bf9610d58491e0ce0f441921cebe681b2381258828f72af0f8889ab56b35a54842a9a0953da3905f741809b21f55e090e8eb6342d5081fa06474a23e30391a2a8093300c40c8a312635533e538b094b6fc0a4af4263e61c677629065f6853a9b8bdf1f4fe38f7a20b049434a062ac13e3922a72bdaf6
32 215 0 2000 56 1 :dd86c8cc39ad52a678082d4c5e2cfd4be224b7ba8ba9478a11199879803acc254b92b590d641087e778aa2d32a6a8be4aa161c11bc976c6a450af33e664b0b2d901dd1ed6a209e735324cc4a30f02a727f6e900be8816b21724e90faa6e66f95965e810e8f539c07158c740d00fd73970b9ae6b47893076804ee2817d7fa6c46f74c0b298620c62d5c1b9aec7f167b51e262f6f08dffacfb83efec63b391fbd4b651872cba31c68a853b92bf8dc3e8863d159a70f75f73efb763dc22419a55c50108ce898b379ccb2e8a3e211a56c23ff14b613d4d343e
32 216 0 2000 56 1 :ef48dc666400da1769e161edcbdc3a7ed92bc3a56135507eaec1323639e931a7a849559289e0a4fde8b50cf8ca9c6d103941a5ca16d8b976995fa5768993799d5ad39c6e824f3ddee3e98b97067a16a8a990c43d2effa44bd19353316fd79da7ad2677b671b2a6067a0034fc460fdab7e33df5799237899b16d5a58d48ea27adfa2b7a2a5e256482a33991e93a3489f81f3bfebb62cb53ea44996523bd5fb3a265ad41a6054f30dffcfef0996c7436b334171f5b1c4e8e91f2aa7a52998e83171b4ba2ddb950d4dad1f649d02da697d185d0d63d06a44948
32 217 0 2000 56 1 :b1764ffd02dd946b410de0605316a313d52e6e271066f6fd792045dca902a5046ea55c10716f30653ae8d1ad17368565b7cc30182059dc87b392a83f9421e73d653b220f23f7e3e8f648423b55fab172f2140a9163abc3b03afee16b1d8bbf3be129dc8fca2682f0478428c2b192dc77b7e7b0f98a7bcb05e085bff903158a29dfc2f61dedb5d6960272e333f1c601d73a6271f579904fedafd656dfc27094ca60c12f487b6159995091b013cb7cbaa2f50fd773c1d8b7dbf5045fc646e1a45449c5bc693e6ac68868483ccc9843a1d5fcbecd3f47086d4410
32 218 0 2000 56 1 :41f03469a86b1fd036d39935d717a5a8df06863535b49b48434288b4dc5b7a98d23dd8e202c200c1677424951c8d4f7d09ead36ea519ae67d65358f1332a69b72eb3d72b328d520ac0ba9b58c2bd51c0a16a92e8f66fff1f85bf58a961874d4da4d15eafa11f864d4c3b45e3d2c254f44a71b8785f25951cca78e78dc3df43f1ec52e07eeec38a50142a0e3edf95cf007d918e932c10c461a0ab3d2fd098b6de6a7b1b2613131ff8e556704d0595ecf004777355138505e11ebbe0bc4e0caf0ebe58e124616ac7c0e7ec731761b491aa5d8e21757db2aa5e00f0
32 219 0 2000 85 1 :e8b0f6a3fa17f56388862974f2bf215e1178b6259229cb4d416de7e43a0c171a91364d76b7f03ab4546cf015adc7e7d39327b1e3ace76c4b957f2c70e51b12f3f22d61d5e3c761fc1727a19f964fd2a295c9e4b636061bec1021e483ad3ffb0e5978d0b27421ad532d4e18caccedb84f5cfa0ee6c83ce123d2e8e78a34ca2bba819bcacf122f8acac9e714043fa99a88f3b0c302cf700a4ce5c387edf9eaa01e70959353f01b1b49410cee313e8d1d1020cde060578f11d8e9cc492c47f5e1e199c8e90ab9a9d724df1270edcb2d7a52e779af1c4bf50357d309a4
32 220 0 2000 56 1 :1ea183c05a960a0b9944dc06169f138f1c055cb3f3e2bc240b02ce3ab825fd4020bff0ac32c32dbe2c26d09d51085c7a1509cf26573dc1b8efca0220f8a81dd9ae73c52d0b1160ec5ddaa7648c9e50ff1df56bd4ca1491b334ac0c9955285a75e0ee8259279b81f1e46ac35e20b92e9dbde9e5f137f4529df23ab799068107659d9408a3902ca966c55554b1b0164fcfe36873b735fd23396d89a8c84bb115a773d748138390e6c45335fcbcc42b3075413984a7d12fa4a241a80ba5d9775a673fe135423eb15527911383285e6e8074a381b7d8e7304669dedbb1c5
32 221 0 2000 56 1 :289bb30c308a66b774441d2791c1fe93af7650beec8a5f5e3858e9de50092c595162cea9d74d8ace2d9c71827564216ee4b2794ed1e0822182a9f4fdd2792b68edc5f410040262b1dd73bc95429273e97096a39487f18a4444d295bcdf9653f936872ca2f2ce4084b4cca0bb006c256f62b7b40adccca2678ac5203b584046efaf4848cbcb1f8923626b02f673d1aab1bf58edb91f651ea6ee71d5643c9ab39005707136dbcbc2b5ac7b2e8a7033aef7f55a972d8c7f8f15573bc1f07bf51f81fedebd8e481fc380865869c28ea0260f15152bb1d555fa52805e6e37b6
32 222 0 2000 56 1 :42c4031c35e35f0860ea2bbb614f4e806b031574c08650c6704feff512960e5bf486916873ef09951e3d4f5183b9c6c676213cf4463d4c133492fd10095bf8dc16ccddf681c73b5d8fba48dc0bf42b32caa8e023dcc1b002c68359e724d8755057b1a69100731ecb8ef342dbe2b90e38c1c4ba3aefdf9993963dda209b60407372e0036cfb967d27a15c96506702fb7356c76546868c3be6c4a58bd93db89a8031e145dcc1af8f17eb8fb24b3b79453588ff885d87c9b9e26b98d31ce819e9621c4bf9b9a2210b3a99f16119fa838dd8e4cfe362c28875c89c2e5dcf0ded
32 223 0 2000 56 1 :07dda1c7e02c994e50c1f224906d2d38ab307b820c78f860657e68fd1322575073ccf08f2ce0f69f164bda5966a667c279e7667db8ed3e04d145d0104d7e45c3a38846e0b0c38bae26869f20aa2ebf9c35258ffb49aa8990ec75b921e28db5f2467915cfb2d508b923578a2b63605533f05a5615262ebda2670159fede676d198c984630da1e4c04fa16fcaae4f4625347f19279bae5aabad5b6384032e5f28b50719b0235f1e4b500350245914f55904464f9cafe6798d7579979fc17ddd29640ad67d85b43d6990f156428af1591bb77f6c9731ad21713669633f15cd3b4
32 224 0 2000 56 1 :540b0443c403ffa756255503c362084086a019f2cb2ef16523b842980b3582b48f056e182961487bca0d618a7f29a93d6df5acc57258b87301f6abd57551f0c97b24be015ae27f3f1ae4abb3e54eb2422e1f17b845d2f1227e9082fe75627b36369183091c0205b1b52a248101e01785b7f2ead7d7818f314ae6ee2f3b521b3c4141ae635beeae92d0bfc4eba233615a5a57bf5dcc2c81178748eda8ae8da407f6d822d97df691af70ee636d6fb75144f42ae16efecdec68008f1edbf251cc7a3da80b54f834cab5e620003151f127a4b49c491cd6c874be813c13f4c606bca8
32 225 0 2000 56 1 :24a7ff5652dfa3278e4384f28b5aed48a721c68a103775d7ef4944b2af2dda323d2727890d4df5ad20fc68c16a09affd06fb7913693dd1fc2edcace1508701ed7fda59de350a0169884dc3d156a1e340345ecb9ee022c7d8ce573417d458a2d3db0ab3cc2ec16fc60a5da92ed43515dfc4be0e2e15d2e1ed040427c88b8466560122f7087d6daca7652d9b6c8d2cde3cfed86c6e2e85ab769f6a632dceef203bfe2c6df5a5215bd0ec9f6e8c44ec68048656aedee814e85c211723bbfae681db20934395f1eaaf65884fbbc2e4a802c615d235ef44542bf6bc0b3d6f521d1079e7
32 226 0 2000 56 1 :dc9c3ac4229488581eca14e994ca37b9cd3e9ef01acc8f2314306b54e5dafbd788c7ebbc3950537eb7edc2ca7a330669caa28b55034ac63597629cae35d6d23e01eee3b7e60bbc0ed36c4057ff7ea09bc2aea7b87dec302dbcbafc038844344b35db655fdd394ba10994205fafd52cab13db7c10ff8626812c8ecacf9269a24b878037d510bcc8329cbe30d9a724955eaccc9823fb42e722091f9ae3eec38d751a0ebb39533dc17221839e2dfd04105299b34261459ecd13cb6ec737d7e365c4129455c8f3d1a1c9ca51f45c19a36750a96588f4ef805e7d7a33c920ef17904d44b4
32 227 0 2000 84 1 :1ecb6c2f7a0c3b7ca1b831ab6fc9137c5ac387d4a0f93adf2995094d1d07ae550b4d0407e33d7c3a6db85c81a86942886f61eed7b53fbc8a18717a83fbc2490f4b57c97851cb1a62fdf9f0267e4d92c24146b5ba33a250a0764702cfc43d4da876f2c9726e083421be1955bc83affe749853d033cce005a3f5524583989d8fae964915e027795b2760e5279a57a9ac5c4d9989ffd1c537d71ca978882055c44612a49da056ee2bf203a452a39689cb57c6c558edfbc2ee9893f250a43a5149339f09a41b8141c3cf563369d34b2a00db66d6c89132ab109abcb42aa575374982f92fca
32 228 0 2000 85 1 :ac87f1f5ba39040316d3f955079b1308ad2d3e6893fc0618407953a951c64c1e7b60e04959a7e095a1988d3596dfef3774f4e9517b66085035e32715e97a809df40190e858f301f9d7676b576a16ce3e00a0a9019b10337fdb66c4830dee3b6eb895dcb8701d62161dd2c88d8ab819a04d3b19e5be02f9692189cb538dd252602310bd603b3d12b11b8f84c96ad425cb5f5e81911dbb4dae600c5c184c97523a1ccc3c15ac2296f6b8d7807755476ab9ad3b96bcc739d71efd1b77bd2800fb6b880d049070a2021d14988e5abdcd594cadd45b49c6851b8d76a49f1e79054dec55ea08c9
32 229 0 2000 56 1 :2bc8cdf86f3dfd17e37e1f500ce14af19956d478a3a42a0dee5d772e3f3e450c9eace8a8ea1feb5024db486a934c13c2361f7f4cf3a690bf990ff564bd2f49f3d038a96958b8e8acb8a9e318798a29771150fd2251c56007e35184f57275f506fec44e8e92e268d62690e5adf1035bc4738f3bca8ade08271bb06815cc9d6e1f16a3f2bd104a0ac18b829179de4d387cc72fd623cd106732a511bc01a791e1eee959ef4e907fcfc17d0b392c830e30b10c77674855e62c29e5847af48bc2f866ab60b3127f6810f6269303a90c5f8b3e14232ff37af0f8ddce2e2d68a36947871019cd33de
32 230 0 2000 56 1 :d087847f23762ab592efbea154f62685f4032613246d420610849add080d98087576271decc0fa8cb0c8df48a7a1159316147e31035539295e57b46a456244554a1861bec4cf7770b0e88eb6a107029beee10e884558d283424835ee239732d866374eab745640047631b02c3dfe5cd11af82909f089145d84c4d2724a98bc70773cf1635bcd2028e29561f88b401c3dc4d50ee2ed2c36e188b0f32ea834a5fc18fceaa08dee467c2dbc10a210d303b6fccf956178de8ec379a5ed2aad4454c1bc18ea20fcfbabbe4cf679b2ac9bf66eda7983532e1b4add86d310f8dca7bf4be7a9f4763043
32 231 0 2000 56 1 :da9b95556a2847eb8e88e4ee8ec6091e66141a97a723d079255f1f796cda7fc64af13f078bada74d5a8233b5833da2bad79a08b3ca0abd98a7ed5ba167f41e9cfaeb10fd106f3c0b6e7436c25ae7743e56a8707322ec2275a182e6f2a1494dd4b4be2d50eeb21a590d2fe43aacd9a6ff571e9d32e72edf26d5f1ad7811ddaa79c553d80dca5a7b0e826fd8d5447a768ded6fea35d0e2f3759f1002e0b23bc7f901737902550d0731cc1f131b3a86d5a31b467419a790a5fc5649cc74a22ae348bbe553fa68a2d9794da8a40ba2e59652a1f3939ac39f905024cf206125cd0cafd4a5a7ff2ca2b8
32 232 0 2000 56 1 :acd91aca859279854be9dcec0b912a668b17bc4ef65ec325309ff42e095e104ffa73ac77d80231ac49cd8012086b3d5562b62c5c2a8bd71d9e9775f6dfc85f25ac9b9fc2c0fa10805fcc6316b15f2ac8dd093a83d4fe2d59fdabc25fa376f81aa2992188936b0c792d409458f4e636bf04c3db0a88eb82458c4de3c933a2f7c5c02dc56f9b1d85c39f4748f09cd04f444ed45ae85de0bb6b83257568144e5c2fd400169d3b9ab26a686885395c56c4590aa098d12ae572c908039b270c935ee6ec955dd705f0d7f2e9c6e095dd79d221aada889a55609562c016001e62a590db6f1a8f440fa6d0d3
32 233 0 2000 56 1 :2c45ef0e7102115160ef26ead80ca5074958f04fa4d94bc53526312fbc226b3b4e6634c3db8785c0d3a1835817a50f88253f0926a580c7f0b0b6f15369b43cdc3429084b49458862fc238d0d6fc0a379060d7ca6e3084c9a716cb01263cb5173b30dec81c4ff369d7564f2829dc3dcefbedd22b9ce14e06e2c590b797ce812facb2a6e4394981bca44a8cf5e1aa1f586d60eb7844cac92d01a78df4a2d575e622a2acefe3f835f7aae41b2fdfd034d8449f9c553910cb73e083dae8702022bac4e9f520e8eeb3fa9cd5cd91d9b66fee39af5421b8d913f844404d0818af0ebb14301e34aefd9436cc2
32 234 0 2000 56 1 :f38f32defdbc05b0a192ab2c329b8bbcd594b2714a453e62787d6165b48695e9c45226bbe071b696b4428c5c9412cc9b9b0970edbaa23082be6a0721dd01445ce16bc2c836afce39bcace92c87b3c5478f7fef82690b3af6decf9f6955c313997e56211db7295e52a6bfb8f4bf6a69f62404c990a7b2dc92cd55d54512187753726b6828082bf5f3e9433e283292becc59fbb2be9317131bfbd00655a6d2b24a1a05f89197480fa7a90e8aff83069469d6edd7a39793963019d89252102d3a63db3360aabd6be81c880353eced002e4f62bb3910e084ac1525776c8eccb2c6701bc4ba3f4eff553994c2
32 235 0 2000 56 1 :45a61a511822e5cb268325ed999d879935bfdfe63196e422d41626cfc0c6a9db0b150c4f2288c22269da240997f1638bc33d23071af120f8a02221bd1e62aa3bac36197eca0311c1db011a8371930f832fd7eecaaa67daceb699428def09871faa7b0ee5198b4b19c08dd7b2b47f15af101dadfc945476dd650dfb0697ea477a24782fe63c6ab37d3f824eb6886c4772161566ced8aa9ed8314af479a0399ffe6ee784798089203ab0baecc3700e29f547a63758d9955284e59627e950eebc7b0a83254aa7041a363798bbc31c037998a6dfe7dc0929ee081ca56bcf38ca24d7282a38b7363d58cfb91b1b
32 236 0 2000 56 1 :9fc9a0d919b7edde0a097eee3e8b8f6faaa5c9058b18e9387402a3e1475130c1235a2adf78f4de9067cbcaeaae2608e2363e2ee91477bc86b5f3ed1f77c9138c018821b671f0646157150a3b220cd8b2d8ed7b771d84bf6c0ae7b29cee2ea4c7b60f3390e6c3ffa3d42456ff9403f76f041b20e461eb47dce0eb6df7b4d9ab7a6b4c91dfabd3cfec90f195ee090c744ff76870b24f83719e116ff05d455508759d688e480ebfbb4e80612a064fe6699c41c70d7c5b35bab89c0474968bbc8a7e8e2487c3d40e1373e4f4c98aca2223fe6a6923745f04d99029a6fd503b9feceb1eaef2cd03e0d491586864cd
32 237 0 2000 56 1 :b1951771c38292a167cc42bdd98fa0a51313d4726c83e0e1675ad867725e1578d143d3053654974629292d30e9cd8db328192b5667878b6cfee6715d77eca02ac8f085ce86bb35673620ff0e44df3d61e13f5d3089843833e3ff460621d31af0e274e0e6303d447a471eb8684f1774d8de6bda6f892b9b62b5f8ccfd4143d7fb2ed678741f8416bd7d2ede9dde6ee512a1c9f6c9b54d850ef1bb96fd294ebd8b344070bfa58bd81bac93cd07026390aa69dc304695c10dd2170da689bd08f0f18fca4e5f6b4c3686b45631aaaa414f1e892b2ecca67abbf4c8e46cb2052ba339f8f519338c6f4b2de5f39fb74d
32 238 0 2000 56 1 :88759a8f5ad7e56d08703d370a15201524551fb6f2435652d5293c4b7f2343a6eb17f686c6a4e1b745f273332a6282164439dadf51e88a69f503e92aba76571836e63108ab210e31f1a4caf55ac0189ea916b32308cc750d73c8fabb486ba816cead4f3637f725aee9712131cbc365154d1a50a29a8df556970d1536663f31152323373cc865687ab5fe3043404934fced8062036d4bcbe201761ff41dfb412f0f854d49b01a4d9bd27ff69d53a4653a3679283605a7c4c584393535a5e8afa7dbe7ca797f225046c76ede2fd9cbd46f9a8f93c5c81262f8bd33579f3f26d28294d0f9d1c66c1c5d47df36962682
32 239 0 2000 56 1 :d5d1cc93a08af119914877b7157e8420211b90b2ead6771ad3ece6c9a70d6539fe3abc1b65f13e4cd1f18b1a16bef294c0aca502cdf70af92d869fe3dd1dcdd37381937627ae906665da9235e31fc2bb45555f42b551c06323d8a8f178a41850b83d8425393b079e8febe059dc7189be2fad3ad266a7cb695f1b870564e1c5240026b965f26496a994e0f23dd08fc3f577c9d0b2c8e3b3d3b3a2dd6139ffd5ef94688877f7c168ba9f7a1c0ddf39e9e7fca86084278e67baf59a17b19b71bcfd78237f2986afee2646da2563e0d551ebd99130054bcb313a7d67458a244f9ee2cd883837597256e2a6400bf53c8279
32 240 0 2000 56 1 :f5d9c755083e98e574efa0cfad5f64888f057947097e85aa94754f431be745b8b2f8ce4d7a44f16bc963a7cf300045a000c1e2040187c3482589ca22e698934d55a6c86aa9c52b32a9fadb40ee982829da981bd583a8d0c66b32c8b6c2b368d17eee0813d759f986633455691545f3f97986ce72e4a16da71f81d897c22376016dbff9396d35d97dd4e6de46338082508458375245ad96b519bff9f6a3ba9e432ac9727c0852ec55575e41f3cb3ae6caf52fa55c5a5cddce93509a8e9e0c6936cc59b860a0079cd8b39655908b83620ab0f10ba6cf876cc5d6c192bb74c7e8cb1f06dec2e552c7f345ab83e6369546f7
32 241 0 2000 85 1 :1dfb3f4f5671b8b06346b9b3299394e42de370273828291a0e07791786bc3603095ab1cc6360ee48ad46ca4660d80f54a2140d0160c84d7af4acde19e61db82ee44615abdefc9dc2c9f44fc526b48205419e387e7fdac91d97c22c9d718a31c3ccfff3322a3f18c8366737294782ff0f9bc684498d1cd0dc88408d03df4313987ce9aa5e37f0f37985958c229f38c901ae91ebe71ef5fc10bb068bf35b03c64131ff5fd58689ad827cbe7bee14a7c86f661662755c4bc108c08396274df27ad92b1049eb2bb555459bdd60b07e861189cd87223c9b3a28f460a9a1adeef1a59f534b8e7574e80fd3fe9651c7fa75da69cf
32 242 0 2000 85 1 :b2a89b9f08d68816dfab9c6c8e8716b792d30f687f40dc3de36adadc8d2dc813cc70c3dec3c810c3445ce486fceb81ccea83088a102cbd2917145121e2401a7c881ee7cbe8be0be709fb7d8a97a823acf91c4f28960bda01437988e2b49f5d6af3984e12accb073204cba599546a84b3d5257d0b66f34a0168a06e2d91706515180575a4aeac3a10281428f239f461213ae0462fb00aa1b4e11bde80a7005e29a0c2566d40fa1a57191df8536ff4d48966716bbd6724c39508f18ca79ef606ea06301a5ea903407b7ea6ed1db3e5f632280384876faa966f6e751793e13c0a8d2ef3e1fa71d519e6967d81b602d760b50ad2
32 243 0 2000 56 1 :f2d8335f4ee1aa6b8441b8ed34034d61c019da824a9f1cc2ff81245c4df883a2855108a9c477c0ea90b5df20b4e01bfb161dea10d26befa4f778b10c1a59c9af36c8b394e7f66b2aa72b8cf0882eb02218bc72722965086c769049376b52b85904a30d135805d53a59cf9ca853fe876876afb2823b6ab7ee46356685b500e6eece60a0e5dd7e1a8a35860bc13182633315a4d205c8c1bc73cbdce67a6e40dbf4ba80396ffaf4058984303c64dfad2de1e5b510a517a6afc936f6026337334ac1f121fbd9230175e584ab01a41a1810b8966eb31388623a5e3343d9aac145b96012a687046833d4fc84e23a69e0d12881648734
32 244 0 2000 56 1 :16be1f95ea2062b875ee8c287dba43cdffdca12eb30208819b1015510ee56e667ccd16789842452df1f8f216c85500fed6eb12e3c50e9b640cc6c301f8627c0c435f3abc0955262c5b249df368023d4085315d8dacffe03f79d07f1fd2a48781637c3eea83142e79e809a63f0e8ccce0ee321ce2a13ff2a6de25304c9b76555599164134ed7fd34e0c317674e5c566687012174e30cb84f5dbf3037753a12f7f9a9dddf5393ee2c0a1e982992c2f00da6070af1731ea72acad6abfa87b8aed9cd31c7a83f8a16e264970eeb00710c7e03af5111f4007d9edaf45b0f6863a3b264598945eb7ffcbe5a10119122f8466fe00a09c27
32 245 0 2000 56 1 :1070d6a620fb8279b2e519b41e9ae4dcada0abaf4b7ab6ac79d6c1f891dd7c0c871bea7a3fe7590c5c1c55e740791873a82ce64ddcc5a98b23142d8e58f14a220df39f41df9e2143c165d0158ff44e817793e0c8c47d70b358dbd37899bef59ab483a6c6e2f566e4f6871f40705a2254e221d399cde77e5b90920825e5345f184b31a7eed94472d14fb6ce598e0a441e43536eb5d4074e130badcf862ea372628b435ae3520d10a3fe7295af5e8a9ff6467753741a1014f59e3811778b47e2a77f75c39b1efddcc1c67df2ac3f6374cbe62c9b855456d43b73903cc794cc064c4cc093be646f5499a6df54dc806dede736e3d572e7
32 246 0 2000 56 1 :d963519cbec7aca6dc047df3ddc1b569c0480ec7da979270fb3ed057b03cb9d9f7af6e6681ff28154329c0a2828b85eb355dec2567bfa2c10d8eda3e07753484cf993827d420259c0929996573f0f012f7ec8b55e987513baf376eed5d0adce1f048aaf670918ff8edc4cabcb887ad17b8e8d5b60fb60b0df2a21d951cb66747349d38e80c96afffccbd06e30b11540c40fc91b32d5ef5ffae97d52d26587d3431c7dcd98d0ac40d2fec45fa805d6433140397ff31928af6d3ddf3cc91c566f4a5a5b4a963c5831d330211641a7fafc3ebc76394d0d976c8a5628239c1dffc41d987750ccd2dd7a385a1eacf6465c017e7be2588c269
32 247 0 2000 56 1 :6f14df7dede120663e8fa4c9c55b6839368f8f6bed7b0ef686fe37405312df11972bafb44f40ef90988dab0b041e223e7429e1c1b190237a89d662a37dbdedd4c4f217f403debc3753fcac09c895434d0c1c9a43bf6d4c86f943944208c18aaa72a1cf17094b4ddcb6e8d8122762622f93caae2a8f7244857efdda67928c84b798757f4f6b46e3bf64a6e32bd0754bd8ce513bcc615e31bc0712565706ad80c15b4653735a9a1a734097521bde63e0ea96381dbd89711409ed5a2f947fca6f8bcebc8cfecd46e5a1e2a1ee4d514842a5591f05d14e52b3c417b695029eab94059b3c45e71beb50fafa59f8a7dd6769c4c0ef2a4cc96664
32 248 0 2000 56 1 :5faf8ac8230575a3a8fa540d4bc10fa1e8b161012df2794ce096f2fdb7ceaee5c1553701e7a998395fbf27b905c15cbd5dd9144f27b2f9cc69b16b7df8d488ab544f7386f84130c8b0555a1677c907b7b8c344610f782fe7899d835e255ebcd22822b0c3ff95f3ad2b17e001f26212f8ce367966d2e1a80aa62bf276bf713357fd5c57a303de4827196e339a66079d371dfdd166dc85cd335e1edd7814b3d4213872ce4db8e97d9bc3624ab309d3518e05bf15b91dd1d5e3ed4703b669d89e79a1c988c16ec258c1ec1068272434c8479c50bf17fd7e57c3eff0881dbe3f40261fc0a4c367c526c268adcbf1432237556be87c82e5c7044b
32 249 0 2000 56 1 :3fc04f6f418ba742da33a090d5d6855d08a87a39cd957611038ae532dce14368aa5314139eee520b783b0256719cec4606a7e3b46c3523c617f17d8f7c5c8a9cf02fc1e1ec16ae717aba0a7f80d0fdf98f368ccb6ba530c229378b9b131c5bc5365a10c49d9d50c4130f33ed9e3fd0720a3a29335024fd56bcfa6b844d488b7ce6a4fc77ca0885909275290ceae8ef1be42cebc419804e7630ef53c14a69468157cc3eb1450486241984b703fdbd1dcdf17b643c07056ca764613c6088f24016101aaab0a1e6d3889888eb93328f0b985579452127fbd6ced59c08f64bc592fe214bf9056f1a80c476883d8d9395edda9b8bfa16cf7eaf3403
32 250 0 2000 56 1 :88abd6ca387e89e72ec20600834097f22eee995ef269e83e5b274129459426265b5ac12409dfb6885788bcbd7c32237ea10f53efadea976eb30d4d21cb1dbe26e5c9d1c82e49607acf75d2e0e919048b278ca37f1991db58b6d94c139317db619df6fa355cc62f991b86f5fd8f1c6e44dcff94cce5aa9fb3a627a9e138cb77d01f35430bf847e1837ddd332387b19da3b8b9b3c688e84bf7243db5190e217f2a14caffcb608d55a3be34cc44d70f19772cb2e7cd1d67d815784500ad8244dddd638046655aa06e4f1b72e181c6bd999b7968cdf0b66ffe495f6aa3f242b090b51d803dbe05955e9f523f5d31db119df0f7f955520ba483a4ed4a
32 251 0 2000 56 1 :2e6b263e51adc9d3a4ef07c0c46f12c73a0f0cfaae03f547698cc9d48c701ee8c18922ea39156612ea01f740a2a4bc908fc41dadda9a9ceb878966988017b608fa201aa5d75b07c987657f23675cd06137c73583d3dae69d8aab4a72d11bb4c9e1326ef092add10f80017497ebf1f3c84a0d9959b57eaf6522df91f215153f55735fcce75a96f564de48131ed6150b9d368f986849bec16da947b2b02494e8c9ea26a9569736c1e8c4ffac8f446f09a4a4bfaada3335e21c66340285df2c5196250f1713eaff7385f06503891029ec6b390a40ef2e0ecc1d5b5baf19ad4fb288092dd10c1ef6d0ab48f567e6393288119b97d208e760bb4153cd51
32 252 0 2000 56 1 :f4de94005934e12af1d585752455fa85d0fc2a2495e2ff2dd819994ee440d4d90f822a1921929cccfc0a212a1e896ce981a409604d1125057dcea95c8c3cda7a0c3bc60cfcb55304fb513299c3d3e55990339163cd9037361c0638f2609e3bb0b772450fa6722cd6e1c37388ad54636fbf03ccdf3cedc2bd2f9b527c1fe89dc589a29ff7a774c6bd0867b0228c0484be7622497b9ddae98dc5073b7a78072992a282b9269c8d7118a0f86b416e93cee0507299e52621c837d55fe5926b42bc68b54d794fbef8f87ac459b2426caac977d159da5f472d1a8f8b663eeb4ea1e570a13363efa3e96b02edb9b090d42014856c2ea01faea5f045fb4650f2
32 253 0 2000 56 1 :8453e55da4dbee841d0527cddefb05f5b8fb20ad920704e9fcf58b6700d0d7145a2a3cf359d9881098d21fe8dd700e6dd93a08e39d1b7b0e410d47fc41f26bf764324cd240b2fd4b56108aa5e70bc97e464576a321071005e08527cb6ddd95a77dac176c23e62d953baab8c4a788ead9547e0efc029f9f5a0c051501c319fa850e293cd7dfdbb925b5da2ea587f2d648d7c757e78f8fb82304aafe2e8a9f7a7fabe4647c3396e5c481f17afd0cf570bbe265c8f0513a2c8a0b43080d94c5edd100aff4f13c51067925c39bd2af85b6b05f267ee530c88b95fde5ea500f9f125ecb00031958ea1d8346138ea39c71d3bce8fbad991577ad1574ba3b315f
32 254 0 2000 56 1 :9481523f73450da3e85a4bbe7fbe3fd8a3559a780381b7c3b6f244182b56ff299428404db3f8760979f38b152593af2165e56c7d6e75b97677ff3ecd3c3fbf03a7039f364a053bcbba1b1f8b9c95c4a12ea403a675275183eb659d56d30cc44bc804f77ac3e6442feca3202f04deca71623d2e0de3eed4f9177d0a566a8c78fe660de3d28a8065a0419f4072c0e54c0f4ad1412f2234ef4a71aca83ddb7a80f10dda947ca840ae7e9d818b2b09ae46291d4bb1d0950fe8468301ed8a4c823b31baf92c9aa884ceb7fac1ed5a54f3d3f7edf09e2e8f9bbb9172527bf3220029b9a69a2aa3d641188d662abbb6b247ea1d15ac6088a23f2cc6b88061bfe5e1
32 255 0 2000 56 1 :4851d3fa69936edf00f7b0c92e2a7856cd65c39c1279176f535207d9f25913d4a96de9bc46c0aedffcccea1ea5791a87733d7b1b74e58ce3f595e2b42d6880eab20a872259227394ac03cb9dbbcd04fb1bbb9f89b4114b1392c4355a92bd39a9b3dc7433dab56f01600319e82331cf9858e3e71531c52e50f32e462b65be2b5b81c793ea9e635f83c32d777e49a3d497db769503553e51c7bd5bb45328d0ac5425b8db98660e0974a9ccc68320568b96ec7d268684672767e3e971e30129d1761771c9293542e9a7074f3fcb5534299d3cc41a902763f03deec21077af308a4000e0261effcd864f2bf19a7960a6fbcf05abf86f27a8755e89ae8726677941
32 256 0 2000 56 1 :148257cb91b7388704efc2ce9302f89f92cfadeeb5bfb32666269731324940cfdd71981f07d209519b40586045d948dfa5c99f9532a11638f5d498bd197bdecf91df873833aa4322dfab6f977905a75869ca506c37268d3826b2068f0aa650b7ce2de186541693684b3cb7ee16efd84ae4e305ef7d3e337e3c62ca0e768ee537bc6678614599003a4a26e918cde521fd161db12e1f048b0eb5c68952db79c414ea9a4a7dfe979278626e9f727739dc179464994d1c1e6bd88989ca292a9bb4385134a518de97498e5f1d24830ec761b353b8e1991a1bb29ec1af919998a9fc151944105ad0988a7c7ba772f5a3e0e024a7372c02f4a1a424ea62a644b358972e
32 257 0 2000 56 1 :7a0d365d88225850e47c589cc3a2a7d9b8b219ae591a11d0c09595b64d5b516bf4e35f477249318453e257f1dd3a41c7d8caac3ba63625d21a3b43c0df6e541ff10823603a12d6707962ab8510c43f8d62b78d0acc34a2e0d52f73e90383cbaddeef8a89aebc4bd66fd22286718788b07f224f426ecd084dc89b03c2bebfe332a162f17135d97413a02b6e845e4f031a230815040d819027fd6604540eed8971f15ff998d3118aeee8c5e10dacb81c4755ae6721ae0ce7ea500c03e385b901f087b644f064511a4a91150269011bf96b3fd0621bd972ebd3345c9012ad6a28745df3bc5faf664e80a19272a6185a5229ddc364d65bc75db52bc0a7a552babb72d6
32 258 0 2000 56 1 :ef4642e55687b372dc8ed5c6d63873269f82e48a51c40e8e73c52a1c059f6d4251b674e58f15228444852ec5c858dab45cb0baca651e4294a1320f946f6369b71423813e6bce50874825d8b2fe77b245fb84de8649f67827b004c0b4e766194b905bb573a5c7f22dcde80015038f729b672963272446af15b2c35e7fb87ee02b291e4e672541f01d789d1763fcae23151e71054420ccd8e5258df333044782db542d3f0a247f0550b8ebb699ba167c0398f92fc4c4dc73565b847e09597f76e5355a5a8ebd228b7ec1c28731cd7ca5d0f46addab4fd67c451467a0337a1d8103ba2b89f9c9e6e30dba3e548966114c839c18a4fe317cd0cd7f5ede5ad908c7221d64
32 259 0 2000 56 1 :228ebe9f9496c080e36ed4af91dd5633035a4b02d24bf82e8189fcc158c2f2f520562d5373fd3f385ecfd06bb2a12fb2c60b0c97f794da872f85492e12be4734230111db3e2fb2407b3339fe3154a1f7bad7bdcf10a76b75cb541aa38569ee302f952fcef43832e78dcecf0dd35e0ac67c4e01d18c9021669618edd949564561cde7566320dfa99fdf2d437b0556da9c048e6247018ba03e04cb241d8640c52a793d05a208a9e88798c2d787a2a7a28a2b8cfa8174097a3306c5a134c0978419becbc3021dfaabca0c63ad401e8f9a14008f3c2b57b69acc4bc113f2c73845bfe0bf0a0397c2cb049c46d8b774d1bda6b9f5d5b9d2c518d7e8250d4b45159d2b1afb05
32 260 0 2000 56 1 :6ebfa4c2e8f9fc9353e3b580a83a039347e6a13b8b98d64144407eb68d64dad99c070302a819465eec9016beb638d9840366e971016d71d6d33d99c50ba358dc5d49df4acd6952c10e483724068dc0cb49a186f908cdbe66c28b07f5a14d18bdbffa09d34ad61f97b29c75d70d06bcf9d72fb4aebbfcc2c3f301a07a7a52169c5b6ec112b0dc3a5791868c6218dd7aa01c6068909019ec0965f7883ff731956a133258522feebdcc3aef6be5522c078c633e39b6ab1e3ebcf47f1c6be01a79829d9210b2a5a3638cba6844a849cf56e3ead5d514376c91e283bd530c2d40b56dae530163b34feee32306b1393151b9081d0f64df603640ce72891f97f10ad7973d8f8f1b
32 261 0 2000 56 1 :2e40910c708604ddca5a644efac91772afe727e43b97bb289b8d1da5b384f820d3ccea1a49256663fdfa7ac9728b486d7e40ec678082fe907023b6fa71c0543f84c9f8afc96ba9ad72416ac35f5c23bfeeaa398d2f1e9e77175c98522c522ecd51e2f0494f521a3121b93bd45701fa8125f76b59288dc994faf8084ed22441cacf45c6bbc53622db8959c5042bf6f5a07c6875c7c235d5d5cceac0bfa98a80f3ca5f9b1d381ab8501f3b66d5b16ec4fd8e079e1ed92a23f0358c7a15ecb72a30f4a88908e367459507bb004ca4414eeaeaabd754cd79ff229d262bf78239b4a0771534e9aef435bf3167bf798815ee67fbb52f4ff7bbfc0389a1a7785de56c93f24e5d775d
32 262 0 2000 79 1 :d983185bae4f32d6050b547a3403f83416cd8fffa9e32411ba4b740d0eb73452b3676a179b24b9bc27ffe7f71371547755e26f7f207c731e6dab1cc478e4b821d108d56f37bc6533fda5f2652d95c0878ef7ff850edae7eeea0063922edbf9e3ec87412e7540f014c68d924dc0528792900c5be980e5000a16b67215349edffab19df871ca94ea20e3bb25ff50d8a754971e00dfe923d9d7b4233b28add586b5a24f8f8a37eaf4403c801c71ec9ec891ec51e5429eb1795bf371d8f65f4b5c6d4ceb1cc2738fcf1faf2e743770632d0702fdfcb7effe6c2ac05a6aea24e698e3c93e23d9c0b9550c5eeb7cc5e00e6e3a6495853ee0ecfe37c31679f0a4500013668b86b69fa9
32 263 0 2000 85 1 :8de37f2dd01173cc66c8f0c3c0df1c80186cf76ff5fb9214c4898c22eec52858f9a01daaf601959fe8d2cf7b46c8cff19564cd3fcd154f1de8db422617eb49162525e83182fe03d35885b2e44118d117862e3bce1cc04f0abc07f28297acee8b411be22216b416078d70b1fb8b82d83196098b3305bfbeed55b88185a48c4dcdba6dc0f0df62642ee576be35043876f1f2584f27cc787d45dfd65c0a0a68e322b355c1376af273e672b4fa47cc954edceb3b24fa8bcbb63885c5469c00387bdbb992aecda05bd38453a235e2ee22da6dfec045b9f2fa09cd4b68c404876970a877c48850f1f84f77af89ba6ef5f5a9c5376b461bf3940913658a259d9283a8f8cb3be590f66546
32 264 0 2000 56 1 :89e519104d490c5c755656756aa129220d0404fe48beb4177e8983cf898721ddc36a3207196c05780aad33680bb7db78fa1b74308db082b7adf2d36d0c5828f46cd40d2ba26b373bebc2ec28332459454fb121c21eb92853b9d2918d3f0b6c3273ccb24c4f1958b8951a1c94aa6dacf6cb4edaaf3ea2aef474d1c8f142dd97022817e75aaf39fb6767329a3c61f0ede8556f4e710bc3325bda6631adcffc22a4e6d0aac2df6da294adb64b264f11a8667f86afb5dc4cd9fb9e28a802effe305121f1cf15f95021cbb60b2f86f6fdcbda91da960183c1ac258f566598dff5f4536de04e0da89023aaa9d62dd21399d1728d3d3d048496da3c5abf956790994299d1e2dd24010e9efb
32 265 0 2000 56 1 :03f1841faa85dae5ef115f4fabc7a88d12fb2cc1f45c3a01e8fb19fd2d02e79b6c2089b0f352d344f03f0aad86e372a4277c01051850a0fd98cd1feb43a84e0e3af6475f389049831ea8702423d8c9836bb918d1b9129712801c99d5c9e74989c8199e029034623ab59ade49989844e94fb6d7020976e3c7a2937e24a80020651d123efb272eb1d373ae9187fc8e6d2dbd7674dd7bc61f54cba060f30ff22fe6536bf209b8728a3c9a212eb348f2ed44df0fc2635235eb9795afcb0b546e543d4ce6954c542a890bf002008cfcc6bb398719e6aece0c617b37e292fee7096fc1b609f6c0d72ffcc801dcfadd3ae5aa86e3fae8bc67ac4bb41486a2dd07593f839a479429fd8ab56009
32 266 0 2000 56 1 :e8192fc7f416c75b14853cc106140fc3a2e2d86435d528ce6fde2ff1debe087eacc0f3de70c9acfc99a01a5584e834c9944b80baba537afbb73acbc4e99045fe275122b94d99cd675df020ff94d9a89115a87d9aba426e58f663c90cad79853d0a57e83a097c8eab75f6c8d1e72708885b0f4075bb57414ccdb62f1231b28829ae54396988b618bd0de7d5f088225175c19e47c3b2451bf08ccb1042b5e106beaa55f360ef845222d58770db2b02c14198f4f7f644c3dedd70740188f310aec5db6ed17b3d2c71a18e1b8dc4c435bca69d391bf80f4e3bdb2a6a62b17990923ece6f12fd865c7811b60eee6b65303448097e5a505e7ab7ee2395be82ad1147eb756c04e72b7e6e42b92d
32 267 0 2000 56 1 :117f29e5efe51e8db2b6d10f3b04125d848b720473e60b9fbd6b3607348ab1667763d82ed2c3724d08f324e8c540d739f19b0d70c6ee3f66548734155a436fbc7d5e198a9f33e446692897b1f641dc418f5d2fb769e4c0ef5b8d312b092bf84c0de3ae634a43d9cea287bddc466eca90288a17b0ab6ed1a8545658b0e028574f180f9c6a41c75a497540d2d7e37cc87f83c9a1f6fb2e8c909df4e451940765be15aebeee863ec38f1cba1962b461a620052d212f0783b18e9625c061194bd888925708f8e81e338085798631b7b6a8fa914709ac62b86679896aa683397cab07b5fc2ce4be49ce37b386b3d6617d222f0242dbc8671dd91a74916097a8e821e2dc3d0a1e90acd7079dfdbf
32 268 0 2000 56 1 :d770d83d9159bd8137eac72a65429af5ab2c44ecceaa12b638c93c3d48872e3f98d0f2a54dedca8d5fd9645b3293d44e4a2550b52c1e4c8d429c0d4987f32ba5137e32fb046e914751414e66bf97d3fa5faf287aeef47ecc61ed6759e7669725c0c08f49b2c08ce6a1e23958a0af733ced876e1231230fcaea98e664b3acf16c25f9d2a6b0ebe5acd27bc1d243d384ecd413d628aa07820497832de6496762c4887bfe14c7f45bb0c25c9dd310de46dbdf68501e52a628e918c47fef0299e3eb2573501dd17e4bf84e2b11d050eaa44575f0f2026877a21a8f4689ef19ad0da284d93a8507a3d7b3750c92b8e9dcf1963eb839a180a269117dd461822fef8b095c7933ffd6024d5910dd4eb7
32 269 0 2000 56 1 :eb6898803b0f69633fd52bac0f8fdfd5c8e79eb8ae0f1f24f8aa5579ce5299ee01d6986dab6aac33ff21d36c63ef080a2341433d982eeddb83713b6a2d79648d37ea9bbef554b7a0e3004caa1ebb1024610bf65f1828c5f882bcf2bb3bb693865c758650f4515babe7e207e6ab8141db8d5b9ad904fad553e38e36058bf146b3a025f2d3ef8cc75fcf0e37deeb1fb75de9bc714beb22f4570fa9404bf5ce88173da006339bfc4ce53f9bc8e3c4eb65009daf6f7c4e50802c86f231d4e2124e3511bb65be734ff5556134d6ed12ad672fde60de2ddbba6aeb59b5a8b285ebfbd2151a28498fb7326c621f717bc263370b649dd3e747aa8a3746829c3f021c8dfc6de4914203482a196f37ccc636
32 270 0 2000 56 1 :ba6163eba42c72dcd306b1897ac65bdad19389d5563397b1517a4932e1d0e67980c0a860cf2321e32cc89985e792ab6fbc640b755c7bc93e7d0af20b5d45d99ad6330ea1e0ee199a56fad571eb87f721a2b64ee88791b98af125a2a1fc9eb382e33312b0d6ac612825fa17cf2f18f0d522048adda7f8310f2dbd64941d6bc8b1be401de2f637e3397f3e4574a667148318f0bda4e91bd61a331d6ba75dc5fbf31b81a11c7c1d637a3ffa78be40b694647ad2ce2add5e50df8bd6825d11cebb41e0192095a7222dd4d6f839311aa6f3a365f62c2af899b126784420ce31a4820eed972c28ae1490e63bcc3851e5818cf9f34961470138390f0773141e8f53a99f8a253b71f1130307945648f09b3a
32 271 0 2000 56 1 :faf097e31ae22baa1477f6316f8c4b7716582b834380922e970e7e077492c0bbb020e50dae02c2445c24154ffd9636996e9a37df400efa8c7fd328806f0786f636972fca3996f8b2ba4e52ef24067c437713f6e47bc159dd5b5f6e673973a87c68182a75987937fc44892524f9c9a8ef1bd3b2e1de1943bb85128abc42b53a9df6bbafe05a81ddc154bca2bfd3a8f6164ff3b300ec4d36d14e9cf92a8c33e4c55180fc84f13b1850aa7cc153e548e08858972f899986da83b57a8ebe9b0e8122869f909731c4658ce66d3320ce7c80f465ccd9e2fcc5ef838b5f96a2e59069a4b5b65981d5726cc86a61784d00774ae2a62f2b4905ab74fd628bd6faa13f2512917f051a73f5d4fc5287c3d14be855
32 272 0 2000 56 1 :ec6fedba9d68478f8f2867d2de44743b53228c3dd8fb7e9628e823ad313c01173fef6ffc899a4d8b7a164f0706807fe2bdaaac24d114fd3c8ea5ed994ad35c15ce46ca6f41b8bc5bb0eb19c8d65e99a4fbbfb2d0073103efec414d83d15be58724b0d6f05116db712e4a3eff72ac082239ed92efcee3c1f2307533c91e18e6fb1add734d61e4d9bdc8ce88f590ec7127789d2ab802d93e3f48a9046f8c73c96d0dd60b6937da3a0b0ee22c7400ab599d4519401d896740e34ea9820d4cf7a7fd85874954bcf63c97146c398333a08b10eb1a27155e3447cb664fbdb468bdbdb61eb3941fa6c3b52814a903ad1c32f4ba189ae620c99f14a755b4cb85db6e7677c415a544e1cf3176647b14773af999de
32 273 0 2000 85 1 :f554607da269b2b403f7caea52cf1ae199c8a0b1401de3c59189e059349fa47d64d8c62d84e1bd32b321fddbcd43c2da5b75c617fde5fa2d5d3379a1ab940ee505c0d2a18aac77b1238a60b90f4939e0403cfaa0ce23d844fd2277da7b63e933c81ae850a9999b7cf7c199d8272c5b8516fc2482a5fe4948d8af50ed057f6aa6216e5e255c6b4b1a9f2eb324e309369350cf7458677a41c6efd9b3ee67000667caf0c46d4aa34e85dd6e169bc9b6eaa53c05da0509139e3f479107a9c28e76696979f3dd76578d14ad1bf3d52df462638b64444960445741e8d7cffa43d3724157759c88f3bfa92be0e6b0f9edb6856a505b8ba0f4dae4640bbb2e091ba7b74d14844f6fac3a8b2cdc4228dc2dba40760c
32 274 0 2000 83 1 :7af2ef5b06a761b314c0b140b3a83cdc31066e3450707495882d7d8f5a4e8b2c200b2248c654255902a7e25a8671011d2bfaea8226f562c5ac4d5440afa8e64f4be9bda822aa748dca110752945799e2f93551c12aeaa5c309b3136156e0253b36f5fdb680e61efcaf4c14cfc332b8f452bc923314a81abd353482bab9029752a1fa59fd2be70f3040513d99977d64a1ef8342842209ed8e6c170ac9ad9b052b00fdc6e804a32ff26c58088ef6c798cd782270e3bfb80b378ec941636fc0c33d08a268ffc63f1028af71c0926c1762afb4f82d33d7e1307202368a89eafe1252308c410918b1d2bd8a8d00da4a94dcf6c7a40f7e734c0189e413fdd6e4b80018910fc97bb1240240a7936c5a40484d5a52aa
32 275 0 2000 56 1 :0c6eb635a5db45dc507ca24fe7c88b5d9cb553d7cca7000c7446e52e68530adbead81e622a475db13f724d2da4bdc7188f42ea2a95e1a1d603fb50229caaa9ffc67f62476b5a0c2d5a3e0ee279719a56bec1d6712f8f4ce0faa50e7ff536b3f1dfec5510af678573cc662298a83eb9e9ae73fb54e23d39deb8eddfd9c083cabd7abde707c17b070b1eb24c584fde9bfea9def3c54c26955260c0fd6f7575a64b3c0c4859eb1060510733c30d68550ff0d1ae4c10954692faa4258244db0c955a6d338d9058810e78e563a52d1bddb64c98abd407fac11ae24ce2952729802ab3f88b1b4d56d06a8b4e8ff8b096e705302407a537059d1979878d8d6e3ac29af85ccd785f213e7b88bf1bbb9ecf7d597306bd4a
32 276 0 2000 56 1 :495fa582e66e84f16519304a649f3131aaf861f01f2756f01e224808bf1ffb59b765485685a6e3caed04a5f110a62ac9c287ae3b4f70a9860c9d6aa3b9fd47d6be971a9c4e96bbaaee48e013c383888f952a288d965e9bf4683a8c77a6882fc408914f502b2d25434e9ad922b781bc33ecea956507c0db09d1df6269c50271a08a6654657b6bb685d230e3be03da0e61f874d9e6d1401bfaf41a7c73e65c384a297fff83fa502cca0003166188620c6e99cc47d33aac9418c0b7a1f0d06ebfc657674c13fec62d7c29a31c4b9b2f1b73c386d03f4be8d004353919bf35290165ffbe30068414a1c2d4191e4470e052cf2a89c446b165b739695658ba79dc05ab6f9af2f8204ab7d7e87fefef4c05698c5cbb2636
32 277 0 2000 56 1 :377487da6f7b716803da054cb8b6388fc079518aa428cc5cc3aa05f4b2b4017c412a40ec3ea7aa37816b82fdc1a463cc1ea857b4c70349383764eb482af9f9e002a147b41e311c00894e28b2eb60fd04f8748f0d50525673235a40d54a98f14c9a5138d57338d5ae18f8a598bd39cb836e0794aa9d68f6c3831588116bf261ea82e4971b85843010650541ba807b23a37850815fa514be4f7bc1409e7a64c9d3c148a8bad945211f0eb7920771380cb1082edec0d4ca9df8a9efcad4666514c2491342b8c888892a9a653edf7d03b1895fafb3330ef496159112f04c4b5778b1dbd1f6ec92af5419638ed34152405689a6acc186b92c09fe45d6b4de25eccb68669d1ef7a49e63b7ad4b60c08b974803e1e2e9a624
32 278 0 2000 56 1 :3bca28a66f50cd8b78084890681e2c46586dcb4f6d49da67d8252564e46a9d567896a2f0cce0859b23a2a1855dc74aeac2076548539f1a9365909b3b8aff3a17be85c5fa0349b9cbb65afc02053705c325989332db46a0ff23863092956fd89abdf3f70f1ad2b705e8bb37bc86c3b8e901ada7ea785bfc9c89cce8dc19d485b15a3d155109e5941cf8089f649965b469f3bf813e84eaf7bb5092701a6bee0f13b5c73ed2591cd24c3ba3e43b15b9eb952406f76cefcfea429e612cf93fa1ed2589fab64b4e97a70c468d15d7d4bbab1b44816f49796b69d9a5c3a4920d20116e530c44c9eed958bda7ed64dad7a4c3bd29b7b5be014084db178e5efd5a4206001c63ff8797d3065c4216df2764db73320aa19ee8012a
32 279 0 2000 56 1 :ef6ca5c386f3b4bbc80c07eb83e1cffe37f49cf02be30dc971a851e78f2c8fa4d20a56b957da6e8cfd9fd44b546ca29afbdc8fb5a6d6cc894810b0ea79791f25e5d6fc27e9d51fde32d536619e332dfccf5542606fdad531c7c693465e7057f9332722d8b233ee586d0362472699345c14a1b585f119d04a25b4b6140738b828220e2b2e87bd3dfa5f942fcb5b7729ea4418a931751a4010ba06efe9b4583ec024d88fe45a9dd41169dc23bbaa3482004824432621a9df1d5766e4c89d7d1f664a5917945ba76ba1b4fe45e04e94121e8f39ad0adf7ffc93bfb108f9a2d01002579e354b7d25327b215c293b8ab7be5f604301470173c86463b17473bd6f5ee5d5f1aea5b76fb9a80ec1bb03876182b6608dbfbe586f42
32 280 0 2000 56 1 :048b29c9ce42456bc8d6fcdd101d865fb20e93884b9b89005ad2a9846acb4a11d50919dfe85a49e554fbe50090c07baeeae078ae34e81e783b04b4e62e14d3972cace72fbfb664448f32114c5e02efd5f7e7e84b86b337838716b792e3a7a8d550d6a22cfb8e8df2484e9b8eaa1c8bd23a4bdb6f788ce27eda6718eb8a123e2edb8f7e44bf18559ca0cff7068f925e4f9a71e7e9e0359075e984798aa89d74735b9bf8291b1ff992e3a1f04ea7d356674f76fbe76d14a637d25b18c692af7d440989d5e7b60941d98c4f4d12c817dcfdd1224fcba03b3f7c39ea65ad471f6200dfc1c256626f18be1645a53325fdda9038042dc4961f722daf8abd42c5659a16a275c231405b4cbbcc899364205941d46dac911e7660e750
32 281 0 2000 56 1 :9ba7485cbb6a80e4e08e7962338f39c93f51a30b07070aa704a8f9d27d826f69df598c2486384a0176b7265a83367812b949ef776ad7c2cb53ae91e69f2ab03851ada69fb9506725f50881f493a96edefcda618eda84d951bcb7cf54d47c12e0b4b29eb0f754c714d2cbe81f73a80576ee46f33c45c8329015b3140b8511ffab06f0e056e517f96e786dec7cecb0e8324820db5b8de7b62a3e6788512de0999d9d5a178b3d8abde3943c38c2ee0a1fa526bbf09d5a4d0a4c32915169165ce35716c768a79ef4e6c4e15109253e8c8fcb5927329057e84237373e2a217916dbfeee3f6e4fc4c07266bafe00d7d771e0ded40bcbfa6c6595aee12a61dd451107aab73f931422dfdbec4e62c3dde0318e810306624f97a9bcd9d8
32 282 0 2000 56 1 :e8c74d99a79e0b0e78bc3e8abe78cd9ee721f95407c61b2565f1acb5f732d823bcbe94e5be8d831cb0c3e5739aaa29b7d754012cafcb6fe52fe288459aefb5ccd155adcab69bed97e5de55159e541c48848b3a3da382655dfed41fc515f87bb25b3e1afe14e83b3254b929c5919a20c6df5f7b1c0161b091e217d55fc5b32f3ba434a86eb97f74b695c6f69ea0536b31045fcf94f2ea75af3a8f96abeb2ec583bb09f2a7e2c21d5b05ed1ac4c383d9c391be10f56f407eff66ff90e2fa3a22280e6f672360bd12c9fdc48db0607281ea4e366c337d39eb71de3549cb861e58023cb8ea110c69f6252b4cea35da29ed51b5b383d0219c88a544277c323496a5bbc9ae654a1f131308fe2c1b4273afda84f1336ca807f18fd5b94b
32 283 0 2000 56 1 :08e512023c0e5579ed4caff89aca7281e10bdc63b41f8bed86580ae1e718149da201418d6111774760759e0f4239880bcd7c9a2fda8761fc04bd61ffc770de765ee098b44e12b93779783a68a354d0b14d55e4b6906bca690c47bf4f2d12edc5b5566600b0b2849e196924e556f067da046f8145a2f96f109082eb469f861802abb95c4e03458dccdf962ba33748117ae1d40e6edac49e01d330013adfb8dd580b25f951ba24c27eed2c6cc4118290688849efc61b8acbf63894efe084d1072d8ddc365f6b15ebbec649717972a9ff93c095d5749a4be8b336845708793394bdfe6cf32dcf8f064ad13af61fb866168e2213e9e1aeefb0a8a59a5c1eb7d6f0614e4dfc68c7f5c7758c10a898dfa61872445ecffef8249f8a6f6f45
32 284 0 2000 56 1 :3c89c99f4e1c11bd73b824d23e67a843aecd3b8041630f204288feb799a1cf08ffb03615668da9c3fcfada2f5788e7ee1be7c2d7ad1278e34e2b5a74d767fc8cfd3f35fd11ba1ddc9367ade48f660973075c51b6ea0ef73ee329d8271b3f6d26cf195cc35f6cbfe44286844e64e9ed72ecddca1d007f9aeaa77a4f815ed0698676e7e2743addde3fb45d90ffdeee781d3037f3452f15d81698f31f7c8058a0f689ecff5e2a7d756ada70ba8d45ccd936016be445900f15929adabcf35bda03d431628117829873933ed5e66065b7c732c9b64bf3f7de22ec524d51e76cda2271cd57b30c2cfe509cf8b33cce50751fc53dc9bc6e9e8bc722b417285ddf778813e0895fd94a6205977f7833b7e9ed8f7d7900499496bdc35a790cfc7b
32 285 0 2000 56 1 :2449d55877692ee21bb40b030f6fc8350f87ff0c8d5b22138bacd21679ab4ea44dc78a41e248207c2ff5a63a2d83edf71a5d4e0842d48c3c227801c1c402eb74d63959595414d0ad84cb6932ed469cfd6ce38454bd916ad9fcec10a26dfb9dfc50d62f028b6a9b6ec1429474e23cc09147bd8bc7aee3bb4802f3a8e8bdb8df8ce01b71a77b345fd8f3fb51f106310d4a5ef373a0789b734b7c8f64910592bcf8419424308341264f24f2384b0495ee5739782ee131e2375f21d68c6c19e1161a7e9c2cdd1109702a0ae2da47d43eeacd722e6ec9f80373cb00a622cbbcaa216d105364f74e3a3fab6eac2201b9fa27bb47f7c94f42f84bc1964af3148cf7c78b764a7e3f56a4401e9eaa3d8fc840324f705247540316e0f54787e2ddb6
32 286 0 2000 56 1 :786325a4a4e49c495740c263ead9c5466398d7c60ae9cec867403d73656779ffafc1cbcc56e3ff94177be22cb2ee92d1e799d50ca124a2be96e634fa0d8a493d010a8e5cbdcb12691e6501263343b820757229541b9d25c9784c1d791f2e55e868b42e194bf89fb22a8b07b8b7e74ecc5560ef520ea02a247b998033db4d0bd919e038e7978fd895fc1ea708dd3e4dd7bfd7ab30b253e641650ba9ecef9346a51d03e721027b6909cc0d6306a6a166aa266695155e39d6b171c4590226bace8224a89ecce0720b500302fe8f781dc164d1cdf1349e466a25855ed865e1a6ec75b3dab254525af25cd549713a722032bf81a90272efe481c9c25a10d19b3bfc9257607ca2059f575e94cb37d74a61f837fe24dfe65c240730758acf9e10af
32 287 0 2000 56 1 :0b5cccf8ac151c6ad27649e43efaea832422807a3ed7a12980742bfdec4cf106291915b6ff9fd85bb2a85940bc62c527752415107c8ebd28b2cd60360d93dfdcc34e6acffc9a0d7c82df0b8239807b6c707987efd625caa7a96335e6918b5d7539139f0ec1613da99b140d92305fe86d3552da60258eaed0404b2247f2a6dafcc2f72ecf9f0409ea3bbc31e821f2b24ad73ee7d233fffd5033f72f18b94967ef7b4855e0493a4d9629195fe52f79f5aced081b0dd846b126fc39550a605fd1b1de9b3c2fe40a7cf31dd94a6c0527d9eb9fbcbecd04db74a5ce26de197e82124e59f29bfe079b166a58426c4538cc704b214be65a5581dbf1f19ab00d1fd9cb70a0c10596ef5cabae4612195b98d8553097b7b68513e3a023a750d6cdbf100d
32 288 0 2000 56 1 :e2174aab031b63892ae18ff866831913040612c0c8d242090353a0c9bbe58ce84be3c2de0619a57fe148bffc16b3a5cbc6ad3f936f04fcb7344b056b07e096e72cb7d38773c6305d12f5795451fdaf71fafaddc14e62f52c0d5e17dfd86b77535028e1e0266ae3e58380cb74a7e51e8164a656a1282a962a034b640c7a6a7bf4caa94b0aad6cc7e87289dcc45796c3befaa0ef635385e69e8538d1614c309cd7553d7492e4d74b2c386dd9a035d2ee04ba90898119fa02293b9693512b5a1663cb8aa3ac7e773e4b5f22371d5855199a9ecd0a0ee245c4f614861c624d46228f42a5f6475b2e1ac6371f68bcd1d2d67db63beb6616b398a06444548e3bc5780a83a27c777407750fab241fd0332635a21059ab1bc9480cd2586ed08a58c3d7b2
32 289 0 2000 84 1 :85739baa816ed19e5339f1439f2d0e0e0de466d6ec59f3040e04fea5d9ca8fa50d5ab25e9e6bc12d40b4b396e2037036eba73d64003683c1ae505db306498916ba4ad41da85e484bd9c96c361d23fa8dd65e56f86f8a38509497cef06b0d56b009ab91e3d43ddd26a6fbc131b079c6d71929dc72152c19e11f000e939dee0eb777dc6f118e4f6f77c35284af7fe0298a8999f554e055add4dc4afc62c28667bcbb72167a144191ce953c7411c013d9b143cea4db4adb252efd7a07e25e8531a69748e5c1b7a01b8afd68da9fa0d7e7500ccce261d20676758441bc007038935f20d8f8aba60b00215f27da71d53ad30d2e360bbb53d5dc0c71b84eb6bbc9040c0de20224e6a98633e423dd56ef681066c9ef99077b39efbb6ae007ded9c8f46ca0
32 290 0 2000 84 1 :f432de9bba08d307c7e41566ec8bb1079383048de573c8b9927e0bbcae5ccaf5f536759e26ed4ff405f3d33bff3703556c998e2fb1acb86ddb7a7b3d32f85fa073ab19cefd0e30b8ea384b9a1db60733cd096422f5108cf616d7ffaab9128770090fa0fa055bc2e9203479c840435a6eb3711c651202b3cb58900176338808751081218ab58a56b101e303994fef0b0f9e3fa62c3502a22a7a4dc54d58c8e6877b341e425d9a8327be589601abaa909be220f99f6c8daa4cb6c825f7fb34920d5566fea91fcdd5572be2e31f45729496f0f1197dc004fd50f84cecb2bd0d1d45fb1d8782345af048cd3f8e564519768aaeffff72f2edfee141f3bf5edcb571f0b66e403d6bda3b8194f154fbfebe925acd73928ee07716f3c36a19be60d292836e35
32 291 0 2000 56 1 :ddfbcacca6fa3839dfd71d458aced6943a05edba58fe861880c3956a3839a5863d1ad30067e719f386287fe009e1fa4f67e2b448cee8f949ad0bfa3a543bef1f7d71d2211f3814f131329791d0d6a20f3806400e17498d1b8e4d3424a0f4d2a2ad5528bd5f8d18cb1bcd01cb86d95ff664dd3ee0e694e10b1b10d9ec5258c729ad68373c7476c65102a80eb3d3301fb870e9b9823cfe36501bc85b667f184f3947eb695cb0a24e3475b188a7e1c11a583b2e66c1cace486d49cbbd67723680279870098af59eb16cfbf2f26c0c540ea73cebd41b4f04e9acf8a0f55a841debc0e24a0ec25dee7867b8d387b3f18fea15a70ff5ea95110fd87adc46a1d7759498f3119f2df5c52920b0e88e360e573965496df2be518fdfe3ac4a8b4c8118f1010c9de2
32 292 0 2000 56 1 :28e943ff098b3968d56c8b68c3ff90198733fad55ebdf63010912c52aab600a8af8a8179f0478bb4a84c507ff2b4b1611550c6b84c943996a3f04676f18df36988f3fa211ab3b2f366dacb350805af343b9bbf8332c8b37b0f969bc470d096baad23a55edcd79f56b995ba89285ccb8b233bcb0a9d39901386715e24fc190700570b3542685a70437cad470c03e0924cc922c5a5ba72209d32982a39eb50c18a90ea4be118e89e3c7fc2146a29cf3f667fc6bd8d5394fe8ece91d71305ed20fc35cad9b22060651d85056b4cc785b8fb48e46fc1bc850925047ea52604cfe821cac55e9386973b08c66d96ba5150a64532c83cce74b074d99ae3a138f2f9cacb08d8a92fb1c5a9df229878ee73baa85075fe8da14ff0e603672bad8e266af4e7b5a3a7e5
32 293 0 2000 56 1 :39f6449276f853864da5a5359492c078f2200eeff17c611ac9df9d1770f0135fb7ef80a20f1bfd599fd5e36692a3d3e0ce145c7cba28a0087c8f6d08c20026a9fe11a3ed5fcce93b7ffc3e2ae83c397c00b3216db2f7a745ce4a12fdb813526b03fc6da75921690ed74eaceb04934216312e2f10ba0e476eab0fbbe83e527835251b5db37256eceff24a8e2b2d1a9d809612032171c15fb2dcd18e71c46486a068e2334ad155638d1afab046cf217da2e72f5d6ec61dade79d21d62fc80ca178543cadde8020f23f6216760708de9cf36c4437d07dd06b5a2e536e21588fabc87385392bbfaa446bb4e2b41330a72b52fff06730b04042bea2dbaa11f82c79599891906978ad7d2c0e4b8c0fe3ef16ffbf4b65b9ddcee56cefb9f81958862123b72285a8e8
32 294 0 2000 56 1 :703be57435e953a48d93e9f6cb17425d86a997300e27e9c8045c4dd8d616f0c08b18ca332d34e4bbb4821dcadfd252a2ed7434dd731cf0bd45ca4b74cc0cf6fbace5e70582ea72e2ff9559efdd6a86185ceec61ce9567b540e640f6de0671a14d3980fb4c39c69245b6f507582bbd4e945d03bf267c54d813c8a8f800be171d6456b73dcc3ab11df3a8e050669833d8feb6884dd41bbe03c5d6bd0f2b3ae755cd76e6faa1de140213cdce128af117378b7b9181c275447edba29d42217cf4be3939df15e0e290175e912aef8bd4c087ed6f51d16c8b528a020f315cf92ceb3bd3e09643d99f86fdaf887f69717c09e71c0be06542c32578e0657280543006271ec2c4bdb6b182bc8c2aba36ab81becb694d0f5e3fddef4354ce9fcfd3a00a137a727532e947f
32 295 0 2000 79 1 :9134eb7e0c064ae2169fbaa55e3222a897f1dc1a5a9e9902585f0f9680446b68f4cca5d7bb0e481adc83907f9d4291f9a829970d02136b2fbdc6291146931b30cea97d1f8bd1cf0c3774aeeae3ae79319e93ddbdb19d2d3f2707793ed16e5df69aec55a7895ddb6e12d2b88e42388bfe65f26ce7b0d5d5929522acc6156c644ddf1d86a92bc61f466110b72af8fc9c2aeb7fa5ceec0f3a786b2abd06f108afab7eb9c0a3ab8e83918446e4a5c00515309a55fa29649009f8cece152db405c86fb2315f98a560e01ef36f750d12718124b1ee75a3114f1ae291e41f9154ff46d0d49e159093eb9946029acd9452b05c811dd76b37551739f40ad7fd4f6369b8fd3917ba7f0ad5ff7ac21c54d8044e1bae83aa7e1326308291e67300bf7eb7e168d9e40256aeefc2
32 296 0 2000 75 1 :23429c39b7bf98b0fc775bafcdaa834c0f6253b0365fbf62220788f723ba059388b3c58f9dcd01f9f41af41f20f52857605c5876dfe29ebf02b7c9fcfb708604e03654772330b2b8483f5b0c2e5c7b5bfd2982e20d06d589aa5c57b8929e99856598495f01c35caa98820a7d09665c2d495528609999bdb43c2fb25fbdeef20f9265bd54652a006d938b2797e0656ca8e3662214401948970db240137dfeac22e9ad12f40407722cf2bc09836a39cfb2a5beb8464870f0a556c1ec5253f541fb5c484be1e8d3762a378d61af73b2b36f78fc95ab25b2cb5ae71ce4efe9b045420f773bcd7bff5283d2a5ab98a6645b38ff80be6bffa48ef5d0ee958c9691194405bd845e7f7597b036249103fc227bc88323c3d7e9e7c17bfc01b136b06c077b12c41cc777433abc
32 297 0 2000 84 1 :9917ac8817c54c53c68861234245b7ecdd6dc1c6e4619b49af7888637c71f2fd6f0d1150ed95badc2a7fe4173cbe9546d42eb02dfe11e2269ac9465b1e8ffe49277532fa58b033200711fd2863ee876009be45c16dd38a102401ef5e03c050830e4f46e4516f0395942f558df74eadc40a83cd785c8526314da167adfee72db78c90d088ac6f45a44d8905e055fd1bbce7245bc4f4178912fa386c16426e1ef3910d04a2d3835bfc3e1bbe4e33524f8370e5580312da5f868353c33f84ca3812f01d9c33f178e00eb85b1976de2e18f0142696ee0ac2c54bb5b840b472d7966dc6dbc68a87d6ebc6a435fd388c1468ab00cd0959258a0051c0ca9a214a9048a2c006686335ebf7c7e57fb36be2f85299aa7e0a05850525525321c8d79b288143ca4f852e0f8e29670c
32 298 0 2000 56 1 :a082fcecfdc755ecb19d2a80cf8c58456e6ade9bd326422953ad9426294bd9ead478b3f0f906b4bd3e361fd7e24e59232054174b63683f3664672fdfdabfa644c54b77603936599b124033f7a875b5de0c6043e9dadaece3bf2cbe5e2ce44f625189f716e8c4be5f48c9c8f6301e7839f7627cde70efed61988289d530c96d4e174c91d4ea11862df5e167403d4b7f03ab51b34d33c49a50edc2182b3ed4f363b1dcac4d7c7d53606c8a242ec67f4dea3755100baf0782b3fbcd68910bb38e9c9a821e8261cca8370ef0bd48aa66f9a30ef4fc261ce0b2105184366f06b8fce128a0dd34610bb2967cb2577a3b40d7279ad04ad44012e218f1ac967963a058ce92f9807e25a885c1ccba395f3a43e7accbf9ea918d1c6dc6447e983ddd777f96187b205dc3ac3da3901a
32 299 0 2000 56 1 :83937c61bbcb296ab2496648c3265e86ceac845a10da4ee03b8986eac0a45b35dd9d6c561644a5dd99b229d80c867e405bfc7ee67a57fd6820917cada0b5f8f7961609b4c8cbee4ac981786b6d087ba553705147c4f71e9e360e5b16984018c085a11195f209ef5d7013cf08c9502ce67ac2ae4facf6db8ecbe83620c15ba09a61ae2551ca43fdae86e22630397107da8fee6a467d6381ea88bcd27a2edef8132342f75ca7da184f8ac356feaecba264c633d816cc583fd0e267be7908780430664e7d4e148c4baf76a7fbbe58fabd573a4f8f0decffb380c78ad69fbf7c1672926a1efb1b9cae0a92cb7322b53a22e1d52345869c9152c0cc59ee90fb8a0b11750227cbe69cc3d9219f0faef6b3f0fe50ad7f37747442df617c7b0b4b1c1536b9175f8d8e5a6d63d5ba12
32 300 0 2000 56 1 :c7a3a350a591703b76f5e3a2c853162676162f7b4ce4774795ef39aadda9ae791f20e59e931d89498a339b85b77dd4cfb83d3b59db9c28af6348fc39dd4b6678fad7c0492dfc1b0fcc3880ed032d62ee4f233585b05f38160b8eea12d4bf0f904ad56fb482dff1f303c8d696091fcb0a70195f1688ab779f1353d237c5c48a2f684f4c109b64cf3bbce2e6e2b1dddfd048c64be006df091c530580d3dd8e2dce93d65d9f0591ecb04475eb69254b7c9e3bb52ab04558d98cafb9f906d80aed43c8f98ac14eb5a603a3d58fa288de3e667eb164a16e21b1da0a266d1156e1866c254f4c222c9b5c487acc7d6bfb77fd000d7fc35413025822d5028c15104a3b22fa359581a507ff48727ec4b9b17a768abcbd86f106e15a3d61ee1fe38422f32caf83c2f90d507aa860dacaac
