# in_len out_len m_cost t_cost time[ms] memory[kB]
# ERROR 32 1 100 500
# ERROR 32 2 100 500
# ERROR 32 3 100 500
32 4 100 500 52 288 :48454319
32 5 100 500 51 224 :1de30e3a2e
32 6 100 500 51 224 :542a89e35c19
32 7 100 500 51 224 :6c63627b4da523
32 8 100 500 52 228 :4b68ce869933bbcf
32 9 100 500 51 224 :6686cc9fbe41424dec
32 10 100 500 52 228 :4ed3bd7a3b2ceea5b34b
32 11 100 500 50 288 :ea684e9690993f0ff6663e
32 12 100 500 51 228 :3993bd1a3184c9b04a93e405
32 13 100 500 52 288 :c35f213a656b1f21a104cc7224
32 14 100 500 52 288 :8713a654fb978a05a7d8587b2b57
32 15 100 500 52 288 :78cd99c007a6bf34071c9c17d14761
32 16 100 500 51 224 :0ad6e647db0aad65d4244e03488ce4c6
32 17 100 500 52 288 :8c57f6ca93633a01ca88416b16bf81098b
32 18 100 500 51 288 :97fafdc391fc30659fda62a04239f9002642
32 19 100 500 51 224 :a342178c588e286d8d8469e38481003ba0a529
32 20 100 500 51 228 :c6161df8f2643b3113ac48f11426cd9fbee51f60
32 21 100 500 52 228 :dcc847ff89e463e46be3ee6cd54b28605098684dc4
32 22 100 500 51 288 :7f5286f0059cdae9e8b9141d7d682dc425071164989b
32 23 100 500 51 292 :5569c7627e9e4a540bf99cc1b9ea29fb3d27cf69678a96
32 24 100 500 51 288 :2f5e9b1efcea3930c3a4e4fedb10a0d028e0523c4dec92d4
32 25 100 500 51 288 :806c8952b63edeb82a2616012cfda89781bbc1d66120992d03
32 26 100 500 50 228 :9fdfeda73734077a43ca0e3737ab9c769d5952cb38324d85027a
32 27 100 500 51 288 :f73fedaeed910115bf6419b05d05899abfb574599680e480f5c4b8
32 28 100 500 51 288 :738e455d456d7a8df871eb38be5f2d6baed2d1437c53fa5ec33d54eb
32 29 100 500 52 288 :d063f20385f1e56626b63644f85a023a160313ce130101e70785adea91
32 30 100 500 50 288 :d9ecbd892204501ea4892aa8862ebcf96d863357b20615b1c5f9e4c5c912
32 31 100 500 52 224 :7e2cc11cae082eafd21212be377eda2080c4a6ad9886450f22a507d0477c58
32 32 100 500 50 288 :28b0280b64611ce8689be0c1c638b1510b8b316cbfb1311dc7f2ce6b15800036
32 33 100 500 50 288 :213916a9eea3739f81a7bbdd23426b47f5145b3703fa81446172f263dffa3e0091
32 34 100 500 51 224 :52c11fca94f47ff784062fcee8e4ad54df5eb036338d9ae948330c55abb9c50928f6
32 35 100 500 52 228 :f2ffd5342b4ac2451ed9685b865d9c03553137757335b91d84568d4dbf0942aa106140
32 36 100 500 51 228 :a3203f2551658805bf396ffa6b23962003ae7a4c1a502e5b5f7316cb52950c4d8e2496cb
32 37 100 500 51 288 :35a8751c6924d1ab002c768b52e018b4c211cfd4765ad75f05ac1ded6c235068c8efe9ff23
32 38 100 500 50 228 :c8f1141e99f31718835434f1c5d714acf37a0533d2483905cb3b63f89b89acd3584af2779655
32 39 100 500 51 224 :d80bc2adf9a545048ea00a8550f94b51ccae3253458d1134c5318c8a58c6fce76a9098758798e0
32 40 100 500 52 292 :d4fbc7729b451fe5630e129373596d504bca315056daa4979a25505d0d85d7728ff983c766b06868
32 41 100 500 50 224 :75f70bf5ce56b5da2e35c86ff06a48f96ed9d5f60f25d9efd8ac56b5e2d0d86c62a0aeb1aa6b73bc6b
32 42 100 500 51 288 :91d3571841be93b2410812408d92fcdc2189cd610e9e73ea63b67751f477e5d5cc7d0f09a008bec73880
32 43 100 500 50 288 :f349bc3ccd897094e709a8736aeb3ba96b0f0dbf2574ef9f80363c7b7fa43b40e53542ba5b2e1c4f02a940
32 44 100 500 51 224 :92e5794210ea56c5601b5162cbd97258228192da39d6a9d54d6258b1e5c5d96fb9f872f0440c8e08c6534741
32 45 100 500 52 224 :f30db66cc5cc188a040e2dd9bfeaba1d5b223276252b18c6a1536a9d824089f93c2ab3b90f32ff422b81c03331
32 46 100 500 52 228 :f283dd1e6bfc5964753b35d1ea56179e956004f5f413760b36550d9511c5a014724e58d98669c2a97341130ee0f7
32 47 100 500 52 228 :58bc5b2823afeb8c468adf17567dd7e42448f644be42923d6972bf29121bf48877b527ab2c2e22b723a3b08f092d3a
32 48 100 500 51 228 :d9bee883cada2dfcf5fe73af23a43034e9f4ccf576803f41db38f0f7d0d662c15d0126403caabecd29a12f9d52f458e0
32 49 100 500 50 288 :d9cc40dd96d2386bde9e5589a300f1434defe68708624fadbf965feaa45b4ecf2ef8fad25c6bb6cf5849c8db92edb21787
32 50 100 500 52 288 :5dfdd72916f064d27c66f17c7a125926787cfbf42d3f1fcfab735ac99506c5aefb823be2a2fe88f492facbc4beb21066c224
32 51 100 500 51 288 :65703129510de2bea45c9e9be24b9920252c09aaacc64fae62ca75111637a2a2c2d5115dbbc5931e0bf8c78b7cc7f3a007b454
32 52 100 500 52 288 :b3061a7a1dfa3428b777cea004917c9b5e8bdf01a18941db6d08503114c541319a670b8631ef44af8b080a9ab1ea0bf334fd966a
32 53 100 500 51 288 :564561448f7ad6bf830df37b7a585c1e5a0c486348caa3fd8aae5aae0ec40d7af15bbb49298165fdbba44b97f4f8b3829544378cc8
32 54 100 500 50 224 :8fe3489a0f851be52a3a32b18c300ce5a255b33499c48b9a1177932c8510aeb722afcf66279b50792bece186feaee2ef2b0aa99afdfb
32 55 100 500 50 288 :f681cee98c2234a231e2d8e574700e3a7a59ea100dd611a9eefa7af73c0f62f59f4667cf5efc82c11764f8da15c8db7c5cdc29691d1b21
32 56 100 500 50 288 :c312184b6c80380cefdb0d55bc23c6acf9bb1a235883a2746e2fd77bd01e6b08d94f17bf53f35887133a8ce598df762fd7d14a7532ca0dee
32 57 100 500 50 288 :6f3542074ff73b38d076ebedc9ae9b86bf9c7f4d07a07b77cac2d34d9d15f21b77a9327a6283386134e0dd904be60667f699e19a4326928c73
32 58 100 500 50 224 :4d5a46bde165ccc9c3d7b97a07eb3ce842dc892abae11dc4f155a4da4d6f1df8c60ce6d34d2a275513d6475886fd031574ec0fe078aa49b5fef7
32 59 100 500 50 228 :c38bd546dcc969dee6629c08002dc778cb4566514ccd8e1b5b11be5c77a83ff3ae32747a0bbc994e083b212ccf6804a12c9fc4af46e5c015bc5e0d
32 60 100 500 50 224 :6b3c3ccaddbb8a1d0836eb68d11072a0b1f6841b7088e0c0402c2fd5c966e76faac737888f21df3c7fb502728699cadbd642190c613dc72268657318
32 61 100 500 50 288 :b379031d5450d01d290b352c58872745b6ce621ee96e7a16a38783092ca7e00d5d33c1c7455fc32620737e6b78fda1ca949836e7a1dc40e6fbbd32f2c2
32 62 100 500 51 288 :05b3b1736fcbb2d2953fc4c58b198df6c0088bc1b2aa73879959ca9a7c8881d5ee2c50dcc03ea58f8c730678f7d7ad3dcafbf2ef57527f16b1c85bd718c2
32 63 100 500 50 224 :5665c0de1603b03322dac3fae2aaba19839416068cf4d606b68949b00af046bcaba7cc3ea6008826bc767cd82e026cd3904226f0a244ffe6a283855440a3cc
32 64 100 500 52 288 :03d5ff6ec00b14ea688ddf7c17498258b1710d65395b1008c44e6de1e866632fc4effb5b69eeefa6613fa687d2e497895f6780f8e60692746d278b3bfd448fc1
32 65 100 500 51 228 :4dfb3a2755534eee19ca420fb9a0698b419e9b64e53844f93fb4608edc7b89e275f62470b3e8aaf6abece4a5dd007f7f70b07eefaf3c95890d9da62882d8c70095
32 66 100 500 51 288 :57ef7215dba4f973aa854c40af9b0e5042e50e17b73c777dc15b62a437c8603ec16df34d4fb48daa462f1bb873d65b374451e439c625a1cf06d465b64133052fbe8a
32 67 100 500 51 224 :1ce255ec88ddb8623b5f206b6b575e9c30d20dc084d7e62dd06ce8f2f14aee5eac238664940461ef533224c0c64c2d28b665290499b55ceca9990ba7aaa84d78a972c5
32 68 100 500 51 224 :00cd02c42cb9eebae88db750a90818ebbdbb1ac65fd3c00be11cd77c4b0625b20107d7a82dfbe0d896681d06d4d26972cc0d46a6ae15f572ce46f7341d9aa55aa5df26d8
32 69 100 500 51 228 :57c03582180552cbe7e6031bfd14e3cf903a45abd1e8362c2de5762f2564d8d22aa91a745a8cc22967c7e3a1c48136abcfb5ea41310838f6c52aaad362252907575f242b2a
32 70 100 500 51 228 :ab00a95ad591ccb1a0b7b688c3895ba16b868762fed5e65209106797b67ac3b3cb6113cb4a7bfe7e39dd28d59a304c8da975eae60203a6256160f37aa053ce18332456040e3e
32 71 100 500 51 288 :5e84136649e8fcc66f81eb0b5140fd690ed054dec0ed93b7e6ba4fb9ec1750a4dc839e16af62ef8f18894c45f65b0bad1c0d3cb157534d2ed1fdafa87f3b72fb149afc1730822a
32 72 100 500 51 224 :eb26d11307f68ce50eccfe436cd9fde0e1879f6a71bc19d7a159e17432a143f04002cdffdf44dc6dc5b8e097511f5a8c612853df2b189be5b31702a6a806bd5c192c2906eea2f66e
32 73 100 500 51 224 :91711a6c9e8aa395a1fe2c77e10aaf533ecf3c42277979d1f3a2a2db44267f663449edc56b1b0774eaff7f1a8d52ba6fae523a6ff3259e2dc6a94d61c7c5c09b434678d8b388d5599c
32 74 100 500 52 228 :f75148d05591f03e533fc9d696e8c61cf23d1ae6ab2824779f2b638e0dab9c993ec9eaf1d373e3272a33461a3807f293e265d211b7cf1d03b0760aae448bc345a71c73261c92af3a2ddc
32 75 100 500 51 288 :9ea8742c359a7cb445233427f4db00bb1caac6ce60887bfec9a7f57e8cb39b0ac9d8012ed1dea97d5265bd857f712124b7e3094807da78a0c230a742f225a35b265e3ec4c2b2f0461ff81a
32 76 100 500 51 288 :004c41dddff6b71c96f26a4cfb4a4f8d97e0098859fe55ff018180eae9be2d3e1ff36b8257469d6c6a482e291d82938b6c010506a83a7e87d8b6da5cd88c6e914063d7c2445eafb21db5d9af
32 77 100 500 52 224 :da4130e7488eee3673c431ba595f4447d17580f3a2d510980230c9e45a38fa03cc6e18a903c2fe38cfbe31e53ca403e0252222d1aaae401dda1522535094f1a0ec3011ed1c7582b71cb0b06416
32 78 100 500 51 224 :c8ccb29570c442382a37b7548dc09ae288241358766bf9e158b60d1dc148fb1832f778ad8d66a38a39c806998721899221cfd183d4d34a8b683a88ae83623883722505ddbd557d5356ed060e6ad0
32 79 100 500 52 288 :a2e23f9cc0b9059bbc824dead67cb5548dfa01a83e3ac03c2cdbf981bc1f9a5ba88146329cc8339cf87c39728c8bb7f81d717c9a1d119867282d2979716b96acf067a57fb18c073d0ff30d2dcbd25c
32 80 100 500 51 288 :4027c32763fec96ef9767ea5f6e62a19c8da3e55fe8cfe4a24498c6309e03df598157b66942c371ec4cf013a1a44659afe514f6c90a2c364b35925f45b5884e47ea324fff9e9b29ec1fa038fc4a98442
32 81 100 500 50 288 :a02e67dae1278dd5877cfbbe50b5cd0cfac44d486a52ff77352109e99a01c5b5479ba9e408b120d00def56e3e28f37bc11323f9a64e7e16d1ac7e2a03190ad8e89bd2e6bdd58017f53131ee3b0dab3f0d0
32 82 100 500 51 288 :5c6e1358cf44dc1af58b5125ae8c86dfa4775ad488b90f06fca9ec8efe8e44252252a63a27321508df3c16ea7b568a8c32db65aa1f96368e0aef7b67370f3379dfd2fc4b4e6c5b27a103578d3ddf79d7b639
32 83 100 500 51 288 :295ace3737083fbef37f8bb197af0f0dace6b5830025c88bfafe1c89110a57532c164dde93430cfe05cae7e7fcda2260597e1842cd1e8b6d2e95fa63a3d142227a06ccdf376ba6c38cb7da99c694f124a86d16
32 84 100 500 50 228 :30a6a1a17a861523be66543028d9c6dbb860e1630f21ce55dd3b26f7b262ea16150c20e41fd232bfab29d3d40e504084ab47b371713ee04cc8bf4712dd8bcf66b0773ef469ff1bffa4e95ed29fd808aae2f5db60
32 85 100 500 51 288 :72c689329268bf1f8719968d3ec85d36a2acb0a35e91db3c2b06533778279b6f3ce57dcee9b88a800792ad944cc46467b7c7b600bb1ad55c0eb89d6a0527d3c4b5febf286a7e6067d1aa08f982b4a2f265dd6fea92
32 86 100 500 52 224 :7dc1af1ca080ab64a71141aec6ce3bf102debf152339a4799c827db1aaf8ce0093d2fc1f86bf97342b7203ca619757186bfa42300189e520b7d6479de1f8e385d248d096792ad54e19e64449aea84655e9c8d1d99afe
32 87 100 500 50 224 :72a987d5e1850a8cdf0ab005f284bfdfc9856c0e2dccd750c6c06853a7d6a5266320b1802388d88dfba30a7e6abc19b2c25de0d7881b7537a5590cf95a833e106d56f7760350c1e5e8651270384f71a3b03318ab2ebc02
32 88 100 500 50 288 :0e36e10c886d930cef3e57329e5daa3b4766d48b2adb3bbddbcd20ae8415c405d379bf6cc1427b5f1f06c53ac4e7fc39d2b7ac827044f42a1054cad3768f555df1cae3e21991976747d83d5a2d178fe8960c8a9da85d3bf2
32 89 100 500 50 288 :5344cb5847318b22da81e7f8f0378857135586cb21c53a24c22d739ff2660aa5820e39c3ffead7b54e9768b53069f7d42f8e8ada4f69fb051b5ac4e9b1882721985bc0cdca8f33226bf9246b3ae28dc45941183c4d62961ede
32 90 100 500 50 288 :c7bb724b8a34260787129786c3e263b154af9596f3025e8243ea949b82cb19dc4242121f385815a2a8e05bfc361d2e4b98025252fa84d06d5af1eb21859b54a83cce0eeec196230c1f1f139acb6166f6e3c89852b8d93cd68a47
32 91 100 500 50 288 :d9240008b6494c7ac9df5edb45c9b45f4b19b473b8a199c7dd238232bf11c367ddbaf7d3cea891c287e1f17dde2250000e0d315967eb7254ccfe530a973a86e242fe0c702eef0925d96312d5c568e30b17fe71c9879f4c2cd9a71b
32 92 100 500 51 228 :13a7fa415740dfa347963582595ecd2470a80a8888ffaa3d0f03245309249e8c5f28197ba8559b3d240be39cc5d7816579b60b827a5967d66f3e6c39f3b7a59ec9f107c536da194bcdba6f971f1d35ba4610b9901a64888242480a56
32 93 100 500 50 292 :3c67ac44e5be63e077df52d84ed3bfdcc61900e6ad49a688ec63d17f842636768f005594cd4e797934808e072e3b3745dee8b5953194e96707e52becb4052111cb71c1fbab97c2afc6c6d538723ec11402f10cf8c0e6ddf2d15cafbc65
32 94 100 500 50 288 :f2d0e975225e937ca8b78fa0922e119b487fa540a95430afc884e3fd8461d1a193315cbe818f87d98dd8e646e6efe018bf83ba15126cde77567465354c8ae9e020ccd8e330491689f638ab1b3ae51c0b9700e41234d0b266d84334f60577
32 95 100 500 51 224 :a087b3d80a36328f0dbcde010a3a176699fa36cb045ab1a4196fc178a613084fa17be4f32c5b17b4f74fc942dc80a65fb3ef8f800785a5337fb5d8c280a8b9bb3fde9a310549d9c82f1a9ecaba937a884f53c1bd3fd70c35baa4a7a407ddfb
32 96 100 500 50 288 :359b28949c662b9de5f2c56e1ce4a4f427c79178db1ec239b699171fc1a6480951388f0e3437bc461042b14d2f887d12666dd871b33cc42eb35947ec4b78e058c1fced4bd64477c3a0028c62114914f09c9fbce5849da406f227c43fa55e2ab1
32 97 100 500 52 224 :57240d1eb58918813b453e74ede0ae3576bf37a39b774cdb49309e1e2a8b34426017ee10836b9d038afdd463ab390344bc8b8319dfccbaa61d294dde07fb3b23d924cefdef05c898d15514a8f8f8e08fd944df4883798f1156d4fb6f6716f160fe
32 98 100 500 50 228 :f036b40583cf68f5269bf57caa684ed4a1172c8ba4faad1549377d637c0c6d8ef09aac29a68f660767b6858dad442a6d1c552c21a3e5f271419bf43636778ce78a91d709b73a464cf7deb03e611c443619bd06284ed03bbcf3ddd4e202139ea7b1e7
32 99 100 500 49 288 :1616e9257c247df4c7306733ad2347ced8f63c3d49d12a459332f1b25a35fa848b4e467bf4a17d2e22b48e90b87734336ecdce4763fa1368b71deed292cb1999fddba488ded893d52cc062588b0de5cdfae8473af0c3b04d24ac56e86876ec852a2c18
32 100 100 500 51 288 :7dd60be320dba11e7edf610c304680cc53671144acfa145ccc9aad9c860c805d3e938ff8b817b57cf32002b09f1918be5240ae8b23c5e581000e564e4631d986045f9134991853f0070c92929c18f12150fa9a7d8d294c2972a672b68658d6b0762cc622
32 101 100 500 50 228 :d20fb83a446439cf4fb140fc27e76ca161f82ae16994888115ea5092c4da214fe31b0d5b02b9e2fc5f64146cfa7e9f02af8e633b78138eceee9074c992597526c3ed19290ec54d1481c9cd81869968697ccd2d51caa733434ffc028491ae9c4052ff949849
32 102 100 500 51 288 :c270d0ef55316738b1a6ba0fd883b4d39dc747684c118681b05563f3509d7dce4510943fb3423ead075348e49810e9ef154ba9eab930b6633fb1a5bd5ad43836fe4fc7b73d676f057099c04318d928412c0825e909e68a8693446c6150ee4179bfa44d8ec7e3
32 103 100 500 51 228 :6ede02b7d131f0dc30eef3aade58db13beb4619439d8cab02fd807adc52b6110f81623c335d9aff4c0295f61517c9b86d3f3d20d66ebd3c756bc4ea899314ff845d4ac2e6eb140fc229a19109a5022e97e005c66604481564e90e9cbe1090ec76a153838ccaa87
32 104 100 500 50 288 :59382bbd177d682e129718da687623cd63671314d102bcb54fa5cf4c683ba0bfb8a95cf6338b9c900d3e9353f08823f87b9c60e5cde0c616041f8c5f06553fd9e8877e6ab7b92a93db860472681c3cdece0db8b871456cc494f81b5bb8808b3eeb98ea1c8869bb34
32 105 100 500 52 288 :ec5813bd068b32b7dc75391b6b55ab28578a39f00cccf83d2ed188fcb2fe07a0c2756f1b2fd1f60d6726b54079184a5fbd4a2aee42964a25288bc19898f4a2a393162102d983a8070a5dd11115ba9f7599b041e8556a6116b7177cb2d033ef6b5a8d3d02439125d33d
32 106 100 500 51 288 :fa049b379dcbeddfdd57a0354e5a9eb0c0f61176f52f0d9feefafa80ff7fc01c81918d47b0374b56f75608b9908357f9c485330a8593761472ac42851833e068108de19ba52cd71f9b648eabb1c0f5f976113bb1ec40625bde532866495cc26a7af1f4dacc9d5ffc343e
32 107 100 500 52 288 :93308dd6c8923453d56ca978852327c79ce6d2118877ab3a98a7f26839de9076f517c837257a819e6dd7477404519d2e7cdd721bd551c61d3c2f3d220725f1b1b0f1c9cf8c98e49157c0f7bf18932f52f4dcdc1ca91d7342c286fa83a14c04509b8bc511a05c0358b323e4
32 108 100 500 51 224 :b0520edbcb5c62f4cdfa65233c9d6f5d5342505aac68d868e7d9271487ed90365b86325d60a640bb205c5b3b45cf06870a02db6737cf6eb40cc2f8ec792a003e4802f9939f6f4a98cb7b53b41be2ec4c1e8d11e902ec1567c1907bcf28390bb26213c14970a71da0c023d653
32 109 100 500 51 288 :d00224da0d45978e819e1dfe961e2e97890e8ae3c3622f66855c7b3272cb80d037c81a36edaa735eb266d93bb58b2c1d5836684ece4dd1d3529267a316af31d13297eaa9a1c3fb73730c8974b3fe8f1e9bfd3566a788b18b0dbeb0b685b38996a762c444d0c0f20f6df0ca5bb2
32 110 100 500 52 288 :1b5f9762c269c64d5c994711c1157e21cb84479559e67610fcd1c1582faa3b76d37eeae8e07a2bc3276a933adb577395be23b57cec989b8ef62921d81c7954fdc48444fbd8a99b8cea3ddadeeb69c9c78c994b7c4e2db71b620ce3c61c787861f64ad8feb7971d8d268c375d1b47
32 111 100 500 50 224 :0d015654f7039ff97f2011d39e75a766a89afaca03b720047696fabf1b199570d5442a8869434aa469bec38261238f347f9aed04268787f8d2bcb30eb15c1fa832f05b8d7034553ea76391e2bb8a7880748e22b3074c122877e8fdc8e4315e1262fd0b54d11621924e1efa004dd55e
32 112 100 500 52 228 :18dbd49df5f8b0e736424f9e07accc293da716d061198433d3826ead866ace9383e3d9dabd5e2e7c0dc4b529b53439a119e26d143c8467e49e36516d2250490c6d3f50661503f7079ac39c53bd8e2bd81fe8411a50fa3c5db940923c1feb8d386408743c0cebf25577fadd1e397cdf4c
32 113 100 500 50 224 :bc8a95c6410dbe4226b5a5e924613e1b34f213a982a2f02f8d56e20661c8e9fe8ac37c5d22d977ff3a5b178ba03d270b8f3965210feee50860cc752b397ec6d4b12ed8a6c841fa50df886896b4bd8a2b7ded43aa019b44e1a555c549b90f826d0db64205b14e85df54e25614e6f2cdfefe
32 114 100 500 52 288 :f7084e50e7f029231cdd516bd0fd037dea07e4b8c8f05792022c6fe7bfef6090943a38644f51bf0d4e0d62638841183e506afe22732a6ace83766055bc8232374a0332ca597294bb7e9fa31e761c08ac4eedfa943384e31338436faea5b2d84685465417ac40b9b0ec06a3b0a897ccd6d264
32 115 100 500 50 292 :b81d634c8019ade2d5d03670a30a9ce8abbec2a80ead652c965086c4096aee03be82f75eab8bd65a5c38da666818b224e322d18616b884fbb2b7472dba8a586955c7885d91a05b13365855406026ec157953c1d4d080fd842c8b37ef587db62dae1bc878cb934274cfa1ca9762443cbaa03f4b
32 116 100 500 50 292 :f9aa8276f5e2257b3b5a8aec4f193d17b1688470b42172d702e13da3ff6209a2fdc9a73d809fe426b176976abd96fd03347ff474ce22eace9658bf6f31a796ee5e28c18fe9e1373ceb4d6c1008daf6593773da1d685492c7bbf8b4ff7dad0c51edc28cd4fe668323db8d0360402ebf7da986df9f
32 117 100 500 50 288 :6d1639d87d408569030dcfc5f44b2856930300de0b720628aecc3754f55ec290a032d0662ce8200048e1399905bffae66addf5b2b550e771651539b7067f619a1332eb8f938a4d659502098c6d517f27199d715a91e81824393fa3153b1cca3c82554b562b0d7b68da764a7142e79bf128898f85c5
32 118 100 500 51 288 :305ce229caf655d9260fccbb1508eb331c989d02da8e2e58ec0c44ee26e2110db506ae1557f62f690b8fb6c53e73e3b8beab233f056f3b0d96b2e8c0b012858d1e7903616e9f6cf7fc43bb40a9f1a5a74b4729fbb6d6fcb7d81fec14f30c0ce9d91775ff422bb265579681ae418f47fa9da63ec506d8
32 119 100 500 52 224 :50c33cf9d22d5952ee6ac13287c140cee92b2dd415d769524a85a1899292e3c21930333121f62e6683a9863eeae7bff1c98e63541ebea2ce0cbb4e2e2566225f595a236eb9791879037f0b5f472ab9f801a3016975399f3352ed9c8aee0d9985e273be8a59a6f20b1587de8283813c40c2a62fb5697ddf
32 120 100 500 51 228 :eaab13c8753f6c2fec19cf49bad6df6ad347437241ad1e37d9ccc5523ff1217ec6d26347664ed62f832e11092cc8f50de6699b3a9d0f04304cb1aa4184482eb988daa03f34d8c0d180f4c358bbef38cb56f1600f2165d6ae419d011ab84ead137fe90e5cd660d4bf6339901dab39c44ca3274d928c1fc0cf
32 121 100 500 50 288 :5f4ce14acc875ef04fc238fb7d08502228e1737faa75f16f06b96a393735448f9f92a642c6b9e184e05091c295dbe89ef40b68541480f0a4c8a84cb31a3d6208b9cff9745a09b9cacdd81b077ed78f281e881bcf45665d905b07c96af5108a63aa05171e085ca0ffa685496ea316c9a7b00641f911e7242bad
32 122 100 500 52 224 :ba29b5dc0c96a695ab2ba7a5c8fe2f34c815db29ee86810f75a0bf24a92f8c61fd42a4e6615a8900c45c0b90b1b2eec38dec6eb227656c518638f5e2da1021f5279ef0b3fa20be7cdb64c68ad23ca4f468b36099ebfdff6fccfa2400c9dfbe685fba94c165a15b8da60977bafd708d7a2830d401ce441d59d81e
32 123 100 500 50 228 :cf4633fac194311d0258ae257609d4b08ae8e7b948d379c8bb98a9e41ae9a784d2071de5307f016120d98d36e5868263803e31c7472dbd7ab3b73dbfa07c657bf62cfccdb4877623b9ce5c84c8772be67ce5a4a463399f30a84f0690fe3261bd8a6147d8f15b5bc6d1259e7b912253202c43affbd1d1310de79766
32 124 100 500 51 224 :f150ea1750382dda26e6645919f685cf18a39d9a9c08609dc899aba90296338c3d8b5c20249ce5b5208c26c1328d478dcc94f8ce14df9719c8772d782812e85582047f44cca086534be312520ff8a971a248e87e36098b562a4533fe28341ed36ff864a3c8a04598f548a340c3b167bd47f826e732868d0366c51258
32 125 100 500 50 228 :46ff39019bd2faf8f084db0aa0a6933df4d848af1493367d981cb65a00c39f933f870c477ad47353c691fdb7f4154f88e23bd77c262211ee5dc8f176814d49aa46aa704ff710f071b611bd7de83e3288071e001d952927313c6b809a5395354559deef3b40dc90e6ebf211eff6e691c85272ad785c8ead93e4703d1c3a
32 126 100 500 51 224 :8f7c29154d024d54b551cd25428e5f6a433aab97c23610c67cd1931b1e14d911b4fde6515977909d8363e1dceba10751dd37b4af83373870c9e4f658a01b9944e6a9244bb2f220f254f5c5870fba672f7dd3467f80a073c9eedc630f9a7a7bcb29e71ed3bb3f0f91ad1e9a77787fe2d62b701be239627c581f932875cde2
32 127 100 500 49 224 :250046fb6c5915e92b440e162cf60745a3b6457c7c174feb817faf80f0c4e95d116e67c2c5ccb8f3054d4f7037f2899978350557efceb41ff340539e6a66e092231af42acdc02c7686de8595dc6112f98885f0ba5b757e68eac8422a04539aa66dc3050c39cec54792aea39c59ef18eff9dd6761b2d93339e0cf286bb84194
32 128 100 500 52 288 :3f0712bb12ea92d97aa0912d2dee9c5e5dd2a721d55f3f82c17eb6c7658b288bada8ebce09a64a6dae071dd2d64107785da66a559b6d7ec7490d6d9dda24a18f05cf9c3014b4a220f63525d9a83a14080cc88b0a78a7dddb2a0f0d03db9b1bf0617a59571e93d9155d6a960e59e9984579f5343baa170dee3e8cf9fa057a2a92
32 129 100 500 52 228 :b426efe8f801d22f16bd2217f60334d63740a5ec0c7b77e22e767c5c12790f4fefc95bcbde276b4e2a05b577834923e11dc2e86feebedf820f0f2bfaa6a8736e4d916e462bd8e07ed3bf797f4d091ba9fe139dfe1e499c457b496eaebe0af30b8b756cac5507f17789fe9e0817868bb5fa0fd849a99ca265a294fd1d494a84ca4d
32 130 100 500 50 288 :d263397de827f66b7538b86a5214adac99b243da4ff6023d365564566fab0aec754167c167550e7bbce7338e126b4c85ec3500b24bc098f6710dc319eb7c5e2584784da1dfa2a4391a5d91e35acf702624ee54537d11b79ba93cea644841f378a55844b2e6b03856400c7a6d7572994942445d55a45603123af4cc67aa1e3b9c4791
32 131 100 500 51 292 :a67898f6f276b49678d1500a2bfb90464d3bf03ca3f2d9efedcd9a4578f726f583a8c8402d7a5de71e468e3273c4c836c50424a74fc5aee440fefdb290ff7a25a3addb4edcefbb796bb1f8b51b442d0cb7e4686e3b40358f016f1ce256fcbbb96b3266a0a40972495245bf9a0bcaf98e5bb161b80fbf4083af2b0cbbc680ea9cdec76a
32 132 100 500 50 224 :2c5b2a6f7652b0e6a82dc24bca683290d8e633c6b552614efd61fc4e6c78eec63ea248e1f0104899620ccd57a9993292af039a9c5ea21a9fb2fbef59b2a74d086c6ed9535c30e756dbe4d355674e97e6c2b0f0938acdb4e787c7a09c3de07c0ca854b6cfe5b261ef3f5202d9397b763adc217113ca03a096a33c1b342f819aa2d1e9a363
32 133 100 500 51 228 :7f2fc45bdc79d6a3acfcec82037c058624742f64787893bb360f62eab20ae36d24e4af9efc3fb0788e1741bde7c99465240ad84fb047a105cbb99d6c2e25eb45a334a5dbe6348c07943f577ac613c6bd064e93f572c48d2a11ab0715ffcb6b7189d5c36c56ef974f69dacc1921a0c141f9d446500aefc965c285019758035342714556b364
32 134 100 500 51 224 :364d7be67d87b7b8adb8cf9ded4fa172340542fc4c4fd961d045f280d68eee9c14d607c2cae28051a8514fa5fefb9f74ca792d2be682520afc6e5ef60b8b5608606a90ace853e94227c485279db3bfa3f95fd4121e41c21c0a0d305132006aeed4a3efea000e183f09d58eab9c9ce8c87639f5a68b3b508b803d950054292c75bc7e0250c49d
32 135 100 500 51 224 :210b110240c93052f7a41cc7fff563f997b4a41c8632d60ffa686622245eb51a222cdbb575d7fc94bc8f9ca19ff9cdd5e8add7d71d9155348c2f2aa6bebaca20c460d551eadd1dd4f7e197a8f4d9ad52669301365fb806fae830904df0a8d460de07252bdf1523662163378983e768c32d9d898c83bc9fb184bd5a83a2f457ba4a2ece2713cf6f
32 136 100 500 51 288 :32ae8b59207ee0a590a2f2b7b76c0dfe27bdb39116bfe3568686abef935b2b51cb7ad82fc1b1b48d07465e81fcba65545b6a65206accb759115e5a77aacec79f93820e01ad3cb48b6e09b79c4c5e074932f1936f302a0e992b48b8f4b44040406bc2559709d8e42237c87b6913803e1e6d44d6211f6a07766b219afa935865e5d7328e0be3e53ae4
32 137 100 500 52 224 :a9831aaaa57a114597b6bb1362e9cd4d62e7735e4017a29f559e536e1b6303f1610ed452bbdade1950108d3cdd1e8c4191926dcbc77cc3f7e9928d9c5f3738b291ec33775dfae44140a6ec32fc2f265f2d4262be3a88e35bf3f50e8ad8b47e82e1f16e17330bc8bff763f52a2a1af0994fa2ee7fcd81fc8516c8e9b1da387493ed48115dc3848feef5
32 138 100 500 52 288 :b5667716ecc3af23ec34d149bc7ffc7d788b5cd6d31f41e2643cc97eb4e9b324fbbd9f9152e27ce1f7f12bd7ca183761e0d9bf565f28d12d59ec9e000e78547a9393ddc74333f701f03f2b04df9f1de26f54fcc439a8931728221924a9f497615095292d14bd67e4ad75e3e5d2b59120b88038a59831dfaf72252b4773985008323c3d047689df8d7c54
32 139 100 500 51 288 :15e406b4d884209fa0d13b467457cc18537ab589d3c5fd35f9932493ea7a06321f7928edca761257632c7637ad774df80295ff79ad2eb646248f5c7ca271fce516f4def066dca46ddda0217ca4a8869d001fe4eaf5fb8718f0864ee61492af60801b48e31a8e2ca12847b9a2ccf061df9311ec2c0932e9c0349505f8ca156f96a39c25d63cbc7129893ff5
32 140 100 500 52 228 :033931ca3d2836c4f88112e0c3ede69d8d846585b5df4ba0b8b12c5715f08fc9c0e81bce27c7d5c46a68ea57658fff87c910c89d6baa814e5c94f0257faf1b3d9d832fd1b3555f196c395434ef1457278013e281c27122b5ece61abb427aa9a0483520943ac8c70585ab15f1879d7198f405853792a3233dbe35c90410de759b99eb894f230e1e5f3da9e02c
32 141 100 500 50 288 :57556afbd3ed77ded1fb0a397810f5428c94e9cbe8f7b19757cbca613a3c3bb1a1b9f16ecec95a24b6c9f53acaab74619397673c42fdec35ccb10ce8b34e52a2ea7aa3aaceed480d83e828783f4dc14513ffaa321fdaa3627500ef5974de3b9a70e318476cd2f9a2c16701031a0ef5d8a2e19a5eb169e9264ae499fc03dfb33031d5c0d980166061431c58da4d
32 142 100 500 51 288 :35fcb89c7c69bfd981a8ee630228545496250c1a9e239b81a1551606bdc6288f056d76cc9c7c8526bd884e4dfd50141c06f4af7c2f6375bb9eb9a062fa1e2f5b103e519c28664b5613510637d3fccb1f608f1e16cb021ee979a34413b1ae03c995ca5ffb9604e328977d45837a465b150c11eee64450ecc6aa33145218154bf777f6e50a74f6bf1486187a149fed
32 143 100 500 49 292 :9faff08201fdfc4a448f6d199499092ccac5163b40d9352388ea3984ba9e86f2d79747e66253b9cfce1c5bc3deb6d33b5a7f17d4eff020fede58dfd68d01363c58a0b5529269cea0a3eaedba05b9d0d255d0dfd4eb693894bd8b1abdd6f915d12f5551734dbdec43aaa66b3034bc5331310f79cd66bb7fb32ebea6184cd0a263d6c9d202419002a874e6a74a60e647
32 144 100 500 51 224 :d673818417de512d2fd9d36250b06863f8f0fe4be7cd6134c43648f3e7c407a2e08e9d14b6bd70f0254121f2f57599a787906c1d2647357f66f75e146959e8377917b45a69c84ede02da4006a48053fd3d53797dd17101d3c692bc6f2c9bed8de9f7391f21ca27810fc3bb1b9699107d5d437df57de5e1cf6c7f24128df34678364308729cf98e46eda9fc581f831c23
32 145 100 500 50 292 :803f565bdd8410c99f0e0c54aa3998a63c5f04a3f245130724b0b5b228fd59ee4fa4ccf888e7ce246006338c41abd764ef2a38cefffedfa971132e48723170b126376bdcca1de8a637af6c9604119d89d10d19623b2fd12a92f52fd13c87e0b50d9672c2f89768569cf1b99760140bb7114bae3ee48da973eb3efd015d722991ae2ea5e7f6952ed732aba7dbae93dc24f6
32 146 100 500 52 288 :73664f0496cfdb46e39300d6bf68d311e6c685ebf137417621ca36841f628b6bd94c175ec5d570b6e961779d99890b03b4bdb88897bf63b56daf073b56c668d03f1ef9300dce7a42af16cad844403e9d1d61c4f1e3a4a4e919d0cbc0f8862aa4163609d927056cd7799c58fa1d6a9f4373436c981db5851c1aac20061bbfc7424bfcca67bcb5a371eb60610d7737e4762296
32 147 100 500 52 224 :19f3534850ee5cfbb48db6ae82c425ec2f959866402c1f9cd286887c377fad2fc78bd138f8c13b7c886ec7866ea7f6eb9a96f4c694453b0db661c3bdc0f1b360b06f20dbe3bf2469835886d88da9696ea76a728c840db10734ec34d868a83c1c8a896be36d3e7501750575e9b1a7b66640b91ba289ff00fe33a591fc64500c47bd900f107e208e1b5dd89bbf520d1df1031b5b
32 148 100 500 50 288 :d0b0fe4e29d66f132edc90e5b17e2819bea0bf6ee648eea86c2409f7dc6384e299293bc367ef5223d88cef2909c1c7f6d8bf23f1e82b5ac45859c437a12ee4dc648b75260e0a1cfb9e6e1687a4206378ed473559649b433240125d1f9bfeddf435b6c3cf3be2aa4998bc3e9da2d6210364c729eb8cb32af5e663f5fd084ad820ad7ebeed6d88d80e30123971edc698938f3e3e5d
32 149 100 500 52 288 :4df471bfeb1b885fdb73151303dd72ae9b79d1b68445faa25393d4026b5da68ff1af4c90e823aef7564e4feb98744f547d4675f2ba03cb8e92856ee009279046f3b3f23f4b2a23456d21cd76d20415e6d37d5f43468a0a11952d979cf067e86852a7911e4193a782abd59acfd89f5a2e16c11edabbf948fb5269d58c539e4622ff02bb32c8a7df599492c830d5e020f142d4624c50
32 150 100 500 51 288 :4269eab251583e7d9ea4eec3788426ccd63a9b2ba46a26096b158b3c0469568ad0f6b150c0735ba432a4ed557e1cbcd026ded13cb0532f3758153df432537a4a9d60dad08403aa02655387913af56374732ad6f87d8cc1ea345cd9d18f92f64f9b132bcd231b84f7066d2810efd282ed2d4a6f9078471db1db95e2c18a13e72ba969318e86fdc901d45077ce617b02cb8443f00fafaa
32 151 100 500 51 224 :ebc16dfd926c80110b5ce1be8b55e78fa35d9ea1d8cfbcdb4edde48a9d9ab415eef10318f6b1e1f49e1a4ab53013206d2f1a8e382e15d9899fe9944ffeee73325224d7dacd43f41aa12b886cc1511b52a5dea66f33bd7bbb46f4be40f92079d8e27d246cf4e895095862c0b3c0caa85e3f557b0b13fbd26a2cecd63fc3a853d98d6566f9894eb7d700a163cfa203c7c7266c460a46d2bd
32 152 100 500 51 288 :08afff8d7adbe642c821e760ceef81af7a5e29e783eecd079516bfef59227d0d99caa74e00974f5e880752369321aa6c5f6671bb15eaa265716cdaf32b4487186af86b86f9240a8431d5c7d57c54090f654739bf03e9efd2a1566459c9aae9d7ae7b34ad38b518dc15c55f2af41ea9a0f3e6f4acdc48283c45cee5150df8552167f61efcb89defb5e959f2e88411b9f2658e334c8b35457a
32 153 100 500 50 288 :974b08b7c5fe2bdf78a173fa29b9743e2eb96283213ed28f2ee94cb168f48fce426a5b730fe400741e273882ca7dbfc112ce0627170e675923c1a0328f7f7cf93c6db8813b8bc17a4c96df276298613c3f77f5ea38c61c0c7f569c077eecb69aee3eddf78077086e4c1bed05964ace2fefbc54ff248eb067de7ed0beabbe00d3a706178908bf2128b1a180d3932200f48afb460ad6238a8997
32 154 100 500 51 224 :5c1d0373a167230ae5649f742bb868fc9a1a7737026fed4644a857a13b255e57096aba694c6c32d8a37dcfbffd377ccba820ce47a835104ad4b02049d723cb103fdd61e53b63d39b7bb613e6a269cb01ded64ad0edc659b768cc9e6f7d46a6e6d047dff91d2b26a392eb14002ca1d59966d50f2992530c3c6237189e4f29794b654e2ca6a739512b9005fa0eb244a65f84e000a2086e741b3b74
32 155 100 500 51 292 :295ad5b40a419c7925ee69c55b217987790d9aa0bfeb4c68c0858e3417f9b68f9e4ed3428717db2f362efafe9f148455773f2635ea41300fef615bad2e5e81d95457ec8924dc370e90739b04c24ffe40ea0be661b5a643374290d0eeccd84ee1e571bbeccf6212448c79e8e820a1cf886305ac347b554fab04ef27eca044b384e402b3d8e3df40d760cdcd78a41e4845f55991f33cb7b38f8871b1
32 156 100 500 51 228 :06a6f885886fd71d9fdcd68cdd3d6104975ea0840996b591996d3f7940ae16f83451fb2bd5fbfececbb33b3648a7274b9039fc0f30db48a37dafadb747ed9fd20fc44ebbf2c851c678a3c01bacc5072645215f95bbc3b569b5c1f63c07d28d47abb4319ae2f33bc8ca7898492689bfc9977572f6ce23000097a6adbcadbea4bbce29976df62f2da5c07f8f202d691ec75ff3778706491b2f85a2157c
32 157 100 500 51 288 :0f917f9a1679df72c23f4ab5b39d3e3c724873267ddabd6d27276465be92135acb726fea9ee640e28e7902f85105218b66c976a30f9e34d3e3a55182d7ac79ffff2fb333726295bfc7ae99598a9c3268281e1005d6c7b3e9c4cb67118c8b4f9be94c269374cb64a2d940b0a3dc4fc386b720071c802ca2f37b9e63232a0904ca5517a36e2fa310d8326f9fcf32672068b52586196825e6242f652743c9
32 158 100 500 51 288 :28c7b45da93de74d95f8888f93d4788fb1668634d62ed0fa8435b723bcf6726c20413a2837dc0cdebfc35335a8602f5eaf857a7ee47dbc8e005aff559a546a50a5e620249493f0711081a253545bba1b8b1c19b298d976c86bb5e810468f5fbb42e31697f82b6469467c554008648cda225038d5172c77630cc4a5d2d47151c22b4a9fa42e03590cc9ed2948fade872c923c9baa75f509822d6d056c22f0
32 159 100 500 50 228 :1e747646d43f06ebd10b57a7b5545d2e817409f655ff6a2ec8182cc0b0b9e57d5a79f0a1cfc1fade731f2c9b54a7bed9762d7c24794921405b27291cc34bdbe9ea6b3176380286d7fcbc8644d58a836ec24e42952d6695305e5bc71fada4c3096123a45db1d9d86c030549e3de818ecd00a4dbda6e67eecc864b1b4ce4893c5fbf6e3fdb408d2ee135947a71443fcac6be91735af79abf737cd4868841e671
32 160 100 500 51 228 :d116a0ac8494e02a97ffb46c4cd813dacc6252e4b93df633de2f70456e42aa04c03b088cc37309b71958032161910471f299358919cb80b7917823b360ad3592c397d1606b2056548f567480c311348c65f29b5f141ddbc7c5d09a51ce7daafbc177ceff4cd058dcf8a6b2252c3ded327161ac4c416862cf1d27bd05fec107f1192490c9ee6d370bceef288f51224b4c6be52b8f43ded3fee2bc2c53ff741c6e
32 161 100 500 51 224 :f671e645eb4898b5c7d5e99a8ef0de77e0ece3b7754772ff07209a803ce7d62ef637dcaf4f9728209696ef890ac13b967044418378890adb7ba7d92ba7b1254fce490931703cb0c160a267a90b652f49ad47551ae76911346eeee00ca68482188a3c48be6cf33bac2c7982c8409c47d21620f0ed1073e58f20f6e6c0e74a7d3b65c19bb52fedc3f1ecbea0370cb1d1e641473364f9df747bd6f43cb96ef3017d79
32 162 100 500 50 288 :cd136be4ccf061d7c6414d2504f6b527012c426c294e36e6c01dc5f3a2642b30eac1d02e108bb53e315cc62ea7318585d46c60c598954260fda9aab935e0d579af1626308c4b947484ad6a089a3bdb2b5121aad25095dd57c762ed0c09a3c4377bf417493242264da0489042e4ce529dce4088badc1899af1c5874347198ab7936618ac67a2a2124dcef8ea982a4ad308c9059c1ad40be7c7495eb6333b691118f96
32 163 100 500 50 288 :45d81fcefca19ff23eb6508bed11d0ad9d5a7e2d98258a895a2c1017e75dcd15f877fedd27c99981701b28da8d9586913f066620d9c7e73f5b5a0425c99681729ce19016bed997cb07e3dc84bfa5c57f771a78dd186ed1f319f1115d42d4934991c6fcdec86f432de3656e504b2b423fe5ee75273b1f7b12f51165d05cc4803719e49785d1e19e5f84776704a0a54f1a67cef61b7c95e24ddc4f9ad9c713d6ea663844
32 164 100 500 52 288 :a0d8fb25722842ea270cedfb959667e7a91a74b6b9b8a78ccbe654b6517c1ab6a37bbda3cf8f83938065aa4b22a2bc117653e4b73812c9e1bd0ddf9a806c4b196666bfb0dd174eead734a0290c476f41c387f1f691478ffe5744e0131711d26777173b04da39f06d4bda9adab251f560b531cf63f7dc6ca9a8d91668f5e2e7989e2e25d3ea1b7e453fa8069dce63707e34b77125299c49acffe92294a0ad282fd48ae4c9
32 165 100 500 50 224 :aaea5bd2f98b2d0188557d1149c63c011608c93a6ac92be2b97797175adb95a9cc5d8e160d17918daa5215db2799b2d370226ea2ce2d980baffa634854f64d20c85da9ac3597ed59dce9483e149e528955b36008ba021d43d9fbae628cab911c53664d2a43b689d7c7da1e19668c6b7104411d6ff356a0f8994ca662ea0c023a4b57a4ad88d2f9f95cb8fe5d042f98776c882243b7d0aacd2854f44f45347a85aef108c0d0
32 166 100 500 51 288 :b5b7698fdff838be9dacbbc83d4ce7fbb602a5ed35240e85b744acd38f4a1c19b944b6074c2c66f3a01894b49670ce2ddf5b92553017bf734041df9358f1c8d4de58b0a60f089959a9310a5c6f6d6dc0008687ce5161fbb964171dc4e7cd64570b84c086a4d5150cf09e1c17b30250daa550cf5280a05796b09e34df6df812266e1695acb7a6e56b0ab44193f9e29aa7862f18387a7ff130c46aebf24b673d383c7b439b9cda
32 167 100 500 49 224 :dabaf5d58cd770d55ed6ea1fb9241837b8a7a001898304d9cfbee72a7babc17b25380c8972bfb687ba49e63157941bc72da4596c6e8f7e7c8ca9f1d97aa9e413e28f79d73c27c9e680471564a552f1871a3fa9afb1b0235fa2c265d3e464d618370ee3eecc19beef53839f4383153097944c8d75527ea1d32601f237bae875838cdb88938112adbd655dd0abbb9068b221d45dc0776cdfe2624d340c34b8e6c0cf893ad148573c
32 168 100 500 50 288 :02c68aed4d1b6cdedb93c33158dea6758131e0d825989aa9826b5e2cef55fe163b4cbb257f3585a81d099f9f86d251070b70fcce9bef6f555c9e755fd30646f458e6069f8f177c225dae065ec8a59c5b163e5e8205921ce9b7331f03eca3994e24f64430e2e2a43b1f711dac705fbaa1ba0b89719ea3d7268ce3b1a6ae6ab5def1b8a4c86c17871c2c7a195a7dff72f8f68caa54befd7af87d782e6951eb96104aae71201f9edecb
32 169 100 500 50 288 :d2ddf81edc66c39a343e3ca7f0edacc67c35c7b6280755fa15b4bf18584baaba056c9d0e95a950c6db3c0d23fefd72b827ee57e4fd3d9f1bbb0a818c5346491f7d1b04a3522893290d5228ed34232598d656ec834c798521944a68c98f198a01b6e08c9ef54f92a3fbf75f709479da13f99a677350b767d4da01ce988061590d93cbe7274306fe12005d7899ef12bd826777c2118f3b6586a9c588126fd9679d37575b76feab5a2b89
32 170 100 500 51 224 :b852e818c72f6701072ccb769bff83c0cfb3b63fa1ff23a15b0e4e017261316f2012e10440c10d28571cb72e5931923395faa2f652071059443f0b4cfb0a77937026addc4d6c2324dd068faaa2a7f590ccea5c09d251e043553f51f90065bfe32ac28befb6b83c95dc1851807fdf126e667893f991fb9cd4f57c4519314044dde4054ca43a632a82ccc198e15cb4c95bcfc5e22629ff75176d1117d8e2b170d8f5d8d0d2338f6e793566
32 171 100 500 50 224 :301d9a18a8a77efc5de85d8457d251f885f233f30bd14309df549a3b67d6933fe50d180d5c586e99c2b920ffb4360aa4a53310c4872eb6ea458c02fc9629e3c4258b4377922ba7fbf7457c8c7705467c9d02ad30cf6408a8388e5b48672299925086869f81f0a5ff2a5495846c8622de9d739b03b3ec8eea2fa9dd97fc6e581955edb39f7951dd17d6849fe37d3ff45ed77e439ea0dd0df07605d2d7b25f7f15ba15d9fd4a076e2a56a3bf
32 172 100 500 51 224 :53db74d77bf3cb2ec1be6b79e066d047965050a025da1063485ef0072b207daf7adb8f64f2e7d5d30a813b63f338274d54a5ef307f2809d595386acc43cc37025683f1733924d4d227cd4875f117cb6a977283574ab6fe4139b35b6463197996f92487dc30cfc8db93bdd7bcaa788eb332bb97758821881be3230a575826ef6b833b6ce462419986d8e7909997cd3421bb326a278b913506824d54a085ef6e1a882a59dfd742513d451d4a4a
32 173 100 500 51 288 :33aea2e227c3bbf7c150c90379466d36ed1b84ddab2f62311a8e766e77b228e8d13c7b191e3a2535c949e37b5e64d00007de967dfb087dae13addab3671b576e2cd08efe55f2c31e959200209157949b317484a718eee3135cecdc80e1fb59e824b794087b23071898fe1ce91fe2ef9d1f4f240593530a264041faa5a80817d6d47bf724b755b669d7db9185195ea02c7623f9d630b612401209c0f11c21736aba0a6e3921014595968dc8e3af
32 174 100 500 50 288 :4c334588ec8ee44a5408f6d9882fb2c5ffcde30e7db5024de7639e898397c1a32cd03a2f639f5694b6c3812c35049082b8b2973f67766431c75eddd9c08991e53630bef3ad19e6e5be91daac228586dea48b9f514ca5c3967fce4bb369fe46fc697d5a0b298250c82b8568224be06bb6e50b5a5a0316622d4ed193f95eb454e95b7a9e7d975654c3bb704553b1b40fb9e9f5067e1caf7d0b7e0f41ea36f912d50c00e2df03a9a2b2c7acf1bd9338
32 175 100 500 51 288 :6df4ff75f5ef9d88fb0bfb09d658a16a70fd88283421afe06ca3d9ae194008a93a4fd2930490667e8a98361acc8e31253e5576c3eca43252e439f6e853ad68a0283d5782371005a4e62d0c206d17e9925ac7ae67ce8f9469abc7175e86069f5b81e6cbfa189433dad2c944448e2831dc48dab72652be08527ed235c9fbacd71d24f0d6ff566b7a4c0c0fc3ff715cf8b085f0a77fdfcb152e4b8733563980976bc7ddb2d155f60bd445e6c6523b2e81
32 176 100 500 50 288 :e346fbe716fc2b93a7a2f7b75fbf440a328bb805c3da5901e0c7b2a6988c31d6ae9e7f63f9097ef8a56395468e9d5ef0ab59b93e810b2f3e7d41bd5d2032abee2bbcda69d6ff538f1247432faaad0361e5b730d1c0c66f017b3758e44febebd2c692f401a014ce118564ec31d84c13087d44e1b16c2dead5c9abc679446d6d8d7014f501002a67097b5610b25a0194cfc5b4e9112aaf1263182238a176cffdeead01e4e382b1223f791cf415777129ec
32 177 100 500 52 288 :e73d3553caac9cef53e911c7222b77a9a44a01e9797ac944e06f4e0bc22af28244b1b5c7ce6b5d82aaa33541615b2f2603c13509ad9d2cf5b371772486e74661871d507bf78288beb311aae4cdab856c69f8a18d4274b4f251918c8f14cc6927f7d2ab3b927ecc1be59d74f9f5aeaa6c0d65c290cc2b973bfb3bb0b767b983a9e8d767f45ea89f6bbacfd79742ba781f5027d9c38fa576a192ab0849991a8d9cf32df15d69abcbb755e4b8ecf5d79d32a8
32 178 100 500 52 292 :16da77426db744e548cf977a538186d3151b99815ecbb8ee1200ca76b521e43d6e51bd248fc6d48cda12cfb9f67a4cef204f7d66ed871f7bb6eec3d994672c6bdc0a686cf014c2a08541ef96eb7ce9373b94d3cc5e6c8c4ba067746764354e0800bb8feb0fa7cb237720aaee7f3c82d30102647572eaba932e426d30ad610729eb33fd3a4a4d2ff17b5b61c4806a1f5b65f936d031b7b5421d8d28b8c370595218a0baffa6d851102041c2b937d92968a0a5
32 179 100 500 51 224 :244667ad6d772435c8b9ab3992491d905990449fafddf240d0728cfe5a3982d44e5359c574136aa7eca20e5fd2e6bf06458b9f6445b963b9d434c77db07b086cc7de7455896bcf2a68c84fb4bd3ded149e3840b69a3890692bbf06edb4338f0b9d8af01f28836a48446ed7c7a6bc571d5ee793c7d303b3066ba1a05d97f79315c814f6134b0b06aa3afd940b9e562456355584c976ad7e23df7e58e88efc95ef97c6aeacadb2e3b294fd3260b7b2347941fec8
32 180 100 500 52 288 :650b82834d98036ca67edf99b54dd5404cb2d85e31592bfee85a4e6a0f84fa220391fb010239303bd01f0a7e121e6d4ba67473095642f46836aa578770f499bd49c3a4c063a0024801873e56b543da2532e701709d876c4a0098d5adbaea8bd16d6691e067feb8d7a5fc31629fb1b47357b6ee28bd8f1b8bdb8bca8ec60a610f6aff9dee918dc78cdf1b4cec62106cf91fdc9489d42c04c639c5095c53b089b9ce651921b3cf4a5ba000f6bea28248f812307c3b
32 181 100 500 51 224 :1924a901a3900d2a003662ced16e42f8af395e8f0014b8e7bec85fff2d3cbf0dedf7a085fd662296bd7721b97bea4ab3338662c5b97e0f9fe5c0ef3b33cf9092e821243eb7572eb831b741b8a2e6c5e7d09b8556f95fee8331186f0dc30078494efadc4f5e9e853ed5014bf20f7fea27f23ffcee500e9622af7568bf097a1c551b06111156d4a1e299531505859517da2b54c7e1cd50dd257fc6732c980dbe958697b761f570d99c40211357f8360a98aac0958823
32 182 100 500 50 288 :632791fdcaeea57e13ca3d31e799cd830a37f74fb4c87d9b20555c8ae6577e96873702eddde5db5b0117b377b03751beaeb570df10d1aef4535e87474368d0d579584265f4840894245709e0b3051bcec524f1c1e187c1cefd8b030b4ca048f2a932b924f333f9e17d301068249b9c2f000fe6a4099af3a6011045b5722973e1bfa7bc394932c1b3e61a3922a9fd7c5b0a8701ba287f26b9ef949c629667dde7ebc3e1cbf95c9f601db0ac1b05429ddc82576dd6ae6c
32 183 100 500 52 288 :0c2ae270e5136aa74ea0e92e24192ee85d2e7b520e28942ba242195c6ebf68a800f738b94d723d4c40e6cd470c8a80a74b415245d961381148807389426f834280ba716aea1d18296fcbbca431b779c7b5bfd67f222e3d7238227e604fd6bd1a9b0b146020c501ae84211f552b342e688d85312407acdc470892152d84639d1c27fbe4ef616399f56ee61292f68462006d5b2eb1146136986840a4f909b680be6999c8746ad8fd65939369179d3991577ae0a29182a145
32 184 100 500 52 288 :e62ba324137a64ccfd2a3f85cfb90ea015bb993f14c88e13f753e4e3b1212568124f6925d9af6a141bf4a0b0e4edea04c113e3e31b450f4676c5167285cf21f18a7caed2b76135981c7aa460284fc74ea225b3ec3d77560600f1dc522d51e4fe090158d2bfef6416196cd84d3c8633a742d64d6d220dc75baa59d7a536f55e9d326c5b20f4d3e429635da3af0616f6341653ca87ee127074b5316fd01ac89f817abfa02d06b2d47ed076403c6eb738f27a47864cc1de1fcb
32 185 100 500 50 292 :7f133dbafb4802dfcf1f0246326b821355311598b3e0c6c4e3602e5bdc5daf7c5f3aafcb0671133201484653276ac0dcba26ceaae98c239a8615182193a9e27a2732e9ad71a5dc0f4eb5581f3a49390cb563257f888269717411e30f29c8c30934adf0fd72bfda98fca9136c5d0e25523a30f1b6e2dc2df98964c2b8f5968c1b42c994b7bbfbc1d87419d0819dcd1cd4bb0f590adde9e0fa8cd443bf02286018bb9f88ac97a21918ab25520e3262f8dca6bfaa7bbc14be5ce4
32 186 100 500 50 224 :217900074e339b88f1df28922d24972d8fd9faa48bed537c65cc38fbd13d94e78507b7329eb75396bc89fc304f618d22d3f1b7491a869719fbe53b916e9b8e94abbea56a08e011f6cb62e7c942e6f888e5a85314414600151b209b4b2a37c65681ea7ed3bd7f16e855442e6bfd46a2d013b8e444183a7cef5b3af5c7fabbdb977a9d5b3f217d440d34510ce2eeb191bad377dc26ba8e41576c8caf66cff70614de44cbd444d58c58ee48e0ee1a8bef0c26f11f8a00a8aab5ee04
32 187 100 500 51 224 :54145d065cde29bcdfcc5d7ba4aeeaf95719e173c47ce0ae5c82ff2c8cc527d672e162df34768c2e9868f8ee12945bf65bc04cf0d4d7a1e02324199d968aff47175af18c064b41ae335d6ebc221b573deb65606c95d75b937c94cdd56bfb9645c9d2e0cfcb347239385738240f9afdfb07887543d0e62cb1d8ecc6950baed40dca1a42b06b673351e049bc4b26a1073e44d3303f5148f3daee33021dd1af7fca48334c15b4e8d6b8c31121dc07798f1876def9a8d093426d137fb5
32 188 100 500 51 288 :a7ae6406f51421e8b2cc7a71cd90aa6ae752062291c8c1452e91f9f7c643fd3a169c87cfea2a1df8da8e0acd7bf99e882c84be157024f21fa66ec222ae1c92fc8a9809249d381bf5b6d2a2be5cbee6e46623cedce1d42c55dd6b75f078d19a28e65e49cd419cc9fd0147ad1951534711595854d78d087d4e448a4659a725646fcdef123617707bd922d90b8a900a30ce5765cef28b4abbb813c5191732a8102578ac3bc9f4ab112799f74c31157d8adf132d9574326fa7c697a9140e
32 189 100 500 51 292 :386b4dd78a0666a8c5fb00ed5d17929b4e19e1eb21dcb3bf3bda4457d900c16eea4c85be7dd9fab5557774914dd2d697be22d7a064a858cac33a63052cfa4b7398f94a1251128541d9f51b2328e19757d24be5cb106b8e0cd4001f5df4928205132c2de8eff38a36cd532d93b311f9f9e4f77b41871ce29f2d190ae47fd657c7b89e85fc786ed27a65b0e6f1e90e0fa7e36d029eb606d2f4249b266817864f35aadf2cb310fb35eabfc1ca71c69c8c64cdc370f97ac2b7b5c1f67270d0
32 190 100 500 51 224 :2b98f9096b6ba7f092de58c1de95472907bac7296b05d55ae50e22ddeadbfd2753f9a0b6d5b80f59e01e3fe1ccabc7db645e28c5b898c77df8fa5b2e14f29e619bf548a36b713b015661f2918d227c7b94ad28bc4346905a677096af375d2efe6422205ebcb38b15cb39b545596f5baef228db0dd2c9bb6e1ea422a84263224076977b40834db2c3e54a802982e7032eb30441f92ea433dd6b464e37c102ea5c05fa123d818241e6ba1b1a793ceb83fcdaf47005a72e4de9a1d8015d8738
32 191 100 500 50 228 :809ac4860a13af7e767ba98dc42dbe080f09f39f5a5a3bdff6e3c92ef89f96faa5232157848a1bf951f8679d3a520682e5a221fcdae221b735f36fecebbd7dcf40cd7ebd68a1da692e6643710c3d507c8778d5cb49a7d7af6adc7deaa204572a124374c50b3ad75361e9f863aabc7e548408fca4de196a2ab25c5c39c13e61748c80d3e3483d4fe85318aba6e666a97fe27d35f656aeeae42273e6e883d9181a1b90a5fb15c14c3ee1b4c27593db79a7d40cfe113cfd57e9cbfe8397a1d5f4
32 192 100 500 52 288 :447d75e0f4cef4693b9ca0087a5bdd9e6e2118c3cb15c87f5d341416c56b6c546279ff878ec51502be7235b9ef7f1a772b096c8467b217f7925bf22255df9a8ab1ebd5c52b0ff006435c70960cb21b1668b1a9780ad68c7150175e64bb2c4b148bd0c1a6a8bd0aa078f601c9b6829494f03818c2ecbd090e885d339d7d98d4f373e9e551365fbba004143be5b53540d36a1fa059ea78dea789891ed33a0a071abce639b15abdc3d5c40a9aa7c748519a479f9ae51c9a87345c2083557dc5dcca
32 193 100 500 51 224 :a559e6f737535d118bc88a96b66a5f938bb131fbaab72c5bc4cdb1d26868d2d6f1ea6cb83f1dde4a7ae3787b2797b219c7ee0a13a206e5147a7a4231332cc56be23686e6e879ccbf51299da6c0f2a73ffff1e8b2dccc76263cc76e514fea8c22011bf3ad886980ce346509e012bb735baac905ceffba35f39a4bb65302ff383df2457d5e2ce06d8e329962381bbddd6a3ffd4925f5e8010a4c343bec3101c71547a6f6eaaefa491d99bab0f023301f4fcf8be029908267933548d022e974f77d20
32 194 100 500 51 288 :7a236e9d1615e3f91a4d801762c67c529a9614b7371f043a4da87cceb239d8d1fa3e32ebdde36bb1c1154b83a22bc4d40e85882c2371b6fbd0a9ee29ddb662a6e59e5b135e49bc999c5ca227e45a12b95492bb27916092fbdfaba0e7771f4afbf28dedb243abd705a45bc840e478a8a768f314eb36b792c59a787b49abcfe043cce1c7e2e4aa2e2b8976653906a1f6b010756b4cfb219b43db5b1ac769b0577bf16cebd738ea68f28d52c3bfbe1cacd6b70399edc6e97a6c66a975a3a35b06cb401e
32 195 100 500 52 288 :e6058f167b9f22c7fb2ea8f3e7a2cc95b660393e712e2c6abb217a6639da4481ee4440b172099d2e386118ae1854d5f3f32c8e8be3022d600eed01a31f39cac56ca151e623a0b151e75ff2b7641864c9f9b7f47747359cfae992ce97abf4fbcf1c98a654316ada6ba44e08f4437743fefc2fe48f53f96dc62e78d3fa13d4edbad695cbb2a925c5dcdc77463685531dcd81c72251d9d45736d6625089e4874d316704eaf4e0c7ce7f575618fdfa57dce5c05fa940ee81838375ebf46a26eba27c28fd1b
32 196 100 500 51 224 :b55ea773ce80d25ba868f0bed715fdd3e788641d71a6c042ed9334283596b5008e0fdea2b971900d1ba12b93150d5df7932293a3fcb923831be3fe844a94dd17a32d23ce5a216dca674db68aac23cb8700c56a6b08f032ffbac10a232bb79a8e916c149b61d28529ed31f8f62b7ec886abe08cebd6c2c6229db8312e1b5b6c5313fa8b56b429ce2d6784133090328e4780e2c33af45f29cd7a1bad12bebf75157221e919073623259281e13c727f5a11b4b54cff769aa5b54697aaa8c4308923666a0a95
32 197 100 500 50 288 :b1b594b3591173faa0c1a55fb03265738f62a81da9ea0f6f51e55456e0aadd6b34339feef0d6b0afebc25d682e8384d8d5b0fab8ff30e597e02973795f2e4c05ecb5bf8d9edc78436ca1bbfd94b763d1500a1a2bcbef9437fdb65b4e05b2b7b0cbcb414eaf03bf231e091deab61b0ad893ab3d3c83f42fc834f51eb25bc85df54c22803b8c587270f504dbe4fe9e0353b52eff144f50488e908123d36050334f14c65e469d7a870b6bbe96607f909e371ebde506a40e0c830248dbc7c7657d287954cccb74
32 198 100 500 52 228 :a678e4d6375ae5c5588980985d11aff64896ab6b1ed35230be63e079183672acdfbc163ddd850e4291a6324ab3b1c598a95631d11f73a488931f693f4f73cad76a3f47cf33a390540149fa31b6d2be0b1df07f83959cc8918fe47252cdcd74712fdbdb132f1e23acb2a55ecfc86be673518cbe8b72dd2acb1e2140f63e5bcf6ba2333d192e6f66504bc9bd021a98e25ad1cbe49371d227fc40abcdcf5d146235f31f71a0317b9a99fbeceaf1b307280eefe26d69cf113a96e0302c00471c1efe3150f525f6af
32 199 100 500 51 228 :2b5c938cefc0f20ea0c8bba9bba9f7f8ddce1b0ee1bcfa401bee3a4878ad23f9164bae62c2352df0a18110eb3513d3669e75daab90de462311f19d898311c8515c08d16f6af3e66c227febd71e1cb3a5e369c010d3ac1ba68dd10818b660583c25bf456f4764f6698e4b26cb6c3e63093c8e6a7164928d685468c522dfab3908441bbd58d95acbbbd730df63d921c2d90c7464c7e4f8c1306d973ddf7694091816d0d054df10d01036b24b32e87305b326dbc387cf814f8713ea50e507597d665ed69462c19571
32 200 100 500 52 288 :fd71118b8d69a0f9da9a8316e05ae459821707ea74471c283af1fbee5b8429f921b25fb183928efff708ae1b7a5547f236e5ac6a52d65c0aa4339ef517cb727db9c9d1d3480cd0d22248d122201a488fa2d914fa59624aa689808ee667e02c3aa05a7f5adc903b0fa254f3c804a81d9da037bcb5d150cefdd899e0242387fcf98c55e4c827e98963ad7bfe2003cad8d8035954bfa3067d9cb4b2a18460672ff62ca4e3f1702a36bef766588df19161ca3c3758657e79bdd8dd9526e2e6e787139141edd83cd259d0
32 201 100 500 52 288 :664cfa43f5c43acdd494898ae61d23174956b0cdad8aeebf723fb63ac20c5734e7c3f726e537f8edae049df3a84fd172bd5ec769666356c9e8004d1d77dc6d9d63dce8be48d155a5d301b5b11e0ea7c339875e4cb940bd45d41f7c1eaa7852ad825e5fa2d54fe332620d24a609f2b41a4567abdc0dbdad5f5a1471a1e7f36e7b89792e63b0cc755af81091154948878fb541496da3d2bf24a5bebc0020096373467986613ab8a30d48e827afc775ef4492d751992dce3d35e69ab9d71675b9b27dfb51bed266d5e489
32 202 100 500 51 288 :e6a30095d7615becd95556ff339cba7b3747654edc388eb4a156ac85f2fa8cd54651290d1ca8c770d7827d461e1647dee76fc9edbaea9ede53106bb0831ed721f227d61628cdd6d3eafcbd13f5fc011859a1c0ac198f49a208614a8d9530cb85de114781a3ae70163feb6979f6983adb7cb955cd6ec9b5bf72b385077807cccbbd9e075171d0eddbd88233b3affbc611b9d562d68c9287795d86ed276dda8abc61861db3044c5db16a442ee935cdc1fc3111959848405baad05d242399515ed587ba5f0e7ef1a184a40e
32 203 100 500 51 288 :58751dac48d73582c06602c3afbb80844076849f892ebff65009f7b248d27e766f292dd6658933e6c0e87914a01953f6fd72ddecd2089ff76598102eb2d244cc4f4f7c7fd16b7e1ffd8759d8da179ffd135738573d9825784eef921a02984da33bbd7ceb38f29efa3ea472349c644bb3f0e0bedd67b0be3d1e3b64a2506cfffa8f055b4a723234116ffb5b26cc99b7bb6003992b481b1ffd2d8a27179c7bf21f3288da3cd53e6e91ce3f45900f8381192a4232752595692dd9501981142112a7eb45c8ddab65ca98908f91
32 204 100 500 50 288 :919e07f3d4bf3af993606282500ff3083e4ea91ebd3f910f40d20b04dd3188530ba25d9d18d465b99fbb052c116974de85931adf03c24d77255ecd70f619c9cef5eb6ebef39bcb385896f76bec900b13528d7194d1da3acb7434251c0ac7f62837bb65e62c49911fd1c6a9914a7a388e8b70e6f76030a97cc9ab0032d0887a75e0f20c51884b595911741922211a7677622aa657c3278b4c732e4701bc66ab8373a2f011ef0e33fbab9e6ced1b0026de4303bdd7ca0eafdb6becb7c9a31f49800617ed1e559af149200f811c
32 205 100 500 50 224 :d4819f1fff8b051c38f8315d3187e1d1ee57374de2bf9db2805508f71c86f9131a43d80f3f085fdc2301059d9c187814b78805d70419b941f38c3dfdb5bffbde419d82fc551cf175157dfc16caf5efdd7da8b409d33b6246b4113cbc1e67bf52c8091a055e5dca4c6e32e3c29df622e9e79b7452503ac9b3fa4cf63bdb3fcf31093f33660b142659547f4397792c8e343e07a452c7fa652e0fa7cfbedbd2682232ecd5e6acb526ac32d7c1471c7436916878c3c5eb2e315d36a5b4a988ddf87f9eb08aee1cf17abfa8bc984a49
32 206 100 500 51 288 :e7dc9c408b5f55cd90289fa3684003b9c1e66570c4ab38570848abce716a73245d56b92ff59fd8eebe3d1288421a1ec1262b636140c55b2b434e65393e23876ca8bd98c7178c28a1a432600d4b9b99dce0fc61b25577152f975e693971fbafbeb7ba9e35a24372cc43e7380a32614722a9e9c7e06fe57de2296dc2839f36ea6df3bb3457a8bf5881ae31709f5f9d009fedf88691e72a66fcb8400d792359c0c99abfcf6be8282931358f2b31524a9d9b9093680b0ab4d962d038b8cc33ec792f1e80c8366aa36d9377eb6b3b77d7
32 207 100 500 52 228 :d35ed0e6a6a316e032681e12033561b23bcd42cacf530beac33bf124659559ce219673a3e4bbc010922dd77cbd7639f791e42e7d8ddd27eff36af6e3f9cd27318903181ccbcc5513749f98fa7c94efa83c00cd4c4dbebf0553fba4c208651d71c3c79be9347243db1e0f0a26f3ecd91cb046898bb4c16f94b3dc651b2c70609997208c91044579de481c56ecc563bff7644c8d7a688a39895a88d41111db2873c33a682735fa0dcebfb67d1265b12b239bfd840e02f2afbca75a36cee31e3da73089e918cb51d9eb061b9e3615a35f
32 208 100 500 51 288 :45dd2877ea03c398e455acefa81c79866c844e6a80ff8d2373958e09f70fdfce95f8d0bb7fede0242a722101b738632222d501aec73305fbd6a0c21670c8581d1c02c1440338331bf6991c62df17b6f1c17e1f04496c67e04810f2f763d8b59097518641fad96b2163733efb168e44d7bae74acdb696e9770be4a7300118d8c8daba3e54c14d3b42a0b90bbdf61842eb6405815cbc61d2664d947bfb39f0c5e08d81db7349a101493d2d70e7ad6605b655f08d512df332fe59c0da392bffb9c63ce55008b33b4778c9318887546d0d0b
32 209 100 500 51 228 :c9bce19415fb5f8efa4da0ab1df07d82e977275041fb43f00b8e49cb37c27d60665ddea8023ddb18e9818667d9c6a7613f95a0ff1be3bbfc710077dbb9f9b87c98aca2a03e3b83b53e3d02cfe756360b3b800ab8e4db0df0d89908269bd966bccb36f593a078ce8d0863e755af201ec7add2083f7a28a952288c0f612bae27a9b0009333ade55165cef3e6ccc97d087e1780a2cafb5b2607abd2e5976a15faa1548ec30a900efbda1a333381bc86e44b087df8637fade45fb8c8fc9dfb06b555ad38ab0ca5bee1ff5974e7858bed399298
32 210 100 500 51 288 :dcf1e28d36bf9c2e90c48cb1a40d8a38a88b5470ea9e35d54b2547a981a78befa6b74060d42a075f63df3f6d69aec0cf7b61c50349fcac0e74ac6f69d329e2bd362df2870b3a3667702e2a36db929de34ce3d8b45016b0907f83237fd64838950921e03f7c80cf6859f2616bf34ffc8bda1ba54fd0acc994c2a78348ea6e76170484819df7ae60182f5c71334328613f6df38f69a16c35798a544d2be97b5c545fc3de6b24e7246a0ed4b38003d74b288dba94289cdccd0c16af7ee0ece183ecb5c43f18514bc2ccc065c0c62b5ec85435f9
32 211 100 500 51 224 :41b3b2509a399e1b415194c27ea0ec126a6f3203136f2dc209d3f059e8e2f319aa21f7618fb82e7dc407fa71525814bfd58dab85dfc6fde9815487760f44836de6a2f3e6dd7723d9732c3fb4655beb87bc438e377d848ae3592734232237f942df0963abef88fdbda9a2ac6efa2b3a68974ea1d7604fc4bb18dbb77541d9ffead74e1aa7ed176c5912218a7536ccca29896b2b25268ce53544322141eca152c73d7b5a405d593ab596307a6ccbd993676109aadfae5a4fb5cd02f7e24318d94c2a1e02d8eaf567285a6ca8a8390c53f9c41b87
32 212 100 500 51 224 :b71946eccc3cefebf8a670793e18a9ec963214c1d3395a26df5859235e9e28cf87dc0f5756f541ea6af9e5efec498c4cb65cd9af8e62da84ae688da0757acfb8ee7ce4e2f89eb43d90ace986a2208d9a49248abef0a1af4006ac9781dda3347f2c0e73bf8f4b173231f670090d1655cb61b7bf57aeb1b3bc4490362a9b26321e61ce66baca74712409e0cd81ca88c59f80ac6b587a9f62fdef4437145f8c618f3572d1783d003138be018c01bc37714cc84a999479cf200d5e34f77d4e45861301a42daf92af59ae77bfa02ef2aba50440262885
32 213 100 500 52 288 :a185c5cb744895a478a343c620951cf615808c833fc1a085965e0e9196107f63ab03c770faf01bca70def84f3c76e42ba49c4021e31490096b3903872438f70c4f3fbe3f94f806e485857c8ecc0ff17853fa85110139d14bf91b50354b77fbf38c01aa497534a6d89ce25035b314aaf2314ad08b1afaf5da8b90a8b63a584dd320e2ce41efe4faf39c08cc4ee640cf8c6082220e2773b0d29434a7d0cae36be67a542719b0964e9afba36b5274de1fe924894d250c9214b08ca029971d3194ac9362469c52fd07e98ec576ac5d3cf8462cca67ffb2
32 214 100 500 50 228 :7264143d1e021ca3d810c274bc1d75567b425f24d8e8266765f8f1bebf6ee5a9e43e52bb9f2c1e1a6a4d478c5287c709e88a34d9766de9197425b2b397a071f6b75037dc836f8b0fcae49179bd24ccd702ccafe68087d9d74edb5a700971ae254af19dbed30a854709a1dd2472d8e2639ada06ac649d64be7719676ec05f0d571da31802d9dad8c7a12a92d33aaa0c868ce26d62ed48cc42b37c4065ec9aba28aa97d15cdf875778fdb9841ef4e81a12b41df219614856355225a61e399f37930e5c16fd5d2add2df49c819f996437fcb71479bacec1
32 215 100 500 51 292 :ec6399d6def5c5807c5446c8c012c9a38a295ba95f6bf252044f98e3f772c07d3fce9a2dee1eeb4f97c3c384beabbc2eff747aaa2dc6d9e73878bcb2981171d597fd92a32103b94c3fae814ba31e4dbef65dc3ad9e9c67539da12c8b7bb86b6bd0d9840e9434d0bc825b62a67748eee9e76d59141a00f3d9afb314c7319e9dd675ce339dcb6faa58186e831e5cc374b031792d8cbfcfed7dc758206716618530caf6b778516288f557c2eaab3a09a2fcd2a5acb43761a485fa6f1cb2ecc5d526c2ef9792846334cfcc99f6813a3065fa3b0b011b6e8b38
32 216 100 500 51 288 :c34a5ef17d6bb0d707eb93ee0497e9d97d7f29d8ef2a5089a299bd2ca3ed453f20db0fb825c8b9da685f34fb439403c88beecbd417e2c647df62481d3f3e28e8fc68884c02ee904aa1d583611069d8685b4f3f265c914ad1762ff5d04788b9e864fb5a52573464c8f31233c44796eecad36fc4100346f8a1c85d252b9c34bc919b202c8a9d178c2859e44e5db5d52b3da665a130b618a30fba171a9239c2de26d8cf1b938dd58e46036ada6f337a992641b2184388eb7d5d462b9d9cb8e0ed99831759f8ccbbe2b072951406fce3646bc5689c099ef8d56c
32 217 100 500 50 224 :fe94606f609dee631d7852d3347befc5434a2de0f7d42541880e247eb082517a7d58432d838ca1013362006ec9536c80e1abbd1065d8b2d7b0b9666766c280c48691887326f655c0cecc89061ab26163d173cac6abc8196f2f31c5bcacab855ac3e0bc5b57a99ec45738b4bf943e0355d745a49a347554a60fa181e9b97d71172e557bcc0d0658f0cf4b04b44a3f1b08e1d644980e661c517a74205d17575a0b9be66b9e1c8b331fa4cfcbf60533dfa84e0b573237a48536f76f7653dbdc99970e37c419e7814c0810b525671f53d8922b15effabf0f1141a4
32 218 100 500 51 224 :5b756f2ec243accc7462a36c3fc44b99fba5805685bac46287cbac8a4a224ed4f8494eab46bb6c0da680f6ade89435bb0985a246312ac9cb6bf9d5658dee61d363acea926e982ef454cce210f3f5894b132de128bb869e792f3689c06e86962d698ddcda06062c508dee761c5c2c4d4d407289584d59e080d075479c3fc83193dbcd388ec0e56e3c3cf588deaf5da8e5df53573b172bdc6fa02c42b3110204a3c7c4b4b560112821a6a8275a34fd046ecaae8e6f42272aa675187a72aa0d7820aa01731317a55033acbf3f0cafb54545fab15aa2d7365ab7b0d7
32 219 100 500 51 224 :72e0fa2f9c8bc5d88ced32d89cce75c01ae9add589b3431bf3f188e1bd1a6c16c5d736ce4f1c6cc84c0738cc72ddf866a19a2d02e20f1de64d38736f345ab9b9b9364cde4be26a5dc0e3ae8e51bfebdd02aa78a4d7446d6a3bb49ef01f7b8626eaf7ca330654a3f3fd5df2e92be19189625930e6388cca2da9995386e0880135c0155233bedc31dc48c5d5d2fea3e23e095245d0f0c112b9d1cd38ab2b898ef10ead8415a71ed15b6c6d4d34554981dafabc821c540d1bdfec1004d5a363d44e5c8ff0353d1e0675ee07abfa215ace387f5d10fa415a7a7fd82ac4
32 220 100 500 50 288 :155d4194602def3107db4555e2da921c041e8ab4fa3e79d627a141d8c002ead9cca78cd2ce919ac39696ffa89abc9c1489c899986fd26c960560ec57da0adc503aff576012e90db842b6a9d3d80891e11f1d75e70f9863af9e99c73b7c9d17ba7c159a4644378e33f829c9dfd7439443c8745fb7279a962fa3124b91a3f5bf3a9c492e5854b98153e181bb28ff998edc6b9c9dcf409503df205d6ebf218f62471dde10a793c184445a0d4eea9a30be8946b06e6a6e6bcec07b2d62a82ce89fca3f0fc9e61fb25e191468deccad57c528fdf45e16d298d735b51b604c
32 221 100 500 50 288 :7fe3ee5b84f606d793fa6c325a28ecb85d31c986acfc08a192876b5515cfb0e5c5d579db60f86925021d846cd154ca0bc4e462586ea7f8d86e098937158291a10e50f9df8b701e9f7c125fcf806b6a35017d2a68abfcc301a5115576ad857c02de7db9edcebe2e212d6ad0f61132403fadb13897933e2058bbe1f79df050e726cb840aa6e880159f886f842adac77af241068d8502fdaaacff026ff51aa9ab317aed89c58407a85a574a2a5d013d05c371f66bb5685946194d740700f7eb075e6bc517b5d16cfa7fc9024d8d784e8be12f50c36ebe6431292d5bfdccfa
32 222 100 500 50 288 :1b1c0b2316828032711abdce00d8c77645fec7c5ea71bf4dcb6db9175c3364d9787dee681ca27ed378302c2241c14c48a90402a79d5e2423436a91a7ab332280511fb6c54d9608da7aba9b0026b3d945769eb5036dff89f1f2b827b15b22f84889c9a9305006d89ce7ea960681ce48642117107cfc97144a758c480a531a101d80b54d1f7adec28e22ac2a72254c4478a4d0d643ca1a45d7448c4df0f520b74cf97e158e19faaf22a705c3a863a7695e947a8e163b4492e6988e6bc9f786e71ea2cb7021d7e29679658c19f7f5373beac1d0e39af9ab022ff986c16a35c0
32 223 100 500 50 288 :bfe4a4b9f5f2bf0ab74f1600f88393fe918830f9aceb1ec8012034a8fa3989467d69468789393ddd6908ad9059e15109c0d94f216faf2af1eb1da0d14741ff21c43e7f09bbb014d2b635be8987175de1d0318fa07fcf9050c702be68f058c5671f5d059ae1da0976e70f16dc924456bec859033ac1cf2e7cedf8b86c8ded87ee8f8f731383b9ceaf73ca65b5cecae3a052713556ae814b90d18a80025b7ce1383efb080c49de9403fdb5a318b80bb4520c6515259dfbf5420d220faa9fc610cb0cd80432bdeb0581761765030795594c2189ca8fc7493b8404df278c1a5439
32 224 100 500 52 224 :88d369311e105e53a5c663344093d4301f6c6e14ed0c45ce87e4ab2a01304dbc3128b23026b2de2d6bdea6a36a28a670f07a8a2f3c830a9c6dcae4fe4feb4ed1bc4ef0360c7a6118eca945b0c6abd5163e1ddf4eb8a02059d7fb65bfa4d209ac1e29d341ec37db59cc9ccda2ce3c45076e8a7dbc749338317437e0a0ba512eac21fad2f46341f4a1e900f12597fa24a0be619e84108affdf2871f9c841a8b72c4bd4fd5474af7187358b5a9206d8b34521a9d208622d75cbe662bcf1626aba14efc28a98d3a4a120b87900d141cefdfde1ad511ea7de8a438338626c0692e2ef
32 225 100 500 52 228 :9cbfbfe464134b566a76d9fcef2880b38b0eef2c984b62e773c14afacfe741926c1d09760a5973ed6d2bae9582184a3859b5bc70acfedc9d6cf952a5b90efe0cecc8d30e7732b73e92b96174c5a186bf8ba08d239bfedca7fb6b486c689102cf40700c81d0e2d20dcf7268735aa65d18dbbb30eb9e6b242c9825330daccf54cc259bdd48e7b8c99af854a0e6b32b83dc49fc622d085e8a9b84095c277617334ac256b4fbc90b753fc63d825a86f1f29732fc136df183e6bff7bb9460abb58c19e3da8122f1cfa5c7a39ae83aafb713388c478d039460f13c9194c3500880d17e30
32 226 100 500 51 228 :4f46b30b79b514f22f05c34af6a06e752cec40215f4200fb730f5c5d302678254d8077bb82f3c668caac73767db200d4d1dd1ea4a218d85b2eb5ece3890c0d8442dce33690d6bcec0f86447053853093484798bdb9322a4aef330a357cb7833b69a13a9714b451b2fa02244730efde4e868fa95df19ba51669ad0179f3688d0080879bd37a085803b75315bb751113cec5da99efbf385cc57a96cf802a26bdd141375fb2f46e3eb63695fe813cdbf6755c10081db32b83ca89a9cd045d870db63910f59f5736cafb01bbf29ce83b95ee1acd963e6af13ed807305506ccf13da3ab91
32 227 100 500 52 288 :3cab083f66918ff07abc66f312a3165c4723c07166c198cb1e59f6cfcd7db64b032c5b949076c7939d474f995b8093f97ae2771354196f98cc786b6c73421722968b0f48af93d401a0ad24cf6cbfe7190493c8820d1ca2e82c4172af460dee7719f8d23a80f6b9ad870a293df12cfff1721b9f5db0d87567cbbaeb1369ed6515decb3ae519295167bd215e77878621359165caad508e4ff967302821ca4839f628ddb4a823944f5fc35d68ee82cdb28f928596b516034a2c5a3e1b48d98a17062d1f32d64c2711558519b99f5f47efa1e6cdf4d9c1e7b74b6eab477746a07c5fa5a395
32 228 100 500 52 288 :dbaf6cbdf8a1d5a65d214d0a11fd2cc4c5783395ba20d9c2089ae85ac6bb21c5c7605d8a244a5be9e7f3878519f2f19a9e91f3b3a4b7bfb849dac1a2771bc57af2252ca0545167e7b0ff68aa43267849bdf8e3e961fb83ed9e91e626560450033d7e9e06e5d4d2e8be8d819293af0e8ed74c5c2d4b5cf4302446405cb14b63a11d900f5b608240ba0067f2816fed282c0df3a539dc5737c788f4c1bbb2c6d509834eab44c929d79156d7dbe05d4cf72f88ce54c8281e064cf8cc9181acd58a522668badffc4c79484d3e05a7a1e13a5e04133a9f70c1f6760304e8879ac0907f3b3fe55f
32 229 100 500 52 288 :673a684d3900ece80c4058a20133e56c5462c7bc57b9c10e219256b2fcc60a306c3e6f0069a4c1d6bd441879e0327167b2f14a6213e1d0a64a35ccf68ececb2859baafb13233cb9b6557d47dcc9172717ab5a1735e51ca50f8a334b93b5344960f07fbe7209e5a8285a9596136de366c016b525a8c1a56a973f3e823caa29e6b6ee2c5931161edc414762367868d83d169953a8f75557e34b457cddc70fb0321d8fd6d9a5bd2ffcf0d8b01fe79739f577d63200b504b456aaed4170303aaee5c3d1f40c90945a98b9530cc135ba890bf5fc6cf830f4df305530fbc66d292a4ea1a2e170639
32 230 100 500 52 288 :8aee5d46fa8ce50aacfcf11990696fdd7038c367dd8e61b27fef50d2862298ff185759fc6dadb8d4c81602695193431b28ccdcfce9a82fb79421316870ec26c0f452b285752625d74d7edb54018204e740ce2e04c5ddd04ced28d3533fadcfb075b2982af6c68b815a5df28182f0b900e3800bb94850e4c2df3fea46e6ee8a21d1bbfc444a4a27f726516ef3ca9f698d2a4235d12f0f37351d6148c492edf20d7e29a6e0bb2b96b3849b5eaf6dc63187887eba75162c1cefb03158997b9e07223cd868699745bc07514861afba96d86bbb11fd1b2d89a07547ccf7a8b0cd5f7575928b2d2801
32 231 100 500 51 228 :b2c5533bba146a5acb34f0366f6cc7b02dce987a2d38e0ea29e26a16ba8e020d130051e5e2781454dd2985c81641ea1534321911c8e3a99659487d3d502b392d68614b4877092ccc583dae45609c0a90c5ea99d9f12a6d7a31a0f6f4dd57c3ff991698dc4940be1a1d7bc7d8fd2fa8d8ec11347c678fc29f91804a45d4c0e680e0983e78be396ffb2fcd6f1056660b409627e46de3cc429aff1cfbb128ae5b7c127475739cb164d00f502e5b827b9618721a21a532f12e27b3e1ba7041e585deaf113209a6bca51e3c5a1bebf82f836cab1eaa3270431748416168c729966f68d3e6a8674921fd
32 232 100 500 51 224 :894284e3fcb944d78f485a574d05a22d0aceaa3da578afef263e54604dec22da9fe1a0c1389da6a84dc77d5ed6d096137bc8d7bc20bc72caa6f0dd518c5100bf5e20610863c0b85d12465b0d90415a75b6d7c9ea83a7b54420151bab9a39695e2d175d2c99c92233250bc82d5209220b6ac8e9bce553116648915a548224455eefb6cb8450c99d1d6ef62c5e8aab7f06ca5074f0a1bb30ae5f2a502217e3e3c9efb8e7ac8c8e8a5dd90551dab5d6d0f9077c36a08c932b9b62530981d9aa4b141330bbff5b7829451b8ac813b43b8a9c6d68ae27c7491b4d2a25c3288a6280e8a2c796923254ebd9
32 233 100 500 50 288 :a19bc6f0f7a73ab95f46352cb78782eb0895440863a7c174317e6f290f11deae2b68e37458dade996639c6c538b3c57c651954b6afb69b9943221b171af837107b5073dbf0ab120fe560bacdd3a83f8ee5659cf22227b54103b6074a9f4515e3e19d56fbb7f5bfdfd7e7c6f950f2f3f32b467b6a04829a0e2e8fc995f2ecabc539223d7514cb34d52cdb3909a45a8f4fcf92b61f599792f11a819fe407953c9821475bd8b352c10c0cad5f0c7f29fdb0cb2e03e9d2eee8bead834a266f9f7fb176c0b25d68adeac3a512c32a3fa5af76a5f789b620782a2dd30f75526b682dd26ae6ba7877c4c0021e
32 234 100 500 50 224 :4f43a7b06e04f4b0b914369c48c070c739b80de54e7f9b11eb386ee13b08048efbd1c89ea2704419e5ddba00e15dd0a35cb6f40f1c1f88602e09aa6e10e4a44938325c78a71b435bb2095d5584bb6c1af88afeafa72015a398e3903178a1686567951294239d1540c1209913e563bf431f67ca9afe5ae30ddaf180a0f5e569a7097d337b8beb536e8c97803feeafe7ff1141922ab007df8cfdff8c796c217623b97897b3b99978da2ad0a402c08e16e8d5af72030ccc2b76be303a6fd82cbd06737d4c849da18735cfc0dca504eca1cdc16cd0f193e3f4629acddacf6730dce0de19e20f39502bdb1894
32 235 100 500 51 288 :516ac8dca1c7282c0aee93de8840b663d32d74ddab4aeace79c73c21a7251a3c45f2ed09b2fc68deba24c4279e6661ce3fcaa6c01d7f5b9a6022520b57565804d47e85ed3a514f4e2450b131aa3ffe265a625576444c12352a3244f5a484622f74801fbde1743b1a3b9ebbce0781b4f47fe93808e4c2e6e127f644efd3416eae79764934214cc23a03da417303f7357d53399af00b0a6f05b5fe2ae1b475399749cb3cb0efc8a87a68fe476c5859496f68c3d941cbd48929adbdfdd5d4a3d5a6df2a18bc32f0b78d6c2858ce62b8836d0937f3cfa2cad125ef5c4743ee0e17f9aef6413b7f70cef1c55a30
32 236 100 500 51 288 :77243d9dc4adb1502bca4caa6eb8db63eac3a9d9ba2311c6a36fc552da31bf9fe601d0a3d71c4f370aae90e61e8ce2b80470bc32458cf7bc62de67ff3c0afe99f8805a8b69fcef2d0fec408a741e2827fdfd138aa496570cee896c9cde42b0dccecd852ce13129fa5e73764b74e51e8ae5a0ca01a859744d069ff8f53b7ee73cbbf1876193423a0782a5dbcff90b217f6f590475166d74ae42563f3eba3be938aabab269191fc41bfafe84058312c026992066eb36cbd8badd4fe679457ad1ecc5799f7ebb0f95133a59cea38443cd729f7786a595b9d46f3526083e72d981e2e614b056a26cffac752a62a2
32 237 100 500 51 224 :8f3034b5452ce2786ece8c13099261727b221e63776f7709faf79df3856da85c5c35be44cfc0afba75523fa872daa8274a16c060b0e8352db77986958502ee81a2fdb65a2bb880cdfa1f3dc9cc2655f384d17177bf386e98cf0ec0370cc10567c5cb0e45587f67626b7c9a79bf9ba17ff9dd5f1e0417bfaaf9fa640e30783c8f60a059bcb3ffdc3d1c07b4a489616b7cd06f5f438e99b1ffc99cd1580dc476dc892c1ba7529d420d7890dda3dd0243506bd67783dfbc6311ff742242428e886b684f504b5c6e0510244672c5e54a08b1de6e1c96f9bd559d6d42e4b4083485350c37c5558e239cd9e238b28828
32 238 100 500 50 224 :4f9a1d9172d30fbe08479faed4a254f4e5ad76e46fb5a98a13371b5048c9a10dd69347235b5660eec30984ecd9ad9e6e5e8442d1e54a2383c69a8c0b21cd770e053c07136d37df80188db8682e91d9d57a88809de13c69621b5d4777e55aba578ca21077b4d9ca83c8bf7fbf50d06644f5efdb74bc89f0bb8e9a4af8c597a8dc20c261ac5c40408f94a4777943ed658dfe59a7dd3de26b94c39c00ef11d21485b65d846999794c973b4b558eb3e6487a4cdb6d287d780fc1db80469c73c7911fac8de3a7c4b75133e7aa41f05eb0bb4d4b84eb1582c73c54c1728b4e0b6dca3f6ffd69f0452ed2a280e6c316533e
32 239 100 500 50 288 :087e555b642479f59e7801c46099e16a3bd22145baa4fa677e77caa75b08867199be007a7e8080735cf88232bf6c7266cd865500b459a3f7afcf7f0410136baa48783fe762269022c81baf5651e74ae2e61e970607048adc85d95e478edaaf348efdd4b7e7450f48ef118dd3323645aa883af97a35bc31149cc58622650ae96805ace2f2a5ed7c0a81d8d17317daff6c36d1e865f6ff248034113627f232b948e9779abecc9d699a9f8ab36d80e5d5d57fb3f2d42ccc71ca96e024442814ff0c050efc79240f3196d628043a734bd0caed5124510a0e6ceb189cd74d525ce1913d5bc8e4065e52cf3bee22c8eeceef
32 240 100 500 51 292 :40fbda2640bbf31a5f8c29bebbe45d7c9c0a994309f5876604ed253259cbfe8fe9efed2e63a27ac89d37959b2faaf67a2fe90f58caa2902936bff671721df364f76b2c1d767bbddef53daf6d89529f09f1a4fbf33db0e786980deaa8db5e4bedaded6a6267adbf8d18d65c4341f5231b364a735409a4e1df285a568bc4262f724d9a7155f804c5ccf9dc4a6ddfefe052a96b2953e0a87913a4d1ef9aab4c2719b21139f729862505bb6e27c7aa5bd79552d10c112c6bed320f5c4373d50f927a91df3a35a7e8be26a6cbd2c377ef6f6414bf45bf243144f36568cc01ab7d28c7bdf3d027edf6fcd382ad1ec56eec72ed
32 241 100 500 49 224 :797767e23db9c10ba36420c8300871e689eaf5eb9c34b797c10982a52f13db0acf97ec9cd872ea5cc72c5a36e0186cc958c6e7b28d9db2f0c4d4c723917a5dbc8a6e1a79d9f70133c393dea4b0e90c9da6753727fa7beff43f1ce4d7752efab88a6b54979d6dfa5feb743a5f7d56b0e3a99a75b4aa6051b0944350fd1c0f163ad9d5e9adae1de019f7158db935f475562eef4cf8b8c4cc6dfb3faa65a9e23abb71ee5324ff31b9ee7e9272418256c624002ebcb1a1926cffc130bf8493e26283e2a002e4b03b1b618d9f19de89c3533c5ca93128d493ad13ebd0545f4a20eb9b370edd24a295682a8ae4281ad035c58669
32 242 100 500 50 288 :d868d2459ff4005c46cacda22f99842b97139d1f18e3168199f8774ae0e20305d0660dd67e31fb12bd2743adc2378660040bc5131e9cc639577b2800b3765dba4efc72ad8b61c226c70bbe242d07745780c6606b214eeda064f11857f24656d4d058861ba6a8bf24734757535444d5499d204d9ba3aee3440c8ce5ac20d5259e5509bccb0d04aec02156e651efe6f9d92f2943c0545b916e783dc628e3bb7a91d8764e06cbbe9abb494b87cebd4c22809c2c3e18eba350f71fbec97674d3b0ae43fb3130ee4f05160efaaf8f5789022ac84167c0f9b3fb1efb236ca8223a17dff281718ec45ca10a5400d9512c2842b2b06a
32 243 100 500 50 288 :3ecca16f615f4b6e5cd9065cdfd6a21f14ef40fc89eacac406b7d956b744c04f3f5cb80a27a9bde17745b7059a6d7ac862fb85b985a0c03b45e5c09ac381ca92015188822c334741eb8cec6e54cb5cd2e442f10a705483034afbc2c26abc2c126e89879dd8e241936054687ee0c9f9b60647ae7e9dfa35a2f172375f08c1c7c0d04cb5fd19595f2581efa20ab719b58d0ba4d5799b625c89946cfab210ff0de25d1786575db80df9056e02b4dea9610c4eeb8f22d615d172020b08240e29261207daeb00c7b88cf119640a84396dcd64a9631a0804a084631bc092e28d8739fb4450763501f6bca8005e2e4d9a0959786e6f1a
32 244 100 500 51 288 :cf0bea68308f4ece8b8ff2f9864330d5b34a06aa7df754d7080855ec72431ea2cb42e8b3b38ed397163b0e1da20725667f22eba858e0ee793189a312d30ed878401827f8045ec3f6b4ecc9334e6eeaeb9d0a12cf6bcf9ebb7b75e52392b4e659246ba018369e7b64930289bfd81808339e2b3264b1882db91d31caadcb72791e4d90e84f441e1d15540537e971b29203e51e3a055d239cec1d898210535a7fb060cb62f2c9e6f39aa9db832d423debf3ec2576b0a48daf7d6080c2d598883e673cdc033045bcddb119c3ee59cc60cc439f4477366d3d91eb894a30c8594b5ee74bb89cfbc4d3819435dea7a999de571f2a359ccb
32 245 100 500 50 228 :f006b55d4b72d920c4ba98a272d538f60426ed0d2f36657ac8098696b933947881f92b92d084d9e10563c0685fb5ea9a248ca1c9ddf8c3862cc368095297b73fbaaf3872c6df8d4efa9cc0ae4016a68e40cefa0f399e86f19280e32c9df6ede6ddb53bb442664a4ad1e65557488dfbdc5efccf99f7c7a1026306a6a7054bc66a01e023e15cafe7b238150255fa8fe2a62ff3448117b45e931125bf2e6a92a6cf82b078d7bf827c0af7e81cf089cee50678e1c129fd988af4ec7075726af0e6b6287fe4959347af37fef4e440c8b28f24035bbd96af6269d22a8888dab8e03015992e938821767d3d7f2713fc8934ef52ed91277c64
32 246 100 500 49 288 :e19c11bf49b50d42a917f79f21e92c9f874bbd2acddf8e675ed9942994b3a53202f555db86043bd3357536370aa52bbceceddb79578ce3e4b00df297a92dbe1811cce472c79b905980e01b9daa262af75377bda06d2f8dd976486324980167ec7819311c9941f3dedb581032aa802720700553bdbcc3d0b29037279e6936a0abc21544b23dea7db6b561d2a7aff154c404fcee1cf479dce92055ab709cb701bd6b90a87f0420d5dfff674d92ad0f4e1268e192cfffa48cf4a59875fbf8b0f7d9510393bf28107ed7fe2168cd28cce972c31a550457ed981849dddf34c804d8eff1868a8f2074bba8075208791bed5a5bfa97f774e345
32 247 100 500 50 228 :8d9125d409a7ae5c7a4507db0f1cfade21c239714b79b49fc31a5343ae9acfc94321750ca6f164225bc68c856b0bbc252e00d3a5b8ea1896f6a3bd695b6a7f1dc6eda6b3d9f1896a48a4076d7483eadad3820396c27e3c252279e1822e353b91e48a247708c2fc32b7e06dac70d7db62817e224e3a20af2a3ef74a1a2cbd2f347bb677cb299f0afb52fe857696be9f0e0a22a8423347e75b762761a71b9a31fa18b90ff560d5f7abc5682be09c853390b48bf66c401058e0af9ff97cd1953198e2d977ac59ce11a0c767bd9136ba896fb3760ec366c984b0518466adff796c41b3fe09225360feccfc190893b2cfd23c2fff34ec2cad95
32 248 100 500 51 228 :c639b5ecdae940770d4af7663d075ea53a9d81cecd6e58658968f00c595c8e85a7976b01f808a69164db348486b07b756c2fb91b5bb65d32fb41ce6b479fee6ffea9c091c6eef2c32d9469894c7143f46db8b6fb8e8d576a65050c717be46026919972f16d76ca507146272f891b38e034a6c2d30efa61701e3c7b424aac3c61e17eb6d00d4cbdb043e1bb13094fd6e5e5aac82cbcb0445b7f9f3c238d7f9ee8b5043337af3a36c74e75f76cea7f3316f2a3b1c85c70b341ebb1c0f10998c4d5c05d587b0a57080bed1daf08a4527657679fed21a9070a3e4e83ccc27764212bfe65685b1795fdfbc604414a199df3920f3ca69919bf52a7
32 249 100 500 51 288 :6c44fb51d9d2f1a02765954ffc854bc34309d9784157c44247e15c4367fcb85c05d274dea42e5513db28e461c36c62fe50c58270f20735dc222706dc4ba9806c0ab9329ecc87835de58538afb88c6a97b3caf91029b56fa1a382c4629c4a9fe7ae78e3f50cb2564b54fa6ea5b13c29ae1ea8a1a3e9634d0181da956eb232e222262740e29f8771a5332b1ceac28230b1b248ca16b4d39ae02f09686dc0426f19fdf4e32948498cc91449f9f1449a3639f61fd96f2fbfcd2df0179f4870f66175251b56611c8d340afe4ac5935d523d2735d02725649ee34f677be82f273914c7cb350373c5970b18fe3864b507d5a5d6a113a6b5917e9664c9
32 250 100 500 51 288 :a75b2180557bbfd0e3e332d752b00f6519164e0be20ce738e440aafa1fc9b4dd3dc047046d8f056021b3f00351023173b412a560fafbf52dfde63c39c1d874d7dc7c4e755ecae2dd61b52ffa8fbac23a0c9261a36c89f739cb43f6bbb02e02f02d7bf9ed2e7914bf6c4a4c289ff353c8c44c5d16f0a2ea30b55f0117b0bdf819fd9d9b9dfb1696d55cd4ff790e9b193985121294065b7d962d71556c59e85c71c5894f3c0d1b12148a71158512c2a092cb06446bfc1643277b369734375fb8d212dc20156f781e475132ca501772706af7edefb0ba17950acdebdd9ae76e9d01bc834b2ebc427ce96b66aa1bba748bd86f6cffcfcd9af0f22181
32 251 100 500 50 224 :4cf4bf50284cce8d600bab7d5c2801cb2a81aaf6b2410e8e457693b74919c2dcac0c516f796c107327a645dc823b872c7d47feff08dfc41d47cd855e1cd19a7a921c89146f9acb4e3f6eb5f29f752296cfa06b163b548e098d003c3cf029e3b9603b6dde75168730e9628940c2b70e50929eb663ffd6963f3126d68d55137a8c2b7f25d6e3747a36684fc408272b3d354cae380333c630d57777ed40e5c62e02f30a40a40a5853295057a79480b41ce1bf265d15b5fbc2c1d9d9c6550463c8d05d174dd9c32c59340175e7bbd2bbbadba81a79dc0395618b038a41f849498153b7b0d44a3c47a5eb56d84ed667ec575a36c47c1da18ba874856439
32 252 100 500 51 224 :3026e64f9538dc495d194a0740e7fd9bd1e7de81e07c1430315d83ab786a4c63e162fe59060a732e0519e055f0eae4eae181f491e88d4e50f11d7863b1fed55479f73a24aa4bcbafb7cb75ab452e2fdce9bdb4edddfaf421a3b87c81444b30ac5dff9e77d2c6c1f5fa5f23623f3d2df079efd95b7b7ef655d9cfce18315d79ac020c135528200cb2eadc4e608f71b749c86d6c3a30ca3720a14478b919cf61699290883962443ed14bd508ff36c29a35e6f3d73376c03014af38c8a426156d68a9d24732ff55777057ab84a2ab57c622fe37c2d00df0b33ee5653cabcab47afb611069a24cf12491ef69e5692063021d96b1b9408f26a737dcde4ec8
32 253 100 500 52 288 :a9ac49e91e8c2f16d7f0fc3efc07b82d369b8a6fa95a6cd1759bbc4b425f4506f2a3b59f8d34d7e782f96bc8a1e400edc8f822b25f810074edd8150f620b5da755cb52948a2fac92f8f899d1460621e094313655383815eb919f8efa1e3b17ef7dc4e54e800285638bdce111084d2327312f5d7f66437da65fc0376a9a6d30c07e9821ea0fbadda4030c248b961084873270c1f970db2adf5acdb632cb78f48878a74edb99633410b6d8100d2dba933348d3f9efb4e167e958abd6c54f547fd883208f4f295539366c9a0cfe948c5bc4957d1890765c1bc7b7276d171067087c6189a8439ff4b833d04116aad35617f7d9e8b1cdaa7296cd16d2f02945
32 254 100 500 50 292 :422add790e67f597f948c129f9f47ebf56fa88c044a97fc4a66113e9e79ff80e2a42518f943e1c3ba3b165872eabbe12a95e73a2e535677368e1a63241786053788d6c92e5abecb89ca90f72ed0b13e91d82d636c380c44f613cfcb81dd6fd86b5b72b1609e40e660c9467661d5ff0ec036fbd071e8127b532e1e98472baf7c3fac74f80e5f5acef6987c7abf37b16b17abb884ffa9a7bc9743a0759db453acc648a8c672b4cdc1e4877b62906c6e8fb1a060a9aacdc1799ab6e17e6f3b53949068ff3d4b732761bed3a1780b1d3232f880309c311b3e6de64dbf9d134ea09630a03a989ea215a61c181abad2f49c7a57d2c247ea1d574a1f1be621c7c0c
32 255 100 500 52 288 :cd378d6d0bd97b34c6ee139a3da1f237e798433c29969407a424a3bf87e04492392623c39ac44991f84066bae352ad495e1e909bf4d3f844da89708b4f066819fdff12d35d284dd0b634c5c2256720158cef2f1df3464dfdea4f963c1e2263299f07909933e8bb2e48941c0883883705a7b22d45a1fcb776aebe45aab3441e24e4753fb53306eaa718acdbadeadd7aa6d21c64481be09f0aadd1fa07c6a2658f96b146c11250bc73a74ddf797d3db801e992de221c35655747d1032a9bde3e34028a93591d1ddaeb8c7835778c4f0deb429d6d2e3441dbc727431271f5a097c7e09c4a5de1f1bf5559df8fbfaaeefb5b186407a8e1e3b2df5853f4b1621f2c
32 256 100 500 50 228 :7e63617b0718e44c39da104f6fd0de3bcd273e34cd7395552650f4b681925108475ccf94362b0beba581e16c9f6229210b08459ab21737e3536662332b03acb42335ce6e5ff04e883b30763518c762e65c079ca6aff1d18df14c9994496d144ff259353943edd1642f545118fa927f337aef9da2213df49130187b1feee336daec0de007423f66b98cdc8bbff29f12d854b6fe6f95e3d3b949aac7c6e29106f3c76737563568f7379db9ae10a6748b8be6e80f79ef23b50d7069252af0635084c828fbdd4451e994a698ec02fe60889175e7021b03100b068ddb1de56684c8cb3c89e5530a88a3f061e0c4055379ae0c79f8cc41f188bd433ab2b8dc1241ee7f
32 257 100 500 51 288 :fc6f74033e648a9be09704c99caf746be90488c868946bb808b300c61800e4584c89c496f8f01d535ccc552cbb63e48a5ff7ca431e1687e85c4605656cb9b7a5a7bb14cf1af2ca61855028dc946f7646a2864fa3037d3472c2146e46283c27b78f80264da1942b497e9017e31451b8159cebbac63889efe52794cbb99bad036624efbf9e4fc8a8e97126bb69805f5c22a99ddc110003351b6e5fd2b17708fd55d1afa78ec2d26b4bf41f322a2ab2043963ee0cbd6a5c46d24bcfea3631bffb126a32808c0b0ed42f76195a712df53805ff36a9587fe33a55cf85afd34a00d4cea606a27e5cb978fe667f2f863644b56ee2a8255e9e526aa93036d9443097251b8c
32 258 100 500 51 288 :25f978754c6fc24b5c12a9125762cda30ef322af9aa2c20bb1cae794e9ba3cdfb11d3d027fcf665a795ce12d9caf02104166e78e24a1590dd107eef7eb04766990f4e5dc582828ce38f61df7b1321110f1756df53481a6fc51894c72f93849f796307f9ea9a7d528493cc75a6007c66a036792f0ed6677f05ef6e9260cd1e7ccf8c786f0c57de6b55e64099200fd95c0a6330890bd7057f9f7d9d44873e62ec01bebe401bd74d51b414cd0d52044a3f856bab00c9a88e669aa3b4def7bf1d5146a43a326ebc9bd694935b44b107df1e64c93f08cdf4ea054c5e2bfba1314e298d926603eee886d87aad24ce4c5cd63b89afa352b91eec13c88930add72302cddabe5
32 259 100 500 52 224 :2474f62baac7cfa42eac70924ca1ecf72b64b4442907177b0597105cfd7647943eb8c866395d6df85fc7b3dd98c33ca4f33670f00d0cf9a18829c489cf3a8184ffa37112800310c1e0386c1ce394bfce9ef50f4af8305907b5d54e8c2c58ed5484ce2871a641892b993aa8ec5f34e2428ed732e5f1f27aa149b7d1d7738de57695380c0101edd54a6edd2a04c94dc20ef704bfe2e458176978ff727154edc1a2443cd2cb1d41192e2b40134d656eeccfd854bbd1b08965a31e680a37746bfe541f9e68b3b5dfe70076ce3ec8afc1a26c9198df8d87d928e15abb30ea84415fb3f97b38baa83d63e1d8715656ec519345be1386652f2145748e57ce3f4c739a9c4f007c
32 260 100 500 50 288 :8489979272db25223080c258e1d8e9a445acc11ca250c3e6613508f649dc2faf8021feb76d03832400bfed81add85158401a5c2d86f1790879282a5b7c19feb0d5d8065b527d8b800ac88fc37eed4598c15ebeafbf91d196b599c48abdd6f63972f7d2bbe0105181c8693f881e22032ce4e4ad67480d588a8701ff0b53dc612c1e31257f3e866af8d81b06703e5f12d6fb44167d4962c8432a37369d7946241c1c18d50470d5474f539ee3a1130c5cfc21598dda5fd590687d71f756829a92e149968d2f407dfc3a8b5e5b0415decbd1f2ee3c6ed0d6e044b950392631f2c42748533d0817ef89481aec4062a950d54707cb2b3aabc5ac9ec001895c3ed0a61b417720bc
32 261 100 500 51 224 :b404990c06bd77c382d8af7c6b44b54bf2108e4caa44d28bb516c4b88b47c6afdbdb542a621531e46e127db91c39b05edf9487a4275136ea8ca534f4e3ee01fbdc018f4fdb4e244fef42e617c13d5f1b385b18fa0e578297d7e2698618201073ceb2cc666655fff2362016690bcbe0e5ba898c20c2b8076f17233c1c0662d5d4e2519e3979fb9231d836b13e8ca1118eacdbbedeccad20cb75b73d0af69ba4bbbccb8c046129848d7f7e2a73f9aa6382a052be1036fb6d85098dd54575010023676d00d929ac0934bf67d2c5bc39702279be44ca0cdea013900fd0926b69544c1c95301d53b097d6c7ea3e6bd91f7fcaf8fe815e4bec80563ad66be49948c9b5e7a89eae7c
32 262 100 500 51 228 :50ae6ddf3187c5c54d3ac10ce8f98db05eefd5e31259862665e3dc8a46d134df48690c668965500808e957515b9283b2ff1723c7943fea9f53bae0e2ee449a5f00e7d740317b0035b953899188b5233af6d0d6cf6fb3e234d38b14fa554934d6769d7842df37040bbf78ee145babc4d92c05a9f395274c42114993a753804cb10e6d665640e3973a3c56f27998314e1fb18b0bce8bf25b315286714e38a90d68e3ec933314f6f4b54d4b93dbbaaf2cbd646da29bd045d5eb8e7f077372794df5ef3a8c49b8d63051cf2110e2d655d86a7d9667b8621ebe8eea6ce42ab82020065b78eacc3779b1d0e9c69525c154953719ef43625d12cc32741bf3225ae4757d3f808f85bfd3
32 263 100 500 51 288 :c1a95ff7336822aebf10b6d21e5bad056a3660fede26b014924b9517fa3ac433aaf3bc1aae287ebabe45433e3e926c27fccc2596003fb20cd0fa9f438e606e4b18932b712eeb032bbd279c76cb1c57f78f852b8d2c52be5494ce2a1910446b4f021ee9d6a93bc04e732142811fc3a1e68055b92741e06ee14320799157a25dce9dcb1ce6a38739e6b16da65a0469e8c8da23e2b816cdb888180826acf7cef405a78f5a339c2eb1ffd9b824dcdf44d24ab14d996fb570367f4013e85bf6084158b363f214a7df42bb5a722d7d58640a74dd212ab32832dc627fbe0775fa8f6d6699e45cd0d1babf1c12d470a06b8949705b29040a6e3d85323c0ce98b25d514ec668d829f3a6c9a
32 264 100 500 52 224 :920d1b85bd7f91fa4846bd89030d4fb4d5c640e27e31f8fabe4b1fe9861196666335a9de0df0ac6ec238669142b9cb825ac69fe51966dfce3ad4b29e9ce9f1772e75bcd4cb189dc9cc33ab816dc41eacbfca6c12772905db61c108919eea8c604a83ad1b9fc86c0f996a12911b59ad5c32e497516733d477779527d2ad8dcbbb64e392dfc2b73164a736326420f3fbe19ad81c2bcbae2f0217d00c853ab6c966d21897830fcf5055cee62176fadba950e728c349494d3deb556374a8710112b1dea2a2b770ff35d8f3208f7f75843a293c17204d09a633e61286fcb237f89bec3beea9164caf786143bb67cda168f3139d7aaeeef93d07b174fdb8ccfbb341a0beee4d2090820c8d
32 265 100 500 51 288 :8b3e4a7bd56377df8c7f5d92f31aaffc25a18ec266132afce89b45d740e47c9d84615b387e0c83f5857a9f3c1923d70a579dea69ea1c099d6da07aa468173efe45e3d0a59251ed4d4e66825d2fe4201131992ee851ab14886c188c2556913a4c01df7cf24f64ab29716d3d2574fc7e98c404b652da56ef26e16b040f99b5d8410c10fa23f03bdaeb7a4ad0b9f5590857ae372710e1aaf2dccec4d67ec6791edb897b2e8de7b61074702bc006a7fbbb209674fbd1da6cf3b729afb49460d270ad71585cfd7f15b6b723a06ac1ed9ba5a05117eba6ccfc68f8bddb2f5287b968b0ad1c3020acc6c3feca58d26bd8e6c7f62b8846a7380dd52681a6801838f6073bd665d6a989802280c9
32 266 100 500 51 288 :609afd0ad0f13af2fc2af7cad292195203069c9eea9ff6c5c278a1a353ca8fd8fa7db59c7b60b1a860693020185ae7428ecb765e964f8945110215c49b83fc03dae6fdaa058ac1f94399c876e84e7ada91abbe8f8456a5b734ba34a066f673e346de92a9e66fe63ae673ca247228773052f07d0ef119b5a8a2d5adfd4d346cda09c4cb6960b40dd18afaefa0b44c2f970c3c1a861de637953f30cef3522c18d48ced80e264013e16abd6df4bc0e1c510bc265f81e9390642d2d8ad787d1ac27876d9c2ef72d00755f8cb024b8206382eb1d511f9297f5d4b54f242fc18b43b437fe5499376104074f4ddde4601d08cba3ec3b70b50d3e03f0e0eb5da62445171929504c17177ae661685
32 267 100 500 51 288 :17c0968abb3d614215ff30708c6899540201b2218918d4282e21d91814a037b7553a9088637f070bd90288900fb7e830d8d15bc084db2a455370f6bea13874771cc07494eb7f327a9a005dc564dbb45003f6a720c5115631518e9f098e73e43b1ccb2cffc47b3ef05712ac430103493bb28ff6b584635683f0b4155ddec3c34f6bed37f3e1aaebf57145f11edacd6b6f8d6bd3482924c49e70242370bc5ffb0db560ce87783e89d7146d5a7ef94bc24209fdc04c1a7068cdd497f3d63c897559747de1c80e24720b247b8543e5892325d76f7252bade601e41f7d225768f167a515c26df4fbd390d1e0e7ff34a21d743b286570f61272c998365af3338995b04ff1125dbf39be12f4ed0dc
32 268 100 500 50 288 :46099db33819c7fa877a8daa4ab03c2379377bdba58275b57158b1418aeb2d2d430b5100812cc6047bb556cf3549a59c5dc13d533bfaaee76026f78931ff7d4bf219afa13899244f1432bd7a5f54d92cfdf928ee99d081b3dd04cc78611316d491059f59884315137d7d3d98fd9e67f02d9eba39cf6ee9d56efdfbb52f5d3aca2377535391ceb8327588bc1e4d1780c319fc9467391b8e1b6fc06713b897aeb9e0f3824eca12d05e3de96a5f4365f0185b957fd4b67813e9e2dccca32ec5a61ec0fa884a715b588f81043391cf70a44bc27133728284a86051c6e0f73f0f2d84397820bc987c57419615333983c1b60c94a349d1bc1df3a0a185a259045d87d48424d084f9d12ae9b7b89f37
32 269 100 500 50 288 :b0e78c8b027e785b23d1b1b1371adcad6010b5f6d45eba153f7e68262e301c21e7cc8cc1ce54ca10f5491401775ce545d97d2c793b53bc50e0d3f66d0fed1bef4bd31a2bfacd681a28192f42b8ffe6050ff0084daa342530355c098f5beac39630a50187bad9ce12f95a572b147bc3891981c87061aae3d68c41988c3b989bbb54ce6757b8d7e4e268b61d8e938f18405e06c40da82610d349f940d1f52a41aeab56cc1c1fa90f41e9c914cf4d9bf56e6f89e190f93080065ac44c7347f8d9497a3a12e3d76dc625ae209cdd0828a165a87d0985e46026791a29d5800ff935c18dbb1177ba1aea74f271e0942cfc88ae6bd25f2f35809788a4804b7eaf2d4c0ed66490c4d2a6a1d424f24745ec
32 270 100 500 50 288 :b9287068050960acf7abecf3b1fa7c8036298e9e74daaa0e39a34b828695ee756843c16de8f965ae8c0b3bdaf18de4cdc8d7ae40378d96f4a0a48d0857cfeba5f9975eec29aa42ccc7d19fe7c4f8522c3f6daef03eabe2e8f5417f938150569262355a0edf0668012a6559d1c076f3e9807eecff6349edd67d36ca4688527b37fbae9369302b750d9d79a461f4b98520080a74dbc5892158ab57427b488dce214cc264d2beb8484a44307680d9a69af4ccd3dc78aae98bf0a46f661143babf2922b2c6563935e9e35455039f82d70a669bb5613219ab41cc011e81c49a53dc9e037725fa0700d20e48c342ab8b2c0afa792a16c049b3a5e6d227740fb4e58f3bb6efb60a216b68580e457a7b80d0
32 271 100 500 50 224 :68005662b8594886956d5403d1d4521f304384ef43b44a2a2cb8ed5bb222d576d8761bb42ff9b100775197a7dbb3a81ae38ed417b8cbaf1c17170d482ea10ed6d524a0bbf02ab36af80c04489c39b31d41bd9fb12b3cfab65a952e1e941968821940d25f8ca6b4c8a76bde19bab910559edc388b6379dd665542b7ce99e2e95739fb3e95731d59c0d572a34b390a5973b56f0708441098b270035db56ba4891976103039914999b1f3326b8ee2f82f12baf82721c04737f76a14c986ca53f1d5899f8acb801b58ff648a5f114469f9232291b7ed696f4a2392f1c26ecf7ffadc0a409cc06b066f4c8f1d8aec5eab211374c5a8383024155f944c8d83451d945fe8d0f62185ddcc62354255c4c15cae
32 272 100 500 50 288 :ef2fc5b6ac365551af315da567bbbffd466139e2e058081d967058f61e94858c88384846650287f69a639c40c324db1439d90b73857963c0d3e5b44eaaae00f019fe30a387aa63bde35b333463f1629dda8c820c3cf45be344dfd2377e9e319b9b4278f821707f025a9d6f348fcc5eae06e7558dbd4cbc8340f8fe1331e72ceee5acf1187496060e0e187452c40605d90da19afebc0c73ee0f3203413755092d2b219853db04a8699cd908ed6c5f27075036f9df9529ba3f3c06127f925161aa2ca0ce0a3935097740a2bab9b15d77ad9610a1962ab8e865d78d93a5749a22a15317a15be882c3e20a9627c538cd2da6f2b96b52866c4e7104ab41911214791f8abed7f59f293f5f64353c14b500752a
32 273 100 500 51 228 :cb24dfff0e7894740237e2f608a1d68416cf0290392c7b7fd1daa9faca23bd1da6257a8823d1c1b33929a9be659f04cb8490f816386530bdc8dd39596edc1dab7025596006de3bcfa4263b1879bc34eff62a815b895b046be11de65b3ca573e63bf6182b1fc5b9d8d8a8581c4e888d25387ef317e59fde976caed8bffc038d996eea3e6bb8bb6d747013015a897f081188beb00346d9b957fbb338a48733e6bbe0b4d0bfd50e2d5badcc49aa2392e6ef23b20744346c3015633ccd7d023c0a383e7cea66ff8e020a74a8c064ffcbc131898a57b9916877eeaccf0c17d6348d8709084b731b6481ded6e151d6a1207eb30b0912056157e94ed6b79b2bc2da20bb371c1b4752a29ab8e6c36ad6e34f8c899c
32 274 100 500 51 288 :e26e62ae92612aea3ab81fb98821130b533799d2b1c524032a8ff4bd509d4ac39cad5c37dd25a7f495d2884d9e96a980539119009e0e81a2193630f0a729f8001a135a2ffcb496697a5e9e3c2f1da73eb7ad6f95120f30abf41b9b9918eefc4d1fc0f491facc831697077a34fe8d4ed8422491b6ca8bbd8afc91db5353f280927b4d39976563bdb6e2324a83e534e36c7ae2d4f2a8eafd15b9724e917abf1850446d3da749072d33bb746b75cfd9b523e178bef4fa6a3a18b46d2fa61f40598acf4131e155eafcb0c86342ab2a91f26b9d427221897325d2d24de20913750dfcf60d0e620863cf3c258b4932de29a0790cf69b18eb484a8cedfbc8897f42bc657c531ef3df591ed75e37f789b73cc5f7c0f2
32 275 100 500 51 288 :3cee5263ef4eeea15877e8cd7f1bf83e513be959606167273ec6d5fa8c89aa02a26fc18ae7e9fc18fdec24bde5b00c114d0adcb04ea9bace30e589a957d0f3cd83048dd67be56d6ef8d27946fa00769887a977d55b277db0a40391753935a121d3e155ff035f0908d87643e3c915c95e71801512a07502c073030d121fd55c158a10766643b58de6f8789c98715fc166f5f6c2c8257bd5198918191e30abff5ef5002e485987104d56a241d3b5c4f2447bdff0fd7ec7728c6697547e89ec6fedbf077491c15ffaa37fcff6e91050e1fb5379179705c7a3a0768d53c6d42b5daa2578b93380dd1a256add04a84814b7edfab369cb1077fa80e303ad416be8861358549efe0cb90043e6fae8e4039d2fb6bbfece
32 276 100 500 49 288 :9cd052e3489c24926d51d9ca5e8ffd912ce44cc914a52fb1ec8272f11cde97dcc2bf1e7b45622760a2a5af93e6b75f4722973d1358e19aee5b9daac40a7f975311778b72c274a5f77c31696f3207bb2a49560a00f1e52428ca173e4198458c93d60dfb3007a850c1441ba38d044e922870e577d6a58f359c8d551720a05495cd76e9b14d6a9c167d87d171674770d99ddd4deb87f93222cbd396e62be04a22759f1c694fa8000c064f21015a978c1f8c5c78bc61c73ab768deec9e137848899071afd350fe563742ffc4c5d20cba0a3e6d49c047eb9a919173425198f91f9d3b00aa8c62b346184bfcdc642c7d761830cce7eecdeba7144281707c3b113a62f974c61d432c62458ea80539118b49d812a27cf98c
32 277 100 500 52 288 :7b728f24b4bbbd504110685c2c2dd1e741caad3f5383e1bdfe124e5d8d318a7711d29e932bb23c86b85e323eb575169582f1a16c3e7d8920e81a6e8855a79470304145a99a53904051506dec029f611d4540a9f1ab95202d5edd864d75f8a0e5587effd8848e05692cc4941408a0bafdf9d679741ad94e28d477b002ae6b8eaa59594fbf2210ade83f536e947bf639d0ad0477cb72b5ceb6e2976170546e6521ff312dfc4ce5b28dde5fe3e5d8508ccd4f1eb4972b06433e0eef22ab40c09f77e5aad1d63dafd542a6b6e5e2145f39548194b35c825247d3ceee521a365c0b24fbe8b60c87e2ff357739bda9a0c53680bfd91aa4a87f4ff00f6e0517f27f9422917092e4a50cd2f3edb06294642a7e1f06ed2fc15d
32 278 100 500 50 228 :e69a47b792aacec1fff5ef35bcc1bbd675c964d3890715d27c4eb72006e7424a41a35ace561b627b7fa2f8c5c1ccf6f74ef16c6842dd4bef04af2046ff96a695f92c7e323f4cbe79d5a78c730bcf723f1b74e4f0fd90dc0e23ff671c0d25f90fd6d1ef1f5921ddb5f37dc051d25068c8382d6a47066418e754e6f8288bf03576ac03fc072f061f1cb5af843fc211876e72f6050f0cfc292ee59a97fc9705533e31d038b3587cdcdc4ac5f0ec2bb8ffd6f03c9e344a23bacdf7b92250264cfcd4a6e9a5190b4f93ed2f86a5a97b9216e82f5c1a1a3d20881e59db7ce1190b29b213514307ee5e78d211cbde6a9a65307a3ed2217142059f42c97cc8de0de041034f3e760674b2d6323a911c6e23a32e3859ff8eec3c2d
32 279 100 500 51 288 :2a2edfa62b589f22ad3fd991ff484296d0834368d1760b79697c5f1b23eace38a38d1115937c7e83d4cda2f4e5673261215699b3d37a2fc1d12961d939a55ae6c6eb8bd6c1709e2f107342c4c56a1881838c5ac9ff37b0246f9635fcd463005832c335b648e9675f13dbf3aa9d2d129321135e49d20a83b8a532d1972a79c2ad3573421ec03c4a6be65af8f13cbfcc077f8784ff028594244e4cd75000a08e73a97f6db2a4d58a14697e0fc77dc9f54daf71c856d02acd6a199380a4094d834a730f151d9b94400e2de69e4ddd7dc7e7701a51e5073f5452e8726a2d782f19396e6abdd6ab7b3b4d239c13d714fa023651c62144dd1efcb696f12a4c1dc980380a306ba7da1b953e3c05299cc1b86dcf9dcf4cb5d3bd30
32 280 100 500 51 288 :cc647cb98c7592ea6db6bb834ff1bac0bcaff38a96a046e8536ed1d5927feff1618bf393416717fbfc3c774ed42dfc8d7252f20afb9252a022515639b51dbf9b1587770083951a2c28fb8963dbaa81b47769e223e1def8d67716b1eef575700f3bbc594112779ff29bbf988d639da96e1465e0a3fd0f763615d2f7d0d0651c9389b7f8518f1354e01dfe49800d09c26fd5033e6a338338e3ec968fbc4c434e9bf8a5b1bd4ee3cbce624144aa1333216586cc7b2ce466818ad36b3f8a0268e058cf43e4f5a24efa77e36114138733653baa565f9ee06fc7c79ecc4615515a372a10b155d7fd34d931bf4fad4efee99776d94a3f2d003fc84760851d54ec472e8bbe34ae56486dad26f1a61ebdddf48f2a186853d3a0b709a6
32 281 100 500 52 288 :cf82c48fb4d6aec45e51aab17ad33b91922b3cbb61ca9b897484c873cec55ebd3ac7f9b4a88de619ec8aab690469b6919f744b4b6d0d892056bd1c7d507a217e8ded9e3e613223a5be84cd32be282f70e74fe6f171ef493da13beea72922a081bad1493a65e7f7f1399149bd826120539b2a5847bbcf39c4ef6cfa1278cf06c8710870dec30a95c279755179f6614fea4f652c8e6bb8497d7f60ed2e252727a280ca27c2d06bbed61421eec88b949f0c9a2b5324ef41125dac007624995072f25c8ee3554332f5636b2050ecd266ac4f3f0bdbbd7d00310e373567d5b3998ca3d02835c0c02b5c9eff3140267d876ea2f94c82c3599a7212bb042593b2d363d29b1592325bdd3118456ed5fa5b02ce66e8e0618c15a05a8cb3
32 282 100 500 51 288 :0be557fa9afa6cb4e622b9ef70af8d0278eeb139a2729c90eb163b8df36110dca577c3fdc8dc46ef08bd173a5f9ceb824f4836fbb229952b919a90baa4196f7c0704f16bc1779502c72e8fde172a0077b1b4ee704595130e69597b0077f933c484bbc54877f5ec2ccb82ed07239abc242d2604a3634849a865da89535ad38de80a621051c7ac78caf5b9627684b8918b9acd37a248dc728a763a0e8c67214866597fa3da47d5ae447d19d9e168c7e21ef62e3c7781bc9170a60e99623047dfb991a3514233ccb94b47d4dd7562a4b811ff44fa7da7be74f594e04ef53cf086ad927e93722f763dc43754427f4ca61cc3c04a75f903f38e4b81ddfdc34604c7b8737ff04f8f66ffd5973e5235948ff0693bd40c61f069f6265a2b
32 283 100 500 51 288 :ce99de3b92930644128cd5614850ee3521d44783aaaddb5049dab210b32d5c165e88c3e070b45db4b5e3dfc9152d3a90dac8ef9cd9d2161e0de69300694e92cebd380d0f24c22d58b227469756bf709cf00d1b9ed00051adb48d86783555592a936fbcb270ea57767ba00edf1a485a66d6d2dc644bde82f83d11bae775c13439cb118af9892c6d8f87d88eedf88b7f4abe9251aa88496cb7b0dbcfb9f47f602c8dbdf11af3b86a5e35ab3f77a2c9196a94f45770e21b6ed2bba2f885fa175712b8d2f6b2ba72a7cce0ac6e4b68dcd91d8f79a2ec6ef429a44721e6d6bf6b66734e56f46a6da45dd6e30f19f66913c536d21236171fe8294cb6e9895859a250951146176b6cc1bae0c9cde546a9c54007135a56276535180f1de486
32 284 100 500 50 224 :559e0b8c42dce0fe9517c26c3df6dd523605adc3c11664cf9e5a3cef55b1bc9bef57b0bf8716e3321f2e5cb3d2aa3f97a060cedd40fd0e5400ec63e0304f4e66f1f01dc502c425cb7a5723d0d4954174b8fcad0b9965a9b7bd2f7d93809ff5ad4b093b93d7dea0a3eeed8582a69f8f6b46a90f90acd2ec95f4cc4b01bf54cfd5dc8630caef664b5c9167f41857614f1a6c1d8522ebff3d06fd8d4d31ca1c090b5e51132d826b5c9ed77cf59ee904cb8bfda2cc6de3d672d6a24e8712482fae605187f826785251a02e05c1b6a11fd769e6770f97069ac2c56810f71bd13ad51561f304a0b29bf7f33bcfed587e6eddfdbacc2e93a952d6c1e003e8057a0b0d7ca26ce8a3d4b8673d00aa7d051ea5f844d01ff20f993ff46b02505ae4
32 285 100 500 50 288 :58b3eb269af0b0dba1a9b4932317d254d847868b96b229bf090e14a1d0d1ec3aa578a617a1abbb1372c6a8ee890ea1bd1eebfeec986c8d91b8e0975c722c2c21da26caff80fef4f8ab176908772c064dcad9a943155bb770fd6579e0d354dc7246142f0b83067a9f630b98455f421807cc96bd103599e333600d38a63b7724b4209209533cfcb62c4f7580e489c496529ccbcae47bdeba3c2b30988d0fe8dfe0c3cdc91244e51ebf1285ee2547f5544dfd4a0c2da3e9aeaa1efead670cc38e6fd0f4b54ba7c6d02b3099e7c215fe29e41b8fda2acf24a87f01577b85750d64d5f99b51c114802a8d049f8caf59342ded3a6bae686b04d6969a3e274733bc9cf65498add608f98044dc875a627039a0bf79bcef0dd74d148352408db23e
32 286 100 500 50 288 :a3903d9204b894413c8573240e868d13219f7e1ca10055a0528f11de70aea600a1d9f7c23755645c5ee57db9758592bf2742d5c9ce2e83136d4cc4a55a414cf4ab52781016dd3118a00caaaf23f8025a32f3a7c2ba165a1a8718ba5eb4d5a37bcc128437a7896f9c657d349d3a4baf02cb9a495fe59aade43fca878c6be4fc413494c5de402ea93e33e89ac4b0fe411ed58c40b38056e706efc321e2afec8746c3a759455db7110257b6a5703334e3451947ad820aa681f9ef90de81dabe86b9ddb6291235be336c5218d5be7da03a38112b9840157061a3f3f2e6121945b0f908263b9827b898cd8db782527bcc200fd35497f5665e8e5f0d0f3f2f2c6524b5857b7254ad5a863f46c80221512c13ab61a02d7a092b55aa21b67d38ee37
32 287 100 500 51 228 :d1f91b7059ab7d80bda917ad91506d154c5f3d0b23071443c0520794cd85816cd4271d98f36c0787edb1eab74b9114b7d88ec476d36d231cb66cba52698505f907fcba3c271471e22390235214eb65c579993665be057ab6e160973ad5956b5dcbfe8766b3a2787323a603cdceeaa773344da1befefb1cc1fd0217ab6c83e6f3050a76b77f18506efc9c1d020f799c98e218a5f4c2098367988151475baead3d847b525cb956208530243a1a23a669ec0515c47384643d47d0581b56b1020950ec8675757dffd3ebbb8ab6721002cf959eae55c596362c4792ab4e6d1651ee09e1e4344d845bf70dc345a3f5d5a63cdfa1da32c1acc3cca1e3cb0755b19ef73c5a7402adc506ca286f99cb99ef68ec3a7dd266549a70a32bace77b7b9d7c71
32 288 100 500 52 288 :b2265da5f65c5d8b8d598132c70ff25956f991d6f8e50745390cfdcc906c91212e2a0437d3306de91b8b258f80b7499980e0a9083436f5139966fea6c20b28fe53c8ee31b1de29022cfd46f9d3cc40403bd0ca19fab73a1c3624711d92b9fbd2ce6ef479eed7494c7a0ad8d0ffa966c5d6ebbb9c9e604ef930547699d20f4b06f038556c5c8502e2ad016d16b18544606e4670d215faa19807e8c37459f34ce2a8ad1bf3db6ee0697c9634d869b3c490cf549afc4db9022ac60b9209e5cf4e0dd3153db3f28b80f1fd635f9c1f6a1dc312e8f291433be7e05c02b7202ae44719b18797e751110dd537f0b42030e892b99f564768600557939012dcf8811a0c400af3824016ed68ef627f86fdc2f900c52899a29ca36ddfce3d680fc5beca3fc0
32 289 100 500 51 288 :4325dc71e154c5116d166e7a21707e2e5d021319f9cf92f0ea85a4a2c736a3fa021364a7313d24641f56406961e772c265a72351f69e3bdccdf88fca16b64a9b00d79325dcd9c687200102f3a8d2de08df8f188dd21da23d0a87965513ab7b980c0637598c9f2f35f0af4f10139d494b58fe0565445c0935382ecc6cbb55e5b3b1b29fde6c645b56fbe9f1c0d85ee3c4ef26e1da9aee537291975eef788ad19568aebb99ccc7a29b177d861407a3644e546989549a574152fad6701b9fc1ca418ef690cea97834701fc13904ccdf100ad557a48610b5a0aed04901ae7291115890be033006cb0650b95ac14c17ce190cb1bc91de29423ba57e5c08082a3da309cb7373eec1618e43fe77a14a020ca12058959e01617a486d855081f01e48e66623
32 290 100 500 50 288 :a89e0592d1c6ae46e114184f7788c33460a672c8014ae8f9d9216c4a42c91c4f1010b974411609e8fc1648e98bc9af446f59d160b58d6a174e0172895aa3ea0cae6562d5cb79a1583eeee01fac4a298b91d78e3e2f0fdc96a0a35e5e6efc0fe4e91eb264b58dfbaf2b06b4e96ce2a10d8c3bc6a87d0ae423609f69d5ccb50b489f861238a720f28b69c30fc60e817b4eb8fdde37034f96a45a468bc4e3629f02e36ddbe9cd778fe6b456a97f1979ccd5e9fa9c933cc6ea53070ecbd8dd5a54d0a8e333289a625c56054dac3526488ef3617e1baf052a5da52ff725d0cb648a0ac7b07eb14cbfc9c7759822938d44c84253f04893f8c049372397148497d05109c283e613ab42faffaa2210377e7c34ac4b2c28c7b558bd2eaa43147e98d49c2f5876
32 291 100 500 51 288 :c49174830bc6e9b47307a44752ace6a426e67abc3ecb5ef5a1f8fdce6f22baf8d965837e7fd7d481b6a05f7bd42890cc15442e10a933767e6b7c6e40d01b72037de489e14d4ab0e15835b267b794b678acf05c9296d8e8287bf021c8406af4d5aa721aa35fb15ba52b74b8dc2d768273f18c758c2bd8cabe7a96188d01162d3b8fc9342f9129433fa65838d8f49ace0bf3d616f7f2b4b2334e9700dc32af01691cd00b5136a155c769e34cab58cee7c06f821119e7652897c75c187c31d57c918dc13acfea878fc2b950001f92667bce37379c7f7af6382e5a59667f5cbd3314e8740770d1ea67714fec88d978db89c757e5ba922e52c7dcb067b61f8725ed6cc713519c7ffb485d86b80e748a04204dba7f38d02f63d28a1f251a25b0f2cd6c1c1e3a
32 292 100 500 51 224 :9c13d9f78ca18a87b277e960bd2d3b8b9ab689491805d978b98b7fb1f4c83f58bfebb5c6c83f72295de4bf9448d415ffa6bb364067fa9ba149f35f7047ae20aaf6fa83fe05388cf6909e6679e4207f23b9fedc48e39b0d260a813386f567a8ddc6f50545bddaf518266ab7a6a88a5aae7845985a9d7ae7c3e821982115d1f44c0932b6a243f4583b64d209226f2f4b0060664445ce11faf62439a92acac04b2408ec29303f844f26d732a7cb0b470e736a80b42541857e80b7288c0d86db9bdf7da1043f1a7f56647793c8e5c43ae7715708efcb81b6ec3adc5f870a2df626147f1a8ed210b6a72c63921974dde22f7b3cf38d20c4347abb2c79d5717dd9f4afad027efd699b3d77cfce84f6bfa723c0b148a37e8c7f5c895f166d3e2dfcfbf26472a189
32 293 100 500 51 288 :e042956070a7317ac118cb9a38f218f697c5fa96c7cbfda479920602a9bbe58c45a92b69a76d2084c798d450eb298c1b7401cb815b7a631cf07ecbfe947862d525003015f84c105c9469e0501fb50bc5cdc406eb0e4432efafc8edde9c2d658528d169b774f1c81b12ec037f2f5c0242b9bb30b6420af80d673f7554029fcff73ae10677fe9ca8dec608e9a338713adae68c16e080688d25ce919d5d5685403e55f8361859af2523876cf5132a2c416d48bccea6fdd2c3211af3240af67a29b62618f7e1703d62e950ff75f8aa609bfd3c6a159711ff8f134c4cb6f4f72c89a178aa6622ed57f4126ad2baaaa5976a0780aeb8ad1f245892df1dd83dfd8ffbfbb554f392dfc48941dd155f9e07e2df602597d6a49dc2e0d72b31123168205464da7a714579
32 294 100 500 50 288 :e6029567b8c9dbdd0a1c6f58cab2488037ceaa55b4ec74b10bd43acfecbce0a576f658c775b12fe48a443ed1ac8fac39a27345bedce71503967ed237dc1784b09e6d75d8f105ffa7f39feb1c0e758afa0fb1e81b30374fbc51b24efcb9f4ece6c74986ce5f95f8f6cda27d363e6b9401a82e9d78a717687c6db26ca74fb894a6e28cde2c68e7905ad34903e1acabd2b00f0a87b5591bff844dc8385ef9de6a8b3e6f720d03c34c8024faad84483baa46fc80d9b48e8afb774ae714ca41323e52694029d0e2e34eda9b083b1e0ac0ac8c170449638d75bba4b42437bb4e38774b03c4c3d12a7d3e7d75760fd8e7f79693d4e4d2397f94c65e4dea9346dade3c064a8bbd1ff4c670d54c69e841e498c7b1a6549ea16494f68eefe905dfbdfeeb3ee9efb8e22117
32 295 100 500 51 224 :16f97115e3da8eac13ac3bbe3895d86dcbdf28ad142e4b2baecd8352f1c44ab7cd2fa5d113eb530febab93ee35db1e69308c9dda64b993b1b1e8e0fdc2721988ce1cbd65b9f8751fd356ddfbd1cda14dfb67881146ca72472709d79c37d0f60e58e839c5b5849adb6bc95df40bdd5707bd7c8a5daf80b98c1c99ab33a25795d70979d3664007b89d320ebc101a99ea7a381be4d38d4e401adcedda3ec3ec48784461b0fe332432e170849a938a625ed9afd7574abae2f519b22ad0168dc9bd19f5874b7615ca7bc753468b6429ea3230ec5889857ba7aa38b8d7f28f100c251bc8e2387312c3cc712df58bbacfb128f775e39afe5d6f2c895e0c71ec1445d1a8a900117d103e788eebec58fe228f749816ac6d24625e6f757b07935a58cb842c517ca8d6d6d66b
32 296 100 500 51 292 :6a288a55e7d718b814ebda9e6bac24b7937bfb33bb6c5b23d7a67dc0bbcccda2efea8822d231ed6421bf403bf5163f98f263313ec9dc7b4a0488b049c847b356171051b211e3b05e8524044433429c2effb1f7564ad87f97ed4fa1c2435eed2376e825ff247540fe684cca31b30d310bf837bdae520911c0b533788fc906352ce1aea3f45f59391da6c9423b423abbb1d1200d73b3233767ebad1718833182e0cb1ce9ba2fc880062d9a85a590dd4a1cf28f4f800c02a63ca8f5a59bd7364198060c9410b036bf92ede0c833a3a77c92613e800f6912567f6876eac8782aee34b42b7286edf827a71456991219cc647fcb55355e5710f803205cc46441baed1e23a8143c48bce3cf043dff9277c11439bdff9ddcde4a9b2fcb7c3f97bb5747c4dd60d168283aea6a
32 297 100 500 50 224 :559507e7de3e22521578505adc351cdcbc4e517994780beface7f852961498464d719fc2b733fcb3a2a377a3a548579841479fb6bf6ad6258e8b0b0de4fa307eeb94e88f7025aca28893ae2a7a0d411f381f157bd4b340536c2052e14034654390f253b491612782808ca9a6e8eda99a41e69ac730d8e468af1dc1cbe54876144e8cfac9a717f3404a985ed19f9f6623616a8383d88b7337cd5f9f320625332ee926674d605aec441a032a52a0bdec4deec8cefef76404ef698849ebbc61ed81e46eacc18475bc4f5698bc957d5f4ca5ef18aff4b607b66266c0801f7a4352c80eb67571ede6ec77d99ed371b6ba44867758b9bac9fcd2144a2528557f4481a6c901af24aac4451ab24407c7b91ab56d15332f16c8c9be838359c443f31ec668f1d8420726bb7eeba9
32 298 100 500 51 288 :bae322194ca7b7f0da941ea91ae3d037ab2eac720ab275cb2a57a3eeb01f97791e4513d57b4035ca5bcd19ac42a4d27d5b171c753b5f0aaf7f7de0c9a96718f84d9e09c20fc40adbf1a72182d96989554a2d309c6cf45f8c85092bc658ac70d224fbf739c74d200b2fa7468c6fc4ce74f74d628f64b00a0bd728de5554d6b9d3fc82c670af3488101a652adefa58621b719ee47f2306b49b9e11e55f5ba68ff2b71993125b1e45f48bcadbce8193f3133914f522aba884b759cc6e211e62ecf8ed8dfb7fc6e5bf235ed48dd2c28d288ba16d27c8bfd2ed4e05d542bd30bc1008ddbf4e44f0c15e396870eb6f212086889459fe9bbe2c55b397dad7cb8dcfb3e42b6b0fef7aac9193e949ea2843169d5cebc2c79478d5c96f8412388fd12f41ac3582bf2434582e857a99
32 299 100 500 52 224 :46c23f7235e37304ac2d439429fe12e5dbf479ddaf602096e3357d43ed3f4244c6ed71527618107d05c8964645c5ca1e22701d6b1527af27d01c701186f59b222b891faf3aabee4889660e2f1c4252ecefcff2febb9145ac75e22791abeaa6f9903c84de36163995e5471708bc57d8eb85c6402dee593cbe2b98a52516e59f9486ae8ab3dc50e217c97128b4d53b760648061f87614d78cd544c5ad350fc760079aec6d37b8bb9c70256b47c1041ed6a8a8589772cf871df41c4dcde222f76d05ffdd314c537c8f3579bf18d0e57f84ea8edce01a5c1bbe5f595e9fb9649e8a349b0152f7f7245d1e8c97464f985dfcf7bde0cc4ab1fd03612a6ea725c46adb5c99fcbc680afc5b581bd12a1a7aeb4475e92c514bb7884229ea13e491f623df529d278b07392a1bdc4bbb9
32 300 100 500 51 292 :3087c6408130d53e7438278de360c8e7b8a9e3a2620f2f9e18156fa557f61d968993fc825ceba437af852a11b0486a2b3a587623eb7420551d789ffbea9606f161250755b590dd045b0ff1b7cd457b3f4d5db5a3b3660aa9d976477fca6e9ca3b88ea52000b8b329df7eabce9f567a0918cde13306415485bccc879788c6039c3b6ed81ed817fd33985eb79c28209b997d3a3b035b10307bb29284775962ba9f511aaf683ba2b908eaa2f21ed1147b7dd3611938583a94b810eeafa0a6396997e6e661db6e471eedadfbb65909da7796fb2435a1a201802a4c691b7f0769400dcdf99ea1371c738b4f0e1a418d78fb9b2b30aa82ca63b61d521f8ab2ee2d8dafd799cc7c84543e916038c90e627b915937f0aafbb58f6aa71d8260ced1169c91a51aaf41d942a05cfa89b570
