# in_len out_len m_cost t_cost time[ms] memory[kB]
32 1 0 13 44 1 :ff
32 2 0 13 65 1 :3a8d
32 3 0 13 64 1 :20c6be
32 4 0 13 41 1 :d4a2b936
32 5 0 13 38 1 :1b2b79e056
32 6 0 13 39 1 :5d8aa2b27d69
32 7 0 13 39 1 :36efaf4b63b0d3
32 8 0 13 38 1 :1b4aaa45c0d58fa9
32 9 0 13 38 1 :47ac60f1880e8ec84f
32 10 0 13 57 1 :4267a7f740461e9feec2
32 11 0 13 40 1 :1ccc26822e998abf606c13
32 12 0 13 59 1 :6b7763c0320edfb86947c4ef
32 13 0 13 40 1 :e20401841db09b29e6e100c9fe
32 14 0 13 51 1 :6fd91a11d16f6e9099ffb136cfd2
32 15 0 13 65 1 :55946ea6c9517d94a52b39d5ff6792
32 16 0 13 65 1 :64ae6909e94e79ad3b9e5a354d167de6
32 17 0 13 64 1 :b0536f4a276565db6b4f3d42aab8678782
32 18 0 13 40 1 :b6885695db2ec516a834ea6405fcdeb1f614
32 19 0 13 39 1 :1e5bce3bceb083fc1ed11f10071008aaf6ce93
32 20 0 13 53 1 :411b5f30cf8810c21a0eeabf528b372dbe78812e
32 21 0 13 65 1 :aac94071d5156b4a9e36dac2df09af2308b86def0f
32 22 0 13 65 1 :05324c6ccf8c4aac8cdded3b24325e4862d7b6b6e606
32 23 0 13 41 1 :8060f0d058f119cbd26d38d68be1975b994d3acc0e6c85
32 24 0 13 58 1 :890324f660679e03c954171380ce28cba837791eb40a24db
32 25 0 13 40 1 :484ca5ad9e662506182307be7e35760661622483050819bafe
32 26 0 13 38 1 :ab154c4faaba9c837340c2e04c2162e39942c8ee2d6473b55e21
32 27 0 13 38 1 :ea2e2829595bcd378e4d05ebdedb4f4328282b8ffe3353f345f18f
32 28 0 13 38 1 :b4f56d2616cfeb07c9ef4b469c5eacb7ba6f48b517d987b8d8d3779c
32 29 0 13 40 1 :608738dd2bea2cdf3f5c65ab3f7112181e5159f5f1edda6b961028e54d
32 30 0 13 38 1 :1f022a6a30256124d747362cac8fd86f4f33453e7cea5a06b417ee2d8029
32 31 0 13 39 1 :25f13e6ce7c5b4d78fd49a61529ae99f91e03441b86493273cf009bd4f2ae3
32 32 0 13 39 1 :176d8e3db66446a8c3e5edbc69eb41206232dc67870ecd0912be2a8fa3e493da
32 33 0 13 39 1 :7ac6ebad734324d17041ac560735c16009cc87ec0db6e4811c40a271cc37477147
32 34 0 13 65 1 :0027129e7b94d7a76eceb0fd0a155592416a0c41edb6b2e9f0aa8029bbe4eb726e59
32 35 0 13 66 1 :d5e5f7620f40e550b0ea91a26aca0bbfec4b1a34a38bc3aaa1cc1a0524b41e328581b6
32 36 0 13 40 1 :7ba0f40d0bc0705b937ff47bf432ea03594bf2e04dc13fc6198d0ecfc52a73572ab1df56
32 37 0 13 43 1 :4ef48de9c989efef7e0ae92a45cb557083936b23819066b63a2dccc6198477142dafcc8e29
32 38 0 13 48 1 :aa3b9c4cb210fc83e1a0010f9c1e5308b7e54d4265ee5c8a0d563de865043283df342659ebed
32 39 0 13 48 1 :8ec2d8ef5867b039237bfc45dcd7b0a8fb5b7d81d04745b5c7a108057f6ab25c34689c39e413be
32 40 0 13 59 1 :fd0fed9da5a9f5c3971f80a4f0b5ab703269d803e8fe05b76b14b3193852f40d08663af2453e7ab2
32 41 0 13 66 1 :477fd94402ed14eaf0687fdbadcc6af992de5cf0875bd7709c2f4795cc953fcde081302bc85b14874b
32 42 0 13 41 1 :4df6b7035c6c7236449b0e51cd757ae03a5ea6e17a0eb2a79c2eca1d322a8d7f49958f014cfb271e59ed
32 43 0 13 38 1 :f7d663dcae8e900640dca19e05125f45b6c214dd04271acf33efa41ae0bd131338333bfd58810185f51661
32 44 0 13 39 1 :f82c771042b96b71a0bb4cc05c38857b63d723799951f317ed3d9ec86474c0eb7d2675d4287867a2383457b1
32 45 0 13 38 1 :3915e96743b95d3d8b99165f243c925d2f4b0657f32d1945faa060d9c7c8bc23f21d70ab67cca6044191776af3
32 46 0 13 56 1 :d1502de6c5a82f93008f3348873ef1b14313e6a5a9dc5e30af1db984590542a1c9fe44a431334f8afd63909b580f
32 47 0 13 66 1 :fde223a403a700f069240c6d2b3a1d1dbfafcfe496ca5118896e882816882ef38a49645df1759a1d275d1b6260f8cb
32 48 0 13 65 1 :b09a6a570cd42a732d2538959ccdb6589614181f9a1d32ae4c968e8e61a10f3fc62c5624924f75e4f10de0bc271bf6e6
32 49 0 13 65 1 :fa3f69cf5014f5165463f93e71508bd477be7d4f5f02b284b30950f81152d45f489d92eeada0f02b93f7eaeb69c053a5bd
32 50 0 13 40 1 :3771ac55f5c0d3c3d8913ec48cb74d66f712525e01b1c97457739447b6fd0b98f9551c1a6dfd109d8228f444aab688ef5d9a
32 51 0 13 38 1 :1b76ff19ac844a01d7da5dec03bb6b7f20420f9f08cb52076accad2f07502ec499b810039b91f4232af49aa1d2146670ea7bca
32 52 0 13 38 1 :32974429c3b77c0a562784863876a116a47f7ad9a127995fcd8dfea3e2707bc3532b68c9f9d75c54d460f23497feb15663fd6c6f
32 53 0 13 39 1 :4f96d7c74b6e0e6d58da21aa7347cbfed3145d9e7f81023ec8066bb3c2f6de28ede5f02e6eaaf4a78cd32fc66cfd01addf0d08abe0
32 54 0 13 39 1 :51fa0ed96dadfb2c3c0dcb335baccbd1eb8a0cddc7312bfc07db80d44d53beaad21a4e70e982757d4d009ecd6faf82eb088c1d374361
32 55 0 13 38 1 :15ba1a8a66defa07239f085f7055e259d5a8142e19bd8a2d3d3e47852229c4d3fc0ee24ce9a962e1084dc500796b3b2eb3d6545c72713c
32 56 0 13 38 1 :4fb571eaec557da902fdf4eec8f5b0e105ba9e3f0255bfca86640ab3dda998c2b144def5bc4f4cc9835a72819d21de3421cb99cdf7a8767a
32 57 0 13 39 1 :84ba736181bea36dd9f09edaad686c5819f3da9eb349360ed5860d9d367424a646b76602c9c7bdb9a7d5ef7c85c401cd50871a7354d42ca2cf
32 58 0 13 38 1 :5840fb4ddb770d95800f75817beb13733962782c1aa839dced1235c0ebfec4951329af41c6208bc2b28d48e6dfa58c936310b1e0d8fddcdf31f7
32 59 0 13 38 1 :5dd3e7cee548969cf69bf630a3531263f0fc0c5cf9d2e12a88de190df3ce09d7d8023d27a8399c288a0b489cb71c3107b021faaa500f201913d6d3
32 60 0 13 39 1 :9c9b208b66e6eddcbdfbc8153da1878d84eb357994e95a95a4c35db224b11b20d398b8bb8c7e7bec4468965dc2dda13204c49487d2650cca1921147f
32 61 0 13 39 1 :80f5636cef381e18638c94567ccbad909c62e8824f667fcc58f9905f8d86125fe21f8364b7fa9cc7ef67ce69924f8c273689b563e13974b49214ebc103
32 62 0 13 39 1 :db0db6b122a32cf475231b61c3e042bb6b22e353be13fd3ac726c39c21e2b203da7a580b834dfd18762b6261fb22bfe9c0ddc6b9291849c9c42ad45abe6f
32 63 0 13 58 1 :7b3bec6840afe9464686cef4bdb7c78d180f3ffa083d460a0f4b75c779c499545fd1bf4d038762ae076d2298b0634570557afbb3c10dcb904ee3321d37d672
32 64 0 13 40 1 :ece8fd0c305b6c700f454f6b0206d19155d5a6a1054c7818cc8eecd777dd530f4fff202c6119b3f0847ac5490bc61fdeb524f9c384eb105424f48a3cfeebeeec
32 65 0 13 39 1 :9e3d0194cb19cb03da6a9383ccd11bb82839273ac3756959c2ec21fc2b6858bbac5a8527836643579b4d34eb23c03dcdbc9b92eb66a67881c47e8a450f60910a43
32 66 0 13 66 1 :e9855d29e7ca3523ee2bd7d1c2e407026b870cb64f669e03437e5432cac26d5da3522517afd24c82c605df708080de0d142a5841d2a687cd96b72902fac545d252ac
32 67 0 13 65 1 :7ce8c118710ea75ff8b07eaf28f690439f68dc76887f6db625be51331c4701ef080ef98b14decb3212380725b72b29a4b8ffe29a9d006a6d2a062dd7a448b0f243bd87
32 68 0 13 41 1 :4b9218158c7730c517e552f66be04b8bd47b19a20db8643dfd939458cc35bfb0258d3659cf1624306ba8b45032df58ea8daa92faea8ac72b2b8c4cd567a77e41e7c26753
32 69 0 13 38 1 :3b1bcf98e6ada216ea2a072a950f2b757f770e6750ecad9edaf7263625ffefa8b98486dac4c05160bbbccee37308d534d5e22670d8618cdab578e3efcaf7776ce9a15311bd
32 70 0 13 39 1 :222d82f3b8454f4922c9443e628f706b2075cd8662bd9517ba5beea9c70761f4e5bba06c751f41d0684040a6a9c1d5a942e59f627cf69bfcb78fbf3895a8a6d93776f1c290d9
32 71 0 13 39 1 :8fdb5514356e7390fd8092698a3208965212bdfc92646da0700ba90ba66bd1ce302f57fa7e7107e07bd0e9ae551e33e64bfb787c1e6e5d3d391de727775dd716a1571e4f4701de
32 72 0 13 39 1 :d1580e07486187b01f4272a87719728be27bcb77a9f76acbf02295d48f096d4d1bcc7d31830cd109831bb90018378a2bda14cbd3fd009ce79fff61174e5459df2596dfd713725b7e
32 73 0 13 38 1 :3252b43a192d4d12b1fc44ff1c1694410f640efef2fbcd6a8b6676be53f6d384cb8b5fef38056985fe18ea64355382262c14fd55411ff5edddf1d70d2fe7992544a31cd4d48514eb5b
32 74 0 13 39 1 :c079de7b966a1963b25f23919ccb14b7d1eb5a7428943f1a4779af8062a7a692e1d30dedd747d8d873fcb6bcc3d5f003a347fa993527148d0917369f3af0dff609402c93744d1cd335de
32 75 0 13 38 1 :9c3c3ad0a5c01740e2ac44ba98b254345eb033b708f6807271577cd98e9cc4f1844c0374f93417e9204e9867117af3208fa12becd45eeeabbf5bed338e3c3799893f128d9ea86f2764313f
32 76 0 13 39 1 :032a0c05762ea3bf27908988d0bc0d7da22b5fc5d78ded90041a6ba6415dac143bb8154ecd1d7b36f7ea6fe20be42630fbf08a203423768ac439ea16eb4993fc5a69dfffc7572c700bd2ae6d
32 77 0 13 61 1 :77687ba11158d393f51b4087873c01d6b0f070377e344347eac419788c7dfa114d8da49a03e6283f44c09147b327fc3365c68d3b8e3076566d80d957b68b901acc976dadbb19dbb2918e7c268e
32 78 0 13 65 1 :38f29e03c9b0b6d09a30ca083b8b1a5022cd2b0c98b7490b0c1b684ed99195b67dae71e357f38693a979a5a734e35a3e1999701e1e9f596e696dddd53553294038939b223c9f6373ea706074d317
32 79 0 13 65 1 :164bf4914aae698b8d20a087b25ccc0b27961133dd607e2a91b728e6505223514e15ef8d45082b69ddb6d8d6f1a5fa6d1260341dbf7feebb95c1b1ab0f606832948a74e61546aaedae359153ab7368
32 80 0 13 40 1 :038e592ad019d4a0f3d2cf7c30862e910a0ade1e507c281204f8524a5da592a60b9e25b44fe922a68b2ee5467e9bccdd9b55c7a5f6f1f820cc0294365acb96d3cd174bb2ddfe76cec99cba45806cfee5
32 81 0 13 38 1 :93c4918d4eeed8f7d1c6f3f349f8f0b61ec31416612a890832b05f83cd8efc62c647afaaf13451b95d62618fa6729ab5b814805028c7c40cc4389952c92b67fcdb164421160722229d8cc76c427d36d44c
32 82 0 13 38 1 :81c2117a645235eacee7819f4b27e8d307ee8c30bb8aca8820799c106ec662c009d0cb06c6568f533ce7a2db9708cc678b1e0a2e65c0886ce3ddb19128b9764c582583dff227ff7dc56236f76f4be180e8b3
32 83 0 13 38 1 :d022618e5ce29af789c6c7cd5ea5cb38f56d5d870a868a199227a896862ae0e45e8c84cddbf493f7133bf53738e53bcffc6f5eeff22ec8b75a1f770b1255c2b507c99ec567211049242f2e6bec2cfb560fd9cf
32 84 0 13 39 1 :ee805645206d8e3c393d4d99a10107264655b39a9c0f61a5710f3b13a9754c5ae7d21a3c2162a2e3f5983735e0f7a2b22fbc14eb3e66f5f2601a6d8a8fdb438b27a135ad952a4beda746565c7923cf1d19c800e9
32 85 0 13 44 1 :659d81d505aa41270f68b272e53051f207c3716802de9f0226fe778937e3032ce85e2da6fb8d21acfcb6594e0b117e5c0be9271a1b5029e9a8bfa27c8da67a7d008589392de1a30377cea95afbf1d384551f6ca900
32 86 0 13 41 1 :c55107c009681e243bcb428b9117a6fa170f68ef7fae7fd0d40e59e69635e0fc8826f5df8191d522f689dfff3330491a4b53ef91ccac9b7ac9994c92dc79cfcb81dc7e8ce015fdc7dec2cf8f0f268984b073741e7bd5
32 87 0 13 58 1 :ae62177a342513f3803203d8c64d1d3dc40ddf3c8e4343b13c2b577b1c0bc481c979c3c5b63f94112f4bbccaff8cb8bfa58929798fd1660c2b91816f820a98178842bf397976376d0bab7fb71169b3bc984ce1f5acd35c
32 88 0 13 40 1 :b4b683e92abd7770468a65e4b1169898503f1359799aa8572043807bb1bc86f01c12a2b5649ad3f555d26cb9b59a4d6ccbb8620d4840082acaa3c12ce871b27149d16eb12c2247467448be1521ef0eb0b765fad2ce8c738d
32 89 0 13 59 1 :755fe57d63c25b104f6d4aec0dcbc889fe62812b06b4871fa12fc39d5b42a1cefe21bff6b335d673a2fa548c93a82424837191f0bb446c4838550a222e1677bc7b0096483b9b5635969b4ffd19732478ec9913bbbc654f292c
32 90 0 13 65 1 :c1b7972e6c9ff36f671957d9fd2f90dd27e1e917ee3eb27b7dcf6e59f60dcecc1a3f6d64b011cc0348189fc3f18978530df597b24537d5f01db5edb82fac20d1f7d4a70b2635d12083d6828295ef4564e41b4b598be1458e4748
32 91 0 13 41 1 :ffab971729dfda8457f0f76b9ee2d62c9b1f928505321384df443ad970463695da5b25e0132f56ca1fa557b77cb92a2918ca85f33af36183888a3db0b32db4a6527680a60a53e035ad270be57a4c0340fa8aebde676ec93e4f2305
32 92 0 13 39 1 :1519ab7746ace86c509085840d5d4faaa752239bacc1bf2127dbe995ca0986223f0eb44483b671e64617e4a893bb8542ff15401978fedbf6ab259a7daa12a200d4654e1e47a115426701e1c6228c5d5b4f643553914b164a3e0222bf
32 93 0 13 39 1 :efcfa06b0018af3155fce30e73f979ce176492236dba7aff202701747c2a63e94ecf88cc8cbb3794e0bb24758b065f9a1224dab53e8686b5c26384297638a1fb3b275ebb737610683a5524a4402aea671e33757e7b53ddb2697b3d4e7a
32 94 0 13 38 1 :0cff748762b05bdd01481fc26c55f74989866acc42e8b77bb39c9887ae7508e5231b29637f29307755a0ba6882762a0dfca0a27af90b8f80edaf2908928d89f7fc2b26fc767af75532359d8e76578351bf2d10fe2f94ee2a883c8b4bbb6f
32 95 0 13 38 1 :64e214ab0660af44eef2fcda1e68f6c1c54c4150db5cc3cb27660da7f8eb2924a93caeec891851cbb3c90763d3a7a018560108182ac736971ebde42dbfd41593659c21cdef8cf3814fc3fbff5cd32be3a6fd67b0b609c2b8c9abae90f80516
32 96 0 13 38 1 :f7b880c0935c5997e2770df3885c0ae0bd62693d2d36873a583f1234a820f229f904d5ee84aac1499514e6b9da78662f70c26d8173a8c44c5b0b450114085efd72f1fb362316a7eb84725269f6bbc8fdc32997b4c276de991682cdac173772a0
32 97 0 13 38 1 :9bd3b189104ea8c14eed92adf355de9c4028ec369beb862e2a2aef0efd26eecca906534ed9a2d173530825d933d3029174b828ed42454383d5a622686f0a9c672d5c43d23035e4bc6239cb4767fb6b0bdef2a3bd155ceb57dc4b3ce417c0aa8d4f
32 98 0 13 39 1 :9b85b01537c3f9263f1a054b3d6fcf7c2e6eca854d7bd73d3f50f99c6602831c317cd9da27b90ed5a212799a10cf9a188b9f23d38885bca199c4b282d5b23360708ecfc491872874f9b3fe6f94d7050f8cf4f7246b3f4fcecda890bcbc9526663656
32 99 0 13 38 1 :1a6f68a773917eae580ac3270c5df104e48f44de884ffc11411ba69882e732dfd8aab6cab2226cec999a3771b4060c7ee8dc01a0986af8f8f3161ac3311e08c4fd105036de9578ad518e2cc3576d3cec72c4b70d9ecdc17a576c33e946e8878a638d9a
32 100 0 13 38 1 :dcde8accb39e8833b1ebb91ad69685e60fd9b02cb2599a4f87c42d50f7320c8db8264fb7bb9a89bf1f50153892523bc12daade5d3be200d46dee01dfeada40aee4dadb7f7fa2a8d7d00d029e274db4513b2565ea68f987d67cddd0f3283409bf77af83ce
32 101 0 13 65 1 :b1288715837879bb4134cad4bff402a1f730172d323997d54d77c25b1d09d4cbec05fb6b535db84bb9e1107d29481d77012e35f0558c0b77aa41580cd9954e2a5b6b67f6e5a1634dac5779fe7156a204103fe2a2c5ee1aef71976dbd541f5919672ee9417d
32 102 0 13 65 1 :33f3830300758f94f5db95a4a0ccd07d9837ecf7a742d341556924785d4440b3afd2c1a427b63f0687a8b994b39f98a61555277d8ff98d3151c51567629d4efd41cd5508f1addf515f7c8622bfa25fbf34198d44ef5b2e277d9b0e4ed9ef2dc3026a5f27382c
32 103 0 13 40 1 :110795246434192dbadb59df1ae5a5fdd2ac98ba04c26dc6b3be66b5df03dffc6c9150fcbe7af2be1b8dd39978ddb6cc8144edb10649355b52b10ca3eaf05e4ee41c6d8d8051683819ca9820e8808940460ad6bcc3521f12bd34a986a47dee3df3f78364829f99
32 104 0 13 38 1 :55a44d6a0edf1ebbcb807a223ace18c6cbea5cf62595d546591368e3e8fdae4600d2f80078a4d23363e0c32a6d20aa18c46ca8dea3019023ee8bb24e2f02057123c90fd238273fe00815d5844bdbe65924095199cec2cdd6a617b4212fd5d2d742d904e19f2b5694
32 105 0 13 39 1 :aaa46c3339c164361d71b20c1db0dc60049340ea22363e821ef28eeb8428e715f724d7ee1eab82071eab0a7a0c2308039525b063b0e6cb31af754d5f135bb09e77c97c05699894d0716f5dfa8c7e016186e5f3f1acf6d79656bbe9376be9405dbd44a02b5bd5f7f135
32 106 0 13 39 1 :3be4358700608e221d1f063b09639d31dde522f1649268b8b7bb9db8ece572a14f26e112d994ff279ae4b30639c43a206e3c7406b475f755e4eaf39f2dd8252a2e0568d95d9a73809df926ced5e08083024194749e511b3545f055619990499a357a41bbceb921b8c612
32 107 0 13 61 1 :ef5dff562b518cc66b53fac77e0a13eb273157b03c9023ee2b7c06c486358d5682540f991ed1e0ee2676d8520c6ec358c62be2c4695f7d528f7789a770488da8324c012aa858192943d3b5fc9d940e0699ec74ab1b0f5c0d0884ff5daef2d3f7c043f9d2167e4157265236
32 108 0 13 40 1 :83c8b3b6687d5d323a0b57cabf86b815c1fa2d2f2a5d90cb941372d8441f0469e8496612607b6f9b4cb2ec782a2a0ceccf6608b863418cd76737d8eccf11b4dd9c35b9bedde1a6bd81e92e1210e7b4cd1276e55c37cb3f8b4f0eba44d5d06b1ee10d8e34168b41580d7104c2
32 109 0 13 38 1 :b96859ecd0618193130e4ba10250c1870ce801bc8822dff05da6048e1ffe598e811bb3b693c4dca4f14fc75fa1c54a5a4c9b262e95b858863d1a06998bea7cb3fd43dcda1ed7d54d676e440d6d4c82de8617375c3ebec767abc00d2019a56ba93a3a5258ee60be14017248c93e
32 110 0 13 56 1 :8ede4335c8b9b6c94cb76ef36dcca45a02e010d63ff7482166b4026c3ba2692d03a706dc8e7a23636be13fd8ce27cb40e44c27c825d5530b16a95a49d1813519c5d67b908d4b372a2fe5ffeae1e0b962001befca01bee8186d158de76b850881493984140f50c42fc898cdf4d90b
32 111 0 13 65 1 :fd4fe1669fdfe30b71ad1e0bf2e49ea7bf40caa67922d494ce870bd12ee1b354434b8ce8aa8becf27be8d352d8d67e2675d5be6ada17b5ca2ab86428544f7c769b3922c1cfaf648f897f2955398b95b459915ac8eaddbc3e403b6db8fea87a4415d4704107118bc4f416c9c827a5a5
32 112 0 13 41 1 :5f82e22d3a9ceccbb5411ad9ed3078a22dc181f38d0bc3b0cc3006a939d6beabe732c0f47a2c44bc619e17bbcaf41009035e94c2f61206dce8749588b0d38b1457fb430a3b807995612e8baeec1ea390a471c78b87f493b98d105d6cdaf2eb247b4f904f901cfad14dab365b5654c90b
32 113 0 13 38 1 :ac5c8454fe05d73cc3ccdbf7dbe046ade1f6e45cd59e92888db45a3fdc7a23158a9ef2e4dfb9a6fa48813c14e8d1f8fc858a3351461b202400583c075b28d1a0b67e06f61d89a4bc899f7e9423d2f9f98aebb33df3e78824a9ac608623dc6a73c778169ed8d9f631a1109178e4587ce755
32 114 0 13 38 1 :ca7c3617f705c0d91a0b05b758708e7f94c133f6137c601a90597650f42b3574bbb52dda1e45a993e0a92eaf9ff4efee0515298bfbf2c0fca1379bc9a2b1fe8f67f9d3478c7436d42068e10130986870ed47d3b38ac2f44157a7debb4c319ad56735a5b6a38b25f8a8bc1d10435a63f11262
32 115 0 13 39 1 :0b41bb8ecdacfee8003307324d6913a3e8ce031882787384476e1124fdaf6e190d42f13f77384c5ac59af147d64c01bfaea78d956b2204f7271a1e83aa098840cd83476067aa013f038c820a2b1d74f460d79df1994cfbda4c391d31f169043bb1d7332391ad21e243999893061dbdc2c30e75
32 116 0 13 39 1 :ee75fe1f3f80444e5302babafe0607716fcb8c8142a627ba0d0b3b743a90b2caab4fab6689bc29dac8c138f8c6f95ef77aa16dff966c6da6c7e2dec5e5829ef8f2dcce952c12c069f27d937c18c2620f2fe2526f9b60c104efd93fa5411d0f663fb7ba737ae5eef7af74051542edda4e912f594f
32 117 0 13 39 1 :933809dff28b634a6741fbdac06a14a4265754642423aaf363ea481e40edd3752733ab18907e4f3acbd0aad50a215a1cbd7626bb2736d46d9f50785bda9e103257e713afeb773caa2567e0a1957dc20a46fb3b94777b90f1086f1dcae2ac451f8b582122906bfa74ca0ea4b7ec83b519f1b195cfe3
32 118 0 13 38 1 :586c0621c7b43bb025e926e47d6d72ebe44114777d8a81286089466365b500d788696203f767132ea9446e94c470e6761f68aa27cb7756b387586052ed17ac561d4ccaec3d1900e4762bed45998b18f24330cf1df974abdd22c9cc09edf5dbf2ff462741d8653e2a688a52dd7fffc3468a213b9c8222
32 119 0 13 38 1 :da016fda0a320e63ae2c6260e600f4383f5e88c814edcfea10d1a025e8acd5cd4d8dd393a96f4712132bc377b06a6248b3c6cd891fb3de3c0afbdbd838801aa2b289a5322e876af4a537bd6e9e326c32b28709c1815d39cd6ba84145b1f6b54c3110228d917a20b11cacc20586c326379555c12ee8e509
32 120 0 13 38 1 :15b431f4682f1b884bb215f98bd39396b1366605e58d83be9abccef4b7908a49d11750001287d909139282a9f2fd1da605d2974d64dd9ce0b960682cf1d14664090694d7c081715dd061c5ede9a9b2201714b7134df14b61fd396a29ff5ff9196cf468bce7fcba735fbc424a9f78752291e5c1b03f61a9f9
32 121 0 13 38 1 :ffd05b1e4087ebcce1811f236fe85ca371834b9e1d5624dc1d652b90be0c3d5f158e8e1be816d12290aecd089b87036fd220adc18fef5cf1a9cdeb2f60620f2e0ee39bdc9573c80e26faddc232e6849a52c81480c8b0ff69f2c83bef8b4b0868dbb8aef8dd1abca968e28477e97402fe06bb83141318e7c92c
32 122 0 13 56 1 :839c91d80244e25f431c0d1e934df563b7c44e33a9bead165750e5d19de79bf2c18ac1668cec1f042f9f223869ed1846d3371215caf22fda27b90f8c8da9df6e779aa4ca117b1df2ae437e9fe8f59a9ed59a2d6863879661f3510256c363f451f8489ea3b789a08843862ce2e5cecded9d3385010248b0bea6c2
32 123 0 13 65 1 :db9943ea80988460d5c76861d071dbf7502f4c9545ad29ac81bb06d6367081f3cf9e6603da0d93572006868f052b73f055a1a83f58fadf82e04c183638b3fda78d6b19c19e200f9c0864bff4e99bd2568a8feaa2183a9551b91592a2efbd928c3df3005c7ecc2f6f0b7013b904504fd9473c9244e61932d7b97150
32 124 0 13 40 1 :0f36d002db5e76dc5da3d61fb93f86cf8f25491e69e0224e639640a203684e3190ab07c75b7a183805d22222687d0500c76eb8d18eb5724fcada130c995a1b612dc8bf98ea4e85f6acd38683d6c1e5c10872361221fa0c8987ed856aa9b2793b22a6b0652a130af3646af0431cc88ce1357caec20052aa2975fdddae
32 125 0 13 61 1 :53610d9ffa2304673c9a064c7b1e780c7cc6178680ea40954b27abeb2b66d475e1f21e92443483087222ba1a746617494ec44d016283332bc546330f6a17db08113429cbbcff56065be27def18e65407431514ac3e37410cb5eb6db02d6816ae8fe90c3920adf249e6c31b16c8eb540529a4ce205b3d49322da7347400
32 126 0 13 65 1 :d7b52c5791f57b3e34386677784419ea1d6f91ea35e43d35ddc5115c33da8b9dbbc8769ac720b1add4744f573268ca4084f4fdc6b8d0815cf0ba8a21712256b9c42eaec657780c1602f1ffc7b90f5943e2271f6a1db73e67f4a60df3e4b9f531e54971a7afd57e716aee2e0f4f86e75d1b07bcfc093b3667e823d09d9bde
32 127 0 13 41 1 :195bc89a9520740d059cec2ef00881f03c5897cc40d3948060eb77f5db61c3adbecb665e3a4529186603be6eb5e856c17851570f4ddcc9f1f2f64e4ec2fa51f504ff4d1ebbd55cd37c1f1d58c4f0a3d37564ab47e736a1475cfb0f2e10f1d7a4f3281659568e87b94eb08884a687449f96f16eb4615a4167333e5f26c7b6e6
32 128 0 13 38 1 :749809c26920634d8ce9d2756904d800460df0ab192be0ea67dc3d4159e1202eb83730ccf9ece2f25ecad9d0121617129f0a903d3a0b766080a64f61b163e964753b2ef6e14d146e1990595c21d00c7982ef326b2ae962ee8b8aaeadacadaf2f2f38897c8c5307928e09998be98babdcd4dcb296ffc16ff45f6eed48cff5b6df
32 129 0 13 38 1 :bc57ff10038f226168ba1715cf5e350e22ec803b1f468fd6ed287563e0024eafe36dd3707c58cc245ad3e92c9c1f14588920c6c790fa52dd0966e7143874c04eec3013c1cba6feb17348fed4c670bf7f7df057a7ca5af74e0bce283ed7198ea106853d7be6c2354789f89e4e0468f0a93538805eb38320cc18f3371d086d93926b
32 130 0 13 39 1 :3a4bcf51c63dd70256115a9ebbe2f39848b8634b9d5adc2f7555d1205b3b0fcceba5f881ecfcd71a703f911e33c36337d454a9abe2221473efc333c4897bfdd4da8c25c34bc970a4dae63e00569996748a8e7c1e66993db19a12993149e32c14507099dba15d829b79804c96999f759a5787ba5e49becf9d6f7ba8a72511e91ecb97
32 131 0 13 38 1 :11f9cc65d3a228ae9c8a8cf5ab6b37c1ad688d1f34517c84de0fb0ade5d149cfb0e1655a7e0f51b6d27faa7f6e068426d1f32491e3a1b3357e897a41cc9e4eec251dd28c499b7d33bfcf3e52ef45d7b8667e85a209c0bb65c95c260e2182d3b9155c3e5849e05e58bd3353bbd8f928222bc152f9f02e492bfbdb485d9c00da2363520a
32 132 0 13 38 1 :03299893e0f77b29ed4f9bcaf487e09414f5646221d8eb214f00e1f9b89a5587d30eedb71e263ea281f82ee00524941a7bb85c7fc687b9b8897462feb8ab31dbab4ff7ba176f49b7ed6c5419cebd3ed9d72ee7a16c6a83871b2143bf9fc64405ea2bc9c3f55ab090d1a75699f607c8821c7252b1875aca0a28de2f88836c87efc6c0dfb2
32 133 0 13 38 1 :620692ffbdb65db2883975545a1ad5b55169d2bc159095f147ac0d61dfb99e4c1e3973e27cde392eb8d3fb3170a6e39d854bc4d327877f466b343e9225dbd87f94285e2f0839ace89add4aa4491625465befdff842fbe6529238455b6352f084527af911a4ecbbb84286c49af85966bd05e2b7a673c1a4a0687ea731d245e0b1bea2429796
32 134 0 13 58 1 :0620f4e3bc275b22ce77496a3c5c842334ea901d248942d7201edea249d009d55d9894107d983f2390db2db37d6ac53c9e5ab094f2f7dd2dab03f54142ab659c9967409f6901c32a4e98b86939bfa43a4eedefe241bb0164461a4e41f058676dfbba6420e8612690f30b5a9fe0e50d724a74138d158a9d60dd05701e1aa0f50296244bb40242
32 135 0 13 65 1 :a7f74ea2e86c61ad8a24f0f968a61eb9c1ffb09e1b7e6bb5b10bf57874efbb76273ff42c808a303314a98121f12a2c4dfaea19ac51bba0553e1601be6b8441f313eaf3b7a55d0ed1524cb93e94e51d8b41d244faa94b08de8550a97c851c55c36dbe69e19b6f26abb4791da7fd881e8a987d643d6c32a4480315da495cbde58f6d58123247fea0
32 136 0 13 41 1 :1f8077cf1f1ad5dd2194483c056c0b811c8cdfba076adcf4fa2cc83e55f8cf74f7fadeaefdabff6079d3ad8a737502e800c3ea03021719e7e003c4792967f99118e69c4df54ab89f32acf70682782e8e797a86b5761ca2e3a6f21757ec31fb700e15b08293a9d959d2b9a427280fd45c363c7c28cdfde15d2a342bb2427195403f373c4711db5204
32 137 0 13 39 1 :e8eeadf6db9c62fa2fb0c614d4f4be7b32e311f37646c1ffc9b356642365eb2b140a53deb06bc1a47476c4c3479dcec2fdf0247d37c5e027c36a41c25870447c633787fc58d4767bc1874c6b234817e6406fdd320aa19a92dbdee4c8e8281227ad61dc2d01238b24293a7b78c229c1bec4b82e256c8e3f412448bdf048976b3b7d7a43077944303972
32 138 0 13 38 1 :1c5cb9d92d5a4de1bc5a0f87aa1e5b07ccee6559e156dae2017c93861b7194f4036d75d8619d002d976507666b89eacaba7d03ddc30adc637562f2b0ed11d2430743ba98e5c65c5adece92d80469ad9e7097f6e92c7b2d7be1f00ed9ceb413a8c4f2d01e940c11c95c4d0709d8682df8d6ffd671c29bf54bbbf50aa77ebd70e41902c722684e26210db2
32 139 0 13 38 1 :aa73aa21496793b6bc9c396c0d83fa9957cd2f138994eea810f12ba298af4275cd447c2260c6ddc05679c923ac32d7fda2402a98ae22bc880d81f638dd2ac6744eb0f81cf055921285cc67e2a753732f1a6f1846c91af7a1c9fb07d126daa685cbd6c2bdfb52f3127f45fedf8dd97b5d6f37dc699a8f4c0322f85e5b203dd729eafa32e481aa89baad5da0
32 140 0 13 39 1 :ff078e5dcbafd5eb90a1ccc172dbd2542d6eb2f5312994cf3d340c05618d1e452c674ad5ccc59d88046b72f6cbcc3895e1d05d43f5e381588b6eba943e6fe67a54bd7094ea4d8251eb80ffe61b0c9b29819b3aeaea7a8a5120533fa2898981054bf719fa938321843b370a377547045f9a19a3216ca7ea330cd0b9adac31d7ec2c4c29db97b746697385d0e7
32 141 0 13 58 1 :00d2f36682f0398cac1f70453a7a9a5c4e435d45af45e4df0ea3429e2d44bc3c342bcdf689c3be7348dadb09d700d395715b8454a7a8672a6cddcf41532320b67b0543190a31979bc87c21fa80637969a4020eece230bc1301eaeb443fc12f1eb7e567eacfeb9b0a221b2e1f64d9277b1a582b8f92ce381cc5643398f1046a495f0cdb66ee038af71bedc35f28
32 142 0 13 40 1 :f60c5ba564aab565a9baffef1fd306d6193128bdcf487ee15e2679eca3434f8398c474f5b7bf7cf0b94633f1c3e3eaea91e3df9ebb12277fd531240b5b54648567546393db184d3e27d542bbeb12dd679c98ee7df350fc599d8912ab7b2ee3e4cf86b6fadb4b174b0a41d18203c49fbbe057b8e42d1cc7b966f8ed5ebedbd48aaebc1b503a2f4839ba15e69f3d6c
32 143 0 13 39 1 :c01d442a06b1fb18d1e77850bc949e2853b8dfdf09e9c0f941e5b28f910ad2ddbebea1a5c43408ff94d3d8cce9e8c7c8ce16ee1a9c215964d2585613466bb7a89df841af7bf171b9fa2511927a926a6f56be62a4e0707d525ee2e5d24d1ea0f1b8d4ca35808fa523a81119480d545b6c68e5ce3fee059ff017376d07af06261db8b9e93e15f1a1b1aedaed0312393d
32 144 0 13 56 1 :85ca15afbfbabd0df71cc3b1146f2acd07d5d02c5d9dfe7d5cbe8e31a952eaf122b7215e6c456e89c126f70fa3dec8d494911bf066d677c3c7c278a7b61ac869b2df0765001263958a9115604a27bab48194d9d6d9b1b6ce15bedf4f25eed339f80747f6486d132da0de448781f12c33d6c9a8392a77c771d5b25b5244b33d8943b3ba850e60fec4274deec870c42e5f
32 145 0 13 40 1 :1c27ee47bbb96129487a74f95c083b65937f67302d237e3af3bb4214db9af7beaddb2334bddb92c8c3a9b7ac22a3e8ae008652274567140bef47f08bf21d61447180f7eee0d2d3bfeb7d69343e0f0260cf84e44826a3a8afcb37601715ea8de1ad584cb34427e2d21eb1f250a19ce3c59b5fb9b3fa98b1114031551e8442cfe329a2c8deae9c762f3ba806a48929e904e3
32 146 0 13 38 1 :ebc8cf37dd20caf100cdac9260f0f89fc8a31782f7af26a42c6e65c2e8a7297934f356de600fa8016c97f3426b33374bd386d81549af8a6236d7fa6a0e26c414c9c6b34f96a3b090a983224c43190e7d83000be545d1309f0b77b23e80447ecb426517e8e5b1bae30dd8049c4f2f5e9fa22fec34731813593aba04c80058aec77abc0b73d21c1f32f5364e80a44ad6416e21
32 147 0 13 39 1 :e0544fe330088cb80b4a83c4e868cac9226edde25068fb80ad52bfaeb4ddf540cb1e64af3b3a72a9762377a1307c70aa51e39d12b4697666e7c9df1cd4c6e8a893ff05c0e07832f4d449f24cd4cda8e1df9edd9f65a8552664c8703ceaf96726c940427580ceaa97f8ad906f9f47e3e1f39542efaa201a860e2319306ebe561828081da7bb30781788c370ab1daef1bdd31fea
32 148 0 13 39 1 :b44b88804a424e0527cc9ae287a432bf46dd463a2d181de3b113121aac950b42e71a4893d845c7a8410c8c77d430c82d85428509feb3ec520acbd1297bb6ddc4c60251ebbd89ba81f06f3880614b622bfdbfdc09d5e2328391169d1e12171cb1fa7622c5743f5e165dc966e76ced14711b6d5d4b1e6f2bc4280537eb1a1c1fd1138c019bbf1d1d3c5267d6fad85dd72e098a2104
32 149 0 13 38 1 :22d42f294c71f9e9b6497191c38138d5ffdcae956da5f360a0d744c2d7b62a9ea0516a18dc494e86ce315dd0698bc951cb6aff9d652f73e90768b4faf4e5266af780b0a674b71c0359bdec70110dd2e977b9a1626bf3ba81be016269aa4dd61b3a09227f09119173e2cf1b611b9525142926a62b575a1a819ddb1c82ff28389e86dd423070dbcf67cc7d0defd433c48437b0e73387
32 150 0 13 38 1 :eec9fe99a77d532a6a398235652d07e6fc7a2b729dab05767a390938612abc35bb9dff7598ff07a74d07d1dc283ca9f432f4532a10f5537bfd3170f1a958e3c2353b13f79360276d67af725cd866b0466fe36a7089f0967f47ccbe1b8696a965201c6d77053dada105e8cdb761ef6eba3fa87e75f6bad35cbff5235ce9519186fcc460f4d5f1c55b70d397fc3f6ef8f5611f12f80c4f
32 151 0 13 38 1 :79d726da5a28dd6286f7aa994fd17fef0a5e56994c44fcf9cef5976a78a32aac7a74218491ffbfc580e2229046b5c0f2004b72021fc8e1ee808d150a88196aa823abd3da32e76407f767fb05867d892eacaa7c98c02efe2fd5d401b5e60bbeea61462b08d140deb8d6fa1a3aa6c02c53ab71a853281b6cf1f49695482bdddea70566477c9271aef83207f07c18b0b296436e45a4e6c863
32 152 0 13 39 1 :fc4384de716e805d98e82515236aefb9d2adbbb825c47e5b2d3818119b9216a6286efadefd3d5cfbc17d4765605d41387c0e0f3726c96a6334ef85295791f930be9ff3d058d999c4671fc97618702235fe65857217cd1c0323409db85684f9c70dcef12b569bff7b56b5d8327db2d94e4173daa3363e788a5d210d81218e4f240ab2b7a9949a4d1a1404c8437ead08f75a427f64ea0d26aa
32 153 0 13 39 1 :093aa078ab2b5ec1491d57ad1f3809cc55785127f6e9fe4d88b742a6f0c911d105cbb4961ecf19cce2f675037313840add5c22d65fe4a3d021470c41d9d56d0a3ca4237b26f7a046d63778cda8ba2ccc1fdd3fe2cf9d2eaf43d46fc72f7faf4ec397d1d89e79b110a4d52cec428111d02a9395d654eebc4f768760e22e8d8baf63de1ac2d664ed66ce251b3b1538931530ff1a4ea610b49cfd
32 154 0 13 39 1 :a6a5fa85d289431049f96e460898197400ed862991c7f7d3c83d8e3bc4e0d927dda8eebffb00d32eefa73fd26a5394cf73e1bf529b6b4676fc70111a0a7b4bd9d2f38dd18e86c7e814a3dbf9ff037ede2cd9717167433018066158c6e2059d4b41ed40e5f8a00e0576df725153bcdb69041bc0c6c223e7a44ecc3dfc3365d2bf43928976af3d76b2bd99af3b0f2eab3e6850a50f4b0de2b900a6
32 155 0 13 39 1 :144720709eea0a62f21099838138120f746d99fdadf0aac30c3926cf75014a61f803c84106c001612f0a2627696205d36d79ba57914ac448529d860bcbf79f3cd3a28695a13d9bd01b9cb2ba7e1191c13afbd99a6ac2924e778005ceb1baf0e443ae29457fdf2e6e7aa363d5e0eb195caaf116e5418288254c3056598db5d2301895fc0fcfeae63e56f3323e311c1cdc2d6d5f52259e027a373832
32 156 0 13 66 1 :4b5570d88e3a5eea475f4a16638239b319d434a775f288822919278924d11960eb3859e587310dbf88208ecbcae4c24c3e7c5f40a068f7325d1c72af94f6d16515cb44b0cd8e76df0f971ccc67282f2df7858af1b5caf065fb6c8bd0fb17fbec6a4869ef8b26cfa12263039dcc8e7126a8667cef62a27b90ed84a989a66523da5983f0e1510f96a6c56e8808779a7978c368008dee2fc744ad280989
32 157 0 13 65 1 :868c5f16a7265a978f3afa35e0e04dfffa0744a7f80e3527dcd1a0015cd22b887e1037572c5b5081f030730e0cf8c3bedb4c7a9756c4e9eca688147ad015037a5187a768135bfa43b377fffc65acd83c7ab6d05227f87673dfae25ad222174760eb4f54cdb98b63194ae034ba6fcf8b0519a76b2f5d15e6464f6a983c8eb7e7e1312f32c2c0f958fa6a26229da3bf9afbd2027ab0fb041d6bd94d01c5e
32 158 0 13 65 1 :a4d1a87d3ef87b0f5304e1397759109c8e9c55f69bd134d798fbfe006a6e0283a9ade5db487fbf35011ed59d844f17bc32fdcf937c4198e3fded045b75a468e9bb87a24cc84a98a8f93ba2bd30ef86aa5cf2e3ce97e4493d2365e11dc759e852fb6f8902933602173b55712a1090f657d327fb9f45c7c179dd7476ec0689d59b4ca0e81c111082830f48efba82dbfbd64b70b90bfdd3b0c0d3da919fcfab
32 159 0 13 65 1 :bcf263d4521cfa80678d4eee8a55a9c169a525444b62d5fc67ee09706aee6e73c9019f89a3e508bf707be4a8dc83063b828b1c9d699f37a979f4c28fa71445249abe80ca55114b654a320563abeb68d0ca1c287864c434b028de2cb22a7e25127f6124e91c41dd720a228e34c51f2cff0ab394391283c1d7ef5a11e560d71e070974670707eb9829e730b51ebe67716e5c4488202af599fd7378a9185d60de
32 160 0 13 67 1 :c2c731c31842bdb4bfc1b1574a278ebe10ec923d6e61b5bc0bb07ef205296f663a5a8a09b17970842c9bc074ba75fe4c35ecd64837ff819ef18e74e0f6e1545821141d5f6e1e96eb5b8842495a6d8353c4c9968aed5c779a02f253a6e264e9ffedee8f3e41205f44b3a6f79b85d59cc00e4daf71a44fff8ece3d8da7f9121f12d8ebc5f3ac167f0b16558e229343d12b45b3a2a227e43e85c6c0ba5953b642cd
32 161 0 13 40 1 :d35cbc113c26722ab0bd61d9e4a6587ab5aa6a3480100d280d6abdcfb312a482a87a3c3da31e437e609d1a63983ee77877898b7e2309188ece9d8268121094c01d676ed003b44c6d3725b0a459d9d393f59edeb03e53cfa404c5cfd47609aa203aefbd842436bdedc9f8edba27707cd1de8b1a40796372f9cd89a202d1e49fb673360a58665fda4fddc080e177d6e8d24fc7eb42d997175d91229d51cc18d1a254
32 162 0 13 38 1 :c9b3ee224c9d08d1dcf666bd16a67da501739b7d7769d5739a48789f154f56001ba2302062acc93ac091d4730284b8cbd70e3db5eeeabe647f7ad7efba203dce7a7a6784c02319f257eae6911fae7954b1441526aec901148f47a5b246f0daf33b6bc16d54d0dbb13592e6f924ee9e13adcd52026c4a8cc305e2e03f49ffd7ee87a8cd9ce2b9dafbfa51249b18c3545d72236831ffebea185c1ec8b61d78c7808784
32 163 0 13 39 1 :cbe0ecafd533ea339c9d07d1a770d824fcff8b1e070924391fdc81e7985f1d5c746615c02133dff9429d899368f9dba18df6434916e7aee2fe08f0a9f12851a579cf25c4c7248cc0b108eee1bfe9fcad32acecbb36ad197481763beadd2c092e2d550c69f418e0a3e6c47c2fcebec2ac7edc131ecb5141e326fcf448bed1ab430977a0490c5ce77655d9d2bd8f4d8985d9e5f13844aa324de0ba0f86cf711b06351dfb
32 164 0 13 39 1 :a425ffcdde2dcb16c85e0020e548cc3811d6097753a8e3e89ef6ecb54160a2f4f427d004b387be64a1fab8118c4d6bbf3f82ef05681c98aa4d3b3540595c665db6c9675653e27f8d6fd258fb8e417355bb53bf8135535600db7d966ed073bf901649564375fd88ddfcea226890e18b9ebf75940d8d25a56c8ba896a4322b9bec3e83e951355ba55d902fc5428aa8cd78c8b996815982a5925f526c26a914f90ec557b14a
32 165 0 13 39 1 :aacbb757bb063847bbba04202a0dced327049517955c262d6b08ccb6e2b9a9ef7d01bea4b375292b286019c65414105aa3395adc676e045a04fff84e871c9c9a5e2e1ba6d40fb677f7d9872d3e1a37e5b24c44a9992b9eceabb9db764573311dafce93deb0419143d3a2f5d3fcbd03490613be5a98b719de9d506cbabd46c28eb5310694cd65a5b819e7c62ca14cb0a91c33d380329bd0bceb29309e91ae7341229f2c36f1
32 166 0 13 59 1 :86b77635c1cad3d5cb246b72597d3284cf8684712aa6aceea48865812dfc0f797c20da5d5f026ad95fd6dd7eb0ca1cf14fd64027bd46c779952774f7e9b033df414b04f87d0eb8d02f251fa391a36cc323b38610b75151743cb3701d3ac0ab074585832c1301989324ea3f1696c8360290d743ba60d5bba87e33f61d3f35018ebec031be787d6e88d53de69b576d2f7dac12db2b529add459e19630a03b396e2238f0b60b3c2
32 167 0 13 65 1 :b561ec6c9fb83255db403bb2eec861b34be1bb67c52a4a913856bed7603d63c56a9e3671ff04b44526680ae2644800e5495221fa54a4e142eb4ff23cc009a340c0e06cd53ebfa0cdc4af3f83b71b4e93130385a662d4cb73d4eee14ac315e68674f5406f0e3f8bc8b3f0423d43daead5a30142e0446dbea6cba510532cdadde8499bbad21e69eb248debb22bd21dd17dc571f81dcbc270a2568b909f711e75c7e77ff52f653835
32 168 0 13 41 1 :c41689980f4d663ccb560280f85c2926e1c04eaceb9f16e2436ebdde6ed21feb4d9441bca8694b81013ccbd4c1da231876e81bb0fde80bf823ba601ee79436703d79908ff56ee74142c3acefd7f4ad45f2abb8b0639db88b98384c50097247c663f4424f7b7f27fa9e88b5f64cfc73297595370e039f84704a3811731546e9c796b1f6f35f3e764a471aac9c4525db0087b0574990d598bc3a42d52611d4f3e8ca37ee172a952b14
32 169 0 13 38 1 :15befb94d30f56e23f9b9a494486f462ed3a81b87a02346077c0b3d8691c5edb9ed43857197992d8c7e8ae54dbab182f5424dd0569a139c4514c15c9379edaf59d6692e4d8b84560b7a47a2df33debe850b56c83a216f9ac5a741482f45b2b334897f19f1e4159226705cd1d2c303b82a8d6eff4d27de81f28f02c10bd1fde5ddb731c0d4678ab0bc825f53bd37e95defc4bdc32d26f45586202de2cdab5fdde4de24f06a2c5f4c436
32 170 0 13 39 1 :c16e9d3329672ed3af0f7c3c0eb51b14c3afe120239d621e8f8163a71b73dace331c9888ab4eb30b217971870017ed399222e496263c01169157e54bbea5a792b8cb2c1083ee2ae534de41c3bfe6be924520d9623e80f47c41d6cc1f37570641a8c7f094683d6befb18fafdd15774b330a4a63cee606f30b8b366c1aa3ae965ecba5c5e036304afd2f8ce7b4a74a8dd088e8f21ec1996fb12941dade988b6f0dd7aa44052baee870ce0a
32 171 0 13 38 1 :9d3dce8029b0fa3648fa609e00f11e29a32f043c88037e7ee433ed811c4c2b245416fde78eb3db29f5e507b8407f2e93a6950d06389a634dbed54e443034b5daedc2cf44dd7f102ce69301209a9e33b07554a51238b222597de580a1b3012302a6fa79cf8f6f72104172a1dbee4336d504d575421b2d00821a58618d358fa53362f7dd0b8fdc49e3c8b6c9805a750b56e2c0e5634e3232ca3e1d13d574c4c92183cc9c91760f44ef572213
32 172 0 13 38 1 :80f099794cc139b1fdfa4d43b14ee4c2160141281453b06726eb41304cbce6400e4f50db3f94fd74eaea330e9b72d022864b550b33f28f8dfc1fdba8a3f1e94879eabe3082e07c1c8c8984d7364dd37b4d540675a2c4b54bf0cbb3c1218e37a474907ecb43a0fd78c21b117a4f40f668a4c4600ed1a429de2294303788d6cc42605f7f1e139dea67e6a518ac681c65685740b302a84fd22615d0b860919ce8967dbb104e14f414405f4f9e8c
32 173 0 13 39 1 :b908eb041c72a0feea26d77f187408dd87a43c2024fd8baf587538a23c26be2f1c6fb32cefb9b1d385e4447690ba327d649272287beb6988a14963ea4d619fae6c8e752e7b69c5a99f01c89ca391fa1bd121af32ae0fb992592874f3ca699fa59b258f017913f13530e6e6f7a10a27a30c3e779980126dd18af01181da35c3132d528ded24a1bf1d0f2535cb9f5fb2c0a100753dc2d155137197ab4aecf43e04aac4c38c8e92d6ab0e2af0ba5c
32 174 0 13 39 1 :66324f309eb18f6f0ca2542a3917825d89fa17f8fecb7758c40c3cc7713b2b549a509a313ffee6e2007974d9a1403a0e6d3bcb2775f77a74b0a9112e98d9ce619471fd40fbc362d1b5dedddd4e12b15f9c9837544c2cafebb66f415c45121968784b7a7188517ac6c804e5e90b1473c1871c7b8751e26504f7585257ecd7b5e7f76aa4e760bf7bbe18bbe6393066fd725c6d703fb28d139677d4208815b8a373ea46da2541ff8521984661a2daed
32 175 0 13 38 1 :2b341393a3c51b9e2735156951930a1880593e9178e436cd822a5220e6c3c30646ab57e13d51d153f5faf57377ed9cbe924459bcba7e3ab74d9894857ed264b54a42eea08b76512d52fac9c8584ba4a335b14f8f71539159b53e1567fb70a959d7033141679db46c0461e95fe84acae651984acc2faa2f8fe2ed1315e9abecc88784338f4deccf422e2a5f27c7b8d46c3088b2d725ef64dfc9e628c9e921ee113633b4a218daf1b5f48d43da4d121c
32 176 0 13 65 1 :a8ea60510ae98366e6a949402f05550c6e7dc81703c4e2379caff1b9fcc4dab64aff26cfdfa6adde5e0467f1121975b41f368249121c148701e20b95291f1e3ae93b27a4ac582fec52c828bee2380b1cc2414a31b5fbde4d399fcd270e158701d801809631218fc3667fe46725f2921d8f34e85477f5e64e6c096cf6ef542422f2956ff2431c1a25da0ff54c198dbc14bcd533f4fd7c506697e318744bd96f17e49a27d981ed9a86be9e5eef97db6821
32 177 0 13 65 1 :e86175e8e58b3523be1de4399377ea9176a7cbcd4767b55ba92ae35ec16eca88a2d363fd1e54e03269898832d687b2e5c7e4b26c6db8a2fc48f789665a1100a118836115a7bf2bcbfb4a2c573f533a42e90b5dcf12c3aaa968c649e2dbd681cbb5e29b6aed72f2a2c6d7b2b90d63a0bb3185fd6a05318151184508e67e72b56e4cafa7550e85aabf7d38bdac9ef8fadcf696269730ea87679e16d19c0a5d862b2f3060f19d87049c791a780f7cf5403376
32 178 0 13 41 1 :c903d4d539d2c5f0e1c6d75d7729714be507704914abc05009c7f5ac123208753b6bdf00a6098666f78d3e2df50165b2f62cc1b282b8d144e017eaafad2ea5e8162224d5b3ebfc7813c04c90ef7cc061bb9a6862866e1d1df65fce3e8c591bd24ca7d0922cead00c63787a436643e87b999e0aa16c029e9496f5a68853d2c5ae4172be834cc168a2346d0ca7a732335807adc00fc78abaf0be51b42e648918e6724d37457049a6031190366f38c9355d1ca6
32 179 0 13 38 1 :88a44b2d7dfff51d35485db9dad1e7ab0f0b3eebfb597b2f93c771928547f88c8cbc54d0963866d86cd16519808a016b58b79d1efca8ff1bea840e53672683071dd8ef09acc84f25e5914a0a181cceab6252141bbc6c598f9b8874032f499711d4da5871b9dd827c4d0a8ff04ac6e5a0545a9b53df28f8274c413b0b62ff74edde3da9128ddd6f25bfad327737582998e9ba09486ac9bbb8befe155b85351f1a30d949198b8a797da7836635f03e48db32d04c
32 180 0 13 38 1 :178d88e55f3362a76d71d2602944e42851f2bfc72c087ef3afdc76a0d0657d8a55211ab8a39a300e834f79bd6856281eb284d57b7265b909d91f36182ce775b33b242a26691b1819749088746154970851feabfea0c248243238e4f711cfeb458f31739d2d5c13343dcd3202fb1d0aef7f00d2f73f55064dd052e5115fa0af26402e8c3cbb2e0b22f1c3ad7fc75d7f21d2a5ffbc05a2d284ddab0e18202264a45f3058427647ac5155cfb4b2aba86e8e7f662567
32 181 0 13 38 1 :efa96a55d05b360885a4724b59c1445e3e25981b4a486be98a529b501a823d785491650c8afd83bb24a83220b14ab03c3a350aa0e4ce415713febd86fd99bfef4062f3c45b8cc06b65c83b3e5556f20e2d419a2b28bf7f0855d65657f148b7e9b55cf050a109b6e868b0dff058edfe26b571b5c101dda8de93e78626048ba75cb9e037e78cfc88a075420c1e415af6af8e0d1ec4a23619bcc19cb992c8fb4d0fa99cba3b4fa0f37cb14a890582d2afc98db9fa8c87
32 182 0 13 39 1 :06503d8f9c5c3b1ed9202d3d41c560dad2ac104f95278a304e444ce8b4952d4dd613a35378a228c6ac3f8b40aa0fe339068d170abe238559ef110682a4d7ff47dbb3d3a41f47f9e6bb050abec8afa6f0201293ed336283d6d49d76e22d3bdef1e8a6a9a81d64ab0c0071cb09bafe6df5ab31a7b8ea9d2f9958072cd8085b84ef063953c6bc7e865f2e3bb2e9985b9b1586fe8091f02c2369ea0bac0561847b4a3c91756c598ba57718c8497c081d873016eebac77971
32 183 0 13 38 1 :0f49ebc09ad38c3937f53c5eb98c2e8d17264d199f5e3b272ef921f8153949aa3132eedc16a5cd8e073c530eabd3a604544aa2b297153f6d4357f82ce8731ee58284e167f03f49f6875fa565d112cdd1e094c009ade520609bf5bb5bc308d1ff139780659a3ac80c65d71e7c2333a0119444a5efb23451dcb5d6f1aefba9b8ee2ac067a5334e736b7652afb0c2b3b5e64a9e5d30f9cd208ffaba8021f0f145476786c98e76794cd2b72727391973c60f6674739a15ec2a
32 184 0 13 38 1 :ac5424bc70869991f1e0c53f9af5c9571f1a1b40ff89427312d9aace48dc612f95d3385d9312d123e6766aeea530baca90087c62e1be701a8476f973d7dca6f80c18b746cef1237c272fbd2a62d66be0f082b41069a5f99ebe4dc4be21d5ccc60e3898c767cfecbf5edd7e7cc60be540a2964f4a9b67e0344bba306f637002cef12879e53cd621f6b8838c78e06db5bd5b5b0fab443f7c7d3bc6fde80cead8d39930b2befba8203d450d34b1312cb6736c4768333d48d665
32 185 0 13 65 1 :de285ffd28a8d1367ff46fe000c6cdc05af0e44c85bb02a949008d72a588eeff86ea80d94918227da2ae468ffa340a0986c8e3f4617372e164f348c957d4c78a18adbc6035fc81a6131e7c1cfc062225204b3c257b3e909e03df4c1be9033144bb9f9f7479523599ba33c36caa8ee7819244442a6cb01d17a2cca4b37c70070acb900140f11472d1c3706177ed18cdf0162a528ba84ea4e4e29f7ec6d796050e4fb935dff7ee2fbb6527018b2165ea7315f6e804373b8ac03c
32 186 0 13 65 1 :7840ed0a30233687d8ae9cee6e6be9fddb69ee3b213d0ad17b419ed2c653db93623943c061033ad466ba39a549c6e69aa45c510d878337699980b25d7a5128092679d11c75d9845d2df235e6c80864460b98af34f9ed4d95ca3300abb6e437089085606fc981b01b529cb7195279dd25540e3592009459bd52d2e9c5c1e8512c56aaf89ad360247ce26691be0e1c9765db31ea7ec04f711cd95098dc35702aefd198a8625dfbc8b7125dfeafe0244cfd12c099621fc8533d465a
32 187 0 13 41 1 :40be1ae545d2a2bf43dc382806f7fda43cce5698fac0c3f30cdda9e1f93b23bb47dbedc6b279c79cc3b535846350828105125308699c7b0737f4260def99ec847549212662504a2bc00a5cdb6d9963ed8483314a8435abc3cf456b3f49a86c78d4840730e17ef728ff5e280a1b81badf29fdfa2dfb42f7322c25ddad42094ded55d7cae45fb0860110f8073d0d44d1fae5bae8740a0a538b4460780a08aeab4d382b9911622c74d340c54c10fec0b8a837181e8b07a90698e01f43
32 188 0 13 60 1 :3e1f4f1b50c0f562551800196c491e638c8c28656bc34443ae5aa65311205598142819a181f2a555fc1723b00b364a79892b54c62402c227d86d132d6b6a333ca489739effafb1236bcd20ec654052e201fb51b24e6069dd17975aeeae6604831afa32c48d36e845a7016a33ec06d986899e897d816ed5d9269d71b3c524ced2042375da1e4aca9891660697ae67c0c3bde782e9bc6f9cefab099323e6ca84cd122b2baac521d65596e7dad8f2b3ff36181d2723edae7d647970fcff
32 189 0 13 41 1 :f38a05b1cddf023e613d5ec36c3fcb1e909da880df8c01cf3999419a20ec8a4208b74eaa5fc720862ba3f4a591550c15065a3dc933ec68b47bf45bfe1f8b65058a433bd2b17879881b1945f03b7c4cff7ba1a6975b74f44a56b78492f051e78177bdc3e385c5f1b6e38f36572f3bc9f13e14dcbb79513abc4f7edd1b7435617696deda88e2e7b6ebaa321fc5798e167913d9e0ca0949a10bdfe133d85b8e788f4b9f27bc644756c755bf8b255931aea130d726f0128ecf4ba803db412a
32 190 0 13 39 1 :46093a32171596b101a1b0d56cdbc6865a0ef7a895a5b03169b686e7c261405a79d328e6576cbd9416fd9b66625ac5dfbcf963394a094e6f9e2a9f143fa4d9bf500f680213a6285a398524413c251122db7dc31e8230de2fdfcf2602887bbfac9173f99a1ed26c4af12fb4788efd53e2d0248fe49c234bbbe45034d139277c20924fa4baf87943d795e2dc8e7d90211e444e9dfe841a187242daabc0f7ee066bdd1e31fcae138f9d25532a834be8439537a6a8b7687ad68bc2f1f5871e15
32 191 0 13 38 1 :dea12f471af21b40d703a2d6f99839496e1263a1fbb6064df058a93a773cf93162449cbf5d5310e7970961f1a4efc3f7c14a6b8d0b9397a8488b491258049ecf260bed99a1ecb2e13d4b9a085bdda68902a06a0e455faff58c7ff9e7282c2631c2c761db987b24e767bcbafe5a55b45c5c90be4bcde2041cb0290cebd3e153731eaaa365921c51d9a72c822edd5cbd663608a8427106a3d50b8848134d41917fb9b0b2257417927717f149ae8f235f3631863ff550545b760b30714256ea69
32 192 0 13 39 1 :de75c89633351d142e3a5b4444c40ac1673be63bc21120a26a9fc875f559e6b0b1435a625acef2e931c3fa0147839b622ef174ca12d887dca0dc9aefe3fc17aa613e748373332b49b07d5f7c7d8168d6b623b4ad407aad008f5ad089fe2f50a26aee323b2335c9f4f1ffcdc59b473990411603940236ff7abee317cdd0325730f56d7cdb80be3cd5b4ec182f7a718663435544b8c04470ae0e23892359bc888db40a54a3899bf2a61f05d694e11ae58aa9f34121e62d4a25a2a827e2e338a9c8
32 193 0 13 65 1 :74820eee3451011deb6957780483a33290af9bcc38179ecaf768e239d227b819e9f016f365b45807137284990e0c22db5763a71480da78a2e399b6f068550483aed3ac7e0481535a52ed880ae7104f7e30ff231daff6a9c4378f6d3416dad0f1c75a7a6134601fcf0ccd24cae8f986eb998269614764108215b38f4441c730230f535be227eef71686e39ee28527b6298058306365c297cf945cebd412207378d9e5ded1ca183f393056b48f01e159775623da3849fd4e3fa0df73727d093bde7c
32 194 0 13 65 1 :aa586be55bde853d44359a1dfc21701d8be8a06d12f04844a83fed84ab6b6f8527306c4034aea5a2aa356bd224f487133c0675c88c8203bb2d458aca666d78ee5c0ad91e3518d00c0cf441902612e4f21dcbf7096f56ef68b1eb10451b1894007cc5432c8315ad4806659108ec356b32ff948416f3169a42facff25d51ea5e5ea171a4bbe8878c6e4d04e00277371ead97cbdb48bf70a28886d90d499aa81f313ce9fbfceea34bb5cbd41516f99cf659b54e2d3f4ff92d159b0fe7d84a720a062d83
32 195 0 13 41 1 :06b0c56102bd02dd3e2b67e7d0a118f4d0bd22a5a5aaee915116213a4f7aee841bad2773c592d9c0c5b7ada790bc982e84ffa4818da25efdc5bbd208602e300b291a345c1efce507cb680515d0001e7c027f0fa25294fc1152c448d61cd4d2351a70a9ceded294e062c1d5617bb80815855d423fb821bbd65418e9e2100f2a9ebd50712215b76e4d3a78d56995b61d94d2ba090a8ea4eae57cf0f11dc038953e798b82597871836a0cbd6f9062b0bf602dc906127d9a58aaca747af7f30abe07da25d0
32 196 0 13 39 1 :78d5d0b35b338a1de0faa41a55699ab4bb91c1bd424c7394141cf4742bab71452ff9b73c36a10e3ca8666ce0fdb6e048b16deaa37fa77f6ef43243fdbdfb0da7349bf67385dfcdaeeda1b28a41b1eacdbb62f9b0a6d4b24efe4d3cdcc25cd43bed544dfc5677ae3f97a01d120b8df2bc1b2dacefd2a170b35ce3e12b85d4d30419ea940787e7572481bc7c37ae983d0ca5e585c592abe7c6397c49337221eb2b9b29f2345ca198600db5f5767331d39dbbe202b5fa2596c0024ce45554e52b03ca3db555
32 197 0 13 55 1 :48eb00720c301f350bcab0030f1197c72644871ca7bc7d44fbfe44b094097dc817c590b3acb0cb9937be7e907e11736937255a2527436ea0682866e9bea89081d2ade1ee55c4cb50ceae50c5b569731b0cf1a3390cd67eb449a134edcf9f4a3c3d9e9624263c19886724136f6e8b947bb0a69742f70860d9120d0a7308368e06ca3be2adbfd5005133ce9ed10e94a9dd6a4dcb1dc11906f0fdd104b4dd3445391d05eae59a2c16af10f4f480ac48071edab585eaa46fdc32b4bc32afa05445ee419718d391
32 198 0 13 65 1 :71b4055931c164ef3dfd30749285af1044e4570ba95fac45540a4346024fce690cad91ca7e51de3f8b28df6fdff97d0cae1b6e840da7b81f8677e629fb4fa607710aabda2db8dc8e634f92d7c9ac88211426062f04303ea07f34550a37a869eed433485885a74be447c0443d12c55d6eb3c662131908ff51b2c7ecd67a5a16eb523b4c65c2592290d628bf3679e26702fff89ce53611a49c1498e17f15ddbb6c63c507eb5c881154dbf271f0d385d8736682eaa0ce2d882cfd85c2483fa41ee2322bf7f859e8
32 199 0 13 41 1 :46ac0da048a12ad7e05474d9bdc99f990eb23dadc6bea52b0044b52a51d944770b23e0eee561d54976021dbfdbea98f4e5f6f98c4f14c4c13b97e0b9b165f829b12e88cb3fe194fe4f8e859b9028743fc72de7ab074974712622627faaf7657b3176adf38155b0e01319dc16b448ecadaf33241de0fdb5358739090624dacbcb70b62228f068c2427c2f35b8b2bc660ca47da80910837fecf1428ea1518e36e25049c7c71c2ae0b19f629f69c41b8bd00a00f0911ffd68e26f236a7013466269549a78b70c47bc
32 200 0 13 39 1 :e212b5c98f8e7870af6acbd65e6d4dca2d39489b303bef4ab2dae8ed946fe116fb5da3291d7e43b1766f971d441a1e4c2eddba068d9426e7fdb9c3b476c8b74ac7f94f2028de12f644a14585dc41747cd1a7c021e4672dc85d85e17ff38432565e3665cdac2d613ab2888f79bd9097458f7f454a51f88fd9a0701573816d9b001098d1bc6046000f549c1520945ffda5366200129d2f1a2c7c36291f770ed0e2b45bd44bc1aee039afbfc51f16c21e60a45c6b2e6f1aac6934bbc3175bc71b181cdb62ccde425a19
32 201 0 13 39 1 :e1b9c7346edcbafbd5cae18056b6a753f9c81de96f11bc10099c2034fa435b5f3295147739f3788d176b38ba242305355cb0ff923a7b58262a4fa062de615ed854e970fc76ed77e0b6311cc614c2ee4eaeab70139f4a5ea64f09cc30edb36c19c9d8f126b596f34808e0bb32a05a2d8409d0bfbd4ffa3678d6a14691e0c54f799cb36497c1b23c8a30a72beb32f744a2f4b75b8074bb4cef61e839832cb1264e405c0c51fb3be97d068fdb7ffe3bee78b327324d8014b7a2f9b9a02895c2a2c9800e78777498f1b47f
32 202 0 13 38 1 :53d82c677bb05b5d5c7c856dc14d9fb60d38530c1de599ef8bc6c8cee05552658ad917f495454ec6f45a7969d06b340113b9cb53f7eea379d38c70ad17d457234d8d19709750bfe1e4abe4dc7ac01146a0aba8ad4abe67082a40acc6c8cb56e5570520bfe3f4958af6afdd2db3b3fc86b9713da5e6f0789f1fa26309bbf88f946fa8e294220d226ca9e5e247ba2d36a5cf0f3f24906e2d99f63969e95be9eca4de31478e6c11bbe01129e89cd8b3536121b411ab2aa56d1285bfdf8e31ecf2155fd54a899ff32f408f5c
32 203 0 13 38 1 :72beffd9ca7cc68c2593d076bfe8ac9889b6b8ca54d25a9cc2892510bf6f2c5c294435d5073c3b758750baa3cbb59d0d56674b56d8336f123bfafd0b80cc784c4d130ffa293ee6499180924f4c53dc0fa1ad7e1040914b2752d66f7249f8acb213c4e6fcc5609fff95cc098e94deb45b217b963680ad827d53832c0a39bfef83d5a9ddaad7156287c341ab2bbb11fb1beb75501ce049d0789312fc5231f516c80fea06d981a0e1fb920fcf422adfb2a19bf69b0a96d4954229b159388748f2df9c5d7ba355c7c60e553573
32 204 0 13 39 1 :f6d25bb406081418290401adb246dd1dd5b6ed0820254d25b09d42d32ab09130f91f5701f0dbb9ff0be6bab9b47e525498b8d60733ae0ecefe4a0d991a7a798f00986b426bc2e8def73d693caddd8e0c532ad1010036e2eb8aa6067b7ce4003abaa9f79b8e6ba49a10813e86d5d88fe755dd020522ec3cdd8ab22b725d53a73c5b39d699dede80d0aa0aabffefbe1daa3535e302833b2041771b20e3354de83c76a4bf8ce3e3e00d351b7308a8b1ee92e9ccf4d6e82614c907ddbde04618b2d08b52a2b5cf4a063e6332da53
32 205 0 13 38 1 :d4fa76babf2623499b481114fcd05975b3db347f0c5870c234205a661c0defea045b8b787a499f7211b84ca1e117f3c05349a186080061687a23a44386e1558216a3cd78249109f2f27717a732d1279421cb4df3258e9ca9f85edcc8ab8e415012e2808c60a2b7bc85eda26d1f8c26bac524c357972beea34dc7e014d7d880e4c6a858fdd334cf9b1bb63d1f17151e1166e32d0f76198229c91ba2fd97329f0042a0bcb34ccc61daf65ba07cad7886a2580c4970c933b79041a9cf616524977bf245e4ceebd28ec2c66b90a47d
32 206 0 13 39 1 :3dfad09b55cd1483c85796ad40e5ffa6adaa5c46871bf4912e69f06bdcecdc7cdced1115f7b8514a7fc248767a9b2f389fadc3c658ffe8b4968a0f582fec50a7d0dedf0b8cfbe9b1d6aa0d754f68ef6b705e65a739e4d2441a346001e28356a10d779dfefd4568633913d648785446b1b8e8efb74d94f25b75b78296e11bc41cbcc0f938f5fd23f0e88df13340c2d28dabb30318a9c04164d3f450acf78f1db0081fc74c03f496c969336031d1b95dc3cd5d714e086030a34083f73ea1b0680f6224a108b3e75f670481bb029aa6
32 207 0 13 39 1 :a88d062a0730c5d7cdb58a5a66800eb21f5d10280ef9a602174df0477dec2da6658839671dac0e09f0c49cd49cd0dbc06ef68487baab025d44483e798ee90287bc002b2d2d45aa5a5002cdc1afdf0a1e06c7ab07baa7694c99463efb4ec99ce1572c5ee7f8556488aee9b79c3e2b5616500c5e6cbf714fb838b6c0a1eac66ad9c49921d6666c51bf80790673d36f97096d2fbbda7bcb4aacd701a88703a8cf0ca1d19097152a933bf491b8c9cb4f4e632ae801adac23a441f2a0d51fa5d193704fad7055ac95eaf9693166ddd3f346
32 208 0 13 38 1 :c417a24a1df3eb34cdc61dc6eca9476c33f06f27084b51bfdd0caac1041a93e4f804cfc7c7b27a3a3c6e0fc520b6c5c845d3e837a4bd0428a85c2706cffec45e66de5be1ff1aac3fa4629ce3f59c126fff504f48531de8c8a3c0ef7fb249ec53a03e6d23880659050f44f1e2404f12689c9a62b63e4ccb8da951251f46c7777b047f4245177fee277134b049417ba345993705aa46f2d9fc5e01d51d96472af207de1f63f1c1d4eb5cb682da6b14e0c76f87eca13510af748b53fc24775a92b4a613a0321e3900d0580f661a8bb5a70c
32 209 0 13 39 1 :f26fe01f3d5cb82425baa8952ff8795f02ce1dda5c62e6f01ade92be30ef150298e8ebf7fdc58ddd608a4c916dc35a4adf608b70b014604607aa07bb9a7d54efb89eb3ee87ea3c86c5b9bdf7e41a50bc141bfd04a51f1d7e8d5e530e60524a5948ae1307aeaba74c7ae2a433d9e798f38f10c20bacfe76dbf772723215f7a017084286e25b91710d572ed39af64210d684811cc0f1caa82701d5342467197e4e66d388e5faf22f7292c2172bebc8031e148f4c3bfdb0c867d9ae3a9627c9dbc02b13b36d937a01d835865d6920a0370b6f
32 210 0 13 65 1 :7f97f92a5d102a00c8f948ce5def51e877965926baf4eea35c4df2edda9844186a6cc71244ef8f6346524537fb5409ec1f54c23842fe9d47455edaf6b78fb029481ea0bc98406904a48feca968c3b7e16003c8b7c18738866aa3a65ff768e03cb266b36918921e1af81bd1260186dc65a48d44a1e040e55d81b3d799965bdeafcef38976f805b5120f9ade551630e42fe7a0aba14fd63e674ca94529bb050bdb0452274a475241def56c1b27084464e5b1f102c522c6a009f7d40268d1f27dade7e58dbc26cb7c232c30583b08ced9a53277
32 211 0 13 63 1 :26e73fb8a5e8519faaea27d51af055120f3ab4eb121ca29a7046e1499c254f7e864d655e7a1643a22b576c9ad002bde8b71f0b9e08646579bb75bb6d590788fff8ccfc2ff388c37b26b3256b760540502354e9829090f3143c744c88be9909059f829c8e277df215b5e5a3c3f94fb656fa9ffdabadafebadbc8b649bcc168f92d06dfe9e144ecc2b8e5f02aa498f3410de130ca11cd2c3b4a035c4ca27a327584dff282fdc66d0fd22f2ec58c263c7893f5d3b225ed50b04fcd3553cf2b5fadb76b32763a15998cd71ba171fa54f8620fc6980
32 212 0 13 65 1 :d2acaedaba4d7b80158e85be3d92db9d006e60316b1d347dbab49a90ffc99814eacc484c651869a638c2bd21566d4f92d99f446ab4ab773f0d30affbdcb9ab645692a11f96b97a2427d4522e66f2616bd1011cff540253f03e06f0819b84309aa4c74e3c82b44ed8d5f60c6ee5e539528a1407bf57986e5c92e18c9fc0ca49f497125b3ea2413313f42de6b42df171f8028921f1a865b466a60f168407adf6bee35830d2e4f9378ed2fd43e46fb1cd06ab0399cbc1cc74b88d47216905346737b7b3d39f36b561b2eb018a185769249b1a97ff29
32 213 0 13 41 1 :2b5cbf149e42e0f6fab8cd5d4e0ae89bc142cd0f505b443b6a1dae8ebe680c1ce4b94d45eb430a4ed35fc04fe5e1084b766a74a5221535ea06f1f77712fceb3c81197b30314219ff48da7aeae1c04e5b26da3add851691effe2e89c43ca891d84a602689e6d1a62166bb59fe550f3e1f9f3de458c8d278919b01f2f9eaafce416b218b462c3ba780bde8b4cd7a1f3c623f2019a9390c7e76605dc5a113acc46ee86196fb9f97e0e8c9910fcd9d059c041e93eafa9bac4f249aa9a6793d8fb9bb043a967a326be5e85b236231a061324a6cc524c0fd
32 214 0 13 39 1 :38125734a5515c98421be4ac48f5d9af80a01b90d824f645da7cf5b6603a869b7904a0f93200dba382710855f9cbd27c211f2d8e176a37785bb1446a8f71e0623294f1fa0e720992624cc7f6be314366941e775ea594bb110bce636bc850bc6a9bda4f07c386ecceb40e24c3f923c2f64b40880fc693ca25cf19e239d71a3d6b99e7e479086160369aaf007850766f7913a812b1d3cccb9bdb0ee39b12f7c95b6c6d97b8002fdd13d728b40b1c1bf13df36c338a7cb4c22d8ba4e0ef9f60f133cd17850b8ee85bd9001da4aaed3c05eed81b5ced13e1
32 215 0 13 39 1 :633fb45708be2b44107698441eb74bade8ffc596c2faf60358070ba118369d9bb07ce1fd1de90f22791a821d9d0be121f46f6b1b055ae99540181248102307212041e90ff77bcc7852776cb8879d46d811504a208fd401a4fb0bcc1ba73c1532bde50ea93206c280f86ce2d7bea933296e0d936cb92e3c49707a8a6f4768a1aca746fe9654447a86e3b028662a1e03480c1e029ee13f58e983330ab286fb05f824de6bbd31b2950524853a5c78fa6157fd9b74b9a6e1bc4cc4a338e2d10c05e4e84e0495342113176fe183faae497a4d06a040185fc813
32 216 0 13 39 1 :f76eb6278201c27e465b61af7d4c1d9753376c0398d641dea4cf4c61f7d97f5cab383d5e12f2e14a745cd0098ecd0d0baf18f7772be71574f16683a4dc30177cebb1ce57cf551c2c8e68ad642fc6a92fad6adde7e3d079a9961af3ea0090ba213ae37272ca5738b2c1745162feefc14c6c7d37ac0c3c801bff1d75fb9a38af5a6c6d205637d1eabe307c86fdb6f5c62cfcbd77705d02e9d18debf5247532cc58e6e100ce9a11e45bce996497bf33e6b5522dbe8154d0c7e279d33d87e9216d07c27243c2df425e48420feb0e70a071a7356c44e100cdb750
32 217 0 13 38 1 :fbe9a2dea630e030c3d57aaac3a57714d862f8a304a6c135f9086b742399d66ec2da83d12489b1901c35e1d3c059d0a2c23fe40ce5619e89c8efeaec074332c29c1e22c7c7264f16c148cf17ec41ac3efb051984e99b7c93e8fa7753471c923fe482db729de667eef840572155d13c1b0810f7ef540df7befe8b8f06ba282228f5d81cbaf1a1fd7a143186dbbae2a7b3b69c26a99f600afb1308e6e22a65b3b5ddc98b3947cd37fe1faf3afff3b5b5156cfdbb69761b938b298e0bc9369e324017f634ae68d2ad9975ad899e14c027587de9e24585be206e7a
32 218 0 13 38 1 :9e9f096a0afb4c0bc4048b660a8825a5c64e3acda75ecadb9bf39848256328b76318302d9f1275667c53a87ca0f091272e8dc55f43de2ab3607ef5a554e21645aa1fc0ca9cc5a2a06c2c0dddf51bcf3461af021881ad81823dfcf2f5ebcb13c716755d9ecc041115209187d96325912e8acadfd43f541725a2075da0e8cc4112533ab6ec5024c22ce9f11c914346b09edc1ba4d27d717317b8e98ca316ab1bdbbbbf4a96e9a341310da88b45deb73947cff2514ba549a09529f9866b0e1063b703bdf1f9601fae210d199b881d82fe2a1c0eed60383d370367a6
32 219 0 13 39 1 :52bd48efc11186d1b3775feef65161222b01989cb487e169db4b063bfe7a43a07621097dc44aaec3ba3042234ab1f7956b4732589e2bcaa52a38ac76e339e3e7191b16324dae74416283236ba8b2828b809397f466283eb6b5193cdbfafb1f12ce8b22a204128f2ac7ed297fe80eb33fc06d2130e0a0b25a657ba057996ee73d34ae750c12b7854cc428a07eb8be9ee858f05ae71aeff33f3557b9ea0f4e12b553c436ebfaca845f3cc71ec43df4dc8cfeb8001ed28c1966206cfdc8ed98599799e7d33716b18a687646e3a478cecb6309caa5e0050dbb20ffeceb
32 220 0 13 65 1 :3f34888e81d1864e5298f53dc1a69be5fc3653f9c5f46e0fc3331e6ecb3f2fcacac0fb76b126d27658083413eded920dbfdeb3644ad59bb542016fbffbead71218b5bc937496b774d453d1bec8ae23515e1b9d1b60c6f66fbfa95b0bd712e180629151e74d2e011b97207b0e3f1cdf38e2121a6bd697b9c152012253148e24a26556593cf5af0141b9187c2248b3a0f371627b39c0c2de99c485fdc6737f481d91bb080c0fc9c929defe5989d89383036b6ea213bbd558f47ab44b7ddab4f7eb3e90c269691292b51016aba4852c6aa9bd7974fcb43aff4de20eb64a
32 221 0 13 40 1 :b3d08a395aab8f377e9f2b7bc4a43dd42af8f10c488e515579348d76d1de5ca7e070916ba8bd81886c122a357cc6bc758de3e0b223818a8348c032e9a64e72e2fff2baf7abdf0ad33ff407692877c17dd1494c1f65d3de45b475d18cb8ca05be7e70229fe0087948358c842180d1f9f32a1c3926d54b1e840791624eab3eff365054136c0a029df6857949def2c248967a445ce33f8ef3063a869bce47336e8405d0fbfb378f2f52807d8b07306aef64a082b4263653c4b5b0f23cf1266b452883b0b16531981e2eb3eaf83687257d3f6f1c4721763261a475a5726cab
32 222 0 13 38 1 :673c1bce4675997fccd5b64f76b0bac90749c51f0c86b132a0374428e7a085593f2360973a6d0c25fe350ac0ad85c0a26235b395de32eea34f61a921c9dd4083056392744c2f3106e663480d2a04e14e544835ad5fdaf185689c48e0265a001d0af40a1eb183bd60e50e02680d4cb5c544ae46aad0d2cf1072d8dee0d2e520f82ccc5c9f039a89caa151fd2d9541bd0af5e4ada4f22f5757fce2e003a3552bc675573d66b6058f68df5320791d2811b61bcbcda95beadff3057f6f1eea93ef8971a2fc76fcd7537342375fbdf4c6d5267d89d9f559883b8de22f3d514b01
32 223 0 13 38 1 :ae67aa3bd442ff16b4a0cff4aa8b942faad1dd16f99077f1f373924c47567e53e7569d5566df5bb0c9bffc3b5f539719f8a13cafec0b36208e6cdb77e7be229401b7441971e38651af7e760cafb9d7aab07d50bff9188f917554f8988754506aa2519243e18e200b873fc3592c5cf6f456af93ffbb5c9e00d01f9e147cc08c47a7dabbf0b03cb74dc874878d523c40851686f5605130c9d3ea8fa158bee59b5cef73cdb4725eaf50b9d58ae494ddad65e993e79bd7e173360ea64f62d02525ed73205bd9cebfe3f8c702721af44e7884a9adeb74b9fc8687710a79d3c5fd59
32 224 0 13 38 1 :695dbb5d41cbd9bf3f52d2ac6e21d216ea0d45085687d7b5ba0e3a991e018c65266c91311b144be15b870091a9f582cbfeb0e07f7d8ba826f843dcdcfd13620fd13f49de23c06baa51db291893455e4c2f3ba6307ba1f953f0d3dbd9ac7c6846885fb53393576d541805dc13cb81c15fae214cd116ff3b308cd316b2cdaf2160ad389edabc9095c392ba94db548d94ab64ebf45754c2fe9f75af3fb53e85f07505abf8d923d337c0c2cc28aad6bf94496091d2e8b93f90710c9c9b0634fd43ed6791f991388f9c576b2e120f326ce32912dc294b962aea1fefc835b7ea2dbef9
32 225 0 13 39 1 :50d05de2294340a413df0ec4f6a5b8311a2a798571108ef19af4c64dfbce329029c906e308f92b106eedf22ee38683c1bdc7e05ef7e4872f138b0debf92fb54b724f667d43cbc555a1e40fe58aa77ece2f8f236e067c7f69dca91f6f2a3a3558b2dd3593cb8584afb61c6c12c2a65d563bf05e600afb211ea9c4804ee0a6fa1e50acc3c4f443ac6e9bc443139a961122366c286e41111b537b03b6116b11228fd7128aee6b4ab57354019f13b86f166226e734b9ac11509a400747a5f594501520bab100cf163aa0be55d131710b5348e0e2b7389c0ccfba3d6ff9c8c08ac35f4e
32 226 0 13 39 1 :6c889996ea105ee52c6ce5d3f495a295ba311934df285e692bb1080a4b1f35e62817779e745b7544be8bb5adf2ee1c6c190565ba7074fd7e6e76e46f1d1eca7bc6f6c16139a75428e292f3eb2acf0d8ad4e35de1932b01aff9d901ddc088a59a7662c9f6a70535bb35239b8c7b380682caed9bfd36e0ded0ef0d11a6d30d91daf1a86a7d231c74cd6199206177eb3c4782a80b72a9212347c0d12f230d2d5bdd3cc572bae2de78dd63aaec7e12bfb6d42ee58cd6803d6738096ed4d054c5cd6cd3466c5aa86d604046b70f33ee9dfb9073a1f93a43d06fb2daef24c576433026eb77
32 227 0 13 64 1 :40e8b655665cc27b259ecde92c7b69deca9d7a41e61233e8a5c42f39a71fc5faccd00b78a3b7ecd8678bd0c6a019dd0db06ffb351bdc613b0816f66f86f035b43a12d95c763a4fc85bde9c2661a0f73341697c0f01c8e47d5e29d15e946db7fef8fe8b1e20d52fc9fce505c6184b2e5bed4f529ad8508c6ddf2352d2a58ac0ea2e07e8d4672fefdf9f7a01c482193046eb281df2571117ce2a3b0f9cc0a4b8bf0de1449650b812fe5c313d367842101fc848293aaa0b2a25347bd779224b3b4d39c755b6b6edcb65dc1c3575a7ff50928445c10b72209d2a5684fef397e02c870c6a57
32 228 0 13 65 1 :afba5fcee7cd44157c93c46115bd71554b2c84d3e0d223dd3f4fafc619b7ef8757e4da66de49879d7ec1e7bd55ec53bf3127a0b3a6317ec67afcf934ec79f1545c40e1faa2ab7218f3b26ca1a77f37875d79d49f15cd5c88ccf1aa09870f797da413b75578ac822d455c6b6a8563ae7c4b3739b15428a23305b094c78bcc480561b0d1f626dc8a895f667b66faf21d570e4c0f463a8c8c922ec81ba120a56733503224b21460e0b4c420c9397a538e1b1250b2ded8d66cb1dd3db5789bfc4276f223481a606d6c6319c7c1c799033c48212e286f59b84bdbc2ef9da5ae8e13ba0bfa23e6
32 229 0 13 41 1 :1b48905e008d22f8bdd4810571a36af8b6bf7a945c7cab489222b26e4bc0eae9048245e326fde21445f827ed461968fd1095e083ad1f050f36abbad9e8eee37a99e695e66bc82cbe18b161dbdb0131d0933b9f5cb809146da9db8103339987f7a0618911763045de83a0401e53de99d15599eb1a411612f9b151fc3b5c91d928721df524739272931754049eabd442a3e28f053c6e5c48c79561765aeb7d522c0e3c73de6d6d68befc5478a980e7786ae69262fdc91543d5848b76772866bc88ea0cffc93a4a31cd1da8f91f20497b702203fe32ff75d83d13f0831abcd3bf9bfc4a7660d4
32 230 0 13 38 1 :987897cae9283ad7a00423f3051cc0cc58c89d8bd198885ae027e9c82b39596a940e80ce74e5c69069bb7e22fe94114770c5de7e296887a0d9f87267bffa20c91ea2e013e006f1d6dfc793050d387952ddf01b259890ff1ee52b405e9a012297d4a0bc78a1020e374a34ce7631fa0328ed7cc54a5f4740645a72ad233008de6d11e496a626dad46606196d636621aa5bb881ecf8da337d98c75bb25bbee9bb797f4c7719bb2a0efd2be7c3ae4045528cf6f2a871906541100601bc9c8e3104e31933fa6b1259ed5f78ee3d9e2756f68595e5aff408c928acaac25c5ee73be58c643e386f5f34
32 231 0 13 38 1 :901c13af1f6b50d82527161a6b296a7618cd08ae453cab4a46dac6ceae9d3cff1facc94a023c1068cd0b0d103e0a81707ca0dcf9dbf1fbcead3b95d84422d0064385090b1e99e4e957003200629504958e8fed312cc73a12582aa0284ede8cbbf2e6bb6dae30ae6cb3c33b41730dfb647867a48e8b31244aa3b1209da793b9019ab3c058bfa00de58576b0db8e07510a075a0990d5b41f571d359f590d9ae0ab73aa114f2e6efddb2cdfba5fbd2600b5284c6533c28d902f2312000ecb1f2f18459d56003c18fed8ffc19d6012c30ef96927d1002bf711c95b174845e31d62ee2f959d06ec1be9
32 232 0 13 56 1 :eae5893213a613411392cb07c8504dae3df8347c0abceae6008bb70ff4211e8c102112e686b6967193d8dd17511fa1ee043312d1a0f7c37db1fd8cc664a538b3ee3381c96ce9cad6b8aab1d7c6235745ce709830c278ad6a0214e3c40d4ab9654559f31053d7b8430c6aaf954aa0af6204bd5121ae525ac8e426af8e8e26ced7cea49e5b5f8f9fc586eba26f88fc25e3eb136ba85040c72bceccb6a8bb59979d3742694ee208a16c89445feca42d3a3fe373f96bda19ff55985fa0fe289ff9ed40798d2998f4643d3fe095602d3195258ec52073678946b1693108fe74fc52658e79aacbf43b7712
32 233 0 13 40 1 :06b20d00ce416dc06728e2d21fb6c5e6ae1731bb108aaeb9bc5b9a3e69d7e133c3dedf0e509669d12a934c407021341b0b7239c3c91429c05651cf654637e87672bbe2576463b26ae4285cd88cce0fa905cb0f718eaf79268b5f3dd90678f53738a2a59fda2c7ab6abc4a57c96a7f52fac7a99bbb01c592aa394fe2a1a8c71dbbc0674c1823deb9606f1075d550ffb964338cee8250b0762f4684e076b34731a75f9b7e6ad3b10fb83bc82d44881eeba9775700a64cf05316b5e8f0ee4f0d9a7b26107a0a2f332a76c8e3db27c3686a751823f4ceec35c6df9f5e3e5b497432a4f0172fa9a6af1d50b
32 234 0 13 39 1 :6b2c0eeb9a248823424ab2e2f90ab27a975edbe30d84e217b7eb38f9b08fbfb3692285c5ddfa264c3cf8704a3c00a293e2b88139abf853f48fb4f9521cd731f4054ce9edae64849de14f312717d418fde4f9b026194f788aea11c5a163860e7a725d001b0cbc81678ec865beea7290504500c96b87dd75ecc758fade10e1707a973716f9f3e36bff8663e4bd1d9e488a983f1c317450e03802d2d1268b2189f801819adf0f74d0e18e23ef39b510e45e3b2caa3bd3f7a171a32d15ef2711281520755a5838908bf077d70595e59b4d2925b1e6be648353a80b0e294a699bbe5ec4630a7d0b349b34f8ee
32 235 0 13 38 1 :da24e98ac1dc1a1b87f313fbcf27259788aa24574212a87e41b606a592fa9b451df4cbc85829ccf23de993ddc2041093af7b3563abcc4bb4b0c13d1419b47049784010d0e32cc3f4b785223ee4a9a6723714003c7ffd99e24215fd0678fa45f6a0cbe640d1733d439f7561832c4b0db0f9c3ed8485355eb8fe2fbd22fd413952ed9c5975df89cd67a2c296e9b9d2b7c41530e1b35e166a7f105d626f6028b742984376a4a9f02ed6c21474f58291533ec0a816d7de153da90cf92a3efc759705c23192948d9bf6fc0bd8a0a33f9449157856fb261ff391900a061f1a6cd30a6ca499a5f5e52249742d6544
32 236 0 13 38 1 :c90489746a2b061cc3f483bdab24282a511c7b8cbb2da8b87ff035068c7bb152ca9af75bc49f1b1133469a9799d8e656cbbc2e340e17050db5c011cc69494d6220871cc180ae5a554ff23ed3afa1f27cc392be362983687244ebf2f076ae6f82b63bfa4f3ce7ca40beb2e1ef703803031b8b2b2f0ab0f7f44fdc956eca23fe7f931522abc2b329242587d6c763a6c2af404abeb07fc1dcd019bacab3f1f30833e70e655dde1e2ffc8fddcfd384aebe58206836c5887b0e85d2c9a213591b38eb4ac7b20c637150681b36e3bf6e8ce6f9db5a121052a8f764777696a90deffd07c6eebc0645ad453e20996665
32 237 0 13 38 1 :8347056ead245f459ae610ea894aaee5a6c65059b80e3b162740eff49d95600650f7c4791df7ee3a01bd76b79be9c052a78744c57dead49d6dce793272f44d3eddaa731987f98d207a1abba24f452aee1ae9a72b17f7892c28fbefa27c0f1d3ad6e50778b4ad7da8e626d6abca77fa00aa5728a8a5ee4d35a8436aa8dac80c898c001398a6446b247161160bbf0323ce10a3353185a83254e7467df9e5f52433b8841c81fd25cc581c7a4e76168edf811da66aecbd975639407bd153eb88fbe9db90c37b90c038e342559cc3065e24725f5e65afa4d2919dbee6593d3efe0b3e2c6d71b1667aae620fc974598f
32 238 0 13 38 1 :eace83ec6eecd8a569b91a56d1605689ecd0b726d04e671f0567597007915b5d996d349ded3b9251ba8cb45fbceac2a755645288dd6af0c2739bdecbfd6b61a4bdf7e23ca57b87cb8bef4db8a2bf7bfeae1dff94777288ce8dd2b63d9db68bd9cae2f2a9a277e4b9b7fe04bb2567474456432089b980a782234994dae54f438e88aad2031319d6e7bc0a09c1eb4a5fc7828aaca8655b54d7bd191d871b27c3e292c6e75fc5f7521a7b9ef5b893b9e967e38f0c0ba5be62e5ad321b3d2ab1b23c9b76621f061f88b5b358b3a685e3ae4e77697d8ea55057ea0dec40254f8184ead7f341ba74cb1fbf0f2aae9900e8
32 239 0 13 38 1 :c2bd15d1359da4f4fb997f5b6f4a720d8d5f8a5c4b063b534134a637f21ec6d8b74d3acf8b48f438b67d6f279f699c301f8e454b3c59da7cdabc4fd9f0fcae88c24b94c7586477a7e917d3d9799f84db4af2de1cc17c5431d5a90a654c2fdce9314b7460eb9bbbbbd747d7018185f747c219ffd77e06277bfcf422ee966b0876a72c3592b9f021a9a0941872ebf01efd146a287284d009d97acd40d95350c51a3300b2bb785e0d5052a6ef19798600f492608e6f8c06c3407183dd197ce7a56a8df0422522f10a580b2b4d8deb0c6b2755253681c767c1d6edc2233409a5c734c38f9007b1f43d54746e3c54c65f99
32 240 0 13 39 1 :103ee37d42fc5fbbfdc37256bb707d3924a575ee2fd260dcebd5c86dd13571759cae1471a641000f8fd37c364285f6d93ede8a2169c25b2b9e9ef6615c177e1c3294ac8bd38d08b6a16c4fe2901e1ac817265e1eab3f70b0bb21d34c871d8f7c0d4344fbc74a90340c005c3708a71e556f61c4a22f83f5de5d074062a3aad90e84fa7029d6f40dd72f49ff00d3be742fa6c7ba5f91bf85bd25f21fb3ad1f29877b02db410a730b3e1421a7b20e895de12a75dedfa37bc1fe408a37941d328b61024fa4d46db2404c2ad15bfb658e8915f680cf0e580e54c9ba3d7f94ac166d935dd940cefe2d162ef922b485a0fdfea5
32 241 0 13 65 1 :49adc2d9d53568d30f7a66497f458f860b66f03c2e67b87e9fb9132e7556ced9c1d10cd328c62ed58713ed6461b85ca88fb6cf4be8b7572fd7f948c7fe658b937c0da6f143e2817f4fb98b9f022950f52a6ffb20e08381cb69a88f5f6324b643daef801b908ffeca4c3520c8215ab7c4c15517b35f049a317de9049666b0830f7874ac4a4d049acd71bfc0c2c627d0b930f2c7b465f45e041c96a1dc9da0e62af6bc744edee8cb9e41f8a224445f19ef32920a074c6c91b89b12e7a7f83e7b2731cc60c80e98c7200c6f541cf8bfe5c1021f5ff1d7f42513c0b066ae0755ce6fc66d6b23c3bc173f1fa5cad5fae094d676
32 242 0 13 65 1 :9c7a0697807991b3de803f8d2903d09f4fc2ffa517ac7494a1d23048a21b086404d5ebe18d7455750ccd420f9f9540b33b09f48ee8f78ea035c8d20f1dcfefb9b6d600d937e32682ea68326e194551b9e12d75d60edd5b8f806a442a381cf30ab8cb74714369804b086385f0a9c499c003138329e13316838800b59e8ec96576a9686c3690c75191a8aa9f6593d2e1f8e0dee5747d68937907ca762471e17dd870e7fcdbbdab4628297126a82b97affbf24692b338b4ba7e2495b5b83070dfa48d987ce1f119602bd8b55164e54dc4849dfc2f6b1cdfd1f9a550fd529e0a8ccc824512f339eb400bd6951062d7b2fc4ce081
32 243 0 13 41 1 :195f6940e46c4d2c86eca5473dad32b4b79427f7dc23877a15ef516c645df3495f870980c47c211e53e185d1efb9653519fb1daad7041780bcac786b44e29294c8f54a9d81efeac4fc2816b7a27985f48514f84630871a2e767a61d455d447e98be7503d0ac824adb591aec6668ee14151e20a1a105c40effe224a19ce742f59c6a2d5a67d8cea2e08dd4910a8fdb41949d4d4383674dd82911cdb18a8bad4d3a83501abc972164225031306169281f7a3d80dce4472858e7e1e23944372312de609d6a68322afaf0dc3988c4244d5cc8ee31c3a9f22a698543da5c7abf2e176f7deabde6bcc445e770f4893c930d0aa10877b
32 244 0 13 39 1 :e63c9d6e295c9b3bf09b1851197127143002b90387eb453ff52c56b90cac751e81568669ccc3672eeebbf9d4159357bfc1a99e45c7401ca031e37067ec2d0dae46a9dce399dbf4a98c0b73bcf2035d7972f708b0e69381dc54b03b175afa487c303c32b1faaccd3d6991f666c5d35885d7377ff87357e701bd74a909833b83971c6d51ae9b4995c3f7eab5b07f44938f3d9f355ecbbba75602b54c5d21f8a54803a3e57c06f8cffdc35945003a3d6e2914c00efcf98b597fbe1ce890063a52a199a9b8e4e595fa9088493f9a692a86ef42c90e6e39de3bc8e9ce6c2e727be5decbce6c267f71e6619b302973598e7bb1010aa028
32 245 0 13 38 1 :8b60002dabb629cf0db32114328347ba01e899440339b40291d776b7d829db6da56473c5ee15f54dbcf706b07d2156bac0a238b14aa095ab38a51b8712ae313934e4879be0e6b5a2590ff48b06990d4cc145cb0ff803772280453b7a30fb066f91ae32bb3286e3d1bede3ee378a8578e88ff71b68a331ed22ef0fd03c1094cdaa4d85e370c4c1461f0053f432e564ed585781e06948dec04c773321731596244c6fbe078ba85efc032d9ac94f6b2051ab7bf3fcf7205c9cedf6c34cb5acf1a5ae9fd33129cff72ce56ed18ff9a84d83da84db1d2a4c443ba58f087846d08ce614fec96c967e06d16f6895c35298285fc10a4e40765
32 246 0 13 38 1 :7e9d0fedad5a7f1b37d47bdcfd4b414f2bffbd6ae98d033a93c982d3a71fa9cbef356f1b200198014904877481caa936fcf242c9bcdc2ef0ac7880815b79e3d5fc8c0a75a149816e83b0d56bfa04f415b41b847ddafb3e965bcac26cd23478af2ca106b01c8384c1ae00f2a6e2713b9001c6ab392b63ec0209418b434fd8e9e99843d3d7c2f8330198767f29eb4abdd921680a99633914d70f33f5d0af1751c43637a2116c47d5123bfda00a25986c5348cf9a220ad4b1a1d6f76cf501688ce646c1afc27610c0e15e572fe70a228d9cd6862a7721a19c96f71d3b0565bf513ffc1100f43ce6ca0e8843ab9310accd3e57ab8fa747dc
32 247 0 13 39 1 :3d862aeadffaf444b13b3e6c55c3a29357c25ba532f5af0fe6c4b9eae3e22015722ca3f85a164e83f09fecb189e67d62dd734ec7796e120c2d7e13fde82abcf2583c6f87d0886d755c35ee92500f9492014aaffe5dc30c2b0b7b45d4a26111ad6b8cbfe2f00b5a9f867216dd411cc5756f4a680094e8f0a12622d5a94c21fac53bebe95799a3628955fde310188d56728dd3f2a0ea320c74e529aa2339c0be0bd437cfe6586df1933630f4632ff0a8fd4394c6e5b7ccf12a30a50c753c2bcff79fad08a0091924583927a322b49027b91ccc2f5b640c4144f840a97fb4ac792cf11dd8cbdb824c1d8a58fa24e2e61c3f133c6b1a11e5a2
32 248 0 13 38 1 :53046181eae09cd0d638b03f7cd31605055494209429f3b9313f324d6013deb08eb3192c41aa9f57c59c1e68d6504402154532c0a6fc953a8e33161d7696bc6b6c85d8c669a2dc8e381777414ef35c3456d4b59f348c084a60cb54bf7bfec7821bfe7f3741f62e7dd18e3e7c77a3c5cae5048f24667144d777b47791ae29553def8072796a9c136d154d52bdb5eeac7962074ced4131e80e69dcca5a29ba9e938645a788d4b08a895bbf34c2da197ce03de7eee0a3fa5b26f99706ffdf4af95db73c038340fe999e64d4e8d955a135ba76fb7d071e1ee6bf82aa208095057f3a2631819b37af3ba9315b321083bcfd6b0b2b6be6745297ae
32 249 0 13 39 1 :ca8e2d740947165631ce6cfe2d86576c96af44ed1f6be2eabbd4efdff5fbc6258eed5a73fe34d6b04c1faa4eb8d5b2020acf75a7b3d8475c7199d9eef1f4738bf620f296030aa8cdfda15d835703f7a8cd8891d697f71194ea4414c803b7f1fb3000949aa61bcc9d4a8fa801440e33d78d55fbc1066ecf4e430d54bbd065cc6237b2cfac2f405f851f218b4b93fe5639451ca8df21816c6f28a765637ccd79234c51c47bcf8d2e6ae5325526987f70cf0703048d8fe6688a1bac1f02e0bc956f2bd3769c168d39984f147493b2e8c40f677336093cce88b13d5119e2253c688cd49f5354e47c00e1e4775e1b39f69af306105503f03b6d6df1
32 250 0 13 38 1 :8c949c0baadbb60a87a8c1188fe119bbe75187df7d4f97333a9e5db1648c09c452b07a816ab94e4b84a896effc76e6792e9c741aec70cbefa64df2f9cfac3618397979537e34836ee28a0806c4eefa0b505fb9f57fc9543cc6790a9d0e69512d41f75b40b51a60706da1789a3d8d75c5a42a0ff473436ecf181eb739faea4ea87b338939e80071a4de6c8755b072fa525ca5900ede9a4b96c0788ca9d07025e27b70eaeac143f19f8885cb82270429447c2c2ee86ef263b42357f547f8b3379275afebc21b94bc30ac55698da12311fa983b1d8fd8c8ae8aa299d2709797b2599055b865d65db3a0f2856183a10678b7027226232bf1ce973d16
32 251 0 13 38 1 :0dfcc3e84fd3553afe5dd05c92667d9c3ca3bc845bb2caa6ac16e962ade1b74ba39beed9fd14e170eb8e6b1d26cef867d7a867b727f80b1fa811f5d504d146ba0475758a9f256af390ba87b8e0e774f8123bd6d72be5a8b9a442d67b9cfd83ca65076bdd8f7dc6e412068114011d355c5de3c0684595b8d8ee9134272d4fdceb4650ee94f43d6f8b68ffc20a89ae7b16b933d275a02c5909fef03a165dfecb5dcb960e38b644ee0a19e7606a2865d241539e592c9433a1dfe38e584c3b6ef0e65e00fb2a1e729c90d95b677161cc13b3200ac2e1a0db9314175f977dc19dde50376ede8cc2790ab567c4adefd605fdb7e7d2d6f8f6ea3093da36fd
32 252 0 13 63 1 :156aa1db8d90bc15d19bc97b27cbf15ae8aea15211f7908d6b0b9315770c8845253ef7e3a6b3d59bda00959432119dca83d9519c92b4bbcbc9417252f37ececb72e1cdb61bbfdc93189df30d0c09bad2030fdda09d6ff87663c34c866dbd31c9e320083764667d13ac2190ee8ca48b958eda10e02792081319d1946f00341bcb60932aa18dace4f416c83d0e719c295dba678f7b6c3a24c668fc68df43f0d19887237d409ecedf71cab2800f72691ce2e2ae7c6cda02ee4e813e7580f530f953702d51fbb77df468e22ba01abfb10bd792aad4ae38c2659059b3021969e1b0d6875f244041909ff252257402694a69c774581c89bd748b3da1a2bfb6
32 253 0 13 39 1 :ba5da693759f3ff78fabebe0f61ff05aeae77716bd226d40d38247ab5c616a7e1c3ea62962026a00c051d3033404a663ca2af6889af07508c60a8b32d6a9a664f9c6bcf187e1e1a3e7c8345ff43ed815836415c6177b0e982ed67bedd768a41bc669739e66ef5118c02cd1fdb66471ba4cc47ab86a3b094f0b6d840df144b21d2913629129212479c95ecc4fefd5897600e0b2da5924a4b58167a6585e738725845ec99a76b3d9a1801bf4eefc8315a60b0dfc06c24de2e62905037a230aa54256e24e27454fac8d1cdf78a621bc72b5d50c4dd229df91a558cca70c6853b4e711c8b38f0e9f1bca400f3ad71c476c9e9f7cf8c3ab12de3f4acef8295b
32 254 0 13 58 1 :7af39c7d7a5bae9ed5c6b891f8077ec3192383f900c7f6e2928fdec404c168596bd26fdc72eba787399867d7af11b6ae0abbedf1730bbeb9ff8db516548720a600297d4a34433e6cedf1ef0f6cf44fcce6e20cadab40e2e11b14ed4560cdf7e77a2ed8b20f2bcb3ebd7048669a052fb6283db82d9a58c13cc9e04be7a0a0182e256f38490c27e6155f30d43994cabcea6eae8a08ea7460daef70704149763ff77ae6569c43516a443e97138427e6358b4041f9fcb6183eb76c13ecdc8606489f072f3739d175b61658a08c03817c01c131f83425ad3ce8fd9aaedd0abe055586e459e7fada18b6bfd0b9070238b04c2917c17a4fd34bb111f16f79a4e308
32 255 0 13 39 1 :de29b1ed2cef7a059d1b9013fad29a8c1c21f5c15be112df3a4413ec24ee62180c87f9bee76210a355cfb28a652f507e5b08f34539b32798be52e8c6b8637f18ba53b01eaa2580462c5c712f69df9cad1428e7ef39a110f387e91049d97a4fb180f0a0c01c5e771271040f0fa2d3e8dd0068a3bbad3348f96ef6bfe12ccfb55bca72b46fadba48f4ab3092e6ecf56c0412b7bd676841e8e44f3d931860c81048089af975932f02d1e61d34791d7d1fff660ba976d477a053e96836a74e7c1092a271dc2397523a04a32d4e11b665d446d309eb45a3363909e89a95fb42f3a8a337390abf633f15e9b7b9b624d66ff3cc2e6148098ef6661308b52594363dba
32 256 0 13 39 1 :a38484c5c0c43eba3114586e502beb5c3e7efab727b560a01cf097bc27f578136d4b5bdd7c7dc15836ee0ed00d588eb14d5f14a242878f8bba93d6905c54e21c5635a273841a8644f4d74d01065624ab7e92106b0fe0346cf90fe9832008970db675eac01c4b2f4bc12a76650121b6f8ef67386ebd2868859455e65bcb3deafe595c64462fbcf06bf05bb1d307092f216bf0dc177ac2a26a8a2b34fac343c52355b9e4e3835db00287cd633a621f91009826a6810fc7863769be3184c760560faeb992d4ac2ab381e1e70e7e2d8c8572563bf42f482be8273c503cf819da772959eddb054dfb85641747e9c303b00159c5357b029f2a9728b664570c759ba509
# ERROR 32 257 0 13
# ERROR 32 258 0 13
# ERROR 32 259 0 13
# ERROR 32 260 0 13
# ERROR 32 261 0 13
# ERROR 32 262 0 13
# ERROR 32 263 0 13
# ERROR 32 264 0 13
# ERROR 32 265 0 13
# ERROR 32 266 0 13
# ERROR 32 267 0 13
# ERROR 32 268 0 13
# ERROR 32 269 0 13
# ERROR 32 270 0 13
# ERROR 32 271 0 13
# ERROR 32 272 0 13
# ERROR 32 273 0 13
# ERROR 32 274 0 13
# ERROR 32 275 0 13
# ERROR 32 276 0 13
# ERROR 32 277 0 13
# ERROR 32 278 0 13
# ERROR 32 279 0 13
# ERROR 32 280 0 13
# ERROR 32 281 0 13
# ERROR 32 282 0 13
# ERROR 32 283 0 13
# ERROR 32 284 0 13
# ERROR 32 285 0 13
# ERROR 32 286 0 13
# ERROR 32 287 0 13
# ERROR 32 288 0 13
# ERROR 32 289 0 13
# ERROR 32 290 0 13
# ERROR 32 291 0 13
# ERROR 32 292 0 13
# ERROR 32 293 0 13
# ERROR 32 294 0 13
# ERROR 32 295 0 13
# ERROR 32 296 0 13
# ERROR 32 297 0 13
# ERROR 32 298 0 13
# ERROR 32 299 0 13
# ERROR 32 300 0 13
