32 1 0 12 79 1 :86
32 2 0 12 51 1 :8660
32 3 0 12 51 1 :866075
32 4 0 12 79 1 :866075d3
32 5 0 12 51 1 :866075d38e
32 6 0 12 51 1 :866075d38e96
32 7 0 12 51 1 :866075d38e96d6
32 8 0 12 52 1 :866075d38e96d6bd
32 9 0 12 51 1 :866075d38e96d6bde4
32 10 0 12 51 1 :866075d38e96d6bde488
32 11 0 12 51 1 :866075d38e96d6bde48844
32 12 0 12 51 1 :866075d38e96d6bde488442e
32 13 0 12 51 1 :866075d38e96d6bde488442ed1
32 14 0 12 51 1 :866075d38e96d6bde488442ed1b8
32 15 0 12 51 1 :866075d38e96d6bde488442ed1b872
32 16 0 12 51 1 :866075d38e96d6bde488442ed1b8722b
32 17 0 12 51 1 :866075d38e96d6bde488442ed1b8722bb7
32 18 0 12 52 1 :866075d38e96d6bde488442ed1b8722bb708
32 19 0 12 51 1 :866075d38e96d6bde488442ed1b8722bb7085b
32 20 0 12 51 1 :866075d38e96d6bde488442ed1b8722bb7085b14
32 21 0 12 51 1 :866075d38e96d6bde488442ed1b8722bb7085b14b6
32 22 0 12 51 1 :866075d38e96d6bde488442ed1b8722bb7085b14b6c8
32 23 0 12 51 1 :866075d38e96d6bde488442ed1b8722bb7085b14b6c80d
32 24 0 12 51 1 :866075d38e96d6bde488442ed1b8722bb7085b14b6c80da1
32 25 0 12 52 1 :866075d38e96d6bde488442ed1b8722bb7085b14b6c80da1de
32 26 0 12 51 1 :866075d38e96d6bde488442ed1b8722bb7085b14b6c80da1dede
32 27 0 12 51 1 :866075d38e96d6bde488442ed1b8722bb7085b14b6c80da1dede8b
32 28 0 12 51 1 :866075d38e96d6bde488442ed1b8722bb7085b14b6c80da1dede8bd2
32 29 0 12 51 1 :866075d38e96d6bde488442ed1b8722bb7085b14b6c80da1dede8bd289
32 30 0 12 51 1 :866075d38e96d6bde488442ed1b8722bb7085b14b6c80da1dede8bd289a9
32 31 0 12 51 1 :866075d38e96d6bde488442ed1b8722bb7085b14b6c80da1dede8bd289a9d4
32 32 0 12 51 1 :866075d38e96d6bde488442ed1b8722bb7085b14b6c80da1dede8bd289a9d4ac
32 33 0 12 51 1 :866075d38e96d6bde488442ed1b8722bb7085b14b6c80da1dede8bd289a9d4acfa
32 34 0 12 51 1 :866075d38e96d6bde488442ed1b8722bb7085b14b6c80da1dede8bd289a9d4acfae0
32 35 0 12 51 1 :866075d38e96d6bde488442ed1b8722bb7085b14b6c80da1dede8bd289a9d4acfae03b
32 36 0 12 51 1 :866075d38e96d6bde488442ed1b8722bb7085b14b6c80da1dede8bd289a9d4acfae03b4b
32 37 0 12 79 1 :866075d38e96d6bde488442ed1b8722bb7085b14b6c80da1dede8bd289a9d4acfae03b4bdb
32 38 0 12 79 1 :866075d38e96d6bde488442ed1b8722bb7085b14b6c80da1dede8bd289a9d4acfae03b4bdba3
32 39 0 12 51 1 :866075d38e96d6bde488442ed1b8722bb7085b14b6c80da1dede8bd289a9d4acfae03b4bdba37b
32 40 0 12 51 1 :866075d38e96d6bde488442ed1b8722bb7085b14b6c80da1dede8bd289a9d4acfae03b4bdba37bb7
32 41 0 12 51 1 :866075d38e96d6bde488442ed1b8722bb7085b14b6c80da1dede8bd289a9d4acfae03b4bdba37bb784
32 42 0 12 51 1 :866075d38e96d6bde488442ed1b8722bb7085b14b6c80da1dede8bd289a9d4acfae03b4bdba37bb78432
32 43 0 12 51 1 :866075d38e96d6bde488442ed1b8722bb7085b14b6c80da1dede8bd289a9d4acfae03b4bdba37bb784326c
32 44 0 12 51 1 :866075d38e96d6bde488442ed1b8722bb7085b14b6c80da1dede8bd289a9d4acfae03b4bdba37bb784326c06
32 45 0 12 51 1 :866075d38e96d6bde488442ed1b8722bb7085b14b6c80da1dede8bd289a9d4acfae03b4bdba37bb784326c0663
32 46 0 12 51 1 :866075d38e96d6bde488442ed1b8722bb7085b14b6c80da1dede8bd289a9d4acfae03b4bdba37bb784326c06632e
32 47 0 12 51 1 :866075d38e96d6bde488442ed1b8722bb7085b14b6c80da1dede8bd289a9d4acfae03b4bdba37bb784326c06632e40
32 48 0 12 51 1 :866075d38e96d6bde488442ed1b8722bb7085b14b6c80da1dede8bd289a9d4acfae03b4bdba37bb784326c06632e405c
32 49 0 12 51 1 :866075d38e96d6bde488442ed1b8722bb7085b14b6c80da1dede8bd289a9d4acfae03b4bdba37bb784326c06632e405cba
32 50 0 12 51 1 :866075d38e96d6bde488442ed1b8722bb7085b14b6c80da1dede8bd289a9d4acfae03b4bdba37bb784326c06632e405cba9d
32 51 0 12 51 1 :866075d38e96d6bde488442ed1b8722bb7085b14b6c80da1dede8bd289a9d4acfae03b4bdba37bb784326c06632e405cba9dc4
32 52 0 12 74 1 :866075d38e96d6bde488442ed1b8722bb7085b14b6c80da1dede8bd289a9d4acfae03b4bdba37bb784326c06632e405cba9dc4a6
32 53 0 12 51 1 :866075d38e96d6bde488442ed1b8722bb7085b14b6c80da1dede8bd289a9d4acfae03b4bdba37bb784326c06632e405cba9dc4a674
32 54 0 12 51 1 :866075d38e96d6bde488442ed1b8722bb7085b14b6c80da1dede8bd289a9d4acfae03b4bdba37bb784326c06632e405cba9dc4a674de
32 55 0 12 74 1 :866075d38e96d6bde488442ed1b8722bb7085b14b6c80da1dede8bd289a9d4acfae03b4bdba37bb784326c06632e405cba9dc4a674dea1
32 56 0 12 52 1 :866075d38e96d6bde488442ed1b8722bb7085b14b6c80da1dede8bd289a9d4acfae03b4bdba37bb784326c06632e405cba9dc4a674dea168
32 57 0 12 51 1 :866075d38e96d6bde488442ed1b8722bb7085b14b6c80da1dede8bd289a9d4acfae03b4bdba37bb784326c06632e405cba9dc4a674dea1683f
32 58 0 12 76 1 :866075d38e96d6bde488442ed1b8722bb7085b14b6c80da1dede8bd289a9d4acfae03b4bdba37bb784326c06632e405cba9dc4a674dea1683f61
32 59 0 12 52 1 :866075d38e96d6bde488442ed1b8722bb7085b14b6c80da1dede8bd289a9d4acfae03b4bdba37bb784326c06632e405cba9dc4a674dea1683f61de
32 60 0 12 51 1 :866075d38e96d6bde488442ed1b8722bb7085b14b6c80da1dede8bd289a9d4acfae03b4bdba37bb784326c06632e405cba9dc4a674dea1683f61de8e
32 61 0 12 51 1 :866075d38e96d6bde488442ed1b8722bb7085b14b6c80da1dede8bd289a9d4acfae03b4bdba37bb784326c06632e405cba9dc4a674dea1683f61de8e6c
32 62 0 12 79 1 :866075d38e96d6bde488442ed1b8722bb7085b14b6c80da1dede8bd289a9d4acfae03b4bdba37bb784326c06632e405cba9dc4a674dea1683f61de8e6c60
32 63 0 12 63 1 :866075d38e96d6bde488442ed1b8722bb7085b14b6c80da1dede8bd289a9d4acfae03b4bdba37bb784326c06632e405cba9dc4a674dea1683f61de8e6c608e
32 64 0 12 51 1 :866075d38e96d6bde488442ed1b8722bb7085b14b6c80da1dede8bd289a9d4acfae03b4bdba37bb784326c06632e405cba9dc4a674dea1683f61de8e6c608e27
32 65 0 12 51 1 :866075d38e96d6bde488442ed1b8722bb7085b14b6c80da1dede8bd289a9d4acfae03b4bdba37bb784326c06632e405cba9dc4a674dea1683f61de8e6c608e27a4
32 66 0 12 51 1 :866075d38e96d6bde488442ed1b8722bb7085b14b6c80da1dede8bd289a9d4acfae03b4bdba37bb784326c06632e405cba9dc4a674dea1683f61de8e6c608e27a486
32 67 0 12 51 1 :866075d38e96d6bde488442ed1b8722bb7085b14b6c80da1dede8bd289a9d4acfae03b4bdba37bb784326c06632e405cba9dc4a674dea1683f61de8e6c608e27a486db
32 68 0 12 52 1 :866075d38e96d6bde488442ed1b8722bb7085b14b6c80da1dede8bd289a9d4acfae03b4bdba37bb784326c06632e405cba9dc4a674dea1683f61de8e6c608e27a486dbad
32 69 0 12 51 1 :866075d38e96d6bde488442ed1b8722bb7085b14b6c80da1dede8bd289a9d4acfae03b4bdba37bb784326c06632e405cba9dc4a674dea1683f61de8e6c608e27a486dbad8f
32 70 0 12 51 1 :866075d38e96d6bde488442ed1b8722bb7085b14b6c80da1dede8bd289a9d4acfae03b4bdba37bb784326c06632e405cba9dc4a674dea1683f61de8e6c608e27a486dbad8f59
32 71 0 12 52 1 :866075d38e96d6bde488442ed1b8722bb7085b14b6c80da1dede8bd289a9d4acfae03b4bdba37bb784326c06632e405cba9dc4a674dea1683f61de8e6c608e27a486dbad8f59a7
32 72 0 12 51 1 :866075d38e96d6bde488442ed1b8722bb7085b14b6c80da1dede8bd289a9d4acfae03b4bdba37bb784326c06632e405cba9dc4a674dea1683f61de8e6c608e27a486dbad8f59a793
32 73 0 12 74 1 :866075d38e96d6bde488442ed1b8722bb7085b14b6c80da1dede8bd289a9d4acfae03b4bdba37bb784326c06632e405cba9dc4a674dea1683f61de8e6c608e27a486dbad8f59a7932f
32 74 0 12 79 1 :866075d38e96d6bde488442ed1b8722bb7085b14b6c80da1dede8bd289a9d4acfae03b4bdba37bb784326c06632e405cba9dc4a674dea1683f61de8e6c608e27a486dbad8f59a7932f7f
32 75 0 12 51 1 :866075d38e96d6bde488442ed1b8722bb7085b14b6c80da1dede8bd289a9d4acfae03b4bdba37bb784326c06632e405cba9dc4a674dea1683f61de8e6c608e27a486dbad8f59a7932f7fe9
32 76 0 12 51 1 :866075d38e96d6bde488442ed1b8722bb7085b14b6c80da1dede8bd289a9d4acfae03b4bdba37bb784326c06632e405cba9dc4a674dea1683f61de8e6c608e27a486dbad8f59a7932f7fe92e
32 77 0 12 51 1 :866075d38e96d6bde488442ed1b8722bb7085b14b6c80da1dede8bd289a9d4acfae03b4bdba37bb784326c06632e405cba9dc4a674dea1683f61de8e6c608e27a486dbad8f59a7932f7fe92e6e
32 78 0 12 51 1 :866075d38e96d6bde488442ed1b8722bb7085b14b6c80da1dede8bd289a9d4acfae03b4bdba37bb784326c06632e405cba9dc4a674dea1683f61de8e6c608e27a486dbad8f59a7932f7fe92e6e41
32 79 0 12 51 1 :866075d38e96d6bde488442ed1b8722bb7085b14b6c80da1dede8bd289a9d4acfae03b4bdba37bb784326c06632e405cba9dc4a674dea1683f61de8e6c608e27a486dbad8f59a7932f7fe92e6e411b
32 80 0 12 51 1 :866075d38e96d6bde488442ed1b8722bb7085b14b6c80da1dede8bd289a9d4acfae03b4bdba37bb784326c06632e405cba9dc4a674dea1683f61de8e6c608e27a486dbad8f59a7932f7fe92e6e411b35
32 81 0 12 51 1 :866075d38e96d6bde488442ed1b8722bb7085b14b6c80da1dede8bd289a9d4acfae03b4bdba37bb784326c06632e405cba9dc4a674dea1683f61de8e6c608e27a486dbad8f59a7932f7fe92e6e411b359f
32 82 0 12 52 1 :866075d38e96d6bde488442ed1b8722bb7085b14b6c80da1dede8bd289a9d4acfae03b4bdba37bb784326c06632e405cba9dc4a674dea1683f61de8e6c608e27a486dbad8f59a7932f7fe92e6e411b359fab
32 83 0 12 51 1 :866075d38e96d6bde488442ed1b8722bb7085b14b6c80da1dede8bd289a9d4acfae03b4bdba37bb784326c06632e405cba9dc4a674dea1683f61de8e6c608e27a486dbad8f59a7932f7fe92e6e411b359fabf3
32 84 0 12 51 1 :866075d38e96d6bde488442ed1b8722bb7085b14b6c80da1dede8bd289a9d4acfae03b4bdba37bb784326c06632e405cba9dc4a674dea1683f61de8e6c608e27a486dbad8f59a7932f7fe92e6e411b359fabf392
32 85 0 12 51 1 :866075d38e96d6bde488442ed1b8722bb7085b14b6c80da1dede8bd289a9d4acfae03b4bdba37bb784326c06632e405cba9dc4a674dea1683f61de8e6c608e27a486dbad8f59a7932f7fe92e6e411b359fabf39292
32 86 0 12 52 1 :866075d38e96d6bde488442ed1b8722bb7085b14b6c80da1dede8bd289a9d4acfae03b4bdba37bb784326c06632e405cba9dc4a674dea1683f61de8e6c608e27a486dbad8f59a7932f7fe92e6e411b359fabf3929280
32 87 0 12 52 1 :866075d38e96d6bde488442ed1b8722bb7085b14b6c80da1dede8bd289a9d4acfae03b4bdba37bb784326c06632e405cba9dc4a674dea1683f61de8e6c608e27a486dbad8f59a7932f7fe92e6e411b359fabf3929280db
32 88 0 12 51 1 :866075d38e96d6bde488442ed1b8722bb7085b14b6c80da1dede8bd289a9d4acfae03b4bdba37bb784326c06632e405cba9dc4a674dea1683f61de8e6c608e27a486dbad8f59a7932f7fe92e6e411b359fabf3929280dbc6
32 89 0 12 51 1 :866075d38e96d6bde488442ed1b8722bb7085b14b6c80da1dede8bd289a9d4acfae03b4bdba37bb784326c06632e405cba9dc4a674dea1683f61de8e6c608e27a486dbad8f59a7932f7fe92e6e411b359fabf3929280dbc662
32 90 0 12 51 1 :866075d38e96d6bde488442ed1b8722bb7085b14b6c80da1dede8bd289a9d4acfae03b4bdba37bb784326c06632e405cba9dc4a674dea1683f61de8e6c608e27a486dbad8f59a7932f7fe92e6e411b359fabf3929280dbc66227
32 91 0 12 51 1 :866075d38e96d6bde488442ed1b8722bb7085b14b6c80da1dede8bd289a9d4acfae03b4bdba37bb784326c06632e405cba9dc4a674dea1683f61de8e6c608e27a486dbad8f59a7932f7fe92e6e411b359fabf3929280dbc66227d3
32 92 0 12 51 1 :866075d38e96d6bde488442ed1b8722bb7085b14b6c80da1dede8bd289a9d4acfae03b4bdba37bb784326c06632e405cba9dc4a674dea1683f61de8e6c608e27a486dbad8f59a7932f7fe92e6e411b359fabf3929280dbc66227d313
32 93 0 12 51 1 :866075d38e96d6bde488442ed1b8722bb7085b14b6c80da1dede8bd289a9d4acfae03b4bdba37bb784326c06632e405cba9dc4a674dea1683f61de8e6c608e27a486dbad8f59a7932f7fe92e6e411b359fabf3929280dbc66227d31392
32 94 0 12 51 1 :866075d38e96d6bde488442ed1b8722bb7085b14b6c80da1dede8bd289a9d4acfae03b4bdba37bb784326c06632e405cba9dc4a674dea1683f61de8e6c608e27a486dbad8f59a7932f7fe92e6e411b359fabf3929280dbc66227d31392e7
32 95 0 12 51 1 :866075d38e96d6bde488442ed1b8722bb7085b14b6c80da1dede8bd289a9d4acfae03b4bdba37bb784326c06632e405cba9dc4a674dea1683f61de8e6c608e27a486dbad8f59a7932f7fe92e6e411b359fabf3929280dbc66227d31392e7da
32 96 0 12 51 1 :866075d38e96d6bde488442ed1b8722bb7085b14b6c80da1dede8bd289a9d4acfae03b4bdba37bb784326c06632e405cba9dc4a674dea1683f61de8e6c608e27a486dbad8f59a7932f7fe92e6e411b359fabf3929280dbc66227d31392e7daa0
32 97 0 12 51 1 :866075d38e96d6bde488442ed1b8722bb7085b14b6c80da1dede8bd289a9d4acfae03b4bdba37bb784326c06632e405cba9dc4a674dea1683f61de8e6c608e27a486dbad8f59a7932f7fe92e6e411b359fabf3929280dbc66227d31392e7daa0b5
32 98 0 12 52 1 :866075d38e96d6bde488442ed1b8722bb7085b14b6c80da1dede8bd289a9d4acfae03b4bdba37bb784326c06632e405cba9dc4a674dea1683f61de8e6c608e27a486dbad8f59a7932f7fe92e6e411b359fabf3929280dbc66227d31392e7daa0b5d4
32 99 0 12 51 1 :866075d38e96d6bde488442ed1b8722bb7085b14b6c80da1dede8bd289a9d4acfae03b4bdba37bb784326c06632e405cba9dc4a674dea1683f61de8e6c608e27a486dbad8f59a7932f7fe92e6e411b359fabf3929280dbc66227d31392e7daa0b5d420
32 100 0 12 75 1 :866075d38e96d6bde488442ed1b8722bb7085b14b6c80da1dede8bd289a9d4acfae03b4bdba37bb784326c06632e405cba9dc4a674dea1683f61de8e6c608e27a486dbad8f59a7932f7fe92e6e411b359fabf3929280dbc66227d31392e7daa0b5d42092
32 101 0 12 51 1 :866075d38e96d6bde488442ed1b8722bb7085b14b6c80da1dede8bd289a9d4acfae03b4bdba37bb784326c06632e405cba9dc4a674dea1683f61de8e6c608e27a486dbad8f59a7932f7fe92e6e411b359fabf3929280dbc66227d31392e7daa0b5d42092ed
32 102 0 12 51 1 :866075d38e96d6bde488442ed1b8722bb7085b14b6c80da1dede8bd289a9d4acfae03b4bdba37bb784326c06632e405cba9dc4a674dea1683f61de8e6c608e27a486dbad8f59a7932f7fe92e6e411b359fabf3929280dbc66227d31392e7daa0b5d42092ed7e
32 103 0 12 51 1 :866075d38e96d6bde488442ed1b8722bb7085b14b6c80da1dede8bd289a9d4acfae03b4bdba37bb784326c06632e405cba9dc4a674dea1683f61de8e6c608e27a486dbad8f59a7932f7fe92e6e411b359fabf3929280dbc66227d31392e7daa0b5d42092ed7ebf
32 104 0 12 75 1 :866075d38e96d6bde488442ed1b8722bb7085b14b6c80da1dede8bd289a9d4acfae03b4bdba37bb784326c06632e405cba9dc4a674dea1683f61de8e6c608e27a486dbad8f59a7932f7fe92e6e411b359fabf3929280dbc66227d31392e7daa0b5d42092ed7ebf5b
32 105 0 12 51 1 :866075d38e96d6bde488442ed1b8722bb7085b14b6c80da1dede8bd289a9d4acfae03b4bdba37bb784326c06632e405cba9dc4a674dea1683f61de8e6c608e27a486dbad8f59a7932f7fe92e6e411b359fabf3929280dbc66227d31392e7daa0b5d42092ed7ebf5ba2
32 106 0 12 51 1 :866075d38e96d6bde488442ed1b8722bb7085b14b6c80da1dede8bd289a9d4acfae03b4bdba37bb784326c06632e405cba9dc4a674dea1683f61de8e6c608e27a486dbad8f59a7932f7fe92e6e411b359fabf3929280dbc66227d31392e7daa0b5d42092ed7ebf5ba2e8
32 107 0 12 51 1 :866075d38e96d6bde488442ed1b8722bb7085b14b6c80da1dede8bd289a9d4acfae03b4bdba37bb784326c06632e405cba9dc4a674dea1683f61de8e6c608e27a486dbad8f59a7932f7fe92e6e411b359fabf3929280dbc66227d31392e7daa0b5d42092ed7ebf5ba2e82f
32 108 0 12 51 1 :866075d38e96d6bde488442ed1b8722bb7085b14b6c80da1dede8bd289a9d4acfae03b4bdba37bb784326c06632e405cba9dc4a674dea1683f61de8e6c608e27a486dbad8f59a7932f7fe92e6e411b359fabf3929280dbc66227d31392e7daa0b5d42092ed7ebf5ba2e82f68
32 109 0 12 51 1 :866075d38e96d6bde488442ed1b8722bb7085b14b6c80da1dede8bd289a9d4acfae03b4bdba37bb784326c06632e405cba9dc4a674dea1683f61de8e6c608e27a486dbad8f59a7932f7fe92e6e411b359fabf3929280dbc66227d31392e7daa0b5d42092ed7ebf5ba2e82f68fd
32 110 0 12 51 1 :866075d38e96d6bde488442ed1b8722bb7085b14b6c80da1dede8bd289a9d4acfae03b4bdba37bb784326c06632e405cba9dc4a674dea1683f61de8e6c608e27a486dbad8f59a7932f7fe92e6e411b359fabf3929280dbc66227d31392e7daa0b5d42092ed7ebf5ba2e82f68fd09
32 111 0 12 51 1 :866075d38e96d6bde488442ed1b8722bb7085b14b6c80da1dede8bd289a9d4acfae03b4bdba37bb784326c06632e405cba9dc4a674dea1683f61de8e6c608e27a486dbad8f59a7932f7fe92e6e411b359fabf3929280dbc66227d31392e7daa0b5d42092ed7ebf5ba2e82f68fd0952
32 112 0 12 51 1 :866075d38e96d6bde488442ed1b8722bb7085b14b6c80da1dede8bd289a9d4acfae03b4bdba37bb784326c06632e405cba9dc4a674dea1683f61de8e6c608e27a486dbad8f59a7932f7fe92e6e411b359fabf3929280dbc66227d31392e7daa0b5d42092ed7ebf5ba2e82f68fd095228
32 113 0 12 52 1 :866075d38e96d6bde488442ed1b8722bb7085b14b6c80da1dede8bd289a9d4acfae03b4bdba37bb784326c06632e405cba9dc4a674dea1683f61de8e6c608e27a486dbad8f59a7932f7fe92e6e411b359fabf3929280dbc66227d31392e7daa0b5d42092ed7ebf5ba2e82f68fd09522864
32 114 0 12 52 1 :866075d38e96d6bde488442ed1b8722bb7085b14b6c80da1dede8bd289a9d4acfae03b4bdba37bb784326c06632e405cba9dc4a674dea1683f61de8e6c608e27a486dbad8f59a7932f7fe92e6e411b359fabf3929280dbc66227d31392e7daa0b5d42092ed7ebf5ba2e82f68fd09522864e3
32 115 0 12 51 1 :866075d38e96d6bde488442ed1b8722bb7085b14b6c80da1dede8bd289a9d4acfae03b4bdba37bb784326c06632e405cba9dc4a674dea1683f61de8e6c608e27a486dbad8f59a7932f7fe92e6e411b359fabf3929280dbc66227d31392e7daa0b5d42092ed7ebf5ba2e82f68fd09522864e3db
32 116 0 12 51 1 :866075d38e96d6bde488442ed1b8722bb7085b14b6c80da1dede8bd289a9d4acfae03b4bdba37bb784326c06632e405cba9dc4a674dea1683f61de8e6c608e27a486dbad8f59a7932f7fe92e6e411b359fabf3929280dbc66227d31392e7daa0b5d42092ed7ebf5ba2e82f68fd09522864e3dbc4
32 117 0 12 51 1 :866075d38e96d6bde488442ed1b8722bb7085b14b6c80da1dede8bd289a9d4acfae03b4bdba37bb784326c06632e405cba9dc4a674dea1683f61de8e6c608e27a486dbad8f59a7932f7fe92e6e411b359fabf3929280dbc66227d31392e7daa0b5d42092ed7ebf5ba2e82f68fd09522864e3dbc47f
32 118 0 12 52 1 :866075d38e96d6bde488442ed1b8722bb7085b14b6c80da1dede8bd289a9d4acfae03b4bdba37bb784326c06632e405cba9dc4a674dea1683f61de8e6c608e27a486dbad8f59a7932f7fe92e6e411b359fabf3929280dbc66227d31392e7daa0b5d42092ed7ebf5ba2e82f68fd09522864e3dbc47f97
32 119 0 12 52 1 :866075d38e96d6bde488442ed1b8722bb7085b14b6c80da1dede8bd289a9d4acfae03b4bdba37bb784326c06632e405cba9dc4a674dea1683f61de8e6c608e27a486dbad8f59a7932f7fe92e6e411b359fabf3929280dbc66227d31392e7daa0b5d42092ed7ebf5ba2e82f68fd09522864e3dbc47f972f
32 120 0 12 51 1 :866075d38e96d6bde488442ed1b8722bb7085b14b6c80da1dede8bd289a9d4acfae03b4bdba37bb784326c06632e405cba9dc4a674dea1683f61de8e6c608e27a486dbad8f59a7932f7fe92e6e411b359fabf3929280dbc66227d31392e7daa0b5d42092ed7ebf5ba2e82f68fd09522864e3dbc47f972f76
32 121 0 12 51 1 :866075d38e96d6bde488442ed1b8722bb7085b14b6c80da1dede8bd289a9d4acfae03b4bdba37bb784326c06632e405cba9dc4a674dea1683f61de8e6c608e27a486dbad8f59a7932f7fe92e6e411b359fabf3929280dbc66227d31392e7daa0b5d42092ed7ebf5ba2e82f68fd09522864e3dbc47f972f7652
32 122 0 12 51 1 :866075d38e96d6bde488442ed1b8722bb7085b14b6c80da1dede8bd289a9d4acfae03b4bdba37bb784326c06632e405cba9dc4a674dea1683f61de8e6c608e27a486dbad8f59a7932f7fe92e6e411b359fabf3929280dbc66227d31392e7daa0b5d42092ed7ebf5ba2e82f68fd09522864e3dbc47f972f765296
32 123 0 12 51 1 :866075d38e96d6bde488442ed1b8722bb7085b14b6c80da1dede8bd289a9d4acfae03b4bdba37bb784326c06632e405cba9dc4a674dea1683f61de8e6c608e27a486dbad8f59a7932f7fe92e6e411b359fabf3929280dbc66227d31392e7daa0b5d42092ed7ebf5ba2e82f68fd09522864e3dbc47f972f76529685
32 124 0 12 51 1 :866075d38e96d6bde488442ed1b8722bb7085b14b6c80da1dede8bd289a9d4acfae03b4bdba37bb784326c06632e405cba9dc4a674dea1683f61de8e6c608e27a486dbad8f59a7932f7fe92e6e411b359fabf3929280dbc66227d31392e7daa0b5d42092ed7ebf5ba2e82f68fd09522864e3dbc47f972f76529685a1
32 125 0 12 51 1 :866075d38e96d6bde488442ed1b8722bb7085b14b6c80da1dede8bd289a9d4acfae03b4bdba37bb784326c06632e405cba9dc4a674dea1683f61de8e6c608e27a486dbad8f59a7932f7fe92e6e411b359fabf3929280dbc66227d31392e7daa0b5d42092ed7ebf5ba2e82f68fd09522864e3dbc47f972f76529685a17c
32 126 0 12 51 1 :866075d38e96d6bde488442ed1b8722bb7085b14b6c80da1dede8bd289a9d4acfae03b4bdba37bb784326c06632e405cba9dc4a674dea1683f61de8e6c608e27a486dbad8f59a7932f7fe92e6e411b359fabf3929280dbc66227d31392e7daa0b5d42092ed7ebf5ba2e82f68fd09522864e3dbc47f972f76529685a17c7c
32 127 0 12 52 1 :866075d38e96d6bde488442ed1b8722bb7085b14b6c80da1dede8bd289a9d4acfae03b4bdba37bb784326c06632e405cba9dc4a674dea1683f61de8e6c608e27a486dbad8f59a7932f7fe92e6e411b359fabf3929280dbc66227d31392e7daa0b5d42092ed7ebf5ba2e82f68fd09522864e3dbc47f972f76529685a17c7c2b
32 128 0 12 51 1 :866075d38e96d6bde488442ed1b8722bb7085b14b6c80da1dede8bd289a9d4acfae03b4bdba37bb784326c06632e405cba9dc4a674dea1683f61de8e6c608e27a486dbad8f59a7932f7fe92e6e411b359fabf3929280dbc66227d31392e7daa0b5d42092ed7ebf5ba2e82f68fd09522864e3dbc47f972f76529685a17c7c2b3a
32 129 0 12 51 1 :866075d38e96d6bde488442ed1b8722bb7085b14b6c80da1dede8bd289a9d4acfae03b4bdba37bb784326c06632e405cba9dc4a674dea1683f61de8e6c608e27a486dbad8f59a7932f7fe92e6e411b359fabf3929280dbc66227d31392e7daa0b5d42092ed7ebf5ba2e82f68fd09522864e3dbc47f972f76529685a17c7c2b3a31
32 130 0 12 51 1 :866075d38e96d6bde488442ed1b8722bb7085b14b6c80da1dede8bd289a9d4acfae03b4bdba37bb784326c06632e405cba9dc4a674dea1683f61de8e6c608e27a486dbad8f59a7932f7fe92e6e411b359fabf3929280dbc66227d31392e7daa0b5d42092ed7ebf5ba2e82f68fd09522864e3dbc47f972f76529685a17c7c2b3a31d5
32 131 0 12 51 1 :866075d38e96d6bde488442ed1b8722bb7085b14b6c80da1dede8bd289a9d4acfae03b4bdba37bb784326c06632e405cba9dc4a674dea1683f61de8e6c608e27a486dbad8f59a7932f7fe92e6e411b359fabf3929280dbc66227d31392e7daa0b5d42092ed7ebf5ba2e82f68fd09522864e3dbc47f972f76529685a17c7c2b3a31d57f
32 132 0 12 51 1 :866075d38e96d6bde488442ed1b8722bb7085b14b6c80da1dede8bd289a9d4acfae03b4bdba37bb784326c06632e405cba9dc4a674dea1683f61de8e6c608e27a486dbad8f59a7932f7fe92e6e411b359fabf3929280dbc66227d31392e7daa0b5d42092ed7ebf5ba2e82f68fd09522864e3dbc47f972f76529685a17c7c2b3a31d57f5c
32 133 0 12 51 1 :866075d38e96d6bde488442ed1b8722bb7085b14b6c80da1dede8bd289a9d4acfae03b4bdba37bb784326c06632e405cba9dc4a674dea1683f61de8e6c608e27a486dbad8f59a7932f7fe92e6e411b359fabf3929280dbc66227d31392e7daa0b5d42092ed7ebf5ba2e82f68fd09522864e3dbc47f972f76529685a17c7c2b3a31d57f5c12
32 134 0 12 79 1 :866075d38e96d6bde488442ed1b8722bb7085b14b6c80da1dede8bd289a9d4acfae03b4bdba37bb784326c06632e405cba9dc4a674dea1683f61de8e6c608e27a486dbad8f59a7932f7fe92e6e411b359fabf3929280dbc66227d31392e7daa0b5d42092ed7ebf5ba2e82f68fd09522864e3dbc47f972f76529685a17c7c2b3a31d57f5c129b
32 135 0 12 51 1 :866075d38e96d6bde488442ed1b8722bb7085b14b6c80da1dede8bd289a9d4acfae03b4bdba37bb784326c06632e405cba9dc4a674dea1683f61de8e6c608e27a486dbad8f59a7932f7fe92e6e411b359fabf3929280dbc66227d31392e7daa0b5d42092ed7ebf5ba2e82f68fd09522864e3dbc47f972f76529685a17c7c2b3a31d57f5c129bf9
32 136 0 12 74 1 :866075d38e96d6bde488442ed1b8722bb7085b14b6c80da1dede8bd289a9d4acfae03b4bdba37bb784326c06632e405cba9dc4a674dea1683f61de8e6c608e27a486dbad8f59a7932f7fe92e6e411b359fabf3929280dbc66227d31392e7daa0b5d42092ed7ebf5ba2e82f68fd09522864e3dbc47f972f76529685a17c7c2b3a31d57f5c129bf959
32 137 0 12 79 1 :866075d38e96d6bde488442ed1b8722bb7085b14b6c80da1dede8bd289a9d4acfae03b4bdba37bb784326c06632e405cba9dc4a674dea1683f61de8e6c608e27a486dbad8f59a7932f7fe92e6e411b359fabf3929280dbc66227d31392e7daa0b5d42092ed7ebf5ba2e82f68fd09522864e3dbc47f972f76529685a17c7c2b3a31d57f5c129bf9598a
32 138 0 12 51 1 :866075d38e96d6bde488442ed1b8722bb7085b14b6c80da1dede8bd289a9d4acfae03b4bdba37bb784326c06632e405cba9dc4a674dea1683f61de8e6c608e27a486dbad8f59a7932f7fe92e6e411b359fabf3929280dbc66227d31392e7daa0b5d42092ed7ebf5ba2e82f68fd09522864e3dbc47f972f76529685a17c7c2b3a31d57f5c129bf9598a4d
32 139 0 12 52 1 :866075d38e96d6bde488442ed1b8722bb7085b14b6c80da1dede8bd289a9d4acfae03b4bdba37bb784326c06632e405cba9dc4a674dea1683f61de8e6c608e27a486dbad8f59a7932f7fe92e6e411b359fabf3929280dbc66227d31392e7daa0b5d42092ed7ebf5ba2e82f68fd09522864e3dbc47f972f76529685a17c7c2b3a31d57f5c129bf9598a4d30
32 140 0 12 74 1 :866075d38e96d6bde488442ed1b8722bb7085b14b6c80da1dede8bd289a9d4acfae03b4bdba37bb784326c06632e405cba9dc4a674dea1683f61de8e6c608e27a486dbad8f59a7932f7fe92e6e411b359fabf3929280dbc66227d31392e7daa0b5d42092ed7ebf5ba2e82f68fd09522864e3dbc47f972f76529685a17c7c2b3a31d57f5c129bf9598a4d3098
32 141 0 12 51 1 :866075d38e96d6bde488442ed1b8722bb7085b14b6c80da1dede8bd289a9d4acfae03b4bdba37bb784326c06632e405cba9dc4a674dea1683f61de8e6c608e27a486dbad8f59a7932f7fe92e6e411b359fabf3929280dbc66227d31392e7daa0b5d42092ed7ebf5ba2e82f68fd09522864e3dbc47f972f76529685a17c7c2b3a31d57f5c129bf9598a4d30982f
32 142 0 12 79 1 :866075d38e96d6bde488442ed1b8722bb7085b14b6c80da1dede8bd289a9d4acfae03b4bdba37bb784326c06632e405cba9dc4a674dea1683f61de8e6c608e27a486dbad8f59a7932f7fe92e6e411b359fabf3929280dbc66227d31392e7daa0b5d42092ed7ebf5ba2e82f68fd09522864e3dbc47f972f76529685a17c7c2b3a31d57f5c129bf9598a4d30982fa2
32 143 0 12 51 1 :866075d38e96d6bde488442ed1b8722bb7085b14b6c80da1dede8bd289a9d4acfae03b4bdba37bb784326c06632e405cba9dc4a674dea1683f61de8e6c608e27a486dbad8f59a7932f7fe92e6e411b359fabf3929280dbc66227d31392e7daa0b5d42092ed7ebf5ba2e82f68fd09522864e3dbc47f972f76529685a17c7c2b3a31d57f5c129bf9598a4d30982fa2a9
32 144 0 12 51 1 :866075d38e96d6bde488442ed1b8722bb7085b14b6c80da1dede8bd289a9d4acfae03b4bdba37bb784326c06632e405cba9dc4a674dea1683f61de8e6c608e27a486dbad8f59a7932f7fe92e6e411b359fabf3929280dbc66227d31392e7daa0b5d42092ed7ebf5ba2e82f68fd09522864e3dbc47f972f76529685a17c7c2b3a31d57f5c129bf9598a4d30982fa2a9e1
32 145 0 12 79 1 :866075d38e96d6bde488442ed1b8722bb7085b14b6c80da1dede8bd289a9d4acfae03b4bdba37bb784326c06632e405cba9dc4a674dea1683f61de8e6c608e27a486dbad8f59a7932f7fe92e6e411b359fabf3929280dbc66227d31392e7daa0b5d42092ed7ebf5ba2e82f68fd09522864e3dbc47f972f76529685a17c7c2b3a31d57f5c129bf9598a4d30982fa2a9e1e0
32 146 0 12 51 1 :866075d38e96d6bde488442ed1b8722bb7085b14b6c80da1dede8bd289a9d4acfae03b4bdba37bb784326c06632e405cba9dc4a674dea1683f61de8e6c608e27a486dbad8f59a7932f7fe92e6e411b359fabf3929280dbc66227d31392e7daa0b5d42092ed7ebf5ba2e82f68fd09522864e3dbc47f972f76529685a17c7c2b3a31d57f5c129bf9598a4d30982fa2a9e1e0d4
32 147 0 12 51 1 :866075d38e96d6bde488442ed1b8722bb7085b14b6c80da1dede8bd289a9d4acfae03b4bdba37bb784326c06632e405cba9dc4a674dea1683f61de8e6c608e27a486dbad8f59a7932f7fe92e6e411b359fabf3929280dbc66227d31392e7daa0b5d42092ed7ebf5ba2e82f68fd09522864e3dbc47f972f76529685a17c7c2b3a31d57f5c129bf9598a4d30982fa2a9e1e0d494
32 148 0 12 74 1 :866075d38e96d6bde488442ed1b8722bb7085b14b6c80da1dede8bd289a9d4acfae03b4bdba37bb784326c06632e405cba9dc4a674dea1683f61de8e6c608e27a486dbad8f59a7932f7fe92e6e411b359fabf3929280dbc66227d31392e7daa0b5d42092ed7ebf5ba2e82f68fd09522864e3dbc47f972f76529685a17c7c2b3a31d57f5c129bf9598a4d30982fa2a9e1e0d49434
32 149 0 12 51 1 :866075d38e96d6bde488442ed1b8722bb7085b14b6c80da1dede8bd289a9d4acfae03b4bdba37bb784326c06632e405cba9dc4a674dea1683f61de8e6c608e27a486dbad8f59a7932f7fe92e6e411b359fabf3929280dbc66227d31392e7daa0b5d42092ed7ebf5ba2e82f68fd09522864e3dbc47f972f76529685a17c7c2b3a31d57f5c129bf9598a4d30982fa2a9e1e0d49434c6
32 150 0 12 51 1 :866075d38e96d6bde488442ed1b8722bb7085b14b6c80da1dede8bd289a9d4acfae03b4bdba37bb784326c06632e405cba9dc4a674dea1683f61de8e6c608e27a486dbad8f59a7932f7fe92e6e411b359fabf3929280dbc66227d31392e7daa0b5d42092ed7ebf5ba2e82f68fd09522864e3dbc47f972f76529685a17c7c2b3a31d57f5c129bf9598a4d30982fa2a9e1e0d49434c6a9
32 151 0 12 52 1 :866075d38e96d6bde488442ed1b8722bb7085b14b6c80da1dede8bd289a9d4acfae03b4bdba37bb784326c06632e405cba9dc4a674dea1683f61de8e6c608e27a486dbad8f59a7932f7fe92e6e411b359fabf3929280dbc66227d31392e7daa0b5d42092ed7ebf5ba2e82f68fd09522864e3dbc47f972f76529685a17c7c2b3a31d57f5c129bf9598a4d30982fa2a9e1e0d49434c6a90a
32 152 0 12 51 1 :866075d38e96d6bde488442ed1b8722bb7085b14b6c80da1dede8bd289a9d4acfae03b4bdba37bb784326c06632e405cba9dc4a674dea1683f61de8e6c608e27a486dbad8f59a7932f7fe92e6e411b359fabf3929280dbc66227d31392e7daa0b5d42092ed7ebf5ba2e82f68fd09522864e3dbc47f972f76529685a17c7c2b3a31d57f5c129bf9598a4d30982fa2a9e1e0d49434c6a90a4f
32 153 0 12 51 1 :866075d38e96d6bde488442ed1b8722bb7085b14b6c80da1dede8bd289a9d4acfae03b4bdba37bb784326c06632e405cba9dc4a674dea1683f61de8e6c608e27a486dbad8f59a7932f7fe92e6e411b359fabf3929280dbc66227d31392e7daa0b5d42092ed7ebf5ba2e82f68fd09522864e3dbc47f972f76529685a17c7c2b3a31d57f5c129bf9598a4d30982fa2a9e1e0d49434c6a90a4fe8
32 154 0 12 51 1 :866075d38e96d6bde488442ed1b8722bb7085b14b6c80da1dede8bd289a9d4acfae03b4bdba37bb784326c06632e405cba9dc4a674dea1683f61de8e6c608e27a486dbad8f59a7932f7fe92e6e411b359fabf3929280dbc66227d31392e7daa0b5d42092ed7ebf5ba2e82f68fd09522864e3dbc47f972f76529685a17c7c2b3a31d57f5c129bf9598a4d30982fa2a9e1e0d49434c6a90a4fe864
32 155 0 12 51 1 :866075d38e96d6bde488442ed1b8722bb7085b14b6c80da1dede8bd289a9d4acfae03b4bdba37bb784326c06632e405cba9dc4a674dea1683f61de8e6c608e27a486dbad8f59a7932f7fe92e6e411b359fabf3929280dbc66227d31392e7daa0b5d42092ed7ebf5ba2e82f68fd09522864e3dbc47f972f76529685a17c7c2b3a31d57f5c129bf9598a4d30982fa2a9e1e0d49434c6a90a4fe8648e
32 156 0 12 51 1 :866075d38e96d6bde488442ed1b8722bb7085b14b6c80da1dede8bd289a9d4acfae03b4bdba37bb784326c06632e405cba9dc4a674dea1683f61de8e6c608e27a486dbad8f59a7932f7fe92e6e411b359fabf3929280dbc66227d31392e7daa0b5d42092ed7ebf5ba2e82f68fd09522864e3dbc47f972f76529685a17c7c2b3a31d57f5c129bf9598a4d30982fa2a9e1e0d49434c6a90a4fe8648ed3
32 157 0 12 51 1 :866075d38e96d6bde488442ed1b8722bb7085b14b6c80da1dede8bd289a9d4acfae03b4bdba37bb784326c06632e405cba9dc4a674dea1683f61de8e6c608e27a486dbad8f59a7932f7fe92e6e411b359fabf3929280dbc66227d31392e7daa0b5d42092ed7ebf5ba2e82f68fd09522864e3dbc47f972f76529685a17c7c2b3a31d57f5c129bf9598a4d30982fa2a9e1e0d49434c6a90a4fe8648ed3f2
32 158 0 12 80 1 :866075d38e96d6bde488442ed1b8722bb7085b14b6c80da1dede8bd289a9d4acfae03b4bdba37bb784326c06632e405cba9dc4a674dea1683f61de8e6c608e27a486dbad8f59a7932f7fe92e6e411b359fabf3929280dbc66227d31392e7daa0b5d42092ed7ebf5ba2e82f68fd09522864e3dbc47f972f76529685a17c7c2b3a31d57f5c129bf9598a4d30982fa2a9e1e0d49434c6a90a4fe8648ed3f297
32 159 0 12 78 1 :866075d38e96d6bde488442ed1b8722bb7085b14b6c80da1dede8bd289a9d4acfae03b4bdba37bb784326c06632e405cba9dc4a674dea1683f61de8e6c608e27a486dbad8f59a7932f7fe92e6e411b359fabf3929280dbc66227d31392e7daa0b5d42092ed7ebf5ba2e82f68fd09522864e3dbc47f972f76529685a17c7c2b3a31d57f5c129bf9598a4d30982fa2a9e1e0d49434c6a90a4fe8648ed3f29733
32 160 0 12 79 1 :866075d38e96d6bde488442ed1b8722bb7085b14b6c80da1dede8bd289a9d4acfae03b4bdba37bb784326c06632e405cba9dc4a674dea1683f61de8e6c608e27a486dbad8f59a7932f7fe92e6e411b359fabf3929280dbc66227d31392e7daa0b5d42092ed7ebf5ba2e82f68fd09522864e3dbc47f972f76529685a17c7c2b3a31d57f5c129bf9598a4d30982fa2a9e1e0d49434c6a90a4fe8648ed3f29733dd
32 161 0 12 51 1 :866075d38e96d6bde488442ed1b8722bb7085b14b6c80da1dede8bd289a9d4acfae03b4bdba37bb784326c06632e405cba9dc4a674dea1683f61de8e6c608e27a486dbad8f59a7932f7fe92e6e411b359fabf3929280dbc66227d31392e7daa0b5d42092ed7ebf5ba2e82f68fd09522864e3dbc47f972f76529685a17c7c2b3a31d57f5c129bf9598a4d30982fa2a9e1e0d49434c6a90a4fe8648ed3f29733ddb1
32 162 0 12 51 1 :866075d38e96d6bde488442ed1b8722bb7085b14b6c80da1dede8bd289a9d4acfae03b4bdba37bb784326c06632e405cba9dc4a674dea1683f61de8e6c608e27a486dbad8f59a7932f7fe92e6e411b359fabf3929280dbc66227d31392e7daa0b5d42092ed7ebf5ba2e82f68fd09522864e3dbc47f972f76529685a17c7c2b3a31d57f5c129bf9598a4d30982fa2a9e1e0d49434c6a90a4fe8648ed3f29733ddb16e
32 163 0 12 51 1 :866075d38e96d6bde488442ed1b8722bb7085b14b6c80da1dede8bd289a9d4acfae03b4bdba37bb784326c06632e405cba9dc4a674dea1683f61de8e6c608e27a486dbad8f59a7932f7fe92e6e411b359fabf3929280dbc66227d31392e7daa0b5d42092ed7ebf5ba2e82f68fd09522864e3dbc47f972f76529685a17c7c2b3a31d57f5c129bf9598a4d30982fa2a9e1e0d49434c6a90a4fe8648ed3f29733ddb16e8c
32 164 0 12 52 1 :866075d38e96d6bde488442ed1b8722bb7085b14b6c80da1dede8bd289a9d4acfae03b4bdba37bb784326c06632e405cba9dc4a674dea1683f61de8e6c608e27a486dbad8f59a7932f7fe92e6e411b359fabf3929280dbc66227d31392e7daa0b5d42092ed7ebf5ba2e82f68fd09522864e3dbc47f972f76529685a17c7c2b3a31d57f5c129bf9598a4d30982fa2a9e1e0d49434c6a90a4fe8648ed3f29733ddb16e8ca0
32 165 0 12 51 1 :866075d38e96d6bde488442ed1b8722bb7085b14b6c80da1dede8bd289a9d4acfae03b4bdba37bb784326c06632e405cba9dc4a674dea1683f61de8e6c608e27a486dbad8f59a7932f7fe92e6e411b359fabf3929280dbc66227d31392e7daa0b5d42092ed7ebf5ba2e82f68fd09522864e3dbc47f972f76529685a17c7c2b3a31d57f5c129bf9598a4d30982fa2a9e1e0d49434c6a90a4fe8648ed3f29733ddb16e8ca0fd
32 166 0 12 52 1 :866075d38e96d6bde488442ed1b8722bb7085b14b6c80da1dede8bd289a9d4acfae03b4bdba37bb784326c06632e405cba9dc4a674dea1683f61de8e6c608e27a486dbad8f59a7932f7fe92e6e411b359fabf3929280dbc66227d31392e7daa0b5d42092ed7ebf5ba2e82f68fd09522864e3dbc47f972f76529685a17c7c2b3a31d57f5c129bf9598a4d30982fa2a9e1e0d49434c6a90a4fe8648ed3f29733ddb16e8ca0fd51
32 167 0 12 51 1 :866075d38e96d6bde488442ed1b8722bb7085b14b6c80da1dede8bd289a9d4acfae03b4bdba37bb784326c06632e405cba9dc4a674dea1683f61de8e6c608e27a486dbad8f59a7932f7fe92e6e411b359fabf3929280dbc66227d31392e7daa0b5d42092ed7ebf5ba2e82f68fd09522864e3dbc47f972f76529685a17c7c2b3a31d57f5c129bf9598a4d30982fa2a9e1e0d49434c6a90a4fe8648ed3f29733ddb16e8ca0fd51c8
32 168 0 12 51 1 :866075d38e96d6bde488442ed1b8722bb7085b14b6c80da1dede8bd289a9d4acfae03b4bdba37bb784326c06632e405cba9dc4a674dea1683f61de8e6c608e27a486dbad8f59a7932f7fe92e6e411b359fabf3929280dbc66227d31392e7daa0b5d42092ed7ebf5ba2e82f68fd09522864e3dbc47f972f76529685a17c7c2b3a31d57f5c129bf9598a4d30982fa2a9e1e0d49434c6a90a4fe8648ed3f29733ddb16e8ca0fd51c852
32 169 0 12 51 1 :866075d38e96d6bde488442ed1b8722bb7085b14b6c80da1dede8bd289a9d4acfae03b4bdba37bb784326c06632e405cba9dc4a674dea1683f61de8e6c608e27a486dbad8f59a7932f7fe92e6e411b359fabf3929280dbc66227d31392e7daa0b5d42092ed7ebf5ba2e82f68fd09522864e3dbc47f972f76529685a17c7c2b3a31d57f5c129bf9598a4d30982fa2a9e1e0d49434c6a90a4fe8648ed3f29733ddb16e8ca0fd51c85282
32 170 0 12 51 1 :866075d38e96d6bde488442ed1b8722bb7085b14b6c80da1dede8bd289a9d4acfae03b4bdba37bb784326c06632e405cba9dc4a674dea1683f61de8e6c608e27a486dbad8f59a7932f7fe92e6e411b359fabf3929280dbc66227d31392e7daa0b5d42092ed7ebf5ba2e82f68fd09522864e3dbc47f972f76529685a17c7c2b3a31d57f5c129bf9598a4d30982fa2a9e1e0d49434c6a90a4fe8648ed3f29733ddb16e8ca0fd51c85282a6
32 171 0 12 51 1 :866075d38e96d6bde488442ed1b8722bb7085b14b6c80da1dede8bd289a9d4acfae03b4bdba37bb784326c06632e405cba9dc4a674dea1683f61de8e6c608e27a486dbad8f59a7932f7fe92e6e411b359fabf3929280dbc66227d31392e7daa0b5d42092ed7ebf5ba2e82f68fd09522864e3dbc47f972f76529685a17c7c2b3a31d57f5c129bf9598a4d30982fa2a9e1e0d49434c6a90a4fe8648ed3f29733ddb16e8ca0fd51c85282a60e
32 172 0 12 51 1 :866075d38e96d6bde488442ed1b8722bb7085b14b6c80da1dede8bd289a9d4acfae03b4bdba37bb784326c06632e405cba9dc4a674dea1683f61de8e6c608e27a486dbad8f59a7932f7fe92e6e411b359fabf3929280dbc66227d31392e7daa0b5d42092ed7ebf5ba2e82f68fd09522864e3dbc47f972f76529685a17c7c2b3a31d57f5c129bf9598a4d30982fa2a9e1e0d49434c6a90a4fe8648ed3f29733ddb16e8ca0fd51c85282a60e53
32 173 0 12 52 1 :866075d38e96d6bde488442ed1b8722bb7085b14b6c80da1dede8bd289a9d4acfae03b4bdba37bb784326c06632e405cba9dc4a674dea1683f61de8e6c608e27a486dbad8f59a7932f7fe92e6e411b359fabf3929280dbc66227d31392e7daa0b5d42092ed7ebf5ba2e82f68fd09522864e3dbc47f972f76529685a17c7c2b3a31d57f5c129bf9598a4d30982fa2a9e1e0d49434c6a90a4fe8648ed3f29733ddb16e8ca0fd51c85282a60e5387
32 174 0 12 51 1 :866075d38e96d6bde488442ed1b8722bb7085b14b6c80da1dede8bd289a9d4acfae03b4bdba37bb784326c06632e405cba9dc4a674dea1683f61de8e6c608e27a486dbad8f59a7932f7fe92e6e411b359fabf3929280dbc66227d31392e7daa0b5d42092ed7ebf5ba2e82f68fd09522864e3dbc47f972f76529685a17c7c2b3a31d57f5c129bf9598a4d30982fa2a9e1e0d49434c6a90a4fe8648ed3f29733ddb16e8ca0fd51c85282a60e53875e
32 175 0 12 51 1 :866075d38e96d6bde488442ed1b8722bb7085b14b6c80da1dede8bd289a9d4acfae03b4bdba37bb784326c06632e405cba9dc4a674dea1683f61de8e6c608e27a486dbad8f59a7932f7fe92e6e411b359fabf3929280dbc66227d31392e7daa0b5d42092ed7ebf5ba2e82f68fd09522864e3dbc47f972f76529685a17c7c2b3a31d57f5c129bf9598a4d30982fa2a9e1e0d49434c6a90a4fe8648ed3f29733ddb16e8ca0fd51c85282a60e53875eed
32 176 0 12 51 1 :866075d38e96d6bde488442ed1b8722bb7085b14b6c80da1dede8bd289a9d4acfae03b4bdba37bb784326c06632e405cba9dc4a674dea1683f61de8e6c608e27a486dbad8f59a7932f7fe92e6e411b359fabf3929280dbc66227d31392e7daa0b5d42092ed7ebf5ba2e82f68fd09522864e3dbc47f972f76529685a17c7c2b3a31d57f5c129bf9598a4d30982fa2a9e1e0d49434c6a90a4fe8648ed3f29733ddb16e8ca0fd51c85282a60e53875eed15
32 177 0 12 51 1 :866075d38e96d6bde488442ed1b8722bb7085b14b6c80da1dede8bd289a9d4acfae03b4bdba37bb784326c06632e405cba9dc4a674dea1683f61de8e6c608e27a486dbad8f59a7932f7fe92e6e411b359fabf3929280dbc66227d31392e7daa0b5d42092ed7ebf5ba2e82f68fd09522864e3dbc47f972f76529685a17c7c2b3a31d57f5c129bf9598a4d30982fa2a9e1e0d49434c6a90a4fe8648ed3f29733ddb16e8ca0fd51c85282a60e53875eed152f
32 178 0 12 51 1 :866075d38e96d6bde488442ed1b8722bb7085b14b6c80da1dede8bd289a9d4acfae03b4bdba37bb784326c06632e405cba9dc4a674dea1683f61de8e6c608e27a486dbad8f59a7932f7fe92e6e411b359fabf3929280dbc66227d31392e7daa0b5d42092ed7ebf5ba2e82f68fd09522864e3dbc47f972f76529685a17c7c2b3a31d57f5c129bf9598a4d30982fa2a9e1e0d49434c6a90a4fe8648ed3f29733ddb16e8ca0fd51c85282a60e53875eed152f2c
32 179 0 12 51 1 :866075d38e96d6bde488442ed1b8722bb7085b14b6c80da1dede8bd289a9d4acfae03b4bdba37bb784326c06632e405cba9dc4a674dea1683f61de8e6c608e27a486dbad8f59a7932f7fe92e6e411b359fabf3929280dbc66227d31392e7daa0b5d42092ed7ebf5ba2e82f68fd09522864e3dbc47f972f76529685a17c7c2b3a31d57f5c129bf9598a4d30982fa2a9e1e0d49434c6a90a4fe8648ed3f29733ddb16e8ca0fd51c85282a60e53875eed152f2c84
32 180 0 12 51 1 :866075d38e96d6bde488442ed1b8722bb7085b14b6c80da1dede8bd289a9d4acfae03b4bdba37bb784326c06632e405cba9dc4a674dea1683f61de8e6c608e27a486dbad8f59a7932f7fe92e6e411b359fabf3929280dbc66227d31392e7daa0b5d42092ed7ebf5ba2e82f68fd09522864e3dbc47f972f76529685a17c7c2b3a31d57f5c129bf9598a4d30982fa2a9e1e0d49434c6a90a4fe8648ed3f29733ddb16e8ca0fd51c85282a60e53875eed152f2c8405
32 181 0 12 51 1 :866075d38e96d6bde488442ed1b8722bb7085b14b6c80da1dede8bd289a9d4acfae03b4bdba37bb784326c06632e405cba9dc4a674dea1683f61de8e6c608e27a486dbad8f59a7932f7fe92e6e411b359fabf3929280dbc66227d31392e7daa0b5d42092ed7ebf5ba2e82f68fd09522864e3dbc47f972f76529685a17c7c2b3a31d57f5c129bf9598a4d30982fa2a9e1e0d49434c6a90a4fe8648ed3f29733ddb16e8ca0fd51c85282a60e53875eed152f2c840517
32 182 0 12 51 1 :866075d38e96d6bde488442ed1b8722bb7085b14b6c80da1dede8bd289a9d4acfae03b4bdba37bb784326c06632e405cba9dc4a674dea1683f61de8e6c608e27a486dbad8f59a7932f7fe92e6e411b359fabf3929280dbc66227d31392e7daa0b5d42092ed7ebf5ba2e82f68fd09522864e3dbc47f972f76529685a17c7c2b3a31d57f5c129bf9598a4d30982fa2a9e1e0d49434c6a90a4fe8648ed3f29733ddb16e8ca0fd51c85282a60e53875eed152f2c84051769
32 183 0 12 80 1 :866075d38e96d6bde488442ed1b8722bb7085b14b6c80da1dede8bd289a9d4acfae03b4bdba37bb784326c06632e405cba9dc4a674dea1683f61de8e6c608e27a486dbad8f59a7932f7fe92e6e411b359fabf3929280dbc66227d31392e7daa0b5d42092ed7ebf5ba2e82f68fd09522864e3dbc47f972f76529685a17c7c2b3a31d57f5c129bf9598a4d30982fa2a9e1e0d49434c6a90a4fe8648ed3f29733ddb16e8ca0fd51c85282a60e53875eed152f2c840517690f
32 184 0 12 51 1 :866075d38e96d6bde488442ed1b8722bb7085b14b6c80da1dede8bd289a9d4acfae03b4bdba37bb784326c06632e405cba9dc4a674dea1683f61de8e6c608e27a486dbad8f59a7932f7fe92e6e411b359fabf3929280dbc66227d31392e7daa0b5d42092ed7ebf5ba2e82f68fd09522864e3dbc47f972f76529685a17c7c2b3a31d57f5c129bf9598a4d30982fa2a9e1e0d49434c6a90a4fe8648ed3f29733ddb16e8ca0fd51c85282a60e53875eed152f2c840517690f13
32 185 0 12 51 1 :866075d38e96d6bde488442ed1b8722bb7085b14b6c80da1dede8bd289a9d4acfae03b4bdba37bb784326c06632e405cba9dc4a674dea1683f61de8e6c608e27a486dbad8f59a7932f7fe92e6e411b359fabf3929280dbc66227d31392e7daa0b5d42092ed7ebf5ba2e82f68fd09522864e3dbc47f972f76529685a17c7c2b3a31d57f5c129bf9598a4d30982fa2a9e1e0d49434c6a90a4fe8648ed3f29733ddb16e8ca0fd51c85282a60e53875eed152f2c840517690f1344
32 186 0 12 52 1 :866075d38e96d6bde488442ed1b8722bb7085b14b6c80da1dede8bd289a9d4acfae03b4bdba37bb784326c06632e405cba9dc4a674dea1683f61de8e6c608e27a486dbad8f59a7932f7fe92e6e411b359fabf3929280dbc66227d31392e7daa0b5d42092ed7ebf5ba2e82f68fd09522864e3dbc47f972f76529685a17c7c2b3a31d57f5c129bf9598a4d30982fa2a9e1e0d49434c6a90a4fe8648ed3f29733ddb16e8ca0fd51c85282a60e53875eed152f2c840517690f13444c
32 187 0 12 51 1 :866075d38e96d6bde488442ed1b8722bb7085b14b6c80da1dede8bd289a9d4acfae03b4bdba37bb784326c06632e405cba9dc4a674dea1683f61de8e6c608e27a486dbad8f59a7932f7fe92e6e411b359fabf3929280dbc66227d31392e7daa0b5d42092ed7ebf5ba2e82f68fd09522864e3dbc47f972f76529685a17c7c2b3a31d57f5c129bf9598a4d30982fa2a9e1e0d49434c6a90a4fe8648ed3f29733ddb16e8ca0fd51c85282a60e53875eed152f2c840517690f13444c06
32 188 0 12 51 1 :866075d38e96d6bde488442ed1b8722bb7085b14b6c80da1dede8bd289a9d4acfae03b4bdba37bb784326c06632e405cba9dc4a674dea1683f61de8e6c608e27a486dbad8f59a7932f7fe92e6e411b359fabf3929280dbc66227d31392e7daa0b5d42092ed7ebf5ba2e82f68fd09522864e3dbc47f972f76529685a17c7c2b3a31d57f5c129bf9598a4d30982fa2a9e1e0d49434c6a90a4fe8648ed3f29733ddb16e8ca0fd51c85282a60e53875eed152f2c840517690f13444c060b
32 189 0 12 51 1 :866075d38e96d6bde488442ed1b8722bb7085b14b6c80da1dede8bd289a9d4acfae03b4bdba37bb784326c06632e405cba9dc4a674dea1683f61de8e6c608e27a486dbad8f59a7932f7fe92e6e411b359fabf3929280dbc66227d31392e7daa0b5d42092ed7ebf5ba2e82f68fd09522864e3dbc47f972f76529685a17c7c2b3a31d57f5c129bf9598a4d30982fa2a9e1e0d49434c6a90a4fe8648ed3f29733ddb16e8ca0fd51c85282a60e53875eed152f2c840517690f13444c060b1d
32 190 0 12 51 1 :866075d38e96d6bde488442ed1b8722bb7085b14b6c80da1dede8bd289a9d4acfae03b4bdba37bb784326c06632e405cba9dc4a674dea1683f61de8e6c608e27a486dbad8f59a7932f7fe92e6e411b359fabf3929280dbc66227d31392e7daa0b5d42092ed7ebf5ba2e82f68fd09522864e3dbc47f972f76529685a17c7c2b3a31d57f5c129bf9598a4d30982fa2a9e1e0d49434c6a90a4fe8648ed3f29733ddb16e8ca0fd51c85282a60e53875eed152f2c840517690f13444c060b1dd8
32 191 0 12 51 1 :866075d38e96d6bde488442ed1b8722bb7085b14b6c80da1dede8bd289a9d4acfae03b4bdba37bb784326c06632e405cba9dc4a674dea1683f61de8e6c608e27a486dbad8f59a7932f7fe92e6e411b359fabf3929280dbc66227d31392e7daa0b5d42092ed7ebf5ba2e82f68fd09522864e3dbc47f972f76529685a17c7c2b3a31d57f5c129bf9598a4d30982fa2a9e1e0d49434c6a90a4fe8648ed3f29733ddb16e8ca0fd51c85282a60e53875eed152f2c840517690f13444c060b1dd8e1
32 192 0 12 51 1 :866075d38e96d6bde488442ed1b8722bb7085b14b6c80da1dede8bd289a9d4acfae03b4bdba37bb784326c06632e405cba9dc4a674dea1683f61de8e6c608e27a486dbad8f59a7932f7fe92e6e411b359fabf3929280dbc66227d31392e7daa0b5d42092ed7ebf5ba2e82f68fd09522864e3dbc47f972f76529685a17c7c2b3a31d57f5c129bf9598a4d30982fa2a9e1e0d49434c6a90a4fe8648ed3f29733ddb16e8ca0fd51c85282a60e53875eed152f2c840517690f13444c060b1dd8e1ca
32 193 0 12 52 1 :866075d38e96d6bde488442ed1b8722bb7085b14b6c80da1dede8bd289a9d4acfae03b4bdba37bb784326c06632e405cba9dc4a674dea1683f61de8e6c608e27a486dbad8f59a7932f7fe92e6e411b359fabf3929280dbc66227d31392e7daa0b5d42092ed7ebf5ba2e82f68fd09522864e3dbc47f972f76529685a17c7c2b3a31d57f5c129bf9598a4d30982fa2a9e1e0d49434c6a90a4fe8648ed3f29733ddb16e8ca0fd51c85282a60e53875eed152f2c840517690f13444c060b1dd8e1ca17
32 194 0 12 51 1 :866075d38e96d6bde488442ed1b8722bb7085b14b6c80da1dede8bd289a9d4acfae03b4bdba37bb784326c06632e405cba9dc4a674dea1683f61de8e6c608e27a486dbad8f59a7932f7fe92e6e411b359fabf3929280dbc66227d31392e7daa0b5d42092ed7ebf5ba2e82f68fd09522864e3dbc47f972f76529685a17c7c2b3a31d57f5c129bf9598a4d30982fa2a9e1e0d49434c6a90a4fe8648ed3f29733ddb16e8ca0fd51c85282a60e53875eed152f2c840517690f13444c060b1dd8e1ca17ce
32 195 0 12 51 1 :866075d38e96d6bde488442ed1b8722bb7085b14b6c80da1dede8bd289a9d4acfae03b4bdba37bb784326c06632e405cba9dc4a674dea1683f61de8e6c608e27a486dbad8f59a7932f7fe92e6e411b359fabf3929280dbc66227d31392e7daa0b5d42092ed7ebf5ba2e82f68fd09522864e3dbc47f972f76529685a17c7c2b3a31d57f5c129bf9598a4d30982fa2a9e1e0d49434c6a90a4fe8648ed3f29733ddb16e8ca0fd51c85282a60e53875eed152f2c840517690f13444c060b1dd8e1ca17ce35
32 196 0 12 52 1 :866075d38e96d6bde488442ed1b8722bb7085b14b6c80da1dede8bd289a9d4acfae03b4bdba37bb784326c06632e405cba9dc4a674dea1683f61de8e6c608e27a486dbad8f59a7932f7fe92e6e411b359fabf3929280dbc66227d31392e7daa0b5d42092ed7ebf5ba2e82f68fd09522864e3dbc47f972f76529685a17c7c2b3a31d57f5c129bf9598a4d30982fa2a9e1e0d49434c6a90a4fe8648ed3f29733ddb16e8ca0fd51c85282a60e53875eed152f2c840517690f13444c060b1dd8e1ca17ce3541
32 197 0 12 51 1 :866075d38e96d6bde488442ed1b8722bb7085b14b6c80da1dede8bd289a9d4acfae03b4bdba37bb784326c06632e405cba9dc4a674dea1683f61de8e6c608e27a486dbad8f59a7932f7fe92e6e411b359fabf3929280dbc66227d31392e7daa0b5d42092ed7ebf5ba2e82f68fd09522864e3dbc47f972f76529685a17c7c2b3a31d57f5c129bf9598a4d30982fa2a9e1e0d49434c6a90a4fe8648ed3f29733ddb16e8ca0fd51c85282a60e53875eed152f2c840517690f13444c060b1dd8e1ca17ce3541ba
32 198 0 12 51 1 :866075d38e96d6bde488442ed1b8722bb7085b14b6c80da1dede8bd289a9d4acfae03b4bdba37bb784326c06632e405cba9dc4a674dea1683f61de8e6c608e27a486dbad8f59a7932f7fe92e6e411b359fabf3929280dbc66227d31392e7daa0b5d42092ed7ebf5ba2e82f68fd09522864e3dbc47f972f76529685a17c7c2b3a31d57f5c129bf9598a4d30982fa2a9e1e0d49434c6a90a4fe8648ed3f29733ddb16e8ca0fd51c85282a60e53875eed152f2c840517690f13444c060b1dd8e1ca17ce3541ba63
32 199 0 12 52 1 :866075d38e96d6bde488442ed1b8722bb7085b14b6c80da1dede8bd289a9d4acfae03b4bdba37bb784326c06632e405cba9dc4a674dea1683f61de8e6c608e27a486dbad8f59a7932f7fe92e6e411b359fabf3929280dbc66227d31392e7daa0b5d42092ed7ebf5ba2e82f68fd09522864e3dbc47f972f76529685a17c7c2b3a31d57f5c129bf9598a4d30982fa2a9e1e0d49434c6a90a4fe8648ed3f29733ddb16e8ca0fd51c85282a60e53875eed152f2c840517690f13444c060b1dd8e1ca17ce3541ba6397
32 200 0 12 51 1 :866075d38e96d6bde488442ed1b8722bb7085b14b6c80da1dede8bd289a9d4acfae03b4bdba37bb784326c06632e405cba9dc4a674dea1683f61de8e6c608e27a486dbad8f59a7932f7fe92e6e411b359fabf3929280dbc66227d31392e7daa0b5d42092ed7ebf5ba2e82f68fd09522864e3dbc47f972f76529685a17c7c2b3a31d57f5c129bf9598a4d30982fa2a9e1e0d49434c6a90a4fe8648ed3f29733ddb16e8ca0fd51c85282a60e53875eed152f2c840517690f13444c060b1dd8e1ca17ce3541ba6397ee
32 201 0 12 52 1 :866075d38e96d6bde488442ed1b8722bb7085b14b6c80da1dede8bd289a9d4acfae03b4bdba37bb784326c06632e405cba9dc4a674dea1683f61de8e6c608e27a486dbad8f59a7932f7fe92e6e411b359fabf3929280dbc66227d31392e7daa0b5d42092ed7ebf5ba2e82f68fd09522864e3dbc47f972f76529685a17c7c2b3a31d57f5c129bf9598a4d30982fa2a9e1e0d49434c6a90a4fe8648ed3f29733ddb16e8ca0fd51c85282a60e53875eed152f2c840517690f13444c060b1dd8e1ca17ce3541ba6397ee20
32 202 0 12 51 1 :866075d38e96d6bde488442ed1b8722bb7085b14b6c80da1dede8bd289a9d4acfae03b4bdba37bb784326c06632e405cba9dc4a674dea1683f61de8e6c608e27a486dbad8f59a7932f7fe92e6e411b359fabf3929280dbc66227d31392e7daa0b5d42092ed7ebf5ba2e82f68fd09522864e3dbc47f972f76529685a17c7c2b3a31d57f5c129bf9598a4d30982fa2a9e1e0d49434c6a90a4fe8648ed3f29733ddb16e8ca0fd51c85282a60e53875eed152f2c840517690f13444c060b1dd8e1ca17ce3541ba6397ee2070
32 203 0 12 51 1 :866075d38e96d6bde488442ed1b8722bb7085b14b6c80da1dede8bd289a9d4acfae03b4bdba37bb784326c06632e405cba9dc4a674dea1683f61de8e6c608e27a486dbad8f59a7932f7fe92e6e411b359fabf3929280dbc66227d31392e7daa0b5d42092ed7ebf5ba2e82f68fd09522864e3dbc47f972f76529685a17c7c2b3a31d57f5c129bf9598a4d30982fa2a9e1e0d49434c6a90a4fe8648ed3f29733ddb16e8ca0fd51c85282a60e53875eed152f2c840517690f13444c060b1dd8e1ca17ce3541ba6397ee20704b
32 204 0 12 51 1 :866075d38e96d6bde488442ed1b8722bb7085b14b6c80da1dede8bd289a9d4acfae03b4bdba37bb784326c06632e405cba9dc4a674dea1683f61de8e6c608e27a486dbad8f59a7932f7fe92e6e411b359fabf3929280dbc66227d31392e7daa0b5d42092ed7ebf5ba2e82f68fd09522864e3dbc47f972f76529685a17c7c2b3a31d57f5c129bf9598a4d30982fa2a9e1e0d49434c6a90a4fe8648ed3f29733ddb16e8ca0fd51c85282a60e53875eed152f2c840517690f13444c060b1dd8e1ca17ce3541ba6397ee20704b4c
32 205 0 12 51 1 :866075d38e96d6bde488442ed1b8722bb7085b14b6c80da1dede8bd289a9d4acfae03b4bdba37bb784326c06632e405cba9dc4a674dea1683f61de8e6c608e27a486dbad8f59a7932f7fe92e6e411b359fabf3929280dbc66227d31392e7daa0b5d42092ed7ebf5ba2e82f68fd09522864e3dbc47f972f76529685a17c7c2b3a31d57f5c129bf9598a4d30982fa2a9e1e0d49434c6a90a4fe8648ed3f29733ddb16e8ca0fd51c85282a60e53875eed152f2c840517690f13444c060b1dd8e1ca17ce3541ba6397ee20704b4ce6
32 206 0 12 51 1 :866075d38e96d6bde488442ed1b8722bb7085b14b6c80da1dede8bd289a9d4acfae03b4bdba37bb784326c06632e405cba9dc4a674dea1683f61de8e6c608e27a486dbad8f59a7932f7fe92e6e411b359fabf3929280dbc66227d31392e7daa0b5d42092ed7ebf5ba2e82f68fd09522864e3dbc47f972f76529685a17c7c2b3a31d57f5c129bf9598a4d30982fa2a9e1e0d49434c6a90a4fe8648ed3f29733ddb16e8ca0fd51c85282a60e53875eed152f2c840517690f13444c060b1dd8e1ca17ce3541ba6397ee20704b4ce6a1
32 207 0 12 51 1 :866075d38e96d6bde488442ed1b8722bb7085b14b6c80da1dede8bd289a9d4acfae03b4bdba37bb784326c06632e405cba9dc4a674dea1683f61de8e6c608e27a486dbad8f59a7932f7fe92e6e411b359fabf3929280dbc66227d31392e7daa0b5d42092ed7ebf5ba2e82f68fd09522864e3dbc47f972f76529685a17c7c2b3a31d57f5c129bf9598a4d30982fa2a9e1e0d49434c6a90a4fe8648ed3f29733ddb16e8ca0fd51c85282a60e53875eed152f2c840517690f13444c060b1dd8e1ca17ce3541ba6397ee20704b4ce6a157
32 208 0 12 51 1 :866075d38e96d6bde488442ed1b8722bb7085b14b6c80da1dede8bd289a9d4acfae03b4bdba37bb784326c06632e405cba9dc4a674dea1683f61de8e6c608e27a486dbad8f59a7932f7fe92e6e411b359fabf3929280dbc66227d31392e7daa0b5d42092ed7ebf5ba2e82f68fd09522864e3dbc47f972f76529685a17c7c2b3a31d57f5c129bf9598a4d30982fa2a9e1e0d49434c6a90a4fe8648ed3f29733ddb16e8ca0fd51c85282a60e53875eed152f2c840517690f13444c060b1dd8e1ca17ce3541ba6397ee20704b4ce6a157f6
32 209 0 12 51 1 :866075d38e96d6bde488442ed1b8722bb7085b14b6c80da1dede8bd289a9d4acfae03b4bdba37bb784326c06632e405cba9dc4a674dea1683f61de8e6c608e27a486dbad8f59a7932f7fe92e6e411b359fabf3929280dbc66227d31392e7daa0b5d42092ed7ebf5ba2e82f68fd09522864e3dbc47f972f76529685a17c7c2b3a31d57f5c129bf9598a4d30982fa2a9e1e0d49434c6a90a4fe8648ed3f29733ddb16e8ca0fd51c85282a60e53875eed152f2c840517690f13444c060b1dd8e1ca17ce3541ba6397ee20704b4ce6a157f612
32 210 0 12 51 1 :866075d38e96d6bde488442ed1b8722bb7085b14b6c80da1dede8bd289a9d4acfae03b4bdba37bb784326c06632e405cba9dc4a674dea1683f61de8e6c608e27a486dbad8f59a7932f7fe92e6e411b359fabf3929280dbc66227d31392e7daa0b5d42092ed7ebf5ba2e82f68fd09522864e3dbc47f972f76529685a17c7c2b3a31d57f5c129bf9598a4d30982fa2a9e1e0d49434c6a90a4fe8648ed3f29733ddb16e8ca0fd51c85282a60e53875eed152f2c840517690f13444c060b1dd8e1ca17ce3541ba6397ee20704b4ce6a157f612dd
32 211 0 12 51 1 :866075d38e96d6bde488442ed1b8722bb7085b14b6c80da1dede8bd289a9d4acfae03b4bdba37bb784326c06632e405cba9dc4a674dea1683f61de8e6c608e27a486dbad8f59a7932f7fe92e6e411b359fabf3929280dbc66227d31392e7daa0b5d42092ed7ebf5ba2e82f68fd09522864e3dbc47f972f76529685a17c7c2b3a31d57f5c129bf9598a4d30982fa2a9e1e0d49434c6a90a4fe8648ed3f29733ddb16e8ca0fd51c85282a60e53875eed152f2c840517690f13444c060b1dd8e1ca17ce3541ba6397ee20704b4ce6a157f612ddb8
32 212 0 12 52 1 :866075d38e96d6bde488442ed1b8722bb7085b14b6c80da1dede8bd289a9d4acfae03b4bdba37bb784326c06632e405cba9dc4a674dea1683f61de8e6c608e27a486dbad8f59a7932f7fe92e6e411b359fabf3929280dbc66227d31392e7daa0b5d42092ed7ebf5ba2e82f68fd09522864e3dbc47f972f76529685a17c7c2b3a31d57f5c129bf9598a4d30982fa2a9e1e0d49434c6a90a4fe8648ed3f29733ddb16e8ca0fd51c85282a60e53875eed152f2c840517690f13444c060b1dd8e1ca17ce3541ba6397ee20704b4ce6a157f612ddb8a0
32 213 0 12 51 1 :866075d38e96d6bde488442ed1b8722bb7085b14b6c80da1dede8bd289a9d4acfae03b4bdba37bb784326c06632e405cba9dc4a674dea1683f61de8e6c608e27a486dbad8f59a7932f7fe92e6e411b359fabf3929280dbc66227d31392e7daa0b5d42092ed7ebf5ba2e82f68fd09522864e3dbc47f972f76529685a17c7c2b3a31d57f5c129bf9598a4d30982fa2a9e1e0d49434c6a90a4fe8648ed3f29733ddb16e8ca0fd51c85282a60e53875eed152f2c840517690f13444c060b1dd8e1ca17ce3541ba6397ee20704b4ce6a157f612ddb8a066
32 214 0 12 52 1 :866075d38e96d6bde488442ed1b8722bb7085b14b6c80da1dede8bd289a9d4acfae03b4bdba37bb784326c06632e405cba9dc4a674dea1683f61de8e6c608e27a486dbad8f59a7932f7fe92e6e411b359fabf3929280dbc66227d31392e7daa0b5d42092ed7ebf5ba2e82f68fd09522864e3dbc47f972f76529685a17c7c2b3a31d57f5c129bf9598a4d30982fa2a9e1e0d49434c6a90a4fe8648ed3f29733ddb16e8ca0fd51c85282a60e53875eed152f2c840517690f13444c060b1dd8e1ca17ce3541ba6397ee20704b4ce6a157f612ddb8a06605
32 215 0 12 51 1 :866075d38e96d6bde488442ed1b8722bb7085b14b6c80da1dede8bd289a9d4acfae03b4bdba37bb784326c06632e405cba9dc4a674dea1683f61de8e6c608e27a486dbad8f59a7932f7fe92e6e411b359fabf3929280dbc66227d31392e7daa0b5d42092ed7ebf5ba2e82f68fd09522864e3dbc47f972f76529685a17c7c2b3a31d57f5c129bf9598a4d30982fa2a9e1e0d49434c6a90a4fe8648ed3f29733ddb16e8ca0fd51c85282a60e53875eed152f2c840517690f13444c060b1dd8e1ca17ce3541ba6397ee20704b4ce6a157f612ddb8a066055c
32 216 0 12 51 1 :866075d38e96d6bde488442ed1b8722bb7085b14b6c80da1dede8bd289a9d4acfae03b4bdba37bb784326c06632e405cba9dc4a674dea1683f61de8e6c608e27a486dbad8f59a7932f7fe92e6e411b359fabf3929280dbc66227d31392e7daa0b5d42092ed7ebf5ba2e82f68fd09522864e3dbc47f972f76529685a17c7c2b3a31d57f5c129bf9598a4d30982fa2a9e1e0d49434c6a90a4fe8648ed3f29733ddb16e8ca0fd51c85282a60e53875eed152f2c840517690f13444c060b1dd8e1ca17ce3541ba6397ee20704b4ce6a157f612ddb8a066055c93
32 217 0 12 51 1 :866075d38e96d6bde488442ed1b8722bb7085b14b6c80da1dede8bd289a9d4acfae03b4bdba37bb784326c06632e405cba9dc4a674dea1683f61de8e6c608e27a486dbad8f59a7932f7fe92e6e411b359fabf3929280dbc66227d31392e7daa0b5d42092ed7ebf5ba2e82f68fd09522864e3dbc47f972f76529685a17c7c2b3a31d57f5c129bf9598a4d30982fa2a9e1e0d49434c6a90a4fe8648ed3f29733ddb16e8ca0fd51c85282a60e53875eed152f2c840517690f13444c060b1dd8e1ca17ce3541ba6397ee20704b4ce6a157f612ddb8a066055c934e
32 218 0 12 51 1 :866075d38e96d6bde488442ed1b8722bb7085b14b6c80da1dede8bd289a9d4acfae03b4bdba37bb784326c06632e405cba9dc4a674dea1683f61de8e6c608e27a486dbad8f59a7932f7fe92e6e411b359fabf3929280dbc66227d31392e7daa0b5d42092ed7ebf5ba2e82f68fd09522864e3dbc47f972f76529685a17c7c2b3a31d57f5c129bf9598a4d30982fa2a9e1e0d49434c6a90a4fe8648ed3f29733ddb16e8ca0fd51c85282a60e53875eed152f2c840517690f13444c060b1dd8e1ca17ce3541ba6397ee20704b4ce6a157f612ddb8a066055c934e9d
32 219 0 12 51 1 :866075d38e96d6bde488442ed1b8722bb7085b14b6c80da1dede8bd289a9d4acfae03b4bdba37bb784326c06632e405cba9dc4a674dea1683f61de8e6c608e27a486dbad8f59a7932f7fe92e6e411b359fabf3929280dbc66227d31392e7daa0b5d42092ed7ebf5ba2e82f68fd09522864e3dbc47f972f76529685a17c7c2b3a31d57f5c129bf9598a4d30982fa2a9e1e0d49434c6a90a4fe8648ed3f29733ddb16e8ca0fd51c85282a60e53875eed152f2c840517690f13444c060b1dd8e1ca17ce3541ba6397ee20704b4ce6a157f612ddb8a066055c934e9da2
32 220 0 12 51 1 :866075d38e96d6bde488442ed1b8722bb7085b14b6c80da1dede8bd289a9d4acfae03b4bdba37bb784326c06632e405cba9dc4a674dea1683f61de8e6c608e27a486dbad8f59a7932f7fe92e6e411b359fabf3929280dbc66227d31392e7daa0b5d42092ed7ebf5ba2e82f68fd09522864e3dbc47f972f76529685a17c7c2b3a31d57f5c129bf9598a4d30982fa2a9e1e0d49434c6a90a4fe8648ed3f29733ddb16e8ca0fd51c85282a60e53875eed152f2c840517690f13444c060b1dd8e1ca17ce3541ba6397ee20704b4ce6a157f612ddb8a066055c934e9da22f
32 221 0 12 51 1 :866075d38e96d6bde488442ed1b8722bb7085b14b6c80da1dede8bd289a9d4acfae03b4bdba37bb784326c06632e405cba9dc4a674dea1683f61de8e6c608e27a486dbad8f59a7932f7fe92e6e411b359fabf3929280dbc66227d31392e7daa0b5d42092ed7ebf5ba2e82f68fd09522864e3dbc47f972f76529685a17c7c2b3a31d57f5c129bf9598a4d30982fa2a9e1e0d49434c6a90a4fe8648ed3f29733ddb16e8ca0fd51c85282a60e53875eed152f2c840517690f13444c060b1dd8e1ca17ce3541ba6397ee20704b4ce6a157f612ddb8a066055c934e9da22f39
32 222 0 12 51 1 :866075d38e96d6bde488442ed1b8722bb7085b14b6c80da1dede8bd289a9d4acfae03b4bdba37bb784326c06632e405cba9dc4a674dea1683f61de8e6c608e27a486dbad8f59a7932f7fe92e6e411b359fabf3929280dbc66227d31392e7daa0b5d42092ed7ebf5ba2e82f68fd09522864e3dbc47f972f76529685a17c7c2b3a31d57f5c129bf9598a4d30982fa2a9e1e0d49434c6a90a4fe8648ed3f29733ddb16e8ca0fd51c85282a60e53875eed152f2c840517690f13444c060b1dd8e1ca17ce3541ba6397ee20704b4ce6a157f612ddb8a066055c934e9da22f39b6
32 223 0 12 51 1 :866075d38e96d6bde488442ed1b8722bb7085b14b6c80da1dede8bd289a9d4acfae03b4bdba37bb784326c06632e405cba9dc4a674dea1683f61de8e6c608e27a486dbad8f59a7932f7fe92e6e411b359fabf3929280dbc66227d31392e7daa0b5d42092ed7ebf5ba2e82f68fd09522864e3dbc47f972f76529685a17c7c2b3a31d57f5c129bf9598a4d30982fa2a9e1e0d49434c6a90a4fe8648ed3f29733ddb16e8ca0fd51c85282a60e53875eed152f2c840517690f13444c060b1dd8e1ca17ce3541ba6397ee20704b4ce6a157f612ddb8a066055c934e9da22f39b669
32 224 0 12 51 1 :866075d38e96d6bde488442ed1b8722bb7085b14b6c80da1dede8bd289a9d4acfae03b4bdba37bb784326c06632e405cba9dc4a674dea1683f61de8e6c608e27a486dbad8f59a7932f7fe92e6e411b359fabf3929280dbc66227d31392e7daa0b5d42092ed7ebf5ba2e82f68fd09522864e3dbc47f972f76529685a17c7c2b3a31d57f5c129bf9598a4d30982fa2a9e1e0d49434c6a90a4fe8648ed3f29733ddb16e8ca0fd51c85282a60e53875eed152f2c840517690f13444c060b1dd8e1ca17ce3541ba6397ee20704b4ce6a157f612ddb8a066055c934e9da22f39b66973
32 225 0 12 52 1 :866075d38e96d6bde488442ed1b8722bb7085b14b6c80da1dede8bd289a9d4acfae03b4bdba37bb784326c06632e405cba9dc4a674dea1683f61de8e6c608e27a486dbad8f59a7932f7fe92e6e411b359fabf3929280dbc66227d31392e7daa0b5d42092ed7ebf5ba2e82f68fd09522864e3dbc47f972f76529685a17c7c2b3a31d57f5c129bf9598a4d30982fa2a9e1e0d49434c6a90a4fe8648ed3f29733ddb16e8ca0fd51c85282a60e53875eed152f2c840517690f13444c060b1dd8e1ca17ce3541ba6397ee20704b4ce6a157f612ddb8a066055c934e9da22f39b66973b7
32 226 0 12 51 1 :866075d38e96d6bde488442ed1b8722bb7085b14b6c80da1dede8bd289a9d4acfae03b4bdba37bb784326c06632e405cba9dc4a674dea1683f61de8e6c608e27a486dbad8f59a7932f7fe92e6e411b359fabf3929280dbc66227d31392e7daa0b5d42092ed7ebf5ba2e82f68fd09522864e3dbc47f972f76529685a17c7c2b3a31d57f5c129bf9598a4d30982fa2a9e1e0d49434c6a90a4fe8648ed3f29733ddb16e8ca0fd51c85282a60e53875eed152f2c840517690f13444c060b1dd8e1ca17ce3541ba6397ee20704b4ce6a157f612ddb8a066055c934e9da22f39b66973b754
32 227 0 12 74 1 :866075d38e96d6bde488442ed1b8722bb7085b14b6c80da1dede8bd289a9d4acfae03b4bdba37bb784326c06632e405cba9dc4a674dea1683f61de8e6c608e27a486dbad8f59a7932f7fe92e6e411b359fabf3929280dbc66227d31392e7daa0b5d42092ed7ebf5ba2e82f68fd09522864e3dbc47f972f76529685a17c7c2b3a31d57f5c129bf9598a4d30982fa2a9e1e0d49434c6a90a4fe8648ed3f29733ddb16e8ca0fd51c85282a60e53875eed152f2c840517690f13444c060b1dd8e1ca17ce3541ba6397ee20704b4ce6a157f612ddb8a066055c934e9da22f39b66973b754ad
32 228 0 12 51 1 :866075d38e96d6bde488442ed1b8722bb7085b14b6c80da1dede8bd289a9d4acfae03b4bdba37bb784326c06632e405cba9dc4a674dea1683f61de8e6c608e27a486dbad8f59a7932f7fe92e6e411b359fabf3929280dbc66227d31392e7daa0b5d42092ed7ebf5ba2e82f68fd09522864e3dbc47f972f76529685a17c7c2b3a31d57f5c129bf9598a4d30982fa2a9e1e0d49434c6a90a4fe8648ed3f29733ddb16e8ca0fd51c85282a60e53875eed152f2c840517690f13444c060b1dd8e1ca17ce3541ba6397ee20704b4ce6a157f612ddb8a066055c934e9da22f39b66973b754ad88
32 229 0 12 51 1 :866075d38e96d6bde488442ed1b8722bb7085b14b6c80da1dede8bd289a9d4acfae03b4bdba37bb784326c06632e405cba9dc4a674dea1683f61de8e6c608e27a486dbad8f59a7932f7fe92e6e411b359fabf3929280dbc66227d31392e7daa0b5d42092ed7ebf5ba2e82f68fd09522864e3dbc47f972f76529685a17c7c2b3a31d57f5c129bf9598a4d30982fa2a9e1e0d49434c6a90a4fe8648ed3f29733ddb16e8ca0fd51c85282a60e53875eed152f2c840517690f13444c060b1dd8e1ca17ce3541ba6397ee20704b4ce6a157f612ddb8a066055c934e9da22f39b66973b754ad88f6
32 230 0 12 51 1 :866075d38e96d6bde488442ed1b8722bb7085b14b6c80da1dede8bd289a9d4acfae03b4bdba37bb784326c06632e405cba9dc4a674dea1683f61de8e6c608e27a486dbad8f59a7932f7fe92e6e411b359fabf3929280dbc66227d31392e7daa0b5d42092ed7ebf5ba2e82f68fd09522864e3dbc47f972f76529685a17c7c2b3a31d57f5c129bf9598a4d30982fa2a9e1e0d49434c6a90a4fe8648ed3f29733ddb16e8ca0fd51c85282a60e53875eed152f2c840517690f13444c060b1dd8e1ca17ce3541ba6397ee20704b4ce6a157f612ddb8a066055c934e9da22f39b66973b754ad88f601
32 231 0 12 51 1 :866075d38e96d6bde488442ed1b8722bb7085b14b6c80da1dede8bd289a9d4acfae03b4bdba37bb784326c06632e405cba9dc4a674dea1683f61de8e6c608e27a486dbad8f59a7932f7fe92e6e411b359fabf3929280dbc66227d31392e7daa0b5d42092ed7ebf5ba2e82f68fd09522864e3dbc47f972f76529685a17c7c2b3a31d57f5c129bf9598a4d30982fa2a9e1e0d49434c6a90a4fe8648ed3f29733ddb16e8ca0fd51c85282a60e53875eed152f2c840517690f13444c060b1dd8e1ca17ce3541ba6397ee20704b4ce6a157f612ddb8a066055c934e9da22f39b66973b754ad88f6019f
32 232 0 12 51 1 :866075d38e96d6bde488442ed1b8722bb7085b14b6c80da1dede8bd289a9d4acfae03b4bdba37bb784326c06632e405cba9dc4a674dea1683f61de8e6c608e27a486dbad8f59a7932f7fe92e6e411b359fabf3929280dbc66227d31392e7daa0b5d42092ed7ebf5ba2e82f68fd09522864e3dbc47f972f76529685a17c7c2b3a31d57f5c129bf9598a4d30982fa2a9e1e0d49434c6a90a4fe8648ed3f29733ddb16e8ca0fd51c85282a60e53875eed152f2c840517690f13444c060b1dd8e1ca17ce3541ba6397ee20704b4ce6a157f612ddb8a066055c934e9da22f39b66973b754ad88f6019feb
32 233 0 12 51 1 :866075d38e96d6bde488442ed1b8722bb7085b14b6c80da1dede8bd289a9d4acfae03b4bdba37bb784326c06632e405cba9dc4a674dea1683f61de8e6c608e27a486dbad8f59a7932f7fe92e6e411b359fabf3929280dbc66227d31392e7daa0b5d42092ed7ebf5ba2e82f68fd09522864e3dbc47f972f76529685a17c7c2b3a31d57f5c129bf9598a4d30982fa2a9e1e0d49434c6a90a4fe8648ed3f29733ddb16e8ca0fd51c85282a60e53875eed152f2c840517690f13444c060b1dd8e1ca17ce3541ba6397ee20704b4ce6a157f612ddb8a066055c934e9da22f39b66973b754ad88f6019feb39
32 234 0 12 51 1 :866075d38e96d6bde488442ed1b8722bb7085b14b6c80da1dede8bd289a9d4acfae03b4bdba37bb784326c06632e405cba9dc4a674dea1683f61de8e6c608e27a486dbad8f59a7932f7fe92e6e411b359fabf3929280dbc66227d31392e7daa0b5d42092ed7ebf5ba2e82f68fd09522864e3dbc47f972f76529685a17c7c2b3a31d57f5c129bf9598a4d30982fa2a9e1e0d49434c6a90a4fe8648ed3f29733ddb16e8ca0fd51c85282a60e53875eed152f2c840517690f13444c060b1dd8e1ca17ce3541ba6397ee20704b4ce6a157f612ddb8a066055c934e9da22f39b66973b754ad88f6019feb3939
32 235 0 12 74 1 :866075d38e96d6bde488442ed1b8722bb7085b14b6c80da1dede8bd289a9d4acfae03b4bdba37bb784326c06632e405cba9dc4a674dea1683f61de8e6c608e27a486dbad8f59a7932f7fe92e6e411b359fabf3929280dbc66227d31392e7daa0b5d42092ed7ebf5ba2e82f68fd09522864e3dbc47f972f76529685a17c7c2b3a31d57f5c129bf9598a4d30982fa2a9e1e0d49434c6a90a4fe8648ed3f29733ddb16e8ca0fd51c85282a60e53875eed152f2c840517690f13444c060b1dd8e1ca17ce3541ba6397ee20704b4ce6a157f612ddb8a066055c934e9da22f39b66973b754ad88f6019feb393974
32 236 0 12 51 1 :866075d38e96d6bde488442ed1b8722bb7085b14b6c80da1dede8bd289a9d4acfae03b4bdba37bb784326c06632e405cba9dc4a674dea1683f61de8e6c608e27a486dbad8f59a7932f7fe92e6e411b359fabf3929280dbc66227d31392e7daa0b5d42092ed7ebf5ba2e82f68fd09522864e3dbc47f972f76529685a17c7c2b3a31d57f5c129bf9598a4d30982fa2a9e1e0d49434c6a90a4fe8648ed3f29733ddb16e8ca0fd51c85282a60e53875eed152f2c840517690f13444c060b1dd8e1ca17ce3541ba6397ee20704b4ce6a157f612ddb8a066055c934e9da22f39b66973b754ad88f6019feb393974b2
32 237 0 12 51 1 :866075d38e96d6bde488442ed1b8722bb7085b14b6c80da1dede8bd289a9d4acfae03b4bdba37bb784326c06632e405cba9dc4a674dea1683f61de8e6c608e27a486dbad8f59a7932f7fe92e6e411b359fabf3929280dbc66227d31392e7daa0b5d42092ed7ebf5ba2e82f68fd09522864e3dbc47f972f76529685a17c7c2b3a31d57f5c129bf9598a4d30982fa2a9e1e0d49434c6a90a4fe8648ed3f29733ddb16e8ca0fd51c85282a60e53875eed152f2c840517690f13444c060b1dd8e1ca17ce3541ba6397ee20704b4ce6a157f612ddb8a066055c934e9da22f39b66973b754ad88f6019feb393974b2d1
32 238 0 12 51 1 :866075d38e96d6bde488442ed1b8722bb7085b14b6c80da1dede8bd289a9d4acfae03b4bdba37bb784326c06632e405cba9dc4a674dea1683f61de8e6c608e27a486dbad8f59a7932f7fe92e6e411b359fabf3929280dbc66227d31392e7daa0b5d42092ed7ebf5ba2e82f68fd09522864e3dbc47f972f76529685a17c7c2b3a31d57f5c129bf9598a4d30982fa2a9e1e0d49434c6a90a4fe8648ed3f29733ddb16e8ca0fd51c85282a60e53875eed152f2c840517690f13444c060b1dd8e1ca17ce3541ba6397ee20704b4ce6a157f612ddb8a066055c934e9da22f39b66973b754ad88f6019feb393974b2d1d2
32 239 0 12 51 1 :866075d38e96d6bde488442ed1b8722bb7085b14b6c80da1dede8bd289a9d4acfae03b4bdba37bb784326c06632e405cba9dc4a674dea1683f61de8e6c608e27a486dbad8f59a7932f7fe92e6e411b359fabf3929280dbc66227d31392e7daa0b5d42092ed7ebf5ba2e82f68fd09522864e3dbc47f972f76529685a17c7c2b3a31d57f5c129bf9598a4d30982fa2a9e1e0d49434c6a90a4fe8648ed3f29733ddb16e8ca0fd51c85282a60e53875eed152f2c840517690f13444c060b1dd8e1ca17ce3541ba6397ee20704b4ce6a157f612ddb8a066055c934e9da22f39b66973b754ad88f6019feb393974b2d1d2fa
32 240 0 12 51 1 :866075d38e96d6bde488442ed1b8722bb7085b14b6c80da1dede8bd289a9d4acfae03b4bdba37bb784326c06632e405cba9dc4a674dea1683f61de8e6c608e27a486dbad8f59a7932f7fe92e6e411b359fabf3929280dbc66227d31392e7daa0b5d42092ed7ebf5ba2e82f68fd09522864e3dbc47f972f76529685a17c7c2b3a31d57f5c129bf9598a4d30982fa2a9e1e0d49434c6a90a4fe8648ed3f29733ddb16e8ca0fd51c85282a60e53875eed152f2c840517690f13444c060b1dd8e1ca17ce3541ba6397ee20704b4ce6a157f612ddb8a066055c934e9da22f39b66973b754ad88f6019feb393974b2d1d2fab5
32 241 0 12 51 1 :866075d38e96d6bde488442ed1b8722bb7085b14b6c80da1dede8bd289a9d4acfae03b4bdba37bb784326c06632e405cba9dc4a674dea1683f61de8e6c608e27a486dbad8f59a7932f7fe92e6e411b359fabf3929280dbc66227d31392e7daa0b5d42092ed7ebf5ba2e82f68fd09522864e3dbc47f972f76529685a17c7c2b3a31d57f5c129bf9598a4d30982fa2a9e1e0d49434c6a90a4fe8648ed3f29733ddb16e8ca0fd51c85282a60e53875eed152f2c840517690f13444c060b1dd8e1ca17ce3541ba6397ee20704b4ce6a157f612ddb8a066055c934e9da22f39b66973b754ad88f6019feb393974b2d1d2fab5aa
32 242 0 12 51 1 :866075d38e96d6bde488442ed1b8722bb7085b14b6c80da1dede8bd289a9d4acfae03b4bdba37bb784326c06632e405cba9dc4a674dea1683f61de8e6c608e27a486dbad8f59a7932f7fe92e6e411b359fabf3929280dbc66227d31392e7daa0b5d42092ed7ebf5ba2e82f68fd09522864e3dbc47f972f76529685a17c7c2b3a31d57f5c129bf9598a4d30982fa2a9e1e0d49434c6a90a4fe8648ed3f29733ddb16e8ca0fd51c85282a60e53875eed152f2c840517690f13444c060b1dd8e1ca17ce3541ba6397ee20704b4ce6a157f612ddb8a066055c934e9da22f39b66973b754ad88f6019feb393974b2d1d2fab5aacd
32 243 0 12 52 1 :866075d38e96d6bde488442ed1b8722bb7085b14b6c80da1dede8bd289a9d4acfae03b4bdba37bb784326c06632e405cba9dc4a674dea1683f61de8e6c608e27a486dbad8f59a7932f7fe92e6e411b359fabf3929280dbc66227d31392e7daa0b5d42092ed7ebf5ba2e82f68fd09522864e3dbc47f972f76529685a17c7c2b3a31d57f5c129bf9598a4d30982fa2a9e1e0d49434c6a90a4fe8648ed3f29733ddb16e8ca0fd51c85282a60e53875eed152f2c840517690f13444c060b1dd8e1ca17ce3541ba6397ee20704b4ce6a157f612ddb8a066055c934e9da22f39b66973b754ad88f6019feb393974b2d1d2fab5aacd39
32 244 0 12 51 1 :866075d38e96d6bde488442ed1b8722bb7085b14b6c80da1dede8bd289a9d4acfae03b4bdba37bb784326c06632e405cba9dc4a674dea1683f61de8e6c608e27a486dbad8f59a7932f7fe92e6e411b359fabf3929280dbc66227d31392e7daa0b5d42092ed7ebf5ba2e82f68fd09522864e3dbc47f972f76529685a17c7c2b3a31d57f5c129bf9598a4d30982fa2a9e1e0d49434c6a90a4fe8648ed3f29733ddb16e8ca0fd51c85282a60e53875eed152f2c840517690f13444c060b1dd8e1ca17ce3541ba6397ee20704b4ce6a157f612ddb8a066055c934e9da22f39b66973b754ad88f6019feb393974b2d1d2fab5aacd39c6
32 245 0 12 51 1 :866075d38e96d6bde488442ed1b8722bb7085b14b6c80da1dede8bd289a9d4acfae03b4bdba37bb784326c06632e405cba9dc4a674dea1683f61de8e6c608e27a486dbad8f59a7932f7fe92e6e411b359fabf3929280dbc66227d31392e7daa0b5d42092ed7ebf5ba2e82f68fd09522864e3dbc47f972f76529685a17c7c2b3a31d57f5c129bf9598a4d30982fa2a9e1e0d49434c6a90a4fe8648ed3f29733ddb16e8ca0fd51c85282a60e53875eed152f2c840517690f13444c060b1dd8e1ca17ce3541ba6397ee20704b4ce6a157f612ddb8a066055c934e9da22f39b66973b754ad88f6019feb393974b2d1d2fab5aacd39c638
32 246 0 12 79 1 :866075d38e96d6bde488442ed1b8722bb7085b14b6c80da1dede8bd289a9d4acfae03b4bdba37bb784326c06632e405cba9dc4a674dea1683f61de8e6c608e27a486dbad8f59a7932f7fe92e6e411b359fabf3929280dbc66227d31392e7daa0b5d42092ed7ebf5ba2e82f68fd09522864e3dbc47f972f76529685a17c7c2b3a31d57f5c129bf9598a4d30982fa2a9e1e0d49434c6a90a4fe8648ed3f29733ddb16e8ca0fd51c85282a60e53875eed152f2c840517690f13444c060b1dd8e1ca17ce3541ba6397ee20704b4ce6a157f612ddb8a066055c934e9da22f39b66973b754ad88f6019feb393974b2d1d2fab5aacd39c63802
32 247 0 12 79 1 :866075d38e96d6bde488442ed1b8722bb7085b14b6c80da1dede8bd289a9d4acfae03b4bdba37bb784326c06632e405cba9dc4a674dea1683f61de8e6c608e27a486dbad8f59a7932f7fe92e6e411b359fabf3929280dbc66227d31392e7daa0b5d42092ed7ebf5ba2e82f68fd09522864e3dbc47f972f76529685a17c7c2b3a31d57f5c129bf9598a4d30982fa2a9e1e0d49434c6a90a4fe8648ed3f29733ddb16e8ca0fd51c85282a60e53875eed152f2c840517690f13444c060b1dd8e1ca17ce3541ba6397ee20704b4ce6a157f612ddb8a066055c934e9da22f39b66973b754ad88f6019feb393974b2d1d2fab5aacd39c6380215
32 248 0 12 51 1 :866075d38e96d6bde488442ed1b8722bb7085b14b6c80da1dede8bd289a9d4acfae03b4bdba37bb784326c06632e405cba9dc4a674dea1683f61de8e6c608e27a486dbad8f59a7932f7fe92e6e411b359fabf3929280dbc66227d31392e7daa0b5d42092ed7ebf5ba2e82f68fd09522864e3dbc47f972f76529685a17c7c2b3a31d57f5c129bf9598a4d30982fa2a9e1e0d49434c6a90a4fe8648ed3f29733ddb16e8ca0fd51c85282a60e53875eed152f2c840517690f13444c060b1dd8e1ca17ce3541ba6397ee20704b4ce6a157f612ddb8a066055c934e9da22f39b66973b754ad88f6019feb393974b2d1d2fab5aacd39c63802155d
32 249 0 12 51 1 :866075d38e96d6bde488442ed1b8722bb7085b14b6c80da1dede8bd289a9d4acfae03b4bdba37bb784326c06632e405cba9dc4a674dea1683f61de8e6c608e27a486dbad8f59a7932f7fe92e6e411b359fabf3929280dbc66227d31392e7daa0b5d42092ed7ebf5ba2e82f68fd09522864e3dbc47f972f76529685a17c7c2b3a31d57f5c129bf9598a4d30982fa2a9e1e0d49434c6a90a4fe8648ed3f29733ddb16e8ca0fd51c85282a60e53875eed152f2c840517690f13444c060b1dd8e1ca17ce3541ba6397ee20704b4ce6a157f612ddb8a066055c934e9da22f39b66973b754ad88f6019feb393974b2d1d2fab5aacd39c63802155d8a
32 250 0 12 51 1 :866075d38e96d6bde488442ed1b8722bb7085b14b6c80da1dede8bd289a9d4acfae03b4bdba37bb784326c06632e405cba9dc4a674dea1683f61de8e6c608e27a486dbad8f59a7932f7fe92e6e411b359fabf3929280dbc66227d31392e7daa0b5d42092ed7ebf5ba2e82f68fd09522864e3dbc47f972f76529685a17c7c2b3a31d57f5c129bf9598a4d30982fa2a9e1e0d49434c6a90a4fe8648ed3f29733ddb16e8ca0fd51c85282a60e53875eed152f2c840517690f13444c060b1dd8e1ca17ce3541ba6397ee20704b4ce6a157f612ddb8a066055c934e9da22f39b66973b754ad88f6019feb393974b2d1d2fab5aacd39c63802155d8a16
32 251 0 12 80 1 :866075d38e96d6bde488442ed1b8722bb7085b14b6c80da1dede8bd289a9d4acfae03b4bdba37bb784326c06632e405cba9dc4a674dea1683f61de8e6c608e27a486dbad8f59a7932f7fe92e6e411b359fabf3929280dbc66227d31392e7daa0b5d42092ed7ebf5ba2e82f68fd09522864e3dbc47f972f76529685a17c7c2b3a31d57f5c129bf9598a4d30982fa2a9e1e0d49434c6a90a4fe8648ed3f29733ddb16e8ca0fd51c85282a60e53875eed152f2c840517690f13444c060b1dd8e1ca17ce3541ba6397ee20704b4ce6a157f612ddb8a066055c934e9da22f39b66973b754ad88f6019feb393974b2d1d2fab5aacd39c63802155d8a1670
32 252 0 12 51 1 :866075d38e96d6bde488442ed1b8722bb7085b14b6c80da1dede8bd289a9d4acfae03b4bdba37bb784326c06632e405cba9dc4a674dea1683f61de8e6c608e27a486dbad8f59a7932f7fe92e6e411b359fabf3929280dbc66227d31392e7daa0b5d42092ed7ebf5ba2e82f68fd09522864e3dbc47f972f76529685a17c7c2b3a31d57f5c129bf9598a4d30982fa2a9e1e0d49434c6a90a4fe8648ed3f29733ddb16e8ca0fd51c85282a60e53875eed152f2c840517690f13444c060b1dd8e1ca17ce3541ba6397ee20704b4ce6a157f612ddb8a066055c934e9da22f39b66973b754ad88f6019feb393974b2d1d2fab5aacd39c63802155d8a167052
32 253 0 12 51 1 :866075d38e96d6bde488442ed1b8722bb7085b14b6c80da1dede8bd289a9d4acfae03b4bdba37bb784326c06632e405cba9dc4a674dea1683f61de8e6c608e27a486dbad8f59a7932f7fe92e6e411b359fabf3929280dbc66227d31392e7daa0b5d42092ed7ebf5ba2e82f68fd09522864e3dbc47f972f76529685a17c7c2b3a31d57f5c129bf9598a4d30982fa2a9e1e0d49434c6a90a4fe8648ed3f29733ddb16e8ca0fd51c85282a60e53875eed152f2c840517690f13444c060b1dd8e1ca17ce3541ba6397ee20704b4ce6a157f612ddb8a066055c934e9da22f39b66973b754ad88f6019feb393974b2d1d2fab5aacd39c63802155d8a16705231
32 254 0 12 51 1 :866075d38e96d6bde488442ed1b8722bb7085b14b6c80da1dede8bd289a9d4acfae03b4bdba37bb784326c06632e405cba9dc4a674dea1683f61de8e6c608e27a486dbad8f59a7932f7fe92e6e411b359fabf3929280dbc66227d31392e7daa0b5d42092ed7ebf5ba2e82f68fd09522864e3dbc47f972f76529685a17c7c2b3a31d57f5c129bf9598a4d30982fa2a9e1e0d49434c6a90a4fe8648ed3f29733ddb16e8ca0fd51c85282a60e53875eed152f2c840517690f13444c060b1dd8e1ca17ce3541ba6397ee20704b4ce6a157f612ddb8a066055c934e9da22f39b66973b754ad88f6019feb393974b2d1d2fab5aacd39c63802155d8a16705231ea
32 255 0 12 51 1 :866075d38e96d6bde488442ed1b8722bb7085b14b6c80da1dede8bd289a9d4acfae03b4bdba37bb784326c06632e405cba9dc4a674dea1683f61de8e6c608e27a486dbad8f59a7932f7fe92e6e411b359fabf3929280dbc66227d31392e7daa0b5d42092ed7ebf5ba2e82f68fd09522864e3dbc47f972f76529685a17c7c2b3a31d57f5c129bf9598a4d30982fa2a9e1e0d49434c6a90a4fe8648ed3f29733ddb16e8ca0fd51c85282a60e53875eed152f2c840517690f13444c060b1dd8e1ca17ce3541ba6397ee20704b4ce6a157f612ddb8a066055c934e9da22f39b66973b754ad88f6019feb393974b2d1d2fab5aacd39c63802155d8a16705231ea8c
32 256 0 12 51 1 :866075d38e96d6bde488442ed1b8722bb7085b14b6c80da1dede8bd289a9d4acfae03b4bdba37bb784326c06632e405cba9dc4a674dea1683f61de8e6c608e27a486dbad8f59a7932f7fe92e6e411b359fabf3929280dbc66227d31392e7daa0b5d42092ed7ebf5ba2e82f68fd09522864e3dbc47f972f76529685a17c7c2b3a31d57f5c129bf9598a4d30982fa2a9e1e0d49434c6a90a4fe8648ed3f29733ddb16e8ca0fd51c85282a60e53875eed152f2c840517690f13444c060b1dd8e1ca17ce3541ba6397ee20704b4ce6a157f612ddb8a066055c934e9da22f39b66973b754ad88f6019feb393974b2d1d2fab5aacd39c63802155d8a16705231ea8c21
32 257 0 12 51 1 :866075d38e96d6bde488442ed1b8722bb7085b14b6c80da1dede8bd289a9d4acfae03b4bdba37bb784326c06632e405cba9dc4a674dea1683f61de8e6c608e27a486dbad8f59a7932f7fe92e6e411b359fabf3929280dbc66227d31392e7daa0b5d42092ed7ebf5ba2e82f68fd09522864e3dbc47f972f76529685a17c7c2b3a31d57f5c129bf9598a4d30982fa2a9e1e0d49434c6a90a4fe8648ed3f29733ddb16e8ca0fd51c85282a60e53875eed152f2c840517690f13444c060b1dd8e1ca17ce3541ba6397ee20704b4ce6a157f612ddb8a066055c934e9da22f39b66973b754ad88f6019feb393974b2d1d2fab5aacd39c63802155d8a16705231ea8c212c
32 258 0 12 52 1 :866075d38e96d6bde488442ed1b8722bb7085b14b6c80da1dede8bd289a9d4acfae03b4bdba37bb784326c06632e405cba9dc4a674dea1683f61de8e6c608e27a486dbad8f59a7932f7fe92e6e411b359fabf3929280dbc66227d31392e7daa0b5d42092ed7ebf5ba2e82f68fd09522864e3dbc47f972f76529685a17c7c2b3a31d57f5c129bf9598a4d30982fa2a9e1e0d49434c6a90a4fe8648ed3f29733ddb16e8ca0fd51c85282a60e53875eed152f2c840517690f13444c060b1dd8e1ca17ce3541ba6397ee20704b4ce6a157f612ddb8a066055c934e9da22f39b66973b754ad88f6019feb393974b2d1d2fab5aacd39c63802155d8a16705231ea8c212c44
32 259 0 12 51 1 :866075d38e96d6bde488442ed1b8722bb7085b14b6c80da1dede8bd289a9d4acfae03b4bdba37bb784326c06632e405cba9dc4a674dea1683f61de8e6c608e27a486dbad8f59a7932f7fe92e6e411b359fabf3929280dbc66227d31392e7daa0b5d42092ed7ebf5ba2e82f68fd09522864e3dbc47f972f76529685a17c7c2b3a31d57f5c129bf9598a4d30982fa2a9e1e0d49434c6a90a4fe8648ed3f29733ddb16e8ca0fd51c85282a60e53875eed152f2c840517690f13444c060b1dd8e1ca17ce3541ba6397ee20704b4ce6a157f612ddb8a066055c934e9da22f39b66973b754ad88f6019feb393974b2d1d2fab5aacd39c63802155d8a16705231ea8c212c44b2
32 260 0 12 51 1 :866075d38e96d6bde488442ed1b8722bb7085b14b6c80da1dede8bd289a9d4acfae03b4bdba37bb784326c06632e405cba9dc4a674dea1683f61de8e6c608e27a486dbad8f59a7932f7fe92e6e411b359fabf3929280dbc66227d31392e7daa0b5d42092ed7ebf5ba2e82f68fd09522864e3dbc47f972f76529685a17c7c2b3a31d57f5c129bf9598a4d30982fa2a9e1e0d49434c6a90a4fe8648ed3f29733ddb16e8ca0fd51c85282a60e53875eed152f2c840517690f13444c060b1dd8e1ca17ce3541ba6397ee20704b4ce6a157f612ddb8a066055c934e9da22f39b66973b754ad88f6019feb393974b2d1d2fab5aacd39c63802155d8a16705231ea8c212c44b288
32 261 0 12 51 1 :866075d38e96d6bde488442ed1b8722bb7085b14b6c80da1dede8bd289a9d4acfae03b4bdba37bb784326c06632e405cba9dc4a674dea1683f61de8e6c608e27a486dbad8f59a7932f7fe92e6e411b359fabf3929280dbc66227d31392e7daa0b5d42092ed7ebf5ba2e82f68fd09522864e3dbc47f972f76529685a17c7c2b3a31d57f5c129bf9598a4d30982fa2a9e1e0d49434c6a90a4fe8648ed3f29733ddb16e8ca0fd51c85282a60e53875eed152f2c840517690f13444c060b1dd8e1ca17ce3541ba6397ee20704b4ce6a157f612ddb8a066055c934e9da22f39b66973b754ad88f6019feb393974b2d1d2fab5aacd39c63802155d8a16705231ea8c212c44b288bc
32 262 0 12 52 1 :866075d38e96d6bde488442ed1b8722bb7085b14b6c80da1dede8bd289a9d4acfae03b4bdba37bb784326c06632e405cba9dc4a674dea1683f61de8e6c608e27a486dbad8f59a7932f7fe92e6e411b359fabf3929280dbc66227d31392e7daa0b5d42092ed7ebf5ba2e82f68fd09522864e3dbc47f972f76529685a17c7c2b3a31d57f5c129bf9598a4d30982fa2a9e1e0d49434c6a90a4fe8648ed3f29733ddb16e8ca0fd51c85282a60e53875eed152f2c840517690f13444c060b1dd8e1ca17ce3541ba6397ee20704b4ce6a157f612ddb8a066055c934e9da22f39b66973b754ad88f6019feb393974b2d1d2fab5aacd39c63802155d8a16705231ea8c212c44b288bc3c
32 263 0 12 51 1 :866075d38e96d6bde488442ed1b8722bb7085b14b6c80da1dede8bd289a9d4acfae03b4bdba37bb784326c06632e405cba9dc4a674dea1683f61de8e6c608e27a486dbad8f59a7932f7fe92e6e411b359fabf3929280dbc66227d31392e7daa0b5d42092ed7ebf5ba2e82f68fd09522864e3dbc47f972f76529685a17c7c2b3a31d57f5c129bf9598a4d30982fa2a9e1e0d49434c6a90a4fe8648ed3f29733ddb16e8ca0fd51c85282a60e53875eed152f2c840517690f13444c060b1dd8e1ca17ce3541ba6397ee20704b4ce6a157f612ddb8a066055c934e9da22f39b66973b754ad88f6019feb393974b2d1d2fab5aacd39c63802155d8a16705231ea8c212c44b288bc3cc7
32 264 0 12 51 1 :866075d38e96d6bde488442ed1b8722bb7085b14b6c80da1dede8bd289a9d4acfae03b4bdba37bb784326c06632e405cba9dc4a674dea1683f61de8e6c608e27a486dbad8f59a7932f7fe92e6e411b359fabf3929280dbc66227d31392e7daa0b5d42092ed7ebf5ba2e82f68fd09522864e3dbc47f972f76529685a17c7c2b3a31d57f5c129bf9598a4d30982fa2a9e1e0d49434c6a90a4fe8648ed3f29733ddb16e8ca0fd51c85282a60e53875eed152f2c840517690f13444c060b1dd8e1ca17ce3541ba6397ee20704b4ce6a157f612ddb8a066055c934e9da22f39b66973b754ad88f6019feb393974b2d1d2fab5aacd39c63802155d8a16705231ea8c212c44b288bc3cc742
32 265 0 12 51 1 :866075d38e96d6bde488442ed1b8722bb7085b14b6c80da1dede8bd289a9d4acfae03b4bdba37bb784326c06632e405cba9dc4a674dea1683f61de8e6c608e27a486dbad8f59a7932f7fe92e6e411b359fabf3929280dbc66227d31392e7daa0b5d42092ed7ebf5ba2e82f68fd09522864e3dbc47f972f76529685a17c7c2b3a31d57f5c129bf9598a4d30982fa2a9e1e0d49434c6a90a4fe8648ed3f29733ddb16e8ca0fd51c85282a60e53875eed152f2c840517690f13444c060b1dd8e1ca17ce3541ba6397ee20704b4ce6a157f612ddb8a066055c934e9da22f39b66973b754ad88f6019feb393974b2d1d2fab5aacd39c63802155d8a16705231ea8c212c44b288bc3cc74234
32 266 0 12 51 1 :866075d38e96d6bde488442ed1b8722bb7085b14b6c80da1dede8bd289a9d4acfae03b4bdba37bb784326c06632e405cba9dc4a674dea1683f61de8e6c608e27a486dbad8f59a7932f7fe92e6e411b359fabf3929280dbc66227d31392e7daa0b5d42092ed7ebf5ba2e82f68fd09522864e3dbc47f972f76529685a17c7c2b3a31d57f5c129bf9598a4d30982fa2a9e1e0d49434c6a90a4fe8648ed3f29733ddb16e8ca0fd51c85282a60e53875eed152f2c840517690f13444c060b1dd8e1ca17ce3541ba6397ee20704b4ce6a157f612ddb8a066055c934e9da22f39b66973b754ad88f6019feb393974b2d1d2fab5aacd39c63802155d8a16705231ea8c212c44b288bc3cc742348a
32 267 0 12 74 1 :866075d38e96d6bde488442ed1b8722bb7085b14b6c80da1dede8bd289a9d4acfae03b4bdba37bb784326c06632e405cba9dc4a674dea1683f61de8e6c608e27a486dbad8f59a7932f7fe92e6e411b359fabf3929280dbc66227d31392e7daa0b5d42092ed7ebf5ba2e82f68fd09522864e3dbc47f972f76529685a17c7c2b3a31d57f5c129bf9598a4d30982fa2a9e1e0d49434c6a90a4fe8648ed3f29733ddb16e8ca0fd51c85282a60e53875eed152f2c840517690f13444c060b1dd8e1ca17ce3541ba6397ee20704b4ce6a157f612ddb8a066055c934e9da22f39b66973b754ad88f6019feb393974b2d1d2fab5aacd39c63802155d8a16705231ea8c212c44b288bc3cc742348a36
32 268 0 12 80 1 :866075d38e96d6bde488442ed1b8722bb7085b14b6c80da1dede8bd289a9d4acfae03b4bdba37bb784326c06632e405cba9dc4a674dea1683f61de8e6c608e27a486dbad8f59a7932f7fe92e6e411b359fabf3929280dbc66227d31392e7daa0b5d42092ed7ebf5ba2e82f68fd09522864e3dbc47f972f76529685a17c7c2b3a31d57f5c129bf9598a4d30982fa2a9e1e0d49434c6a90a4fe8648ed3f29733ddb16e8ca0fd51c85282a60e53875eed152f2c840517690f13444c060b1dd8e1ca17ce3541ba6397ee20704b4ce6a157f612ddb8a066055c934e9da22f39b66973b754ad88f6019feb393974b2d1d2fab5aacd39c63802155d8a16705231ea8c212c44b288bc3cc742348a36a5
32 269 0 12 52 1 :866075d38e96d6bde488442ed1b8722bb7085b14b6c80da1dede8bd289a9d4acfae03b4bdba37bb784326c06632e405cba9dc4a674dea1683f61de8e6c608e27a486dbad8f59a7932f7fe92e6e411b359fabf3929280dbc66227d31392e7daa0b5d42092ed7ebf5ba2e82f68fd09522864e3dbc47f972f76529685a17c7c2b3a31d57f5c129bf9598a4d30982fa2a9e1e0d49434c6a90a4fe8648ed3f29733ddb16e8ca0fd51c85282a60e53875eed152f2c840517690f13444c060b1dd8e1ca17ce3541ba6397ee20704b4ce6a157f612ddb8a066055c934e9da22f39b66973b754ad88f6019feb393974b2d1d2fab5aacd39c63802155d8a16705231ea8c212c44b288bc3cc742348a36a5b5
32 270 0 12 52 1 :866075d38e96d6bde488442ed1b8722bb7085b14b6c80da1dede8bd289a9d4acfae03b4bdba37bb784326c06632e405cba9dc4a674dea1683f61de8e6c608e27a486dbad8f59a7932f7fe92e6e411b359fabf3929280dbc66227d31392e7daa0b5d42092ed7ebf5ba2e82f68fd09522864e3dbc47f972f76529685a17c7c2b3a31d57f5c129bf9598a4d30982fa2a9e1e0d49434c6a90a4fe8648ed3f29733ddb16e8ca0fd51c85282a60e53875eed152f2c840517690f13444c060b1dd8e1ca17ce3541ba6397ee20704b4ce6a157f612ddb8a066055c934e9da22f39b66973b754ad88f6019feb393974b2d1d2fab5aacd39c63802155d8a16705231ea8c212c44b288bc3cc742348a36a5b51f
32 271 0 12 51 1 :866075d38e96d6bde488442ed1b8722bb7085b14b6c80da1dede8bd289a9d4acfae03b4bdba37bb784326c06632e405cba9dc4a674dea1683f61de8e6c608e27a486dbad8f59a7932f7fe92e6e411b359fabf3929280dbc66227d31392e7daa0b5d42092ed7ebf5ba2e82f68fd09522864e3dbc47f972f76529685a17c7c2b3a31d57f5c129bf9598a4d30982fa2a9e1e0d49434c6a90a4fe8648ed3f29733ddb16e8ca0fd51c85282a60e53875eed152f2c840517690f13444c060b1dd8e1ca17ce3541ba6397ee20704b4ce6a157f612ddb8a066055c934e9da22f39b66973b754ad88f6019feb393974b2d1d2fab5aacd39c63802155d8a16705231ea8c212c44b288bc3cc742348a36a5b51ff2
32 272 0 12 51 1 :866075d38e96d6bde488442ed1b8722bb7085b14b6c80da1dede8bd289a9d4acfae03b4bdba37bb784326c06632e405cba9dc4a674dea1683f61de8e6c608e27a486dbad8f59a7932f7fe92e6e411b359fabf3929280dbc66227d31392e7daa0b5d42092ed7ebf5ba2e82f68fd09522864e3dbc47f972f76529685a17c7c2b3a31d57f5c129bf9598a4d30982fa2a9e1e0d49434c6a90a4fe8648ed3f29733ddb16e8ca0fd51c85282a60e53875eed152f2c840517690f13444c060b1dd8e1ca17ce3541ba6397ee20704b4ce6a157f612ddb8a066055c934e9da22f39b66973b754ad88f6019feb393974b2d1d2fab5aacd39c63802155d8a16705231ea8c212c44b288bc3cc742348a36a5b51ff277
32 273 0 12 52 1 :866075d38e96d6bde488442ed1b8722bb7085b14b6c80da1dede8bd289a9d4acfae03b4bdba37bb784326c06632e405cba9dc4a674dea1683f61de8e6c608e27a486dbad8f59a7932f7fe92e6e411b359fabf3929280dbc66227d31392e7daa0b5d42092ed7ebf5ba2e82f68fd09522864e3dbc47f972f76529685a17c7c2b3a31d57f5c129bf9598a4d30982fa2a9e1e0d49434c6a90a4fe8648ed3f29733ddb16e8ca0fd51c85282a60e53875eed152f2c840517690f13444c060b1dd8e1ca17ce3541ba6397ee20704b4ce6a157f612ddb8a066055c934e9da22f39b66973b754ad88f6019feb393974b2d1d2fab5aacd39c63802155d8a16705231ea8c212c44b288bc3cc742348a36a5b51ff27724
32 274 0 12 52 1 :866075d38e96d6bde488442ed1b8722bb7085b14b6c80da1dede8bd289a9d4acfae03b4bdba37bb784326c06632e405cba9dc4a674dea1683f61de8e6c608e27a486dbad8f59a7932f7fe92e6e411b359fabf3929280dbc66227d31392e7daa0b5d42092ed7ebf5ba2e82f68fd09522864e3dbc47f972f76529685a17c7c2b3a31d57f5c129bf9598a4d30982fa2a9e1e0d49434c6a90a4fe8648ed3f29733ddb16e8ca0fd51c85282a60e53875eed152f2c840517690f13444c060b1dd8e1ca17ce3541ba6397ee20704b4ce6a157f612ddb8a066055c934e9da22f39b66973b754ad88f6019feb393974b2d1d2fab5aacd39c63802155d8a16705231ea8c212c44b288bc3cc742348a36a5b51ff27724d4
32 275 0 12 51 1 :866075d38e96d6bde488442ed1b8722bb7085b14b6c80da1dede8bd289a9d4acfae03b4bdba37bb784326c06632e405cba9dc4a674dea1683f61de8e6c608e27a486dbad8f59a7932f7fe92e6e411b359fabf3929280dbc66227d31392e7daa0b5d42092ed7ebf5ba2e82f68fd09522864e3dbc47f972f76529685a17c7c2b3a31d57f5c129bf9598a4d30982fa2a9e1e0d49434c6a90a4fe8648ed3f29733ddb16e8ca0fd51c85282a60e53875eed152f2c840517690f13444c060b1dd8e1ca17ce3541ba6397ee20704b4ce6a157f612ddb8a066055c934e9da22f39b66973b754ad88f6019feb393974b2d1d2fab5aacd39c63802155d8a16705231ea8c212c44b288bc3cc742348a36a5b51ff27724d4a9
32 276 0 12 51 1 :866075d38e96d6bde488442ed1b8722bb7085b14b6c80da1dede8bd289a9d4acfae03b4bdba37bb784326c06632e405cba9dc4a674dea1683f61de8e6c608e27a486dbad8f59a7932f7fe92e6e411b359fabf3929280dbc66227d31392e7daa0b5d42092ed7ebf5ba2e82f68fd09522864e3dbc47f972f76529685a17c7c2b3a31d57f5c129bf9598a4d30982fa2a9e1e0d49434c6a90a4fe8648ed3f29733ddb16e8ca0fd51c85282a60e53875eed152f2c840517690f13444c060b1dd8e1ca17ce3541ba6397ee20704b4ce6a157f612ddb8a066055c934e9da22f39b66973b754ad88f6019feb393974b2d1d2fab5aacd39c63802155d8a16705231ea8c212c44b288bc3cc742348a36a5b51ff27724d4a9c6
32 277 0 12 51 1 :866075d38e96d6bde488442ed1b8722bb7085b14b6c80da1dede8bd289a9d4acfae03b4bdba37bb784326c06632e405cba9dc4a674dea1683f61de8e6c608e27a486dbad8f59a7932f7fe92e6e411b359fabf3929280dbc66227d31392e7daa0b5d42092ed7ebf5ba2e82f68fd09522864e3dbc47f972f76529685a17c7c2b3a31d57f5c129bf9598a4d30982fa2a9e1e0d49434c6a90a4fe8648ed3f29733ddb16e8ca0fd51c85282a60e53875eed152f2c840517690f13444c060b1dd8e1ca17ce3541ba6397ee20704b4ce6a157f612ddb8a066055c934e9da22f39b66973b754ad88f6019feb393974b2d1d2fab5aacd39c63802155d8a16705231ea8c212c44b288bc3cc742348a36a5b51ff27724d4a9c69d
32 278 0 12 52 1 :866075d38e96d6bde488442ed1b8722bb7085b14b6c80da1dede8bd289a9d4acfae03b4bdba37bb784326c06632e405cba9dc4a674dea1683f61de8e6c608e27a486dbad8f59a7932f7fe92e6e411b359fabf3929280dbc66227d31392e7daa0b5d42092ed7ebf5ba2e82f68fd09522864e3dbc47f972f76529685a17c7c2b3a31d57f5c129bf9598a4d30982fa2a9e1e0d49434c6a90a4fe8648ed3f29733ddb16e8ca0fd51c85282a60e53875eed152f2c840517690f13444c060b1dd8e1ca17ce3541ba6397ee20704b4ce6a157f612ddb8a066055c934e9da22f39b66973b754ad88f6019feb393974b2d1d2fab5aacd39c63802155d8a16705231ea8c212c44b288bc3cc742348a36a5b51ff27724d4a9c69d78
32 279 0 12 51 1 :866075d38e96d6bde488442ed1b8722bb7085b14b6c80da1dede8bd289a9d4acfae03b4bdba37bb784326c06632e405cba9dc4a674dea1683f61de8e6c608e27a486dbad8f59a7932f7fe92e6e411b359fabf3929280dbc66227d31392e7daa0b5d42092ed7ebf5ba2e82f68fd09522864e3dbc47f972f76529685a17c7c2b3a31d57f5c129bf9598a4d30982fa2a9e1e0d49434c6a90a4fe8648ed3f29733ddb16e8ca0fd51c85282a60e53875eed152f2c840517690f13444c060b1dd8e1ca17ce3541ba6397ee20704b4ce6a157f612ddb8a066055c934e9da22f39b66973b754ad88f6019feb393974b2d1d2fab5aacd39c63802155d8a16705231ea8c212c44b288bc3cc742348a36a5b51ff27724d4a9c69d7879
32 280 0 12 52 1 :866075d38e96d6bde488442ed1b8722bb7085b14b6c80da1dede8bd289a9d4acfae03b4bdba37bb784326c06632e405cba9dc4a674dea1683f61de8e6c608e27a486dbad8f59a7932f7fe92e6e411b359fabf3929280dbc66227d31392e7daa0b5d42092ed7ebf5ba2e82f68fd09522864e3dbc47f972f76529685a17c7c2b3a31d57f5c129bf9598a4d30982fa2a9e1e0d49434c6a90a4fe8648ed3f29733ddb16e8ca0fd51c85282a60e53875eed152f2c840517690f13444c060b1dd8e1ca17ce3541ba6397ee20704b4ce6a157f612ddb8a066055c934e9da22f39b66973b754ad88f6019feb393974b2d1d2fab5aacd39c63802155d8a16705231ea8c212c44b288bc3cc742348a36a5b51ff27724d4a9c69d78797a
32 281 0 12 51 1 :866075d38e96d6bde488442ed1b8722bb7085b14b6c80da1dede8bd289a9d4acfae03b4bdba37bb784326c06632e405cba9dc4a674dea1683f61de8e6c608e27a486dbad8f59a7932f7fe92e6e411b359fabf3929280dbc66227d31392e7daa0b5d42092ed7ebf5ba2e82f68fd09522864e3dbc47f972f76529685a17c7c2b3a31d57f5c129bf9598a4d30982fa2a9e1e0d49434c6a90a4fe8648ed3f29733ddb16e8ca0fd51c85282a60e53875eed152f2c840517690f13444c060b1dd8e1ca17ce3541ba6397ee20704b4ce6a157f612ddb8a066055c934e9da22f39b66973b754ad88f6019feb393974b2d1d2fab5aacd39c63802155d8a16705231ea8c212c44b288bc3cc742348a36a5b51ff27724d4a9c69d78797aac
32 282 0 12 51 1 :866075d38e96d6bde488442ed1b8722bb7085b14b6c80da1dede8bd289a9d4acfae03b4bdba37bb784326c06632e405cba9dc4a674dea1683f61de8e6c608e27a486dbad8f59a7932f7fe92e6e411b359fabf3929280dbc66227d31392e7daa0b5d42092ed7ebf5ba2e82f68fd09522864e3dbc47f972f76529685a17c7c2b3a31d57f5c129bf9598a4d30982fa2a9e1e0d49434c6a90a4fe8648ed3f29733ddb16e8ca0fd51c85282a60e53875eed152f2c840517690f13444c060b1dd8e1ca17ce3541ba6397ee20704b4ce6a157f612ddb8a066055c934e9da22f39b66973b754ad88f6019feb393974b2d1d2fab5aacd39c63802155d8a16705231ea8c212c44b288bc3cc742348a36a5b51ff27724d4a9c69d78797aac5b
32 283 0 12 79 1 :866075d38e96d6bde488442ed1b8722bb7085b14b6c80da1dede8bd289a9d4acfae03b4bdba37bb784326c06632e405cba9dc4a674dea1683f61de8e6c608e27a486dbad8f59a7932f7fe92e6e411b359fabf3929280dbc66227d31392e7daa0b5d42092ed7ebf5ba2e82f68fd09522864e3dbc47f972f76529685a17c7c2b3a31d57f5c129bf9598a4d30982fa2a9e1e0d49434c6a90a4fe8648ed3f29733ddb16e8ca0fd51c85282a60e53875eed152f2c840517690f13444c060b1dd8e1ca17ce3541ba6397ee20704b4ce6a157f612ddb8a066055c934e9da22f39b66973b754ad88f6019feb393974b2d1d2fab5aacd39c63802155d8a16705231ea8c212c44b288bc3cc742348a36a5b51ff27724d4a9c69d78797aac5b07
32 284 0 12 51 1 :866075d38e96d6bde488442ed1b8722bb7085b14b6c80da1dede8bd289a9d4acfae03b4bdba37bb784326c06632e405cba9dc4a674dea1683f61de8e6c608e27a486dbad8f59a7932f7fe92e6e411b359fabf3929280dbc66227d31392e7daa0b5d42092ed7ebf5ba2e82f68fd09522864e3dbc47f972f76529685a17c7c2b3a31d57f5c129bf9598a4d30982fa2a9e1e0d49434c6a90a4fe8648ed3f29733ddb16e8ca0fd51c85282a60e53875eed152f2c840517690f13444c060b1dd8e1ca17ce3541ba6397ee20704b4ce6a157f612ddb8a066055c934e9da22f39b66973b754ad88f6019feb393974b2d1d2fab5aacd39c63802155d8a16705231ea8c212c44b288bc3cc742348a36a5b51ff27724d4a9c69d78797aac5b07bb
32 285 0 12 52 1 :866075d38e96d6bde488442ed1b8722bb7085b14b6c80da1dede8bd289a9d4acfae03b4bdba37bb784326c06632e405cba9dc4a674dea1683f61de8e6c608e27a486dbad8f59a7932f7fe92e6e411b359fabf3929280dbc66227d31392e7daa0b5d42092ed7ebf5ba2e82f68fd09522864e3dbc47f972f76529685a17c7c2b3a31d57f5c129bf9598a4d30982fa2a9e1e0d49434c6a90a4fe8648ed3f29733ddb16e8ca0fd51c85282a60e53875eed152f2c840517690f13444c060b1dd8e1ca17ce3541ba6397ee20704b4ce6a157f612ddb8a066055c934e9da22f39b66973b754ad88f6019feb393974b2d1d2fab5aacd39c63802155d8a16705231ea8c212c44b288bc3cc742348a36a5b51ff27724d4a9c69d78797aac5b07bb1d
32 286 0 12 51 1 :866075d38e96d6bde488442ed1b8722bb7085b14b6c80da1dede8bd289a9d4acfae03b4bdba37bb784326c06632e405cba9dc4a674dea1683f61de8e6c608e27a486dbad8f59a7932f7fe92e6e411b359fabf3929280dbc66227d31392e7daa0b5d42092ed7ebf5ba2e82f68fd09522864e3dbc47f972f76529685a17c7c2b3a31d57f5c129bf9598a4d30982fa2a9e1e0d49434c6a90a4fe8648ed3f29733ddb16e8ca0fd51c85282a60e53875eed152f2c840517690f13444c060b1dd8e1ca17ce3541ba6397ee20704b4ce6a157f612ddb8a066055c934e9da22f39b66973b754ad88f6019feb393974b2d1d2fab5aacd39c63802155d8a16705231ea8c212c44b288bc3cc742348a36a5b51ff27724d4a9c69d78797aac5b07bb1db9
32 287 0 12 51 1 :866075d38e96d6bde488442ed1b8722bb7085b14b6c80da1dede8bd289a9d4acfae03b4bdba37bb784326c06632e405cba9dc4a674dea1683f61de8e6c608e27a486dbad8f59a7932f7fe92e6e411b359fabf3929280dbc66227d31392e7daa0b5d42092ed7ebf5ba2e82f68fd09522864e3dbc47f972f76529685a17c7c2b3a31d57f5c129bf9598a4d30982fa2a9e1e0d49434c6a90a4fe8648ed3f29733ddb16e8ca0fd51c85282a60e53875eed152f2c840517690f13444c060b1dd8e1ca17ce3541ba6397ee20704b4ce6a157f612ddb8a066055c934e9da22f39b66973b754ad88f6019feb393974b2d1d2fab5aacd39c63802155d8a16705231ea8c212c44b288bc3cc742348a36a5b51ff27724d4a9c69d78797aac5b07bb1db9df
32 288 0 12 52 1 :866075d38e96d6bde488442ed1b8722bb7085b14b6c80da1dede8bd289a9d4acfae03b4bdba37bb784326c06632e405cba9dc4a674dea1683f61de8e6c608e27a486dbad8f59a7932f7fe92e6e411b359fabf3929280dbc66227d31392e7daa0b5d42092ed7ebf5ba2e82f68fd09522864e3dbc47f972f76529685a17c7c2b3a31d57f5c129bf9598a4d30982fa2a9e1e0d49434c6a90a4fe8648ed3f29733ddb16e8ca0fd51c85282a60e53875eed152f2c840517690f13444c060b1dd8e1ca17ce3541ba6397ee20704b4ce6a157f612ddb8a066055c934e9da22f39b66973b754ad88f6019feb393974b2d1d2fab5aacd39c63802155d8a16705231ea8c212c44b288bc3cc742348a36a5b51ff27724d4a9c69d78797aac5b07bb1db9df67
32 289 0 12 51 1 :866075d38e96d6bde488442ed1b8722bb7085b14b6c80da1dede8bd289a9d4acfae03b4bdba37bb784326c06632e405cba9dc4a674dea1683f61de8e6c608e27a486dbad8f59a7932f7fe92e6e411b359fabf3929280dbc66227d31392e7daa0b5d42092ed7ebf5ba2e82f68fd09522864e3dbc47f972f76529685a17c7c2b3a31d57f5c129bf9598a4d30982fa2a9e1e0d49434c6a90a4fe8648ed3f29733ddb16e8ca0fd51c85282a60e53875eed152f2c840517690f13444c060b1dd8e1ca17ce3541ba6397ee20704b4ce6a157f612ddb8a066055c934e9da22f39b66973b754ad88f6019feb393974b2d1d2fab5aacd39c63802155d8a16705231ea8c212c44b288bc3cc742348a36a5b51ff27724d4a9c69d78797aac5b07bb1db9df6780
32 290 0 12 51 1 :866075d38e96d6bde488442ed1b8722bb7085b14b6c80da1dede8bd289a9d4acfae03b4bdba37bb784326c06632e405cba9dc4a674dea1683f61de8e6c608e27a486dbad8f59a7932f7fe92e6e411b359fabf3929280dbc66227d31392e7daa0b5d42092ed7ebf5ba2e82f68fd09522864e3dbc47f972f76529685a17c7c2b3a31d57f5c129bf9598a4d30982fa2a9e1e0d49434c6a90a4fe8648ed3f29733ddb16e8ca0fd51c85282a60e53875eed152f2c840517690f13444c060b1dd8e1ca17ce3541ba6397ee20704b4ce6a157f612ddb8a066055c934e9da22f39b66973b754ad88f6019feb393974b2d1d2fab5aacd39c63802155d8a16705231ea8c212c44b288bc3cc742348a36a5b51ff27724d4a9c69d78797aac5b07bb1db9df678096
32 291 0 12 74 1 :866075d38e96d6bde488442ed1b8722bb7085b14b6c80da1dede8bd289a9d4acfae03b4bdba37bb784326c06632e405cba9dc4a674dea1683f61de8e6c608e27a486dbad8f59a7932f7fe92e6e411b359fabf3929280dbc66227d31392e7daa0b5d42092ed7ebf5ba2e82f68fd09522864e3dbc47f972f76529685a17c7c2b3a31d57f5c129bf9598a4d30982fa2a9e1e0d49434c6a90a4fe8648ed3f29733ddb16e8ca0fd51c85282a60e53875eed152f2c840517690f13444c060b1dd8e1ca17ce3541ba6397ee20704b4ce6a157f612ddb8a066055c934e9da22f39b66973b754ad88f6019feb393974b2d1d2fab5aacd39c63802155d8a16705231ea8c212c44b288bc3cc742348a36a5b51ff27724d4a9c69d78797aac5b07bb1db9df678096fe
32 292 0 12 76 1 :866075d38e96d6bde488442ed1b8722bb7085b14b6c80da1dede8bd289a9d4acfae03b4bdba37bb784326c06632e405cba9dc4a674dea1683f61de8e6c608e27a486dbad8f59a7932f7fe92e6e411b359fabf3929280dbc66227d31392e7daa0b5d42092ed7ebf5ba2e82f68fd09522864e3dbc47f972f76529685a17c7c2b3a31d57f5c129bf9598a4d30982fa2a9e1e0d49434c6a90a4fe8648ed3f29733ddb16e8ca0fd51c85282a60e53875eed152f2c840517690f13444c060b1dd8e1ca17ce3541ba6397ee20704b4ce6a157f612ddb8a066055c934e9da22f39b66973b754ad88f6019feb393974b2d1d2fab5aacd39c63802155d8a16705231ea8c212c44b288bc3cc742348a36a5b51ff27724d4a9c69d78797aac5b07bb1db9df678096fea1
32 293 0 12 52 1 :866075d38e96d6bde488442ed1b8722bb7085b14b6c80da1dede8bd289a9d4acfae03b4bdba37bb784326c06632e405cba9dc4a674dea1683f61de8e6c608e27a486dbad8f59a7932f7fe92e6e411b359fabf3929280dbc66227d31392e7daa0b5d42092ed7ebf5ba2e82f68fd09522864e3dbc47f972f76529685a17c7c2b3a31d57f5c129bf9598a4d30982fa2a9e1e0d49434c6a90a4fe8648ed3f29733ddb16e8ca0fd51c85282a60e53875eed152f2c840517690f13444c060b1dd8e1ca17ce3541ba6397ee20704b4ce6a157f612ddb8a066055c934e9da22f39b66973b754ad88f6019feb393974b2d1d2fab5aacd39c63802155d8a16705231ea8c212c44b288bc3cc742348a36a5b51ff27724d4a9c69d78797aac5b07bb1db9df678096fea164
32 294 0 12 51 1 :866075d38e96d6bde488442ed1b8722bb7085b14b6c80da1dede8bd289a9d4acfae03b4bdba37bb784326c06632e405cba9dc4a674dea1683f61de8e6c608e27a486dbad8f59a7932f7fe92e6e411b359fabf3929280dbc66227d31392e7daa0b5d42092ed7ebf5ba2e82f68fd09522864e3dbc47f972f76529685a17c7c2b3a31d57f5c129bf9598a4d30982fa2a9e1e0d49434c6a90a4fe8648ed3f29733ddb16e8ca0fd51c85282a60e53875eed152f2c840517690f13444c060b1dd8e1ca17ce3541ba6397ee20704b4ce6a157f612ddb8a066055c934e9da22f39b66973b754ad88f6019feb393974b2d1d2fab5aacd39c63802155d8a16705231ea8c212c44b288bc3cc742348a36a5b51ff27724d4a9c69d78797aac5b07bb1db9df678096fea16427
32 295 0 12 51 1 :866075d38e96d6bde488442ed1b8722bb7085b14b6c80da1dede8bd289a9d4acfae03b4bdba37bb784326c06632e405cba9dc4a674dea1683f61de8e6c608e27a486dbad8f59a7932f7fe92e6e411b359fabf3929280dbc66227d31392e7daa0b5d42092ed7ebf5ba2e82f68fd09522864e3dbc47f972f76529685a17c7c2b3a31d57f5c129bf9598a4d30982fa2a9e1e0d49434c6a90a4fe8648ed3f29733ddb16e8ca0fd51c85282a60e53875eed152f2c840517690f13444c060b1dd8e1ca17ce3541ba6397ee20704b4ce6a157f612ddb8a066055c934e9da22f39b66973b754ad88f6019feb393974b2d1d2fab5aacd39c63802155d8a16705231ea8c212c44b288bc3cc742348a36a5b51ff27724d4a9c69d78797aac5b07bb1db9df678096fea1642713
32 296 0 12 51 1 :866075d38e96d6bde488442ed1b8722bb7085b14b6c80da1dede8bd289a9d4acfae03b4bdba37bb784326c06632e405cba9dc4a674dea1683f61de8e6c608e27a486dbad8f59a7932f7fe92e6e411b359fabf3929280dbc66227d31392e7daa0b5d42092ed7ebf5ba2e82f68fd09522864e3dbc47f972f76529685a17c7c2b3a31d57f5c129bf9598a4d30982fa2a9e1e0d49434c6a90a4fe8648ed3f29733ddb16e8ca0fd51c85282a60e53875eed152f2c840517690f13444c060b1dd8e1ca17ce3541ba6397ee20704b4ce6a157f612ddb8a066055c934e9da22f39b66973b754ad88f6019feb393974b2d1d2fab5aacd39c63802155d8a16705231ea8c212c44b288bc3cc742348a36a5b51ff27724d4a9c69d78797aac5b07bb1db9df678096fea16427132e
32 297 0 12 72 1 :866075d38e96d6bde488442ed1b8722bb7085b14b6c80da1dede8bd289a9d4acfae03b4bdba37bb784326c06632e405cba9dc4a674dea1683f61de8e6c608e27a486dbad8f59a7932f7fe92e6e411b359fabf3929280dbc66227d31392e7daa0b5d42092ed7ebf5ba2e82f68fd09522864e3dbc47f972f76529685a17c7c2b3a31d57f5c129bf9598a4d30982fa2a9e1e0d49434c6a90a4fe8648ed3f29733ddb16e8ca0fd51c85282a60e53875eed152f2c840517690f13444c060b1dd8e1ca17ce3541ba6397ee20704b4ce6a157f612ddb8a066055c934e9da22f39b66973b754ad88f6019feb393974b2d1d2fab5aacd39c63802155d8a16705231ea8c212c44b288bc3cc742348a36a5b51ff27724d4a9c69d78797aac5b07bb1db9df678096fea16427132eff
32 298 0 12 76 1 :866075d38e96d6bde488442ed1b8722bb7085b14b6c80da1dede8bd289a9d4acfae03b4bdba37bb784326c06632e405cba9dc4a674dea1683f61de8e6c608e27a486dbad8f59a7932f7fe92e6e411b359fabf3929280dbc66227d31392e7daa0b5d42092ed7ebf5ba2e82f68fd09522864e3dbc47f972f76529685a17c7c2b3a31d57f5c129bf9598a4d30982fa2a9e1e0d49434c6a90a4fe8648ed3f29733ddb16e8ca0fd51c85282a60e53875eed152f2c840517690f13444c060b1dd8e1ca17ce3541ba6397ee20704b4ce6a157f612ddb8a066055c934e9da22f39b66973b754ad88f6019feb393974b2d1d2fab5aacd39c63802155d8a16705231ea8c212c44b288bc3cc742348a36a5b51ff27724d4a9c69d78797aac5b07bb1db9df678096fea16427132eff7e
32 299 0 12 80 1 :866075d38e96d6bde488442ed1b8722bb7085b14b6c80da1dede8bd289a9d4acfae03b4bdba37bb784326c06632e405cba9dc4a674dea1683f61de8e6c608e27a486dbad8f59a7932f7fe92e6e411b359fabf3929280dbc66227d31392e7daa0b5d42092ed7ebf5ba2e82f68fd09522864e3dbc47f972f76529685a17c7c2b3a31d57f5c129bf9598a4d30982fa2a9e1e0d49434c6a90a4fe8648ed3f29733ddb16e8ca0fd51c85282a60e53875eed152f2c840517690f13444c060b1dd8e1ca17ce3541ba6397ee20704b4ce6a157f612ddb8a066055c934e9da22f39b66973b754ad88f6019feb393974b2d1d2fab5aacd39c63802155d8a16705231ea8c212c44b288bc3cc742348a36a5b51ff27724d4a9c69d78797aac5b07bb1db9df678096fea16427132eff7e1f
32 300 0 12 51 1 :866075d38e96d6bde488442ed1b8722bb7085b14b6c80da1dede8bd289a9d4acfae03b4bdba37bb784326c06632e405cba9dc4a674dea1683f61de8e6c608e27a486dbad8f59a7932f7fe92e6e411b359fabf3929280dbc66227d31392e7daa0b5d42092ed7ebf5ba2e82f68fd09522864e3dbc47f972f76529685a17c7c2b3a31d57f5c129bf9598a4d30982fa2a9e1e0d49434c6a90a4fe8648ed3f29733ddb16e8ca0fd51c85282a60e53875eed152f2c840517690f13444c060b1dd8e1ca17ce3541ba6397ee20704b4ce6a157f612ddb8a066055c934e9da22f39b66973b754ad88f6019feb393974b2d1d2fab5aacd39c63802155d8a16705231ea8c212c44b288bc3cc742348a36a5b51ff27724d4a9c69d78797aac5b07bb1db9df678096fea16427132eff7e1f3e
