32 1 10 1 64 9140 :4a
32 2 10 1 41 9076 :4a87
32 3 10 1 39 8976 :4a8795
32 4 10 1 39 9128 :4a8795e3
32 5 10 1 39 8976 :4a8795e3fd
32 6 10 1 39 9020 :4a8795e3fd71
32 7 10 1 39 8976 :4a8795e3fd7104
32 8 10 1 39 8976 :4a8795e3fd710465
32 9 10 1 39 8976 :4a8795e3fd710465a6
32 10 10 1 39 9140 :4a8795e3fd710465a643
32 11 10 1 39 8968 :4a8795e3fd710465a643dc
32 12 10 1 39 8976 :4a8795e3fd710465a643dce5
32 13 10 1 39 9012 :4a8795e3fd710465a643dce51d
32 14 10 1 39 9144 :4a8795e3fd710465a643dce51d9d
32 15 10 1 39 8976 :4a8795e3fd710465a643dce51d9d01
32 16 10 1 39 8976 :4a8795e3fd710465a643dce51d9d014d
32 17 10 1 39 8976 :4a8795e3fd710465a643dce51d9d014d7d
32 18 10 1 39 8976 :4a8795e3fd710465a643dce51d9d014d7d0b
32 19 10 1 39 9144 :4a8795e3fd710465a643dce51d9d014d7d0bdb
32 20 10 1 39 8976 :4a8795e3fd710465a643dce51d9d014d7d0bdb6d
32 21 10 1 39 9020 :4a8795e3fd710465a643dce51d9d014d7d0bdb6dba
32 22 10 1 39 8976 :4a8795e3fd710465a643dce51d9d014d7d0bdb6dba67
32 23 10 1 39 8976 :4a8795e3fd710465a643dce51d9d014d7d0bdb6dba675c
32 24 10 1 39 9120 :4a8795e3fd710465a643dce51d9d014d7d0bdb6dba675cde
32 25 10 1 39 8976 :4a8795e3fd710465a643dce51d9d014d7d0bdb6dba675cde41
32 26 10 1 39 8976 :4a8795e3fd710465a643dce51d9d014d7d0bdb6dba675cde4118
32 27 10 1 39 8996 :4a8795e3fd710465a643dce51d9d014d7d0bdb6dba675cde41183b
32 28 10 1 39 9036 :4a8795e3fd710465a643dce51d9d014d7d0bdb6dba675cde41183b77
32 29 10 1 39 8976 :4a8795e3fd710465a643dce51d9d014d7d0bdb6dba675cde41183b7783
32 30 10 1 39 8976 :4a8795e3fd710465a643dce51d9d014d7d0bdb6dba675cde41183b778398
32 31 10 1 39 8976 :4a8795e3fd710465a643dce51d9d014d7d0bdb6dba675cde41183b7783984b
32 32 10 1 39 9020 :4a8795e3fd710465a643dce51d9d014d7d0bdb6dba675cde41183b7783984ba0
32 33 10 1 39 9036 :4a8795e3fd710465a643dce51d9d014d7d0bdb6dba675cde41183b7783984ba072
32 34 10 1 39 9080 :4a8795e3fd710465a643dce51d9d014d7d0bdb6dba675cde41183b7783984ba0722e
32 35 10 1 39 9100 :4a8795e3fd710465a643dce51d9d014d7d0bdb6dba675cde41183b7783984ba0722eec
32 36 10 1 39 8976 :4a8795e3fd710465a643dce51d9d014d7d0bdb6dba675cde41183b7783984ba0722eecd8
32 37 10 1 39 8976 :4a8795e3fd710465a643dce51d9d014d7d0bdb6dba675cde41183b7783984ba0722eecd854
32 38 10 1 65 8976 :4a8795e3fd710465a643dce51d9d014d7d0bdb6dba675cde41183b7783984ba0722eecd85497
32 39 10 1 41 8976 :4a8795e3fd710465a643dce51d9d014d7d0bdb6dba675cde41183b7783984ba0722eecd85497dd
32 40 10 1 39 8980 :4a8795e3fd710465a643dce51d9d014d7d0bdb6dba675cde41183b7783984ba0722eecd85497dded
32 41 10 1 39 9012 :4a8795e3fd710465a643dce51d9d014d7d0bdb6dba675cde41183b7783984ba0722eecd85497ddedb6
32 42 10 1 39 9068 :4a8795e3fd710465a643dce51d9d014d7d0bdb6dba675cde41183b7783984ba0722eecd85497ddedb683
32 43 10 1 39 9140 :4a8795e3fd710465a643dce51d9d014d7d0bdb6dba675cde41183b7783984ba0722eecd85497ddedb683e7
32 44 10 1 39 9012 :4a8795e3fd710465a643dce51d9d014d7d0bdb6dba675cde41183b7783984ba0722eecd85497ddedb683e7ff
32 45 10 1 39 8976 :4a8795e3fd710465a643dce51d9d014d7d0bdb6dba675cde41183b7783984ba0722eecd85497ddedb683e7ffce
32 46 10 1 65 8980 :4a8795e3fd710465a643dce51d9d014d7d0bdb6dba675cde41183b7783984ba0722eecd85497ddedb683e7ffce70
32 47 10 1 41 9064 :4a8795e3fd710465a643dce51d9d014d7d0bdb6dba675cde41183b7783984ba0722eecd85497ddedb683e7ffce70a3
32 48 10 1 39 8976 :4a8795e3fd710465a643dce51d9d014d7d0bdb6dba675cde41183b7783984ba0722eecd85497ddedb683e7ffce70a30e
32 49 10 1 39 9100 :4a8795e3fd710465a643dce51d9d014d7d0bdb6dba675cde41183b7783984ba0722eecd85497ddedb683e7ffce70a30ecb
32 50 10 1 39 9100 :4a8795e3fd710465a643dce51d9d014d7d0bdb6dba675cde41183b7783984ba0722eecd85497ddedb683e7ffce70a30ecb51
32 51 10 1 39 8976 :4a8795e3fd710465a643dce51d9d014d7d0bdb6dba675cde41183b7783984ba0722eecd85497ddedb683e7ffce70a30ecb51e1
32 52 10 1 39 8976 :4a8795e3fd710465a643dce51d9d014d7d0bdb6dba675cde41183b7783984ba0722eecd85497ddedb683e7ffce70a30ecb51e1ab
32 53 10 1 39 8976 :4a8795e3fd710465a643dce51d9d014d7d0bdb6dba675cde41183b7783984ba0722eecd85497ddedb683e7ffce70a30ecb51e1ab97
32 54 10 1 39 9132 :4a8795e3fd710465a643dce51d9d014d7d0bdb6dba675cde41183b7783984ba0722eecd85497ddedb683e7ffce70a30ecb51e1ab9706
32 55 10 1 39 8980 :4a8795e3fd710465a643dce51d9d014d7d0bdb6dba675cde41183b7783984ba0722eecd85497ddedb683e7ffce70a30ecb51e1ab97063f
32 56 10 1 39 9076 :4a8795e3fd710465a643dce51d9d014d7d0bdb6dba675cde41183b7783984ba0722eecd85497ddedb683e7ffce70a30ecb51e1ab97063f68
32 57 10 1 39 9140 :4a8795e3fd710465a643dce51d9d014d7d0bdb6dba675cde41183b7783984ba0722eecd85497ddedb683e7ffce70a30ecb51e1ab97063f6867
32 58 10 1 39 8976 :4a8795e3fd710465a643dce51d9d014d7d0bdb6dba675cde41183b7783984ba0722eecd85497ddedb683e7ffce70a30ecb51e1ab97063f68670d
32 59 10 1 39 8976 :4a8795e3fd710465a643dce51d9d014d7d0bdb6dba675cde41183b7783984ba0722eecd85497ddedb683e7ffce70a30ecb51e1ab97063f68670d44
32 60 10 1 65 8960 :4a8795e3fd710465a643dce51d9d014d7d0bdb6dba675cde41183b7783984ba0722eecd85497ddedb683e7ffce70a30ecb51e1ab97063f68670d444f
32 61 10 1 41 8980 :4a8795e3fd710465a643dce51d9d014d7d0bdb6dba675cde41183b7783984ba0722eecd85497ddedb683e7ffce70a30ecb51e1ab97063f68670d444f5f
32 62 10 1 39 8920 :4a8795e3fd710465a643dce51d9d014d7d0bdb6dba675cde41183b7783984ba0722eecd85497ddedb683e7ffce70a30ecb51e1ab97063f68670d444f5f43
32 63 10 1 39 8980 :4a8795e3fd710465a643dce51d9d014d7d0bdb6dba675cde41183b7783984ba0722eecd85497ddedb683e7ffce70a30ecb51e1ab97063f68670d444f5f43df
32 64 10 1 39 8976 :4a8795e3fd710465a643dce51d9d014d7d0bdb6dba675cde41183b7783984ba0722eecd85497ddedb683e7ffce70a30ecb51e1ab97063f68670d444f5f43df81
32 65 10 1 39 9116 :4a8795e3fd710465a643dce51d9d014d7d0bdb6dba675cde41183b7783984ba0722eecd85497ddedb683e7ffce70a30ecb51e1ab97063f68670d444f5f43df81d5
32 66 10 1 39 9120 :4a8795e3fd710465a643dce51d9d014d7d0bdb6dba675cde41183b7783984ba0722eecd85497ddedb683e7ffce70a30ecb51e1ab97063f68670d444f5f43df81d527
32 67 10 1 39 8976 :4a8795e3fd710465a643dce51d9d014d7d0bdb6dba675cde41183b7783984ba0722eecd85497ddedb683e7ffce70a30ecb51e1ab97063f68670d444f5f43df81d52797
32 68 10 1 39 8976 :4a8795e3fd710465a643dce51d9d014d7d0bdb6dba675cde41183b7783984ba0722eecd85497ddedb683e7ffce70a30ecb51e1ab97063f68670d444f5f43df81d52797e3
32 69 10 1 39 8976 :4a8795e3fd710465a643dce51d9d014d7d0bdb6dba675cde41183b7783984ba0722eecd85497ddedb683e7ffce70a30ecb51e1ab97063f68670d444f5f43df81d52797e3f5
32 70 10 1 39 9104 :4a8795e3fd710465a643dce51d9d014d7d0bdb6dba675cde41183b7783984ba0722eecd85497ddedb683e7ffce70a30ecb51e1ab97063f68670d444f5f43df81d52797e3f54f
32 71 10 1 39 8972 :4a8795e3fd710465a643dce51d9d014d7d0bdb6dba675cde41183b7783984ba0722eecd85497ddedb683e7ffce70a30ecb51e1ab97063f68670d444f5f43df81d52797e3f54fbe
32 72 10 1 39 8972 :4a8795e3fd710465a643dce51d9d014d7d0bdb6dba675cde41183b7783984ba0722eecd85497ddedb683e7ffce70a30ecb51e1ab97063f68670d444f5f43df81d52797e3f54fbef7
32 73 10 1 39 8976 :4a8795e3fd710465a643dce51d9d014d7d0bdb6dba675cde41183b7783984ba0722eecd85497ddedb683e7ffce70a30ecb51e1ab97063f68670d444f5f43df81d52797e3f54fbef70b
32 74 10 1 39 8980 :4a8795e3fd710465a643dce51d9d014d7d0bdb6dba675cde41183b7783984ba0722eecd85497ddedb683e7ffce70a30ecb51e1ab97063f68670d444f5f43df81d52797e3f54fbef70b20
32 75 10 1 39 9020 :4a8795e3fd710465a643dce51d9d014d7d0bdb6dba675cde41183b7783984ba0722eecd85497ddedb683e7ffce70a30ecb51e1ab97063f68670d444f5f43df81d52797e3f54fbef70b202b
32 76 10 1 39 9040 :4a8795e3fd710465a643dce51d9d014d7d0bdb6dba675cde41183b7783984ba0722eecd85497ddedb683e7ffce70a30ecb51e1ab97063f68670d444f5f43df81d52797e3f54fbef70b202b00
32 77 10 1 39 8976 :4a8795e3fd710465a643dce51d9d014d7d0bdb6dba675cde41183b7783984ba0722eecd85497ddedb683e7ffce70a30ecb51e1ab97063f68670d444f5f43df81d52797e3f54fbef70b202b008b
32 78 10 1 39 8976 :4a8795e3fd710465a643dce51d9d014d7d0bdb6dba675cde41183b7783984ba0722eecd85497ddedb683e7ffce70a30ecb51e1ab97063f68670d444f5f43df81d52797e3f54fbef70b202b008b07
32 79 10 1 39 8976 :4a8795e3fd710465a643dce51d9d014d7d0bdb6dba675cde41183b7783984ba0722eecd85497ddedb683e7ffce70a30ecb51e1ab97063f68670d444f5f43df81d52797e3f54fbef70b202b008b0772
32 80 10 1 39 8972 :4a8795e3fd710465a643dce51d9d014d7d0bdb6dba675cde41183b7783984ba0722eecd85497ddedb683e7ffce70a30ecb51e1ab97063f68670d444f5f43df81d52797e3f54fbef70b202b008b0772fe
32 81 10 1 39 8972 :4a8795e3fd710465a643dce51d9d014d7d0bdb6dba675cde41183b7783984ba0722eecd85497ddedb683e7ffce70a30ecb51e1ab97063f68670d444f5f43df81d52797e3f54fbef70b202b008b0772fe8d
32 82 10 1 39 8968 :4a8795e3fd710465a643dce51d9d014d7d0bdb6dba675cde41183b7783984ba0722eecd85497ddedb683e7ffce70a30ecb51e1ab97063f68670d444f5f43df81d52797e3f54fbef70b202b008b0772fe8d1c
32 83 10 1 39 8976 :4a8795e3fd710465a643dce51d9d014d7d0bdb6dba675cde41183b7783984ba0722eecd85497ddedb683e7ffce70a30ecb51e1ab97063f68670d444f5f43df81d52797e3f54fbef70b202b008b0772fe8d1c86
32 84 10 1 39 8968 :4a8795e3fd710465a643dce51d9d014d7d0bdb6dba675cde41183b7783984ba0722eecd85497ddedb683e7ffce70a30ecb51e1ab97063f68670d444f5f43df81d52797e3f54fbef70b202b008b0772fe8d1c8673
32 85 10 1 39 8968 :4a8795e3fd710465a643dce51d9d014d7d0bdb6dba675cde41183b7783984ba0722eecd85497ddedb683e7ffce70a30ecb51e1ab97063f68670d444f5f43df81d52797e3f54fbef70b202b008b0772fe8d1c8673ea
32 86 10 1 39 9076 :4a8795e3fd710465a643dce51d9d014d7d0bdb6dba675cde41183b7783984ba0722eecd85497ddedb683e7ffce70a30ecb51e1ab97063f68670d444f5f43df81d52797e3f54fbef70b202b008b0772fe8d1c8673ea0c
32 87 10 1 39 9140 :4a8795e3fd710465a643dce51d9d014d7d0bdb6dba675cde41183b7783984ba0722eecd85497ddedb683e7ffce70a30ecb51e1ab97063f68670d444f5f43df81d52797e3f54fbef70b202b008b0772fe8d1c8673ea0c64
32 88 10 1 39 9116 :4a8795e3fd710465a643dce51d9d014d7d0bdb6dba675cde41183b7783984ba0722eecd85497ddedb683e7ffce70a30ecb51e1ab97063f68670d444f5f43df81d52797e3f54fbef70b202b008b0772fe8d1c8673ea0c643a
32 89 10 1 65 9140 :4a8795e3fd710465a643dce51d9d014d7d0bdb6dba675cde41183b7783984ba0722eecd85497ddedb683e7ffce70a30ecb51e1ab97063f68670d444f5f43df81d52797e3f54fbef70b202b008b0772fe8d1c8673ea0c643a03
32 90 10 1 41 9012 :4a8795e3fd710465a643dce51d9d014d7d0bdb6dba675cde41183b7783984ba0722eecd85497ddedb683e7ffce70a30ecb51e1ab97063f68670d444f5f43df81d52797e3f54fbef70b202b008b0772fe8d1c8673ea0c643a0375
32 91 10 1 39 8976 :4a8795e3fd710465a643dce51d9d014d7d0bdb6dba675cde41183b7783984ba0722eecd85497ddedb683e7ffce70a30ecb51e1ab97063f68670d444f5f43df81d52797e3f54fbef70b202b008b0772fe8d1c8673ea0c643a037544
32 92 10 1 65 9036 :4a8795e3fd710465a643dce51d9d014d7d0bdb6dba675cde41183b7783984ba0722eecd85497ddedb683e7ffce70a30ecb51e1ab97063f68670d444f5f43df81d52797e3f54fbef70b202b008b0772fe8d1c8673ea0c643a0375444d
32 93 10 1 41 9128 :4a8795e3fd710465a643dce51d9d014d7d0bdb6dba675cde41183b7783984ba0722eecd85497ddedb683e7ffce70a30ecb51e1ab97063f68670d444f5f43df81d52797e3f54fbef70b202b008b0772fe8d1c8673ea0c643a0375444d17
32 94 10 1 39 8980 :4a8795e3fd710465a643dce51d9d014d7d0bdb6dba675cde41183b7783984ba0722eecd85497ddedb683e7ffce70a30ecb51e1ab97063f68670d444f5f43df81d52797e3f54fbef70b202b008b0772fe8d1c8673ea0c643a0375444d1713
32 95 10 1 39 8976 :4a8795e3fd710465a643dce51d9d014d7d0bdb6dba675cde41183b7783984ba0722eecd85497ddedb683e7ffce70a30ecb51e1ab97063f68670d444f5f43df81d52797e3f54fbef70b202b008b0772fe8d1c8673ea0c643a0375444d17136a
32 96 10 1 39 8968 :4a8795e3fd710465a643dce51d9d014d7d0bdb6dba675cde41183b7783984ba0722eecd85497ddedb683e7ffce70a30ecb51e1ab97063f68670d444f5f43df81d52797e3f54fbef70b202b008b0772fe8d1c8673ea0c643a0375444d17136ad7
32 97 10 1 39 8920 :4a8795e3fd710465a643dce51d9d014d7d0bdb6dba675cde41183b7783984ba0722eecd85497ddedb683e7ffce70a30ecb51e1ab97063f68670d444f5f43df81d52797e3f54fbef70b202b008b0772fe8d1c8673ea0c643a0375444d17136ad724
32 98 10 1 39 8976 :4a8795e3fd710465a643dce51d9d014d7d0bdb6dba675cde41183b7783984ba0722eecd85497ddedb683e7ffce70a30ecb51e1ab97063f68670d444f5f43df81d52797e3f54fbef70b202b008b0772fe8d1c8673ea0c643a0375444d17136ad724d9
32 99 10 1 39 9012 :4a8795e3fd710465a643dce51d9d014d7d0bdb6dba675cde41183b7783984ba0722eecd85497ddedb683e7ffce70a30ecb51e1ab97063f68670d444f5f43df81d52797e3f54fbef70b202b008b0772fe8d1c8673ea0c643a0375444d17136ad724d94e
32 100 10 1 39 9076 :4a8795e3fd710465a643dce51d9d014d7d0bdb6dba675cde41183b7783984ba0722eecd85497ddedb683e7ffce70a30ecb51e1ab97063f68670d444f5f43df81d52797e3f54fbef70b202b008b0772fe8d1c8673ea0c643a0375444d17136ad724d94e7d
32 101 10 1 39 9076 :4a8795e3fd710465a643dce51d9d014d7d0bdb6dba675cde41183b7783984ba0722eecd85497ddedb683e7ffce70a30ecb51e1ab97063f68670d444f5f43df81d52797e3f54fbef70b202b008b0772fe8d1c8673ea0c643a0375444d17136ad724d94e7d02
32 102 10 1 39 9100 :4a8795e3fd710465a643dce51d9d014d7d0bdb6dba675cde41183b7783984ba0722eecd85497ddedb683e7ffce70a30ecb51e1ab97063f68670d444f5f43df81d52797e3f54fbef70b202b008b0772fe8d1c8673ea0c643a0375444d17136ad724d94e7d02a1
32 103 10 1 39 9080 :4a8795e3fd710465a643dce51d9d014d7d0bdb6dba675cde41183b7783984ba0722eecd85497ddedb683e7ffce70a30ecb51e1ab97063f68670d444f5f43df81d52797e3f54fbef70b202b008b0772fe8d1c8673ea0c643a0375444d17136ad724d94e7d02a125
32 104 10 1 39 9076 :4a8795e3fd710465a643dce51d9d014d7d0bdb6dba675cde41183b7783984ba0722eecd85497ddedb683e7ffce70a30ecb51e1ab97063f68670d444f5f43df81d52797e3f54fbef70b202b008b0772fe8d1c8673ea0c643a0375444d17136ad724d94e7d02a12557
32 105 10 1 39 9072 :4a8795e3fd710465a643dce51d9d014d7d0bdb6dba675cde41183b7783984ba0722eecd85497ddedb683e7ffce70a30ecb51e1ab97063f68670d444f5f43df81d52797e3f54fbef70b202b008b0772fe8d1c8673ea0c643a0375444d17136ad724d94e7d02a125577b
32 106 10 1 39 8980 :4a8795e3fd710465a643dce51d9d014d7d0bdb6dba675cde41183b7783984ba0722eecd85497ddedb683e7ffce70a30ecb51e1ab97063f68670d444f5f43df81d52797e3f54fbef70b202b008b0772fe8d1c8673ea0c643a0375444d17136ad724d94e7d02a125577b24
32 107 10 1 39 8968 :4a8795e3fd710465a643dce51d9d014d7d0bdb6dba675cde41183b7783984ba0722eecd85497ddedb683e7ffce70a30ecb51e1ab97063f68670d444f5f43df81d52797e3f54fbef70b202b008b0772fe8d1c8673ea0c643a0375444d17136ad724d94e7d02a125577b2455
32 108 10 1 39 8976 :4a8795e3fd710465a643dce51d9d014d7d0bdb6dba675cde41183b7783984ba0722eecd85497ddedb683e7ffce70a30ecb51e1ab97063f68670d444f5f43df81d52797e3f54fbef70b202b008b0772fe8d1c8673ea0c643a0375444d17136ad724d94e7d02a125577b2455e2
32 109 10 1 39 9080 :4a8795e3fd710465a643dce51d9d014d7d0bdb6dba675cde41183b7783984ba0722eecd85497ddedb683e7ffce70a30ecb51e1ab97063f68670d444f5f43df81d52797e3f54fbef70b202b008b0772fe8d1c8673ea0c643a0375444d17136ad724d94e7d02a125577b2455e275
32 110 10 1 39 8980 :4a8795e3fd710465a643dce51d9d014d7d0bdb6dba675cde41183b7783984ba0722eecd85497ddedb683e7ffce70a30ecb51e1ab97063f68670d444f5f43df81d52797e3f54fbef70b202b008b0772fe8d1c8673ea0c643a0375444d17136ad724d94e7d02a125577b2455e2753f
32 111 10 1 39 9140 :4a8795e3fd710465a643dce51d9d014d7d0bdb6dba675cde41183b7783984ba0722eecd85497ddedb683e7ffce70a30ecb51e1ab97063f68670d444f5f43df81d52797e3f54fbef70b202b008b0772fe8d1c8673ea0c643a0375444d17136ad724d94e7d02a125577b2455e2753f04
32 112 10 1 39 8980 :4a8795e3fd710465a643dce51d9d014d7d0bdb6dba675cde41183b7783984ba0722eecd85497ddedb683e7ffce70a30ecb51e1ab97063f68670d444f5f43df81d52797e3f54fbef70b202b008b0772fe8d1c8673ea0c643a0375444d17136ad724d94e7d02a125577b2455e2753f0435
32 113 10 1 39 9104 :4a8795e3fd710465a643dce51d9d014d7d0bdb6dba675cde41183b7783984ba0722eecd85497ddedb683e7ffce70a30ecb51e1ab97063f68670d444f5f43df81d52797e3f54fbef70b202b008b0772fe8d1c8673ea0c643a0375444d17136ad724d94e7d02a125577b2455e2753f0435a3
32 114 10 1 39 9104 :4a8795e3fd710465a643dce51d9d014d7d0bdb6dba675cde41183b7783984ba0722eecd85497ddedb683e7ffce70a30ecb51e1ab97063f68670d444f5f43df81d52797e3f54fbef70b202b008b0772fe8d1c8673ea0c643a0375444d17136ad724d94e7d02a125577b2455e2753f0435a3f6
32 115 10 1 39 8976 :4a8795e3fd710465a643dce51d9d014d7d0bdb6dba675cde41183b7783984ba0722eecd85497ddedb683e7ffce70a30ecb51e1ab97063f68670d444f5f43df81d52797e3f54fbef70b202b008b0772fe8d1c8673ea0c643a0375444d17136ad724d94e7d02a125577b2455e2753f0435a3f652
32 116 10 1 39 9100 :4a8795e3fd710465a643dce51d9d014d7d0bdb6dba675cde41183b7783984ba0722eecd85497ddedb683e7ffce70a30ecb51e1ab97063f68670d444f5f43df81d52797e3f54fbef70b202b008b0772fe8d1c8673ea0c643a0375444d17136ad724d94e7d02a125577b2455e2753f0435a3f652a6
32 117 10 1 39 8960 :4a8795e3fd710465a643dce51d9d014d7d0bdb6dba675cde41183b7783984ba0722eecd85497ddedb683e7ffce70a30ecb51e1ab97063f68670d444f5f43df81d52797e3f54fbef70b202b008b0772fe8d1c8673ea0c643a0375444d17136ad724d94e7d02a125577b2455e2753f0435a3f652a624
32 118 10 1 39 8980 :4a8795e3fd710465a643dce51d9d014d7d0bdb6dba675cde41183b7783984ba0722eecd85497ddedb683e7ffce70a30ecb51e1ab97063f68670d444f5f43df81d52797e3f54fbef70b202b008b0772fe8d1c8673ea0c643a0375444d17136ad724d94e7d02a125577b2455e2753f0435a3f652a62425
32 119 10 1 39 8968 :4a8795e3fd710465a643dce51d9d014d7d0bdb6dba675cde41183b7783984ba0722eecd85497ddedb683e7ffce70a30ecb51e1ab97063f68670d444f5f43df81d52797e3f54fbef70b202b008b0772fe8d1c8673ea0c643a0375444d17136ad724d94e7d02a125577b2455e2753f0435a3f652a6242546
32 120 10 1 39 8976 :4a8795e3fd710465a643dce51d9d014d7d0bdb6dba675cde41183b7783984ba0722eecd85497ddedb683e7ffce70a30ecb51e1ab97063f68670d444f5f43df81d52797e3f54fbef70b202b008b0772fe8d1c8673ea0c643a0375444d17136ad724d94e7d02a125577b2455e2753f0435a3f652a624254667
32 121 10 1 39 9068 :4a8795e3fd710465a643dce51d9d014d7d0bdb6dba675cde41183b7783984ba0722eecd85497ddedb683e7ffce70a30ecb51e1ab97063f68670d444f5f43df81d52797e3f54fbef70b202b008b0772fe8d1c8673ea0c643a0375444d17136ad724d94e7d02a125577b2455e2753f0435a3f652a6242546671f
32 122 10 1 39 9140 :4a8795e3fd710465a643dce51d9d014d7d0bdb6dba675cde41183b7783984ba0722eecd85497ddedb683e7ffce70a30ecb51e1ab97063f68670d444f5f43df81d52797e3f54fbef70b202b008b0772fe8d1c8673ea0c643a0375444d17136ad724d94e7d02a125577b2455e2753f0435a3f652a6242546671f81
32 123 10 1 39 8968 :4a8795e3fd710465a643dce51d9d014d7d0bdb6dba675cde41183b7783984ba0722eecd85497ddedb683e7ffce70a30ecb51e1ab97063f68670d444f5f43df81d52797e3f54fbef70b202b008b0772fe8d1c8673ea0c643a0375444d17136ad724d94e7d02a125577b2455e2753f0435a3f652a6242546671f819f
32 124 10 1 39 8976 :4a8795e3fd710465a643dce51d9d014d7d0bdb6dba675cde41183b7783984ba0722eecd85497ddedb683e7ffce70a30ecb51e1ab97063f68670d444f5f43df81d52797e3f54fbef70b202b008b0772fe8d1c8673ea0c643a0375444d17136ad724d94e7d02a125577b2455e2753f0435a3f652a6242546671f819f60
32 125 10 1 39 9020 :4a8795e3fd710465a643dce51d9d014d7d0bdb6dba675cde41183b7783984ba0722eecd85497ddedb683e7ffce70a30ecb51e1ab97063f68670d444f5f43df81d52797e3f54fbef70b202b008b0772fe8d1c8673ea0c643a0375444d17136ad724d94e7d02a125577b2455e2753f0435a3f652a6242546671f819f60f7
32 126 10 1 39 8976 :4a8795e3fd710465a643dce51d9d014d7d0bdb6dba675cde41183b7783984ba0722eecd85497ddedb683e7ffce70a30ecb51e1ab97063f68670d444f5f43df81d52797e3f54fbef70b202b008b0772fe8d1c8673ea0c643a0375444d17136ad724d94e7d02a125577b2455e2753f0435a3f652a6242546671f819f60f7b3
32 127 10 1 39 9068 :4a8795e3fd710465a643dce51d9d014d7d0bdb6dba675cde41183b7783984ba0722eecd85497ddedb683e7ffce70a30ecb51e1ab97063f68670d444f5f43df81d52797e3f54fbef70b202b008b0772fe8d1c8673ea0c643a0375444d17136ad724d94e7d02a125577b2455e2753f0435a3f652a6242546671f819f60f7b37e
32 128 10 1 39 9048 :4a8795e3fd710465a643dce51d9d014d7d0bdb6dba675cde41183b7783984ba0722eecd85497ddedb683e7ffce70a30ecb51e1ab97063f68670d444f5f43df81d52797e3f54fbef70b202b008b0772fe8d1c8673ea0c643a0375444d17136ad724d94e7d02a125577b2455e2753f0435a3f652a6242546671f819f60f7b37eb5
32 129 10 1 39 8976 :4a8795e3fd710465a643dce51d9d014d7d0bdb6dba675cde41183b7783984ba0722eecd85497ddedb683e7ffce70a30ecb51e1ab97063f68670d444f5f43df81d52797e3f54fbef70b202b008b0772fe8d1c8673ea0c643a0375444d17136ad724d94e7d02a125577b2455e2753f0435a3f652a6242546671f819f60f7b37eb5d7
32 130 10 1 39 9144 :4a8795e3fd710465a643dce51d9d014d7d0bdb6dba675cde41183b7783984ba0722eecd85497ddedb683e7ffce70a30ecb51e1ab97063f68670d444f5f43df81d52797e3f54fbef70b202b008b0772fe8d1c8673ea0c643a0375444d17136ad724d94e7d02a125577b2455e2753f0435a3f652a6242546671f819f60f7b37eb5d729
32 131 10 1 39 8972 :4a8795e3fd710465a643dce51d9d014d7d0bdb6dba675cde41183b7783984ba0722eecd85497ddedb683e7ffce70a30ecb51e1ab97063f68670d444f5f43df81d52797e3f54fbef70b202b008b0772fe8d1c8673ea0c643a0375444d17136ad724d94e7d02a125577b2455e2753f0435a3f652a6242546671f819f60f7b37eb5d7295f
32 132 10 1 39 8976 :4a8795e3fd710465a643dce51d9d014d7d0bdb6dba675cde41183b7783984ba0722eecd85497ddedb683e7ffce70a30ecb51e1ab97063f68670d444f5f43df81d52797e3f54fbef70b202b008b0772fe8d1c8673ea0c643a0375444d17136ad724d94e7d02a125577b2455e2753f0435a3f652a6242546671f819f60f7b37eb5d7295f2d
32 133 10 1 39 9100 :4a8795e3fd710465a643dce51d9d014d7d0bdb6dba675cde41183b7783984ba0722eecd85497ddedb683e7ffce70a30ecb51e1ab97063f68670d444f5f43df81d52797e3f54fbef70b202b008b0772fe8d1c8673ea0c643a0375444d17136ad724d94e7d02a125577b2455e2753f0435a3f652a6242546671f819f60f7b37eb5d7295f2d81
32 134 10 1 39 8980 :4a8795e3fd710465a643dce51d9d014d7d0bdb6dba675cde41183b7783984ba0722eecd85497ddedb683e7ffce70a30ecb51e1ab97063f68670d444f5f43df81d52797e3f54fbef70b202b008b0772fe8d1c8673ea0c643a0375444d17136ad724d94e7d02a125577b2455e2753f0435a3f652a6242546671f819f60f7b37eb5d7295f2d811c
32 135 10 1 39 8976 :4a8795e3fd710465a643dce51d9d014d7d0bdb6dba675cde41183b7783984ba0722eecd85497ddedb683e7ffce70a30ecb51e1ab97063f68670d444f5f43df81d52797e3f54fbef70b202b008b0772fe8d1c8673ea0c643a0375444d17136ad724d94e7d02a125577b2455e2753f0435a3f652a6242546671f819f60f7b37eb5d7295f2d811c67
32 136 10 1 39 8980 :4a8795e3fd710465a643dce51d9d014d7d0bdb6dba675cde41183b7783984ba0722eecd85497ddedb683e7ffce70a30ecb51e1ab97063f68670d444f5f43df81d52797e3f54fbef70b202b008b0772fe8d1c8673ea0c643a0375444d17136ad724d94e7d02a125577b2455e2753f0435a3f652a6242546671f819f60f7b37eb5d7295f2d811c6751
32 137 10 1 39 9140 :4a8795e3fd710465a643dce51d9d014d7d0bdb6dba675cde41183b7783984ba0722eecd85497ddedb683e7ffce70a30ecb51e1ab97063f68670d444f5f43df81d52797e3f54fbef70b202b008b0772fe8d1c8673ea0c643a0375444d17136ad724d94e7d02a125577b2455e2753f0435a3f652a6242546671f819f60f7b37eb5d7295f2d811c67514d
32 138 10 1 39 9016 :4a8795e3fd710465a643dce51d9d014d7d0bdb6dba675cde41183b7783984ba0722eecd85497ddedb683e7ffce70a30ecb51e1ab97063f68670d444f5f43df81d52797e3f54fbef70b202b008b0772fe8d1c8673ea0c643a0375444d17136ad724d94e7d02a125577b2455e2753f0435a3f652a6242546671f819f60f7b37eb5d7295f2d811c67514dba
32 139 10 1 39 8980 :4a8795e3fd710465a643dce51d9d014d7d0bdb6dba675cde41183b7783984ba0722eecd85497ddedb683e7ffce70a30ecb51e1ab97063f68670d444f5f43df81d52797e3f54fbef70b202b008b0772fe8d1c8673ea0c643a0375444d17136ad724d94e7d02a125577b2455e2753f0435a3f652a6242546671f819f60f7b37eb5d7295f2d811c67514dbaca
32 140 10 1 39 9100 :4a8795e3fd710465a643dce51d9d014d7d0bdb6dba675cde41183b7783984ba0722eecd85497ddedb683e7ffce70a30ecb51e1ab97063f68670d444f5f43df81d52797e3f54fbef70b202b008b0772fe8d1c8673ea0c643a0375444d17136ad724d94e7d02a125577b2455e2753f0435a3f652a6242546671f819f60f7b37eb5d7295f2d811c67514dbacab0
32 141 10 1 39 9116 :4a8795e3fd710465a643dce51d9d014d7d0bdb6dba675cde41183b7783984ba0722eecd85497ddedb683e7ffce70a30ecb51e1ab97063f68670d444f5f43df81d52797e3f54fbef70b202b008b0772fe8d1c8673ea0c643a0375444d17136ad724d94e7d02a125577b2455e2753f0435a3f652a6242546671f819f60f7b37eb5d7295f2d811c67514dbacab0f0
32 142 10 1 39 8976 :4a8795e3fd710465a643dce51d9d014d7d0bdb6dba675cde41183b7783984ba0722eecd85497ddedb683e7ffce70a30ecb51e1ab97063f68670d444f5f43df81d52797e3f54fbef70b202b008b0772fe8d1c8673ea0c643a0375444d17136ad724d94e7d02a125577b2455e2753f0435a3f652a6242546671f819f60f7b37eb5d7295f2d811c67514dbacab0f05c
32 143 10 1 39 9116 :4a8795e3fd710465a643dce51d9d014d7d0bdb6dba675cde41183b7783984ba0722eecd85497ddedb683e7ffce70a30ecb51e1ab97063f68670d444f5f43df81d52797e3f54fbef70b202b008b0772fe8d1c8673ea0c643a0375444d17136ad724d94e7d02a125577b2455e2753f0435a3f652a6242546671f819f60f7b37eb5d7295f2d811c67514dbacab0f05cb1
32 144 10 1 39 8976 :4a8795e3fd710465a643dce51d9d014d7d0bdb6dba675cde41183b7783984ba0722eecd85497ddedb683e7ffce70a30ecb51e1ab97063f68670d444f5f43df81d52797e3f54fbef70b202b008b0772fe8d1c8673ea0c643a0375444d17136ad724d94e7d02a125577b2455e2753f0435a3f652a6242546671f819f60f7b37eb5d7295f2d811c67514dbacab0f05cb1b9
32 145 10 1 39 9116 :4a8795e3fd710465a643dce51d9d014d7d0bdb6dba675cde41183b7783984ba0722eecd85497ddedb683e7ffce70a30ecb51e1ab97063f68670d444f5f43df81d52797e3f54fbef70b202b008b0772fe8d1c8673ea0c643a0375444d17136ad724d94e7d02a125577b2455e2753f0435a3f652a6242546671f819f60f7b37eb5d7295f2d811c67514dbacab0f05cb1b9f6
32 146 10 1 39 9036 :4a8795e3fd710465a643dce51d9d014d7d0bdb6dba675cde41183b7783984ba0722eecd85497ddedb683e7ffce70a30ecb51e1ab97063f68670d444f5f43df81d52797e3f54fbef70b202b008b0772fe8d1c8673ea0c643a0375444d17136ad724d94e7d02a125577b2455e2753f0435a3f652a6242546671f819f60f7b37eb5d7295f2d811c67514dbacab0f05cb1b9f609
32 147 10 1 39 9100 :4a8795e3fd710465a643dce51d9d014d7d0bdb6dba675cde41183b7783984ba0722eecd85497ddedb683e7ffce70a30ecb51e1ab97063f68670d444f5f43df81d52797e3f54fbef70b202b008b0772fe8d1c8673ea0c643a0375444d17136ad724d94e7d02a125577b2455e2753f0435a3f652a6242546671f819f60f7b37eb5d7295f2d811c67514dbacab0f05cb1b9f609d0
32 148 10 1 39 9068 :4a8795e3fd710465a643dce51d9d014d7d0bdb6dba675cde41183b7783984ba0722eecd85497ddedb683e7ffce70a30ecb51e1ab97063f68670d444f5f43df81d52797e3f54fbef70b202b008b0772fe8d1c8673ea0c643a0375444d17136ad724d94e7d02a125577b2455e2753f0435a3f652a6242546671f819f60f7b37eb5d7295f2d811c67514dbacab0f05cb1b9f609d000
32 149 10 1 39 9104 :4a8795e3fd710465a643dce51d9d014d7d0bdb6dba675cde41183b7783984ba0722eecd85497ddedb683e7ffce70a30ecb51e1ab97063f68670d444f5f43df81d52797e3f54fbef70b202b008b0772fe8d1c8673ea0c643a0375444d17136ad724d94e7d02a125577b2455e2753f0435a3f652a6242546671f819f60f7b37eb5d7295f2d811c67514dbacab0f05cb1b9f609d000a0
32 150 10 1 39 8976 :4a8795e3fd710465a643dce51d9d014d7d0bdb6dba675cde41183b7783984ba0722eecd85497ddedb683e7ffce70a30ecb51e1ab97063f68670d444f5f43df81d52797e3f54fbef70b202b008b0772fe8d1c8673ea0c643a0375444d17136ad724d94e7d02a125577b2455e2753f0435a3f652a6242546671f819f60f7b37eb5d7295f2d811c67514dbacab0f05cb1b9f609d000a05f
32 151 10 1 39 8976 :4a8795e3fd710465a643dce51d9d014d7d0bdb6dba675cde41183b7783984ba0722eecd85497ddedb683e7ffce70a30ecb51e1ab97063f68670d444f5f43df81d52797e3f54fbef70b202b008b0772fe8d1c8673ea0c643a0375444d17136ad724d94e7d02a125577b2455e2753f0435a3f652a6242546671f819f60f7b37eb5d7295f2d811c67514dbacab0f05cb1b9f609d000a05f5b
32 152 10 1 39 8976 :4a8795e3fd710465a643dce51d9d014d7d0bdb6dba675cde41183b7783984ba0722eecd85497ddedb683e7ffce70a30ecb51e1ab97063f68670d444f5f43df81d52797e3f54fbef70b202b008b0772fe8d1c8673ea0c643a0375444d17136ad724d94e7d02a125577b2455e2753f0435a3f652a6242546671f819f60f7b37eb5d7295f2d811c67514dbacab0f05cb1b9f609d000a05f5b35
32 153 10 1 39 9140 :4a8795e3fd710465a643dce51d9d014d7d0bdb6dba675cde41183b7783984ba0722eecd85497ddedb683e7ffce70a30ecb51e1ab97063f68670d444f5f43df81d52797e3f54fbef70b202b008b0772fe8d1c8673ea0c643a0375444d17136ad724d94e7d02a125577b2455e2753f0435a3f652a6242546671f819f60f7b37eb5d7295f2d811c67514dbacab0f05cb1b9f609d000a05f5b3582
32 154 10 1 39 8976 :4a8795e3fd710465a643dce51d9d014d7d0bdb6dba675cde41183b7783984ba0722eecd85497ddedb683e7ffce70a30ecb51e1ab97063f68670d444f5f43df81d52797e3f54fbef70b202b008b0772fe8d1c8673ea0c643a0375444d17136ad724d94e7d02a125577b2455e2753f0435a3f652a6242546671f819f60f7b37eb5d7295f2d811c67514dbacab0f05cb1b9f609d000a05f5b358245
32 155 10 1 39 9020 :4a8795e3fd710465a643dce51d9d014d7d0bdb6dba675cde41183b7783984ba0722eecd85497ddedb683e7ffce70a30ecb51e1ab97063f68670d444f5f43df81d52797e3f54fbef70b202b008b0772fe8d1c8673ea0c643a0375444d17136ad724d94e7d02a125577b2455e2753f0435a3f652a6242546671f819f60f7b37eb5d7295f2d811c67514dbacab0f05cb1b9f609d000a05f5b358245fe
32 156 10 1 39 8976 :4a8795e3fd710465a643dce51d9d014d7d0bdb6dba675cde41183b7783984ba0722eecd85497ddedb683e7ffce70a30ecb51e1ab97063f68670d444f5f43df81d52797e3f54fbef70b202b008b0772fe8d1c8673ea0c643a0375444d17136ad724d94e7d02a125577b2455e2753f0435a3f652a6242546671f819f60f7b37eb5d7295f2d811c67514dbacab0f05cb1b9f609d000a05f5b358245fea2
32 157 10 1 39 9040 :4a8795e3fd710465a643dce51d9d014d7d0bdb6dba675cde41183b7783984ba0722eecd85497ddedb683e7ffce70a30ecb51e1ab97063f68670d444f5f43df81d52797e3f54fbef70b202b008b0772fe8d1c8673ea0c643a0375444d17136ad724d94e7d02a125577b2455e2753f0435a3f652a6242546671f819f60f7b37eb5d7295f2d811c67514dbacab0f05cb1b9f609d000a05f5b358245fea281
32 158 10 1 39 9100 :4a8795e3fd710465a643dce51d9d014d7d0bdb6dba675cde41183b7783984ba0722eecd85497ddedb683e7ffce70a30ecb51e1ab97063f68670d444f5f43df81d52797e3f54fbef70b202b008b0772fe8d1c8673ea0c643a0375444d17136ad724d94e7d02a125577b2455e2753f0435a3f652a6242546671f819f60f7b37eb5d7295f2d811c67514dbacab0f05cb1b9f609d000a05f5b358245fea281bf
32 159 10 1 39 9128 :4a8795e3fd710465a643dce51d9d014d7d0bdb6dba675cde41183b7783984ba0722eecd85497ddedb683e7ffce70a30ecb51e1ab97063f68670d444f5f43df81d52797e3f54fbef70b202b008b0772fe8d1c8673ea0c643a0375444d17136ad724d94e7d02a125577b2455e2753f0435a3f652a6242546671f819f60f7b37eb5d7295f2d811c67514dbacab0f05cb1b9f609d000a05f5b358245fea281bf0f
32 160 10 1 39 9116 :4a8795e3fd710465a643dce51d9d014d7d0bdb6dba675cde41183b7783984ba0722eecd85497ddedb683e7ffce70a30ecb51e1ab97063f68670d444f5f43df81d52797e3f54fbef70b202b008b0772fe8d1c8673ea0c643a0375444d17136ad724d94e7d02a125577b2455e2753f0435a3f652a6242546671f819f60f7b37eb5d7295f2d811c67514dbacab0f05cb1b9f609d000a05f5b358245fea281bf0fc4
32 161 10 1 39 9020 :4a8795e3fd710465a643dce51d9d014d7d0bdb6dba675cde41183b7783984ba0722eecd85497ddedb683e7ffce70a30ecb51e1ab97063f68670d444f5f43df81d52797e3f54fbef70b202b008b0772fe8d1c8673ea0c643a0375444d17136ad724d94e7d02a125577b2455e2753f0435a3f652a6242546671f819f60f7b37eb5d7295f2d811c67514dbacab0f05cb1b9f609d000a05f5b358245fea281bf0fc46e
32 162 10 1 39 8972 :4a8795e3fd710465a643dce51d9d014d7d0bdb6dba675cde41183b7783984ba0722eecd85497ddedb683e7ffce70a30ecb51e1ab97063f68670d444f5f43df81d52797e3f54fbef70b202b008b0772fe8d1c8673ea0c643a0375444d17136ad724d94e7d02a125577b2455e2753f0435a3f652a6242546671f819f60f7b37eb5d7295f2d811c67514dbacab0f05cb1b9f609d000a05f5b358245fea281bf0fc46ec8
32 163 10 1 39 8976 :4a8795e3fd710465a643dce51d9d014d7d0bdb6dba675cde41183b7783984ba0722eecd85497ddedb683e7ffce70a30ecb51e1ab97063f68670d444f5f43df81d52797e3f54fbef70b202b008b0772fe8d1c8673ea0c643a0375444d17136ad724d94e7d02a125577b2455e2753f0435a3f652a6242546671f819f60f7b37eb5d7295f2d811c67514dbacab0f05cb1b9f609d000a05f5b358245fea281bf0fc46ec808
32 164 10 1 39 9140 :4a8795e3fd710465a643dce51d9d014d7d0bdb6dba675cde41183b7783984ba0722eecd85497ddedb683e7ffce70a30ecb51e1ab97063f68670d444f5f43df81d52797e3f54fbef70b202b008b0772fe8d1c8673ea0c643a0375444d17136ad724d94e7d02a125577b2455e2753f0435a3f652a6242546671f819f60f7b37eb5d7295f2d811c67514dbacab0f05cb1b9f609d000a05f5b358245fea281bf0fc46ec80857
32 165 10 1 65 9116 :4a8795e3fd710465a643dce51d9d014d7d0bdb6dba675cde41183b7783984ba0722eecd85497ddedb683e7ffce70a30ecb51e1ab97063f68670d444f5f43df81d52797e3f54fbef70b202b008b0772fe8d1c8673ea0c643a0375444d17136ad724d94e7d02a125577b2455e2753f0435a3f652a6242546671f819f60f7b37eb5d7295f2d811c67514dbacab0f05cb1b9f609d000a05f5b358245fea281bf0fc46ec80857e8
32 166 10 1 41 8976 :4a8795e3fd710465a643dce51d9d014d7d0bdb6dba675cde41183b7783984ba0722eecd85497ddedb683e7ffce70a30ecb51e1ab97063f68670d444f5f43df81d52797e3f54fbef70b202b008b0772fe8d1c8673ea0c643a0375444d17136ad724d94e7d02a125577b2455e2753f0435a3f652a6242546671f819f60f7b37eb5d7295f2d811c67514dbacab0f05cb1b9f609d000a05f5b358245fea281bf0fc46ec80857e814
32 167 10 1 39 8976 :4a8795e3fd710465a643dce51d9d014d7d0bdb6dba675cde41183b7783984ba0722eecd85497ddedb683e7ffce70a30ecb51e1ab97063f68670d444f5f43df81d52797e3f54fbef70b202b008b0772fe8d1c8673ea0c643a0375444d17136ad724d94e7d02a125577b2455e2753f0435a3f652a6242546671f819f60f7b37eb5d7295f2d811c67514dbacab0f05cb1b9f609d000a05f5b358245fea281bf0fc46ec80857e814dc
32 168 10 1 39 8976 :4a8795e3fd710465a643dce51d9d014d7d0bdb6dba675cde41183b7783984ba0722eecd85497ddedb683e7ffce70a30ecb51e1ab97063f68670d444f5f43df81d52797e3f54fbef70b202b008b0772fe8d1c8673ea0c643a0375444d17136ad724d94e7d02a125577b2455e2753f0435a3f652a6242546671f819f60f7b37eb5d7295f2d811c67514dbacab0f05cb1b9f609d000a05f5b358245fea281bf0fc46ec80857e814dc7f
32 169 10 1 39 9020 :4a8795e3fd710465a643dce51d9d014d7d0bdb6dba675cde41183b7783984ba0722eecd85497ddedb683e7ffce70a30ecb51e1ab97063f68670d444f5f43df81d52797e3f54fbef70b202b008b0772fe8d1c8673ea0c643a0375444d17136ad724d94e7d02a125577b2455e2753f0435a3f652a6242546671f819f60f7b37eb5d7295f2d811c67514dbacab0f05cb1b9f609d000a05f5b358245fea281bf0fc46ec80857e814dc7fea
32 170 10 1 39 9036 :4a8795e3fd710465a643dce51d9d014d7d0bdb6dba675cde41183b7783984ba0722eecd85497ddedb683e7ffce70a30ecb51e1ab97063f68670d444f5f43df81d52797e3f54fbef70b202b008b0772fe8d1c8673ea0c643a0375444d17136ad724d94e7d02a125577b2455e2753f0435a3f652a6242546671f819f60f7b37eb5d7295f2d811c67514dbacab0f05cb1b9f609d000a05f5b358245fea281bf0fc46ec80857e814dc7fea09
32 171 10 1 39 8976 :4a8795e3fd710465a643dce51d9d014d7d0bdb6dba675cde41183b7783984ba0722eecd85497ddedb683e7ffce70a30ecb51e1ab97063f68670d444f5f43df81d52797e3f54fbef70b202b008b0772fe8d1c8673ea0c643a0375444d17136ad724d94e7d02a125577b2455e2753f0435a3f652a6242546671f819f60f7b37eb5d7295f2d811c67514dbacab0f05cb1b9f609d000a05f5b358245fea281bf0fc46ec80857e814dc7fea09db
32 172 10 1 39 9068 :4a8795e3fd710465a643dce51d9d014d7d0bdb6dba675cde41183b7783984ba0722eecd85497ddedb683e7ffce70a30ecb51e1ab97063f68670d444f5f43df81d52797e3f54fbef70b202b008b0772fe8d1c8673ea0c643a0375444d17136ad724d94e7d02a125577b2455e2753f0435a3f652a6242546671f819f60f7b37eb5d7295f2d811c67514dbacab0f05cb1b9f609d000a05f5b358245fea281bf0fc46ec80857e814dc7fea09dbc0
32 173 10 1 39 8924 :4a8795e3fd710465a643dce51d9d014d7d0bdb6dba675cde41183b7783984ba0722eecd85497ddedb683e7ffce70a30ecb51e1ab97063f68670d444f5f43df81d52797e3f54fbef70b202b008b0772fe8d1c8673ea0c643a0375444d17136ad724d94e7d02a125577b2455e2753f0435a3f652a6242546671f819f60f7b37eb5d7295f2d811c67514dbacab0f05cb1b9f609d000a05f5b358245fea281bf0fc46ec80857e814dc7fea09dbc04a
32 174 10 1 39 8956 :4a8795e3fd710465a643dce51d9d014d7d0bdb6dba675cde41183b7783984ba0722eecd85497ddedb683e7ffce70a30ecb51e1ab97063f68670d444f5f43df81d52797e3f54fbef70b202b008b0772fe8d1c8673ea0c643a0375444d17136ad724d94e7d02a125577b2455e2753f0435a3f652a6242546671f819f60f7b37eb5d7295f2d811c67514dbacab0f05cb1b9f609d000a05f5b358245fea281bf0fc46ec80857e814dc7fea09dbc04a85
32 175 10 1 39 8976 :4a8795e3fd710465a643dce51d9d014d7d0bdb6dba675cde41183b7783984ba0722eecd85497ddedb683e7ffce70a30ecb51e1ab97063f68670d444f5f43df81d52797e3f54fbef70b202b008b0772fe8d1c8673ea0c643a0375444d17136ad724d94e7d02a125577b2455e2753f0435a3f652a6242546671f819f60f7b37eb5d7295f2d811c67514dbacab0f05cb1b9f609d000a05f5b358245fea281bf0fc46ec80857e814dc7fea09dbc04a85e9
32 176 10 1 39 8980 :4a8795e3fd710465a643dce51d9d014d7d0bdb6dba675cde41183b7783984ba0722eecd85497ddedb683e7ffce70a30ecb51e1ab97063f68670d444f5f43df81d52797e3f54fbef70b202b008b0772fe8d1c8673ea0c643a0375444d17136ad724d94e7d02a125577b2455e2753f0435a3f652a6242546671f819f60f7b37eb5d7295f2d811c67514dbacab0f05cb1b9f609d000a05f5b358245fea281bf0fc46ec80857e814dc7fea09dbc04a85e93d
32 177 10 1 39 9012 :4a8795e3fd710465a643dce51d9d014d7d0bdb6dba675cde41183b7783984ba0722eecd85497ddedb683e7ffce70a30ecb51e1ab97063f68670d444f5f43df81d52797e3f54fbef70b202b008b0772fe8d1c8673ea0c643a0375444d17136ad724d94e7d02a125577b2455e2753f0435a3f652a6242546671f819f60f7b37eb5d7295f2d811c67514dbacab0f05cb1b9f609d000a05f5b358245fea281bf0fc46ec80857e814dc7fea09dbc04a85e93d11
32 178 10 1 39 9140 :4a8795e3fd710465a643dce51d9d014d7d0bdb6dba675cde41183b7783984ba0722eecd85497ddedb683e7ffce70a30ecb51e1ab97063f68670d444f5f43df81d52797e3f54fbef70b202b008b0772fe8d1c8673ea0c643a0375444d17136ad724d94e7d02a125577b2455e2753f0435a3f652a6242546671f819f60f7b37eb5d7295f2d811c67514dbacab0f05cb1b9f609d000a05f5b358245fea281bf0fc46ec80857e814dc7fea09dbc04a85e93d1180
32 179 10 1 39 8976 :4a8795e3fd710465a643dce51d9d014d7d0bdb6dba675cde41183b7783984ba0722eecd85497ddedb683e7ffce70a30ecb51e1ab97063f68670d444f5f43df81d52797e3f54fbef70b202b008b0772fe8d1c8673ea0c643a0375444d17136ad724d94e7d02a125577b2455e2753f0435a3f652a6242546671f819f60f7b37eb5d7295f2d811c67514dbacab0f05cb1b9f609d000a05f5b358245fea281bf0fc46ec80857e814dc7fea09dbc04a85e93d1180a9
32 180 10 1 65 8976 :4a8795e3fd710465a643dce51d9d014d7d0bdb6dba675cde41183b7783984ba0722eecd85497ddedb683e7ffce70a30ecb51e1ab97063f68670d444f5f43df81d52797e3f54fbef70b202b008b0772fe8d1c8673ea0c643a0375444d17136ad724d94e7d02a125577b2455e2753f0435a3f652a6242546671f819f60f7b37eb5d7295f2d811c67514dbacab0f05cb1b9f609d000a05f5b358245fea281bf0fc46ec80857e814dc7fea09dbc04a85e93d1180a92c
32 181 10 1 41 8976 :4a8795e3fd710465a643dce51d9d014d7d0bdb6dba675cde41183b7783984ba0722eecd85497ddedb683e7ffce70a30ecb51e1ab97063f68670d444f5f43df81d52797e3f54fbef70b202b008b0772fe8d1c8673ea0c643a0375444d17136ad724d94e7d02a125577b2455e2753f0435a3f652a6242546671f819f60f7b37eb5d7295f2d811c67514dbacab0f05cb1b9f609d000a05f5b358245fea281bf0fc46ec80857e814dc7fea09dbc04a85e93d1180a92c0b
32 182 10 1 39 8976 :4a8795e3fd710465a643dce51d9d014d7d0bdb6dba675cde41183b7783984ba0722eecd85497ddedb683e7ffce70a30ecb51e1ab97063f68670d444f5f43df81d52797e3f54fbef70b202b008b0772fe8d1c8673ea0c643a0375444d17136ad724d94e7d02a125577b2455e2753f0435a3f652a6242546671f819f60f7b37eb5d7295f2d811c67514dbacab0f05cb1b9f609d000a05f5b358245fea281bf0fc46ec80857e814dc7fea09dbc04a85e93d1180a92c0bf7
32 183 10 1 39 9024 :4a8795e3fd710465a643dce51d9d014d7d0bdb6dba675cde41183b7783984ba0722eecd85497ddedb683e7ffce70a30ecb51e1ab97063f68670d444f5f43df81d52797e3f54fbef70b202b008b0772fe8d1c8673ea0c643a0375444d17136ad724d94e7d02a125577b2455e2753f0435a3f652a6242546671f819f60f7b37eb5d7295f2d811c67514dbacab0f05cb1b9f609d000a05f5b358245fea281bf0fc46ec80857e814dc7fea09dbc04a85e93d1180a92c0bf73f
32 184 10 1 39 9020 :4a8795e3fd710465a643dce51d9d014d7d0bdb6dba675cde41183b7783984ba0722eecd85497ddedb683e7ffce70a30ecb51e1ab97063f68670d444f5f43df81d52797e3f54fbef70b202b008b0772fe8d1c8673ea0c643a0375444d17136ad724d94e7d02a125577b2455e2753f0435a3f652a6242546671f819f60f7b37eb5d7295f2d811c67514dbacab0f05cb1b9f609d000a05f5b358245fea281bf0fc46ec80857e814dc7fea09dbc04a85e93d1180a92c0bf73f54
32 185 10 1 39 9100 :4a8795e3fd710465a643dce51d9d014d7d0bdb6dba675cde41183b7783984ba0722eecd85497ddedb683e7ffce70a30ecb51e1ab97063f68670d444f5f43df81d52797e3f54fbef70b202b008b0772fe8d1c8673ea0c643a0375444d17136ad724d94e7d02a125577b2455e2753f0435a3f652a6242546671f819f60f7b37eb5d7295f2d811c67514dbacab0f05cb1b9f609d000a05f5b358245fea281bf0fc46ec80857e814dc7fea09dbc04a85e93d1180a92c0bf73f549c
32 186 10 1 39 9036 :4a8795e3fd710465a643dce51d9d014d7d0bdb6dba675cde41183b7783984ba0722eecd85497ddedb683e7ffce70a30ecb51e1ab97063f68670d444f5f43df81d52797e3f54fbef70b202b008b0772fe8d1c8673ea0c643a0375444d17136ad724d94e7d02a125577b2455e2753f0435a3f652a6242546671f819f60f7b37eb5d7295f2d811c67514dbacab0f05cb1b9f609d000a05f5b358245fea281bf0fc46ec80857e814dc7fea09dbc04a85e93d1180a92c0bf73f549cb3
32 187 10 1 39 8976 :4a8795e3fd710465a643dce51d9d014d7d0bdb6dba675cde41183b7783984ba0722eecd85497ddedb683e7ffce70a30ecb51e1ab97063f68670d444f5f43df81d52797e3f54fbef70b202b008b0772fe8d1c8673ea0c643a0375444d17136ad724d94e7d02a125577b2455e2753f0435a3f652a6242546671f819f60f7b37eb5d7295f2d811c67514dbacab0f05cb1b9f609d000a05f5b358245fea281bf0fc46ec80857e814dc7fea09dbc04a85e93d1180a92c0bf73f549cb3e5
32 188 10 1 39 9036 :4a8795e3fd710465a643dce51d9d014d7d0bdb6dba675cde41183b7783984ba0722eecd85497ddedb683e7ffce70a30ecb51e1ab97063f68670d444f5f43df81d52797e3f54fbef70b202b008b0772fe8d1c8673ea0c643a0375444d17136ad724d94e7d02a125577b2455e2753f0435a3f652a6242546671f819f60f7b37eb5d7295f2d811c67514dbacab0f05cb1b9f609d000a05f5b358245fea281bf0fc46ec80857e814dc7fea09dbc04a85e93d1180a92c0bf73f549cb3e5ad
32 189 10 1 39 8968 :4a8795e3fd710465a643dce51d9d014d7d0bdb6dba675cde41183b7783984ba0722eecd85497ddedb683e7ffce70a30ecb51e1ab97063f68670d444f5f43df81d52797e3f54fbef70b202b008b0772fe8d1c8673ea0c643a0375444d17136ad724d94e7d02a125577b2455e2753f0435a3f652a6242546671f819f60f7b37eb5d7295f2d811c67514dbacab0f05cb1b9f609d000a05f5b358245fea281bf0fc46ec80857e814dc7fea09dbc04a85e93d1180a92c0bf73f549cb3e5ad21
32 190 10 1 39 9020 :4a8795e3fd710465a643dce51d9d014d7d0bdb6dba675cde41183b7783984ba0722eecd85497ddedb683e7ffce70a30ecb51e1ab97063f68670d444f5f43df81d52797e3f54fbef70b202b008b0772fe8d1c8673ea0c643a0375444d17136ad724d94e7d02a125577b2455e2753f0435a3f652a6242546671f819f60f7b37eb5d7295f2d811c67514dbacab0f05cb1b9f609d000a05f5b358245fea281bf0fc46ec80857e814dc7fea09dbc04a85e93d1180a92c0bf73f549cb3e5ad21e7
32 191 10 1 39 9020 :4a8795e3fd710465a643dce51d9d014d7d0bdb6dba675cde41183b7783984ba0722eecd85497ddedb683e7ffce70a30ecb51e1ab97063f68670d444f5f43df81d52797e3f54fbef70b202b008b0772fe8d1c8673ea0c643a0375444d17136ad724d94e7d02a125577b2455e2753f0435a3f652a6242546671f819f60f7b37eb5d7295f2d811c67514dbacab0f05cb1b9f609d000a05f5b358245fea281bf0fc46ec80857e814dc7fea09dbc04a85e93d1180a92c0bf73f549cb3e5ad21e71c
32 192 10 1 65 9144 :4a8795e3fd710465a643dce51d9d014d7d0bdb6dba675cde41183b7783984ba0722eecd85497ddedb683e7ffce70a30ecb51e1ab97063f68670d444f5f43df81d52797e3f54fbef70b202b008b0772fe8d1c8673ea0c643a0375444d17136ad724d94e7d02a125577b2455e2753f0435a3f652a6242546671f819f60f7b37eb5d7295f2d811c67514dbacab0f05cb1b9f609d000a05f5b358245fea281bf0fc46ec80857e814dc7fea09dbc04a85e93d1180a92c0bf73f549cb3e5ad21e71cf9
32 193 10 1 64 9036 :4a8795e3fd710465a643dce51d9d014d7d0bdb6dba675cde41183b7783984ba0722eecd85497ddedb683e7ffce70a30ecb51e1ab97063f68670d444f5f43df81d52797e3f54fbef70b202b008b0772fe8d1c8673ea0c643a0375444d17136ad724d94e7d02a125577b2455e2753f0435a3f652a6242546671f819f60f7b37eb5d7295f2d811c67514dbacab0f05cb1b9f609d000a05f5b358245fea281bf0fc46ec80857e814dc7fea09dbc04a85e93d1180a92c0bf73f549cb3e5ad21e71cf9c0
32 194 10 1 41 9100 :4a8795e3fd710465a643dce51d9d014d7d0bdb6dba675cde41183b7783984ba0722eecd85497ddedb683e7ffce70a30ecb51e1ab97063f68670d444f5f43df81d52797e3f54fbef70b202b008b0772fe8d1c8673ea0c643a0375444d17136ad724d94e7d02a125577b2455e2753f0435a3f652a6242546671f819f60f7b37eb5d7295f2d811c67514dbacab0f05cb1b9f609d000a05f5b358245fea281bf0fc46ec80857e814dc7fea09dbc04a85e93d1180a92c0bf73f549cb3e5ad21e71cf9c03a
32 195 10 1 39 8976 :4a8795e3fd710465a643dce51d9d014d7d0bdb6dba675cde41183b7783984ba0722eecd85497ddedb683e7ffce70a30ecb51e1ab97063f68670d444f5f43df81d52797e3f54fbef70b202b008b0772fe8d1c8673ea0c643a0375444d17136ad724d94e7d02a125577b2455e2753f0435a3f652a6242546671f819f60f7b37eb5d7295f2d811c67514dbacab0f05cb1b9f609d000a05f5b358245fea281bf0fc46ec80857e814dc7fea09dbc04a85e93d1180a92c0bf73f549cb3e5ad21e71cf9c03a54
32 196 10 1 39 8976 :4a8795e3fd710465a643dce51d9d014d7d0bdb6dba675cde41183b7783984ba0722eecd85497ddedb683e7ffce70a30ecb51e1ab97063f68670d444f5f43df81d52797e3f54fbef70b202b008b0772fe8d1c8673ea0c643a0375444d17136ad724d94e7d02a125577b2455e2753f0435a3f652a6242546671f819f60f7b37eb5d7295f2d811c67514dbacab0f05cb1b9f609d000a05f5b358245fea281bf0fc46ec80857e814dc7fea09dbc04a85e93d1180a92c0bf73f549cb3e5ad21e71cf9c03a5488
32 197 10 1 39 8976 :4a8795e3fd710465a643dce51d9d014d7d0bdb6dba675cde41183b7783984ba0722eecd85497ddedb683e7ffce70a30ecb51e1ab97063f68670d444f5f43df81d52797e3f54fbef70b202b008b0772fe8d1c8673ea0c643a0375444d17136ad724d94e7d02a125577b2455e2753f0435a3f652a6242546671f819f60f7b37eb5d7295f2d811c67514dbacab0f05cb1b9f609d000a05f5b358245fea281bf0fc46ec80857e814dc7fea09dbc04a85e93d1180a92c0bf73f549cb3e5ad21e71cf9c03a5488b1
32 198 10 1 39 8968 :4a8795e3fd710465a643dce51d9d014d7d0bdb6dba675cde41183b7783984ba0722eecd85497ddedb683e7ffce70a30ecb51e1ab97063f68670d444f5f43df81d52797e3f54fbef70b202b008b0772fe8d1c8673ea0c643a0375444d17136ad724d94e7d02a125577b2455e2753f0435a3f652a6242546671f819f60f7b37eb5d7295f2d811c67514dbacab0f05cb1b9f609d000a05f5b358245fea281bf0fc46ec80857e814dc7fea09dbc04a85e93d1180a92c0bf73f549cb3e5ad21e71cf9c03a5488b1cd
32 199 10 1 39 8976 :4a8795e3fd710465a643dce51d9d014d7d0bdb6dba675cde41183b7783984ba0722eecd85497ddedb683e7ffce70a30ecb51e1ab97063f68670d444f5f43df81d52797e3f54fbef70b202b008b0772fe8d1c8673ea0c643a0375444d17136ad724d94e7d02a125577b2455e2753f0435a3f652a6242546671f819f60f7b37eb5d7295f2d811c67514dbacab0f05cb1b9f609d000a05f5b358245fea281bf0fc46ec80857e814dc7fea09dbc04a85e93d1180a92c0bf73f549cb3e5ad21e71cf9c03a5488b1cd18
32 200 10 1 39 9100 :4a8795e3fd710465a643dce51d9d014d7d0bdb6dba675cde41183b7783984ba0722eecd85497ddedb683e7ffce70a30ecb51e1ab97063f68670d444f5f43df81d52797e3f54fbef70b202b008b0772fe8d1c8673ea0c643a0375444d17136ad724d94e7d02a125577b2455e2753f0435a3f652a6242546671f819f60f7b37eb5d7295f2d811c67514dbacab0f05cb1b9f609d000a05f5b358245fea281bf0fc46ec80857e814dc7fea09dbc04a85e93d1180a92c0bf73f549cb3e5ad21e71cf9c03a5488b1cd1868
32 201 10 1 39 9036 :4a8795e3fd710465a643dce51d9d014d7d0bdb6dba675cde41183b7783984ba0722eecd85497ddedb683e7ffce70a30ecb51e1ab97063f68670d444f5f43df81d52797e3f54fbef70b202b008b0772fe8d1c8673ea0c643a0375444d17136ad724d94e7d02a125577b2455e2753f0435a3f652a6242546671f819f60f7b37eb5d7295f2d811c67514dbacab0f05cb1b9f609d000a05f5b358245fea281bf0fc46ec80857e814dc7fea09dbc04a85e93d1180a92c0bf73f549cb3e5ad21e71cf9c03a5488b1cd18688c
32 202 10 1 39 8976 :4a8795e3fd710465a643dce51d9d014d7d0bdb6dba675cde41183b7783984ba0722eecd85497ddedb683e7ffce70a30ecb51e1ab97063f68670d444f5f43df81d52797e3f54fbef70b202b008b0772fe8d1c8673ea0c643a0375444d17136ad724d94e7d02a125577b2455e2753f0435a3f652a6242546671f819f60f7b37eb5d7295f2d811c67514dbacab0f05cb1b9f609d000a05f5b358245fea281bf0fc46ec80857e814dc7fea09dbc04a85e93d1180a92c0bf73f549cb3e5ad21e71cf9c03a5488b1cd18688ce5
32 203 10 1 39 9016 :4a8795e3fd710465a643dce51d9d014d7d0bdb6dba675cde41183b7783984ba0722eecd85497ddedb683e7ffce70a30ecb51e1ab97063f68670d444f5f43df81d52797e3f54fbef70b202b008b0772fe8d1c8673ea0c643a0375444d17136ad724d94e7d02a125577b2455e2753f0435a3f652a6242546671f819f60f7b37eb5d7295f2d811c67514dbacab0f05cb1b9f609d000a05f5b358245fea281bf0fc46ec80857e814dc7fea09dbc04a85e93d1180a92c0bf73f549cb3e5ad21e71cf9c03a5488b1cd18688ce5d5
32 204 10 1 39 8980 :4a8795e3fd710465a643dce51d9d014d7d0bdb6dba675cde41183b7783984ba0722eecd85497ddedb683e7ffce70a30ecb51e1ab97063f68670d444f5f43df81d52797e3f54fbef70b202b008b0772fe8d1c8673ea0c643a0375444d17136ad724d94e7d02a125577b2455e2753f0435a3f652a6242546671f819f60f7b37eb5d7295f2d811c67514dbacab0f05cb1b9f609d000a05f5b358245fea281bf0fc46ec80857e814dc7fea09dbc04a85e93d1180a92c0bf73f549cb3e5ad21e71cf9c03a5488b1cd18688ce5d537
32 205 10 1 39 9128 :4a8795e3fd710465a643dce51d9d014d7d0bdb6dba675cde41183b7783984ba0722eecd85497ddedb683e7ffce70a30ecb51e1ab97063f68670d444f5f43df81d52797e3f54fbef70b202b008b0772fe8d1c8673ea0c643a0375444d17136ad724d94e7d02a125577b2455e2753f0435a3f652a6242546671f819f60f7b37eb5d7295f2d811c67514dbacab0f05cb1b9f609d000a05f5b358245fea281bf0fc46ec80857e814dc7fea09dbc04a85e93d1180a92c0bf73f549cb3e5ad21e71cf9c03a5488b1cd18688ce5d5372c
32 206 10 1 39 9040 :4a8795e3fd710465a643dce51d9d014d7d0bdb6dba675cde41183b7783984ba0722eecd85497ddedb683e7ffce70a30ecb51e1ab97063f68670d444f5f43df81d52797e3f54fbef70b202b008b0772fe8d1c8673ea0c643a0375444d17136ad724d94e7d02a125577b2455e2753f0435a3f652a6242546671f819f60f7b37eb5d7295f2d811c67514dbacab0f05cb1b9f609d000a05f5b358245fea281bf0fc46ec80857e814dc7fea09dbc04a85e93d1180a92c0bf73f549cb3e5ad21e71cf9c03a5488b1cd18688ce5d5372c64
32 207 10 1 39 8916 :4a8795e3fd710465a643dce51d9d014d7d0bdb6dba675cde41183b7783984ba0722eecd85497ddedb683e7ffce70a30ecb51e1ab97063f68670d444f5f43df81d52797e3f54fbef70b202b008b0772fe8d1c8673ea0c643a0375444d17136ad724d94e7d02a125577b2455e2753f0435a3f652a6242546671f819f60f7b37eb5d7295f2d811c67514dbacab0f05cb1b9f609d000a05f5b358245fea281bf0fc46ec80857e814dc7fea09dbc04a85e93d1180a92c0bf73f549cb3e5ad21e71cf9c03a5488b1cd18688ce5d5372c6479
32 208 10 1 39 9072 :4a8795e3fd710465a643dce51d9d014d7d0bdb6dba675cde41183b7783984ba0722eecd85497ddedb683e7ffce70a30ecb51e1ab97063f68670d444f5f43df81d52797e3f54fbef70b202b008b0772fe8d1c8673ea0c643a0375444d17136ad724d94e7d02a125577b2455e2753f0435a3f652a6242546671f819f60f7b37eb5d7295f2d811c67514dbacab0f05cb1b9f609d000a05f5b358245fea281bf0fc46ec80857e814dc7fea09dbc04a85e93d1180a92c0bf73f549cb3e5ad21e71cf9c03a5488b1cd18688ce5d5372c64799a
32 209 10 1 39 9080 :4a8795e3fd710465a643dce51d9d014d7d0bdb6dba675cde41183b7783984ba0722eecd85497ddedb683e7ffce70a30ecb51e1ab97063f68670d444f5f43df81d52797e3f54fbef70b202b008b0772fe8d1c8673ea0c643a0375444d17136ad724d94e7d02a125577b2455e2753f0435a3f652a6242546671f819f60f7b37eb5d7295f2d811c67514dbacab0f05cb1b9f609d000a05f5b358245fea281bf0fc46ec80857e814dc7fea09dbc04a85e93d1180a92c0bf73f549cb3e5ad21e71cf9c03a5488b1cd18688ce5d5372c64799a0a
32 210 10 1 39 9012 :4a8795e3fd710465a643dce51d9d014d7d0bdb6dba675cde41183b7783984ba0722eecd85497ddedb683e7ffce70a30ecb51e1ab97063f68670d444f5f43df81d52797e3f54fbef70b202b008b0772fe8d1c8673ea0c643a0375444d17136ad724d94e7d02a125577b2455e2753f0435a3f652a6242546671f819f60f7b37eb5d7295f2d811c67514dbacab0f05cb1b9f609d000a05f5b358245fea281bf0fc46ec80857e814dc7fea09dbc04a85e93d1180a92c0bf73f549cb3e5ad21e71cf9c03a5488b1cd18688ce5d5372c64799a0aa8
32 211 10 1 39 9012 :4a8795e3fd710465a643dce51d9d014d7d0bdb6dba675cde41183b7783984ba0722eecd85497ddedb683e7ffce70a30ecb51e1ab97063f68670d444f5f43df81d52797e3f54fbef70b202b008b0772fe8d1c8673ea0c643a0375444d17136ad724d94e7d02a125577b2455e2753f0435a3f652a6242546671f819f60f7b37eb5d7295f2d811c67514dbacab0f05cb1b9f609d000a05f5b358245fea281bf0fc46ec80857e814dc7fea09dbc04a85e93d1180a92c0bf73f549cb3e5ad21e71cf9c03a5488b1cd18688ce5d5372c64799a0aa822
32 212 10 1 39 8980 :4a8795e3fd710465a643dce51d9d014d7d0bdb6dba675cde41183b7783984ba0722eecd85497ddedb683e7ffce70a30ecb51e1ab97063f68670d444f5f43df81d52797e3f54fbef70b202b008b0772fe8d1c8673ea0c643a0375444d17136ad724d94e7d02a125577b2455e2753f0435a3f652a6242546671f819f60f7b37eb5d7295f2d811c67514dbacab0f05cb1b9f609d000a05f5b358245fea281bf0fc46ec80857e814dc7fea09dbc04a85e93d1180a92c0bf73f549cb3e5ad21e71cf9c03a5488b1cd18688ce5d5372c64799a0aa822d1
32 213 10 1 39 8972 :4a8795e3fd710465a643dce51d9d014d7d0bdb6dba675cde41183b7783984ba0722eecd85497ddedb683e7ffce70a30ecb51e1ab97063f68670d444f5f43df81d52797e3f54fbef70b202b008b0772fe8d1c8673ea0c643a0375444d17136ad724d94e7d02a125577b2455e2753f0435a3f652a6242546671f819f60f7b37eb5d7295f2d811c67514dbacab0f05cb1b9f609d000a05f5b358245fea281bf0fc46ec80857e814dc7fea09dbc04a85e93d1180a92c0bf73f549cb3e5ad21e71cf9c03a5488b1cd18688ce5d5372c64799a0aa822d190
32 214 10 1 39 9076 :4a8795e3fd710465a643dce51d9d014d7d0bdb6dba675cde41183b7783984ba0722eecd85497ddedb683e7ffce70a30ecb51e1ab97063f68670d444f5f43df81d52797e3f54fbef70b202b008b0772fe8d1c8673ea0c643a0375444d17136ad724d94e7d02a125577b2455e2753f0435a3f652a6242546671f819f60f7b37eb5d7295f2d811c67514dbacab0f05cb1b9f609d000a05f5b358245fea281bf0fc46ec80857e814dc7fea09dbc04a85e93d1180a92c0bf73f549cb3e5ad21e71cf9c03a5488b1cd18688ce5d5372c64799a0aa822d1906f
32 215 10 1 39 8980 :4a8795e3fd710465a643dce51d9d014d7d0bdb6dba675cde41183b7783984ba0722eecd85497ddedb683e7ffce70a30ecb51e1ab97063f68670d444f5f43df81d52797e3f54fbef70b202b008b0772fe8d1c8673ea0c643a0375444d17136ad724d94e7d02a125577b2455e2753f0435a3f652a6242546671f819f60f7b37eb5d7295f2d811c67514dbacab0f05cb1b9f609d000a05f5b358245fea281bf0fc46ec80857e814dc7fea09dbc04a85e93d1180a92c0bf73f549cb3e5ad21e71cf9c03a5488b1cd18688ce5d5372c64799a0aa822d1906f2e
32 216 10 1 39 9140 :4a8795e3fd710465a643dce51d9d014d7d0bdb6dba675cde41183b7783984ba0722eecd85497ddedb683e7ffce70a30ecb51e1ab97063f68670d444f5f43df81d52797e3f54fbef70b202b008b0772fe8d1c8673ea0c643a0375444d17136ad724d94e7d02a125577b2455e2753f0435a3f652a6242546671f819f60f7b37eb5d7295f2d811c67514dbacab0f05cb1b9f609d000a05f5b358245fea281bf0fc46ec80857e814dc7fea09dbc04a85e93d1180a92c0bf73f549cb3e5ad21e71cf9c03a5488b1cd18688ce5d5372c64799a0aa822d1906f2e41
32 217 10 1 39 9020 :4a8795e3fd710465a643dce51d9d014d7d0bdb6dba675cde41183b7783984ba0722eecd85497ddedb683e7ffce70a30ecb51e1ab97063f68670d444f5f43df81d52797e3f54fbef70b202b008b0772fe8d1c8673ea0c643a0375444d17136ad724d94e7d02a125577b2455e2753f0435a3f652a6242546671f819f60f7b37eb5d7295f2d811c67514dbacab0f05cb1b9f609d000a05f5b358245fea281bf0fc46ec80857e814dc7fea09dbc04a85e93d1180a92c0bf73f549cb3e5ad21e71cf9c03a5488b1cd18688ce5d5372c64799a0aa822d1906f2e41d9
32 218 10 1 39 9128 :4a8795e3fd710465a643dce51d9d014d7d0bdb6dba675cde41183b7783984ba0722eecd85497ddedb683e7ffce70a30ecb51e1ab97063f68670d444f5f43df81d52797e3f54fbef70b202b008b0772fe8d1c8673ea0c643a0375444d17136ad724d94e7d02a125577b2455e2753f0435a3f652a6242546671f819f60f7b37eb5d7295f2d811c67514dbacab0f05cb1b9f609d000a05f5b358245fea281bf0fc46ec80857e814dc7fea09dbc04a85e93d1180a92c0bf73f549cb3e5ad21e71cf9c03a5488b1cd18688ce5d5372c64799a0aa822d1906f2e41d9b3
32 219 10 1 39 9072 :4a8795e3fd710465a643dce51d9d014d7d0bdb6dba675cde41183b7783984ba0722eecd85497ddedb683e7ffce70a30ecb51e1ab97063f68670d444f5f43df81d52797e3f54fbef70b202b008b0772fe8d1c8673ea0c643a0375444d17136ad724d94e7d02a125577b2455e2753f0435a3f652a6242546671f819f60f7b37eb5d7295f2d811c67514dbacab0f05cb1b9f609d000a05f5b358245fea281bf0fc46ec80857e814dc7fea09dbc04a85e93d1180a92c0bf73f549cb3e5ad21e71cf9c03a5488b1cd18688ce5d5372c64799a0aa822d1906f2e41d9b314
32 220 10 1 39 9080 :4a8795e3fd710465a643dce51d9d014d7d0bdb6dba675cde41183b7783984ba0722eecd85497ddedb683e7ffce70a30ecb51e1ab97063f68670d444f5f43df81d52797e3f54fbef70b202b008b0772fe8d1c8673ea0c643a0375444d17136ad724d94e7d02a125577b2455e2753f0435a3f652a6242546671f819f60f7b37eb5d7295f2d811c67514dbacab0f05cb1b9f609d000a05f5b358245fea281bf0fc46ec80857e814dc7fea09dbc04a85e93d1180a92c0bf73f549cb3e5ad21e71cf9c03a5488b1cd18688ce5d5372c64799a0aa822d1906f2e41d9b314ef
32 221 10 1 39 9064 :4a8795e3fd710465a643dce51d9d014d7d0bdb6dba675cde41183b7783984ba0722eecd85497ddedb683e7ffce70a30ecb51e1ab97063f68670d444f5f43df81d52797e3f54fbef70b202b008b0772fe8d1c8673ea0c643a0375444d17136ad724d94e7d02a125577b2455e2753f0435a3f652a6242546671f819f60f7b37eb5d7295f2d811c67514dbacab0f05cb1b9f609d000a05f5b358245fea281bf0fc46ec80857e814dc7fea09dbc04a85e93d1180a92c0bf73f549cb3e5ad21e71cf9c03a5488b1cd18688ce5d5372c64799a0aa822d1906f2e41d9b314efc2
32 222 10 1 65 8980 :4a8795e3fd710465a643dce51d9d014d7d0bdb6dba675cde41183b7783984ba0722eecd85497ddedb683e7ffce70a30ecb51e1ab97063f68670d444f5f43df81d52797e3f54fbef70b202b008b0772fe8d1c8673ea0c643a0375444d17136ad724d94e7d02a125577b2455e2753f0435a3f652a6242546671f819f60f7b37eb5d7295f2d811c67514dbacab0f05cb1b9f609d000a05f5b358245fea281bf0fc46ec80857e814dc7fea09dbc04a85e93d1180a92c0bf73f549cb3e5ad21e71cf9c03a5488b1cd18688ce5d5372c64799a0aa822d1906f2e41d9b314efc2d0
32 223 10 1 41 9040 :4a8795e3fd710465a643dce51d9d014d7d0bdb6dba675cde41183b7783984ba0722eecd85497ddedb683e7ffce70a30ecb51e1ab97063f68670d444f5f43df81d52797e3f54fbef70b202b008b0772fe8d1c8673ea0c643a0375444d17136ad724d94e7d02a125577b2455e2753f0435a3f652a6242546671f819f60f7b37eb5d7295f2d811c67514dbacab0f05cb1b9f609d000a05f5b358245fea281bf0fc46ec80857e814dc7fea09dbc04a85e93d1180a92c0bf73f549cb3e5ad21e71cf9c03a5488b1cd18688ce5d5372c64799a0aa822d1906f2e41d9b314efc2d050
32 224 10 1 39 9068 :4a8795e3fd710465a643dce51d9d014d7d0bdb6dba675cde41183b7783984ba0722eecd85497ddedb683e7ffce70a30ecb51e1ab97063f68670d444f5f43df81d52797e3f54fbef70b202b008b0772fe8d1c8673ea0c643a0375444d17136ad724d94e7d02a125577b2455e2753f0435a3f652a6242546671f819f60f7b37eb5d7295f2d811c67514dbacab0f05cb1b9f609d000a05f5b358245fea281bf0fc46ec80857e814dc7fea09dbc04a85e93d1180a92c0bf73f549cb3e5ad21e71cf9c03a5488b1cd18688ce5d5372c64799a0aa822d1906f2e41d9b314efc2d0503c
32 225 10 1 39 9128 :4a8795e3fd710465a643dce51d9d014d7d0bdb6dba675cde41183b7783984ba0722eecd85497ddedb683e7ffce70a30ecb51e1ab97063f68670d444f5f43df81d52797e3f54fbef70b202b008b0772fe8d1c8673ea0c643a0375444d17136ad724d94e7d02a125577b2455e2753f0435a3f652a6242546671f819f60f7b37eb5d7295f2d811c67514dbacab0f05cb1b9f609d000a05f5b358245fea281bf0fc46ec80857e814dc7fea09dbc04a85e93d1180a92c0bf73f549cb3e5ad21e71cf9c03a5488b1cd18688ce5d5372c64799a0aa822d1906f2e41d9b314efc2d0503cec
32 226 10 1 39 9132 :4a8795e3fd710465a643dce51d9d014d7d0bdb6dba675cde41183b7783984ba0722eecd85497ddedb683e7ffce70a30ecb51e1ab97063f68670d444f5f43df81d52797e3f54fbef70b202b008b0772fe8d1c8673ea0c643a0375444d17136ad724d94e7d02a125577b2455e2753f0435a3f652a6242546671f819f60f7b37eb5d7295f2d811c67514dbacab0f05cb1b9f609d000a05f5b358245fea281bf0fc46ec80857e814dc7fea09dbc04a85e93d1180a92c0bf73f549cb3e5ad21e71cf9c03a5488b1cd18688ce5d5372c64799a0aa822d1906f2e41d9b314efc2d0503cec49
32 227 10 1 39 8976 :4a8795e3fd710465a643dce51d9d014d7d0bdb6dba675cde41183b7783984ba0722eecd85497ddedb683e7ffce70a30ecb51e1ab97063f68670d444f5f43df81d52797e3f54fbef70b202b008b0772fe8d1c8673ea0c643a0375444d17136ad724d94e7d02a125577b2455e2753f0435a3f652a6242546671f819f60f7b37eb5d7295f2d811c67514dbacab0f05cb1b9f609d000a05f5b358245fea281bf0fc46ec80857e814dc7fea09dbc04a85e93d1180a92c0bf73f549cb3e5ad21e71cf9c03a5488b1cd18688ce5d5372c64799a0aa822d1906f2e41d9b314efc2d0503cec49a0
32 228 10 1 39 9076 :4a8795e3fd710465a643dce51d9d014d7d0bdb6dba675cde41183b7783984ba0722eecd85497ddedb683e7ffce70a30ecb51e1ab97063f68670d444f5f43df81d52797e3f54fbef70b202b008b0772fe8d1c8673ea0c643a0375444d17136ad724d94e7d02a125577b2455e2753f0435a3f652a6242546671f819f60f7b37eb5d7295f2d811c67514dbacab0f05cb1b9f609d000a05f5b358245fea281bf0fc46ec80857e814dc7fea09dbc04a85e93d1180a92c0bf73f549cb3e5ad21e71cf9c03a5488b1cd18688ce5d5372c64799a0aa822d1906f2e41d9b314efc2d0503cec49a084
32 229 10 1 39 8980 :4a8795e3fd710465a643dce51d9d014d7d0bdb6dba675cde41183b7783984ba0722eecd85497ddedb683e7ffce70a30ecb51e1ab97063f68670d444f5f43df81d52797e3f54fbef70b202b008b0772fe8d1c8673ea0c643a0375444d17136ad724d94e7d02a125577b2455e2753f0435a3f652a6242546671f819f60f7b37eb5d7295f2d811c67514dbacab0f05cb1b9f609d000a05f5b358245fea281bf0fc46ec80857e814dc7fea09dbc04a85e93d1180a92c0bf73f549cb3e5ad21e71cf9c03a5488b1cd18688ce5d5372c64799a0aa822d1906f2e41d9b314efc2d0503cec49a084fa
32 230 10 1 39 9036 :4a8795e3fd710465a643dce51d9d014d7d0bdb6dba675cde41183b7783984ba0722eecd85497ddedb683e7ffce70a30ecb51e1ab97063f68670d444f5f43df81d52797e3f54fbef70b202b008b0772fe8d1c8673ea0c643a0375444d17136ad724d94e7d02a125577b2455e2753f0435a3f652a6242546671f819f60f7b37eb5d7295f2d811c67514dbacab0f05cb1b9f609d000a05f5b358245fea281bf0fc46ec80857e814dc7fea09dbc04a85e93d1180a92c0bf73f549cb3e5ad21e71cf9c03a5488b1cd18688ce5d5372c64799a0aa822d1906f2e41d9b314efc2d0503cec49a084fa9f
32 231 10 1 39 8976 :4a8795e3fd710465a643dce51d9d014d7d0bdb6dba675cde41183b7783984ba0722eecd85497ddedb683e7ffce70a30ecb51e1ab97063f68670d444f5f43df81d52797e3f54fbef70b202b008b0772fe8d1c8673ea0c643a0375444d17136ad724d94e7d02a125577b2455e2753f0435a3f652a6242546671f819f60f7b37eb5d7295f2d811c67514dbacab0f05cb1b9f609d000a05f5b358245fea281bf0fc46ec80857e814dc7fea09dbc04a85e93d1180a92c0bf73f549cb3e5ad21e71cf9c03a5488b1cd18688ce5d5372c64799a0aa822d1906f2e41d9b314efc2d0503cec49a084fa9f1e
32 232 10 1 39 9048 :4a8795e3fd710465a643dce51d9d014d7d0bdb6dba675cde41183b7783984ba0722eecd85497ddedb683e7ffce70a30ecb51e1ab97063f68670d444f5f43df81d52797e3f54fbef70b202b008b0772fe8d1c8673ea0c643a0375444d17136ad724d94e7d02a125577b2455e2753f0435a3f652a6242546671f819f60f7b37eb5d7295f2d811c67514dbacab0f05cb1b9f609d000a05f5b358245fea281bf0fc46ec80857e814dc7fea09dbc04a85e93d1180a92c0bf73f549cb3e5ad21e71cf9c03a5488b1cd18688ce5d5372c64799a0aa822d1906f2e41d9b314efc2d0503cec49a084fa9f1e07
32 233 10 1 39 9128 :4a8795e3fd710465a643dce51d9d014d7d0bdb6dba675cde41183b7783984ba0722eecd85497ddedb683e7ffce70a30ecb51e1ab97063f68670d444f5f43df81d52797e3f54fbef70b202b008b0772fe8d1c8673ea0c643a0375444d17136ad724d94e7d02a125577b2455e2753f0435a3f652a6242546671f819f60f7b37eb5d7295f2d811c67514dbacab0f05cb1b9f609d000a05f5b358245fea281bf0fc46ec80857e814dc7fea09dbc04a85e93d1180a92c0bf73f549cb3e5ad21e71cf9c03a5488b1cd18688ce5d5372c64799a0aa822d1906f2e41d9b314efc2d0503cec49a084fa9f1e074a
32 234 10 1 39 8980 :4a8795e3fd710465a643dce51d9d014d7d0bdb6dba675cde41183b7783984ba0722eecd85497ddedb683e7ffce70a30ecb51e1ab97063f68670d444f5f43df81d52797e3f54fbef70b202b008b0772fe8d1c8673ea0c643a0375444d17136ad724d94e7d02a125577b2455e2753f0435a3f652a6242546671f819f60f7b37eb5d7295f2d811c67514dbacab0f05cb1b9f609d000a05f5b358245fea281bf0fc46ec80857e814dc7fea09dbc04a85e93d1180a92c0bf73f549cb3e5ad21e71cf9c03a5488b1cd18688ce5d5372c64799a0aa822d1906f2e41d9b314efc2d0503cec49a084fa9f1e074a43
32 235 10 1 39 9144 :4a8795e3fd710465a643dce51d9d014d7d0bdb6dba675cde41183b7783984ba0722eecd85497ddedb683e7ffce70a30ecb51e1ab97063f68670d444f5f43df81d52797e3f54fbef70b202b008b0772fe8d1c8673ea0c643a0375444d17136ad724d94e7d02a125577b2455e2753f0435a3f652a6242546671f819f60f7b37eb5d7295f2d811c67514dbacab0f05cb1b9f609d000a05f5b358245fea281bf0fc46ec80857e814dc7fea09dbc04a85e93d1180a92c0bf73f549cb3e5ad21e71cf9c03a5488b1cd18688ce5d5372c64799a0aa822d1906f2e41d9b314efc2d0503cec49a084fa9f1e074a438d
32 236 10 1 39 8976 :4a8795e3fd710465a643dce51d9d014d7d0bdb6dba675cde41183b7783984ba0722eecd85497ddedb683e7ffce70a30ecb51e1ab97063f68670d444f5f43df81d52797e3f54fbef70b202b008b0772fe8d1c8673ea0c643a0375444d17136ad724d94e7d02a125577b2455e2753f0435a3f652a6242546671f819f60f7b37eb5d7295f2d811c67514dbacab0f05cb1b9f609d000a05f5b358245fea281bf0fc46ec80857e814dc7fea09dbc04a85e93d1180a92c0bf73f549cb3e5ad21e71cf9c03a5488b1cd18688ce5d5372c64799a0aa822d1906f2e41d9b314efc2d0503cec49a084fa9f1e074a438d16
32 237 10 1 39 8976 :4a8795e3fd710465a643dce51d9d014d7d0bdb6dba675cde41183b7783984ba0722eecd85497ddedb683e7ffce70a30ecb51e1ab97063f68670d444f5f43df81d52797e3f54fbef70b202b008b0772fe8d1c8673ea0c643a0375444d17136ad724d94e7d02a125577b2455e2753f0435a3f652a6242546671f819f60f7b37eb5d7295f2d811c67514dbacab0f05cb1b9f609d000a05f5b358245fea281bf0fc46ec80857e814dc7fea09dbc04a85e93d1180a92c0bf73f549cb3e5ad21e71cf9c03a5488b1cd18688ce5d5372c64799a0aa822d1906f2e41d9b314efc2d0503cec49a084fa9f1e074a438d16b6
32 238 10 1 65 9012 :4a8795e3fd710465a643dce51d9d014d7d0bdb6dba675cde41183b7783984ba0722eecd85497ddedb683e7ffce70a30ecb51e1ab97063f68670d444f5f43df81d52797e3f54fbef70b202b008b0772fe8d1c8673ea0c643a0375444d17136ad724d94e7d02a125577b2455e2753f0435a3f652a6242546671f819f60f7b37eb5d7295f2d811c67514dbacab0f05cb1b9f609d000a05f5b358245fea281bf0fc46ec80857e814dc7fea09dbc04a85e93d1180a92c0bf73f549cb3e5ad21e71cf9c03a5488b1cd18688ce5d5372c64799a0aa822d1906f2e41d9b314efc2d0503cec49a084fa9f1e074a438d16b670
32 239 10 1 41 9040 :4a8795e3fd710465a643dce51d9d014d7d0bdb6dba675cde41183b7783984ba0722eecd85497ddedb683e7ffce70a30ecb51e1ab97063f68670d444f5f43df81d52797e3f54fbef70b202b008b0772fe8d1c8673ea0c643a0375444d17136ad724d94e7d02a125577b2455e2753f0435a3f652a6242546671f819f60f7b37eb5d7295f2d811c67514dbacab0f05cb1b9f609d000a05f5b358245fea281bf0fc46ec80857e814dc7fea09dbc04a85e93d1180a92c0bf73f549cb3e5ad21e71cf9c03a5488b1cd18688ce5d5372c64799a0aa822d1906f2e41d9b314efc2d0503cec49a084fa9f1e074a438d16b6703c
32 240 10 1 39 9116 :4a8795e3fd710465a643dce51d9d014d7d0bdb6dba675cde41183b7783984ba0722eecd85497ddedb683e7ffce70a30ecb51e1ab97063f68670d444f5f43df81d52797e3f54fbef70b202b008b0772fe8d1c8673ea0c643a0375444d17136ad724d94e7d02a125577b2455e2753f0435a3f652a6242546671f819f60f7b37eb5d7295f2d811c67514dbacab0f05cb1b9f609d000a05f5b358245fea281bf0fc46ec80857e814dc7fea09dbc04a85e93d1180a92c0bf73f549cb3e5ad21e71cf9c03a5488b1cd18688ce5d5372c64799a0aa822d1906f2e41d9b314efc2d0503cec49a084fa9f1e074a438d16b6703c4c
32 241 10 1 39 9116 :4a8795e3fd710465a643dce51d9d014d7d0bdb6dba675cde41183b7783984ba0722eecd85497ddedb683e7ffce70a30ecb51e1ab97063f68670d444f5f43df81d52797e3f54fbef70b202b008b0772fe8d1c8673ea0c643a0375444d17136ad724d94e7d02a125577b2455e2753f0435a3f652a6242546671f819f60f7b37eb5d7295f2d811c67514dbacab0f05cb1b9f609d000a05f5b358245fea281bf0fc46ec80857e814dc7fea09dbc04a85e93d1180a92c0bf73f549cb3e5ad21e71cf9c03a5488b1cd18688ce5d5372c64799a0aa822d1906f2e41d9b314efc2d0503cec49a084fa9f1e074a438d16b6703c4cec
32 242 10 1 39 9132 :4a8795e3fd710465a643dce51d9d014d7d0bdb6dba675cde41183b7783984ba0722eecd85497ddedb683e7ffce70a30ecb51e1ab97063f68670d444f5f43df81d52797e3f54fbef70b202b008b0772fe8d1c8673ea0c643a0375444d17136ad724d94e7d02a125577b2455e2753f0435a3f652a6242546671f819f60f7b37eb5d7295f2d811c67514dbacab0f05cb1b9f609d000a05f5b358245fea281bf0fc46ec80857e814dc7fea09dbc04a85e93d1180a92c0bf73f549cb3e5ad21e71cf9c03a5488b1cd18688ce5d5372c64799a0aa822d1906f2e41d9b314efc2d0503cec49a084fa9f1e074a438d16b6703c4cecf0
32 243 10 1 39 9140 :4a8795e3fd710465a643dce51d9d014d7d0bdb6dba675cde41183b7783984ba0722eecd85497ddedb683e7ffce70a30ecb51e1ab97063f68670d444f5f43df81d52797e3f54fbef70b202b008b0772fe8d1c8673ea0c643a0375444d17136ad724d94e7d02a125577b2455e2753f0435a3f652a6242546671f819f60f7b37eb5d7295f2d811c67514dbacab0f05cb1b9f609d000a05f5b358245fea281bf0fc46ec80857e814dc7fea09dbc04a85e93d1180a92c0bf73f549cb3e5ad21e71cf9c03a5488b1cd18688ce5d5372c64799a0aa822d1906f2e41d9b314efc2d0503cec49a084fa9f1e074a438d16b6703c4cecf0e0
32 244 10 1 39 8980 :4a8795e3fd710465a643dce51d9d014d7d0bdb6dba675cde41183b7783984ba0722eecd85497ddedb683e7ffce70a30ecb51e1ab97063f68670d444f5f43df81d52797e3f54fbef70b202b008b0772fe8d1c8673ea0c643a0375444d17136ad724d94e7d02a125577b2455e2753f0435a3f652a6242546671f819f60f7b37eb5d7295f2d811c67514dbacab0f05cb1b9f609d000a05f5b358245fea281bf0fc46ec80857e814dc7fea09dbc04a85e93d1180a92c0bf73f549cb3e5ad21e71cf9c03a5488b1cd18688ce5d5372c64799a0aa822d1906f2e41d9b314efc2d0503cec49a084fa9f1e074a438d16b6703c4cecf0e085
32 245 10 1 39 9128 :4a8795e3fd710465a643dce51d9d014d7d0bdb6dba675cde41183b7783984ba0722eecd85497ddedb683e7ffce70a30ecb51e1ab97063f68670d444f5f43df81d52797e3f54fbef70b202b008b0772fe8d1c8673ea0c643a0375444d17136ad724d94e7d02a125577b2455e2753f0435a3f652a6242546671f819f60f7b37eb5d7295f2d811c67514dbacab0f05cb1b9f609d000a05f5b358245fea281bf0fc46ec80857e814dc7fea09dbc04a85e93d1180a92c0bf73f549cb3e5ad21e71cf9c03a5488b1cd18688ce5d5372c64799a0aa822d1906f2e41d9b314efc2d0503cec49a084fa9f1e074a438d16b6703c4cecf0e085d8
32 246 10 1 39 9144 :4a8795e3fd710465a643dce51d9d014d7d0bdb6dba675cde41183b7783984ba0722eecd85497ddedb683e7ffce70a30ecb51e1ab97063f68670d444f5f43df81d52797e3f54fbef70b202b008b0772fe8d1c8673ea0c643a0375444d17136ad724d94e7d02a125577b2455e2753f0435a3f652a6242546671f819f60f7b37eb5d7295f2d811c67514dbacab0f05cb1b9f609d000a05f5b358245fea281bf0fc46ec80857e814dc7fea09dbc04a85e93d1180a92c0bf73f549cb3e5ad21e71cf9c03a5488b1cd18688ce5d5372c64799a0aa822d1906f2e41d9b314efc2d0503cec49a084fa9f1e074a438d16b6703c4cecf0e085d868
32 247 10 1 39 9116 :4a8795e3fd710465a643dce51d9d014d7d0bdb6dba675cde41183b7783984ba0722eecd85497ddedb683e7ffce70a30ecb51e1ab97063f68670d444f5f43df81d52797e3f54fbef70b202b008b0772fe8d1c8673ea0c643a0375444d17136ad724d94e7d02a125577b2455e2753f0435a3f652a6242546671f819f60f7b37eb5d7295f2d811c67514dbacab0f05cb1b9f609d000a05f5b358245fea281bf0fc46ec80857e814dc7fea09dbc04a85e93d1180a92c0bf73f549cb3e5ad21e71cf9c03a5488b1cd18688ce5d5372c64799a0aa822d1906f2e41d9b314efc2d0503cec49a084fa9f1e074a438d16b6703c4cecf0e085d868e1
32 248 10 1 39 8976 :4a8795e3fd710465a643dce51d9d014d7d0bdb6dba675cde41183b7783984ba0722eecd85497ddedb683e7ffce70a30ecb51e1ab97063f68670d444f5f43df81d52797e3f54fbef70b202b008b0772fe8d1c8673ea0c643a0375444d17136ad724d94e7d02a125577b2455e2753f0435a3f652a6242546671f819f60f7b37eb5d7295f2d811c67514dbacab0f05cb1b9f609d000a05f5b358245fea281bf0fc46ec80857e814dc7fea09dbc04a85e93d1180a92c0bf73f549cb3e5ad21e71cf9c03a5488b1cd18688ce5d5372c64799a0aa822d1906f2e41d9b314efc2d0503cec49a084fa9f1e074a438d16b6703c4cecf0e085d868e153
32 249 10 1 39 8968 :4a8795e3fd710465a643dce51d9d014d7d0bdb6dba675cde41183b7783984ba0722eecd85497ddedb683e7ffce70a30ecb51e1ab97063f68670d444f5f43df81d52797e3f54fbef70b202b008b0772fe8d1c8673ea0c643a0375444d17136ad724d94e7d02a125577b2455e2753f0435a3f652a6242546671f819f60f7b37eb5d7295f2d811c67514dbacab0f05cb1b9f609d000a05f5b358245fea281bf0fc46ec80857e814dc7fea09dbc04a85e93d1180a92c0bf73f549cb3e5ad21e71cf9c03a5488b1cd18688ce5d5372c64799a0aa822d1906f2e41d9b314efc2d0503cec49a084fa9f1e074a438d16b6703c4cecf0e085d868e15322
32 250 10 1 39 9068 :4a8795e3fd710465a643dce51d9d014d7d0bdb6dba675cde41183b7783984ba0722eecd85497ddedb683e7ffce70a30ecb51e1ab97063f68670d444f5f43df81d52797e3f54fbef70b202b008b0772fe8d1c8673ea0c643a0375444d17136ad724d94e7d02a125577b2455e2753f0435a3f652a6242546671f819f60f7b37eb5d7295f2d811c67514dbacab0f05cb1b9f609d000a05f5b358245fea281bf0fc46ec80857e814dc7fea09dbc04a85e93d1180a92c0bf73f549cb3e5ad21e71cf9c03a5488b1cd18688ce5d5372c64799a0aa822d1906f2e41d9b314efc2d0503cec49a084fa9f1e074a438d16b6703c4cecf0e085d868e153220c
32 251 10 1 65 9076 :4a8795e3fd710465a643dce51d9d014d7d0bdb6dba675cde41183b7783984ba0722eecd85497ddedb683e7ffce70a30ecb51e1ab97063f68670d444f5f43df81d52797e3f54fbef70b202b008b0772fe8d1c8673ea0c643a0375444d17136ad724d94e7d02a125577b2455e2753f0435a3f652a6242546671f819f60f7b37eb5d7295f2d811c67514dbacab0f05cb1b9f609d000a05f5b358245fea281bf0fc46ec80857e814dc7fea09dbc04a85e93d1180a92c0bf73f549cb3e5ad21e71cf9c03a5488b1cd18688ce5d5372c64799a0aa822d1906f2e41d9b314efc2d0503cec49a084fa9f1e074a438d16b6703c4cecf0e085d868e153220c20
32 252 10 1 41 9072 :4a8795e3fd710465a643dce51d9d014d7d0bdb6dba675cde41183b7783984ba0722eecd85497ddedb683e7ffce70a30ecb51e1ab97063f68670d444f5f43df81d52797e3f54fbef70b202b008b0772fe8d1c8673ea0c643a0375444d17136ad724d94e7d02a125577b2455e2753f0435a3f652a6242546671f819f60f7b37eb5d7295f2d811c67514dbacab0f05cb1b9f609d000a05f5b358245fea281bf0fc46ec80857e814dc7fea09dbc04a85e93d1180a92c0bf73f549cb3e5ad21e71cf9c03a5488b1cd18688ce5d5372c64799a0aa822d1906f2e41d9b314efc2d0503cec49a084fa9f1e074a438d16b6703c4cecf0e085d868e153220c2036
32 253 10 1 39 8976 :4a8795e3fd710465a643dce51d9d014d7d0bdb6dba675cde41183b7783984ba0722eecd85497ddedb683e7ffce70a30ecb51e1ab97063f68670d444f5f43df81d52797e3f54fbef70b202b008b0772fe8d1c8673ea0c643a0375444d17136ad724d94e7d02a125577b2455e2753f0435a3f652a6242546671f819f60f7b37eb5d7295f2d811c67514dbacab0f05cb1b9f609d000a05f5b358245fea281bf0fc46ec80857e814dc7fea09dbc04a85e93d1180a92c0bf73f549cb3e5ad21e71cf9c03a5488b1cd18688ce5d5372c64799a0aa822d1906f2e41d9b314efc2d0503cec49a084fa9f1e074a438d16b6703c4cecf0e085d868e153220c203627
32 254 10 1 39 9120 :4a8795e3fd710465a643dce51d9d014d7d0bdb6dba675cde41183b7783984ba0722eecd85497ddedb683e7ffce70a30ecb51e1ab97063f68670d444f5f43df81d52797e3f54fbef70b202b008b0772fe8d1c8673ea0c643a0375444d17136ad724d94e7d02a125577b2455e2753f0435a3f652a6242546671f819f60f7b37eb5d7295f2d811c67514dbacab0f05cb1b9f609d000a05f5b358245fea281bf0fc46ec80857e814dc7fea09dbc04a85e93d1180a92c0bf73f549cb3e5ad21e71cf9c03a5488b1cd18688ce5d5372c64799a0aa822d1906f2e41d9b314efc2d0503cec49a084fa9f1e074a438d16b6703c4cecf0e085d868e153220c20362712
32 255 10 1 39 9116 :4a8795e3fd710465a643dce51d9d014d7d0bdb6dba675cde41183b7783984ba0722eecd85497ddedb683e7ffce70a30ecb51e1ab97063f68670d444f5f43df81d52797e3f54fbef70b202b008b0772fe8d1c8673ea0c643a0375444d17136ad724d94e7d02a125577b2455e2753f0435a3f652a6242546671f819f60f7b37eb5d7295f2d811c67514dbacab0f05cb1b9f609d000a05f5b358245fea281bf0fc46ec80857e814dc7fea09dbc04a85e93d1180a92c0bf73f549cb3e5ad21e71cf9c03a5488b1cd18688ce5d5372c64799a0aa822d1906f2e41d9b314efc2d0503cec49a084fa9f1e074a438d16b6703c4cecf0e085d868e153220c2036271210
32 256 10 1 39 9040 :4a8795e3fd710465a643dce51d9d014d7d0bdb6dba675cde41183b7783984ba0722eecd85497ddedb683e7ffce70a30ecb51e1ab97063f68670d444f5f43df81d52797e3f54fbef70b202b008b0772fe8d1c8673ea0c643a0375444d17136ad724d94e7d02a125577b2455e2753f0435a3f652a6242546671f819f60f7b37eb5d7295f2d811c67514dbacab0f05cb1b9f609d000a05f5b358245fea281bf0fc46ec80857e814dc7fea09dbc04a85e93d1180a92c0bf73f549cb3e5ad21e71cf9c03a5488b1cd18688ce5d5372c64799a0aa822d1906f2e41d9b314efc2d0503cec49a084fa9f1e074a438d16b6703c4cecf0e085d868e153220c2036271210bb
32 257 10 1 39 9020 :4a8795e3fd710465a643dce51d9d014d7d0bdb6dba675cde41183b7783984ba0722eecd85497ddedb683e7ffce70a30ecb51e1ab97063f68670d444f5f43df81d52797e3f54fbef70b202b008b0772fe8d1c8673ea0c643a0375444d17136ad724d94e7d02a125577b2455e2753f0435a3f652a6242546671f819f60f7b37eb5d7295f2d811c67514dbacab0f05cb1b9f609d000a05f5b358245fea281bf0fc46ec80857e814dc7fea09dbc04a85e93d1180a92c0bf73f549cb3e5ad21e71cf9c03a5488b1cd18688ce5d5372c64799a0aa822d1906f2e41d9b314efc2d0503cec49a084fa9f1e074a438d16b6703c4cecf0e085d868e153220c2036271210bbd0
32 258 10 1 39 9020 :4a8795e3fd710465a643dce51d9d014d7d0bdb6dba675cde41183b7783984ba0722eecd85497ddedb683e7ffce70a30ecb51e1ab97063f68670d444f5f43df81d52797e3f54fbef70b202b008b0772fe8d1c8673ea0c643a0375444d17136ad724d94e7d02a125577b2455e2753f0435a3f652a6242546671f819f60f7b37eb5d7295f2d811c67514dbacab0f05cb1b9f609d000a05f5b358245fea281bf0fc46ec80857e814dc7fea09dbc04a85e93d1180a92c0bf73f549cb3e5ad21e71cf9c03a5488b1cd18688ce5d5372c64799a0aa822d1906f2e41d9b314efc2d0503cec49a084fa9f1e074a438d16b6703c4cecf0e085d868e153220c2036271210bbd0ca
32 259 10 1 39 9036 :4a8795e3fd710465a643dce51d9d014d7d0bdb6dba675cde41183b7783984ba0722eecd85497ddedb683e7ffce70a30ecb51e1ab97063f68670d444f5f43df81d52797e3f54fbef70b202b008b0772fe8d1c8673ea0c643a0375444d17136ad724d94e7d02a125577b2455e2753f0435a3f652a6242546671f819f60f7b37eb5d7295f2d811c67514dbacab0f05cb1b9f609d000a05f5b358245fea281bf0fc46ec80857e814dc7fea09dbc04a85e93d1180a92c0bf73f549cb3e5ad21e71cf9c03a5488b1cd18688ce5d5372c64799a0aa822d1906f2e41d9b314efc2d0503cec49a084fa9f1e074a438d16b6703c4cecf0e085d868e153220c2036271210bbd0caa9
32 260 10 1 39 8976 :4a8795e3fd710465a643dce51d9d014d7d0bdb6dba675cde41183b7783984ba0722eecd85497ddedb683e7ffce70a30ecb51e1ab97063f68670d444f5f43df81d52797e3f54fbef70b202b008b0772fe8d1c8673ea0c643a0375444d17136ad724d94e7d02a125577b2455e2753f0435a3f652a6242546671f819f60f7b37eb5d7295f2d811c67514dbacab0f05cb1b9f609d000a05f5b358245fea281bf0fc46ec80857e814dc7fea09dbc04a85e93d1180a92c0bf73f549cb3e5ad21e71cf9c03a5488b1cd18688ce5d5372c64799a0aa822d1906f2e41d9b314efc2d0503cec49a084fa9f1e074a438d16b6703c4cecf0e085d868e153220c2036271210bbd0caa90a
32 261 10 1 63 9076 :4a8795e3fd710465a643dce51d9d014d7d0bdb6dba675cde41183b7783984ba0722eecd85497ddedb683e7ffce70a30ecb51e1ab97063f68670d444f5f43df81d52797e3f54fbef70b202b008b0772fe8d1c8673ea0c643a0375444d17136ad724d94e7d02a125577b2455e2753f0435a3f652a6242546671f819f60f7b37eb5d7295f2d811c67514dbacab0f05cb1b9f609d000a05f5b358245fea281bf0fc46ec80857e814dc7fea09dbc04a85e93d1180a92c0bf73f549cb3e5ad21e71cf9c03a5488b1cd18688ce5d5372c64799a0aa822d1906f2e41d9b314efc2d0503cec49a084fa9f1e074a438d16b6703c4cecf0e085d868e153220c2036271210bbd0caa90a7f
32 262 10 1 41 8976 :4a8795e3fd710465a643dce51d9d014d7d0bdb6dba675cde41183b7783984ba0722eecd85497ddedb683e7ffce70a30ecb51e1ab97063f68670d444f5f43df81d52797e3f54fbef70b202b008b0772fe8d1c8673ea0c643a0375444d17136ad724d94e7d02a125577b2455e2753f0435a3f652a6242546671f819f60f7b37eb5d7295f2d811c67514dbacab0f05cb1b9f609d000a05f5b358245fea281bf0fc46ec80857e814dc7fea09dbc04a85e93d1180a92c0bf73f549cb3e5ad21e71cf9c03a5488b1cd18688ce5d5372c64799a0aa822d1906f2e41d9b314efc2d0503cec49a084fa9f1e074a438d16b6703c4cecf0e085d868e153220c2036271210bbd0caa90a7fe1
32 263 10 1 39 8976 :4a8795e3fd710465a643dce51d9d014d7d0bdb6dba675cde41183b7783984ba0722eecd85497ddedb683e7ffce70a30ecb51e1ab97063f68670d444f5f43df81d52797e3f54fbef70b202b008b0772fe8d1c8673ea0c643a0375444d17136ad724d94e7d02a125577b2455e2753f0435a3f652a6242546671f819f60f7b37eb5d7295f2d811c67514dbacab0f05cb1b9f609d000a05f5b358245fea281bf0fc46ec80857e814dc7fea09dbc04a85e93d1180a92c0bf73f549cb3e5ad21e71cf9c03a5488b1cd18688ce5d5372c64799a0aa822d1906f2e41d9b314efc2d0503cec49a084fa9f1e074a438d16b6703c4cecf0e085d868e153220c2036271210bbd0caa90a7fe1e2
32 264 10 1 39 9020 :4a8795e3fd710465a643dce51d9d014d7d0bdb6dba675cde41183b7783984ba0722eecd85497ddedb683e7ffce70a30ecb51e1ab97063f68670d444f5f43df81d52797e3f54fbef70b202b008b0772fe8d1c8673ea0c643a0375444d17136ad724d94e7d02a125577b2455e2753f0435a3f652a6242546671f819f60f7b37eb5d7295f2d811c67514dbacab0f05cb1b9f609d000a05f5b358245fea281bf0fc46ec80857e814dc7fea09dbc04a85e93d1180a92c0bf73f549cb3e5ad21e71cf9c03a5488b1cd18688ce5d5372c64799a0aa822d1906f2e41d9b314efc2d0503cec49a084fa9f1e074a438d16b6703c4cecf0e085d868e153220c2036271210bbd0caa90a7fe1e221
32 265 10 1 39 9116 :4a8795e3fd710465a643dce51d9d014d7d0bdb6dba675cde41183b7783984ba0722eecd85497ddedb683e7ffce70a30ecb51e1ab97063f68670d444f5f43df81d52797e3f54fbef70b202b008b0772fe8d1c8673ea0c643a0375444d17136ad724d94e7d02a125577b2455e2753f0435a3f652a6242546671f819f60f7b37eb5d7295f2d811c67514dbacab0f05cb1b9f609d000a05f5b358245fea281bf0fc46ec80857e814dc7fea09dbc04a85e93d1180a92c0bf73f549cb3e5ad21e71cf9c03a5488b1cd18688ce5d5372c64799a0aa822d1906f2e41d9b314efc2d0503cec49a084fa9f1e074a438d16b6703c4cecf0e085d868e153220c2036271210bbd0caa90a7fe1e22114
32 266 10 1 39 9020 :4a8795e3fd710465a643dce51d9d014d7d0bdb6dba675cde41183b7783984ba0722eecd85497ddedb683e7ffce70a30ecb51e1ab97063f68670d444f5f43df81d52797e3f54fbef70b202b008b0772fe8d1c8673ea0c643a0375444d17136ad724d94e7d02a125577b2455e2753f0435a3f652a6242546671f819f60f7b37eb5d7295f2d811c67514dbacab0f05cb1b9f609d000a05f5b358245fea281bf0fc46ec80857e814dc7fea09dbc04a85e93d1180a92c0bf73f549cb3e5ad21e71cf9c03a5488b1cd18688ce5d5372c64799a0aa822d1906f2e41d9b314efc2d0503cec49a084fa9f1e074a438d16b6703c4cecf0e085d868e153220c2036271210bbd0caa90a7fe1e221144b
32 267 10 1 39 8976 :4a8795e3fd710465a643dce51d9d014d7d0bdb6dba675cde41183b7783984ba0722eecd85497ddedb683e7ffce70a30ecb51e1ab97063f68670d444f5f43df81d52797e3f54fbef70b202b008b0772fe8d1c8673ea0c643a0375444d17136ad724d94e7d02a125577b2455e2753f0435a3f652a6242546671f819f60f7b37eb5d7295f2d811c67514dbacab0f05cb1b9f609d000a05f5b358245fea281bf0fc46ec80857e814dc7fea09dbc04a85e93d1180a92c0bf73f549cb3e5ad21e71cf9c03a5488b1cd18688ce5d5372c64799a0aa822d1906f2e41d9b314efc2d0503cec49a084fa9f1e074a438d16b6703c4cecf0e085d868e153220c2036271210bbd0caa90a7fe1e221144b72
32 268 10 1 39 8976 :4a8795e3fd710465a643dce51d9d014d7d0bdb6dba675cde41183b7783984ba0722eecd85497ddedb683e7ffce70a30ecb51e1ab97063f68670d444f5f43df81d52797e3f54fbef70b202b008b0772fe8d1c8673ea0c643a0375444d17136ad724d94e7d02a125577b2455e2753f0435a3f652a6242546671f819f60f7b37eb5d7295f2d811c67514dbacab0f05cb1b9f609d000a05f5b358245fea281bf0fc46ec80857e814dc7fea09dbc04a85e93d1180a92c0bf73f549cb3e5ad21e71cf9c03a5488b1cd18688ce5d5372c64799a0aa822d1906f2e41d9b314efc2d0503cec49a084fa9f1e074a438d16b6703c4cecf0e085d868e153220c2036271210bbd0caa90a7fe1e221144b725c
32 269 10 1 39 9020 :4a8795e3fd710465a643dce51d9d014d7d0bdb6dba675cde41183b7783984ba0722eecd85497ddedb683e7ffce70a30ecb51e1ab97063f68670d444f5f43df81d52797e3f54fbef70b202b008b0772fe8d1c8673ea0c643a0375444d17136ad724d94e7d02a125577b2455e2753f0435a3f652a6242546671f819f60f7b37eb5d7295f2d811c67514dbacab0f05cb1b9f609d000a05f5b358245fea281bf0fc46ec80857e814dc7fea09dbc04a85e93d1180a92c0bf73f549cb3e5ad21e71cf9c03a5488b1cd18688ce5d5372c64799a0aa822d1906f2e41d9b314efc2d0503cec49a084fa9f1e074a438d16b6703c4cecf0e085d868e153220c2036271210bbd0caa90a7fe1e221144b725c92
32 270 10 1 65 9112 :4a8795e3fd710465a643dce51d9d014d7d0bdb6dba675cde41183b7783984ba0722eecd85497ddedb683e7ffce70a30ecb51e1ab97063f68670d444f5f43df81d52797e3f54fbef70b202b008b0772fe8d1c8673ea0c643a0375444d17136ad724d94e7d02a125577b2455e2753f0435a3f652a6242546671f819f60f7b37eb5d7295f2d811c67514dbacab0f05cb1b9f609d000a05f5b358245fea281bf0fc46ec80857e814dc7fea09dbc04a85e93d1180a92c0bf73f549cb3e5ad21e71cf9c03a5488b1cd18688ce5d5372c64799a0aa822d1906f2e41d9b314efc2d0503cec49a084fa9f1e074a438d16b6703c4cecf0e085d868e153220c2036271210bbd0caa90a7fe1e221144b725c92ac
32 271 10 1 41 9128 :4a8795e3fd710465a643dce51d9d014d7d0bdb6dba675cde41183b7783984ba0722eecd85497ddedb683e7ffce70a30ecb51e1ab97063f68670d444f5f43df81d52797e3f54fbef70b202b008b0772fe8d1c8673ea0c643a0375444d17136ad724d94e7d02a125577b2455e2753f0435a3f652a6242546671f819f60f7b37eb5d7295f2d811c67514dbacab0f05cb1b9f609d000a05f5b358245fea281bf0fc46ec80857e814dc7fea09dbc04a85e93d1180a92c0bf73f549cb3e5ad21e71cf9c03a5488b1cd18688ce5d5372c64799a0aa822d1906f2e41d9b314efc2d0503cec49a084fa9f1e074a438d16b6703c4cecf0e085d868e153220c2036271210bbd0caa90a7fe1e221144b725c92ac1d
32 272 10 1 39 8980 :4a8795e3fd710465a643dce51d9d014d7d0bdb6dba675cde41183b7783984ba0722eecd85497ddedb683e7ffce70a30ecb51e1ab97063f68670d444f5f43df81d52797e3f54fbef70b202b008b0772fe8d1c8673ea0c643a0375444d17136ad724d94e7d02a125577b2455e2753f0435a3f652a6242546671f819f60f7b37eb5d7295f2d811c67514dbacab0f05cb1b9f609d000a05f5b358245fea281bf0fc46ec80857e814dc7fea09dbc04a85e93d1180a92c0bf73f549cb3e5ad21e71cf9c03a5488b1cd18688ce5d5372c64799a0aa822d1906f2e41d9b314efc2d0503cec49a084fa9f1e074a438d16b6703c4cecf0e085d868e153220c2036271210bbd0caa90a7fe1e221144b725c92ac1ded
32 273 10 1 39 9020 :4a8795e3fd710465a643dce51d9d014d7d0bdb6dba675cde41183b7783984ba0722eecd85497ddedb683e7ffce70a30ecb51e1ab97063f68670d444f5f43df81d52797e3f54fbef70b202b008b0772fe8d1c8673ea0c643a0375444d17136ad724d94e7d02a125577b2455e2753f0435a3f652a6242546671f819f60f7b37eb5d7295f2d811c67514dbacab0f05cb1b9f609d000a05f5b358245fea281bf0fc46ec80857e814dc7fea09dbc04a85e93d1180a92c0bf73f549cb3e5ad21e71cf9c03a5488b1cd18688ce5d5372c64799a0aa822d1906f2e41d9b314efc2d0503cec49a084fa9f1e074a438d16b6703c4cecf0e085d868e153220c2036271210bbd0caa90a7fe1e221144b725c92ac1ded18
32 274 10 1 39 8976 :4a8795e3fd710465a643dce51d9d014d7d0bdb6dba675cde41183b7783984ba0722eecd85497ddedb683e7ffce70a30ecb51e1ab97063f68670d444f5f43df81d52797e3f54fbef70b202b008b0772fe8d1c8673ea0c643a0375444d17136ad724d94e7d02a125577b2455e2753f0435a3f652a6242546671f819f60f7b37eb5d7295f2d811c67514dbacab0f05cb1b9f609d000a05f5b358245fea281bf0fc46ec80857e814dc7fea09dbc04a85e93d1180a92c0bf73f549cb3e5ad21e71cf9c03a5488b1cd18688ce5d5372c64799a0aa822d1906f2e41d9b314efc2d0503cec49a084fa9f1e074a438d16b6703c4cecf0e085d868e153220c2036271210bbd0caa90a7fe1e221144b725c92ac1ded180a
32 275 10 1 39 9068 :4a8795e3fd710465a643dce51d9d014d7d0bdb6dba675cde41183b7783984ba0722eecd85497ddedb683e7ffce70a30ecb51e1ab97063f68670d444f5f43df81d52797e3f54fbef70b202b008b0772fe8d1c8673ea0c643a0375444d17136ad724d94e7d02a125577b2455e2753f0435a3f652a6242546671f819f60f7b37eb5d7295f2d811c67514dbacab0f05cb1b9f609d000a05f5b358245fea281bf0fc46ec80857e814dc7fea09dbc04a85e93d1180a92c0bf73f549cb3e5ad21e71cf9c03a5488b1cd18688ce5d5372c64799a0aa822d1906f2e41d9b314efc2d0503cec49a084fa9f1e074a438d16b6703c4cecf0e085d868e153220c2036271210bbd0caa90a7fe1e221144b725c92ac1ded180af8
32 276 10 1 39 8976 :4a8795e3fd710465a643dce51d9d014d7d0bdb6dba675cde41183b7783984ba0722eecd85497ddedb683e7ffce70a30ecb51e1ab97063f68670d444f5f43df81d52797e3f54fbef70b202b008b0772fe8d1c8673ea0c643a0375444d17136ad724d94e7d02a125577b2455e2753f0435a3f652a6242546671f819f60f7b37eb5d7295f2d811c67514dbacab0f05cb1b9f609d000a05f5b358245fea281bf0fc46ec80857e814dc7fea09dbc04a85e93d1180a92c0bf73f549cb3e5ad21e71cf9c03a5488b1cd18688ce5d5372c64799a0aa822d1906f2e41d9b314efc2d0503cec49a084fa9f1e074a438d16b6703c4cecf0e085d868e153220c2036271210bbd0caa90a7fe1e221144b725c92ac1ded180af883
32 277 10 1 39 8980 :4a8795e3fd710465a643dce51d9d014d7d0bdb6dba675cde41183b7783984ba0722eecd85497ddedb683e7ffce70a30ecb51e1ab97063f68670d444f5f43df81d52797e3f54fbef70b202b008b0772fe8d1c8673ea0c643a0375444d17136ad724d94e7d02a125577b2455e2753f0435a3f652a6242546671f819f60f7b37eb5d7295f2d811c67514dbacab0f05cb1b9f609d000a05f5b358245fea281bf0fc46ec80857e814dc7fea09dbc04a85e93d1180a92c0bf73f549cb3e5ad21e71cf9c03a5488b1cd18688ce5d5372c64799a0aa822d1906f2e41d9b314efc2d0503cec49a084fa9f1e074a438d16b6703c4cecf0e085d868e153220c2036271210bbd0caa90a7fe1e221144b725c92ac1ded180af883b3
32 278 10 1 39 9040 :4a8795e3fd710465a643dce51d9d014d7d0bdb6dba675cde41183b7783984ba0722eecd85497ddedb683e7ffce70a30ecb51e1ab97063f68670d444f5f43df81d52797e3f54fbef70b202b008b0772fe8d1c8673ea0c643a0375444d17136ad724d94e7d02a125577b2455e2753f0435a3f652a6242546671f819f60f7b37eb5d7295f2d811c67514dbacab0f05cb1b9f609d000a05f5b358245fea281bf0fc46ec80857e814dc7fea09dbc04a85e93d1180a92c0bf73f549cb3e5ad21e71cf9c03a5488b1cd18688ce5d5372c64799a0aa822d1906f2e41d9b314efc2d0503cec49a084fa9f1e074a438d16b6703c4cecf0e085d868e153220c2036271210bbd0caa90a7fe1e221144b725c92ac1ded180af883b33c
32 279 10 1 39 8976 :4a8795e3fd710465a643dce51d9d014d7d0bdb6dba675cde41183b7783984ba0722eecd85497ddedb683e7ffce70a30ecb51e1ab97063f68670d444f5f43df81d52797e3f54fbef70b202b008b0772fe8d1c8673ea0c643a0375444d17136ad724d94e7d02a125577b2455e2753f0435a3f652a6242546671f819f60f7b37eb5d7295f2d811c67514dbacab0f05cb1b9f609d000a05f5b358245fea281bf0fc46ec80857e814dc7fea09dbc04a85e93d1180a92c0bf73f549cb3e5ad21e71cf9c03a5488b1cd18688ce5d5372c64799a0aa822d1906f2e41d9b314efc2d0503cec49a084fa9f1e074a438d16b6703c4cecf0e085d868e153220c2036271210bbd0caa90a7fe1e221144b725c92ac1ded180af883b33cac
32 280 10 1 39 9140 :4a8795e3fd710465a643dce51d9d014d7d0bdb6dba675cde41183b7783984ba0722eecd85497ddedb683e7ffce70a30ecb51e1ab97063f68670d444f5f43df81d52797e3f54fbef70b202b008b0772fe8d1c8673ea0c643a0375444d17136ad724d94e7d02a125577b2455e2753f0435a3f652a6242546671f819f60f7b37eb5d7295f2d811c67514dbacab0f05cb1b9f609d000a05f5b358245fea281bf0fc46ec80857e814dc7fea09dbc04a85e93d1180a92c0bf73f549cb3e5ad21e71cf9c03a5488b1cd18688ce5d5372c64799a0aa822d1906f2e41d9b314efc2d0503cec49a084fa9f1e074a438d16b6703c4cecf0e085d868e153220c2036271210bbd0caa90a7fe1e221144b725c92ac1ded180af883b33cac58
32 281 10 1 39 9120 :4a8795e3fd710465a643dce51d9d014d7d0bdb6dba675cde41183b7783984ba0722eecd85497ddedb683e7ffce70a30ecb51e1ab97063f68670d444f5f43df81d52797e3f54fbef70b202b008b0772fe8d1c8673ea0c643a0375444d17136ad724d94e7d02a125577b2455e2753f0435a3f652a6242546671f819f60f7b37eb5d7295f2d811c67514dbacab0f05cb1b9f609d000a05f5b358245fea281bf0fc46ec80857e814dc7fea09dbc04a85e93d1180a92c0bf73f549cb3e5ad21e71cf9c03a5488b1cd18688ce5d5372c64799a0aa822d1906f2e41d9b314efc2d0503cec49a084fa9f1e074a438d16b6703c4cecf0e085d868e153220c2036271210bbd0caa90a7fe1e221144b725c92ac1ded180af883b33cac5849
32 282 10 1 39 9020 :4a8795e3fd710465a643dce51d9d014d7d0bdb6dba675cde41183b7783984ba0722eecd85497ddedb683e7ffce70a30ecb51e1ab97063f68670d444f5f43df81d52797e3f54fbef70b202b008b0772fe8d1c8673ea0c643a0375444d17136ad724d94e7d02a125577b2455e2753f0435a3f652a6242546671f819f60f7b37eb5d7295f2d811c67514dbacab0f05cb1b9f609d000a05f5b358245fea281bf0fc46ec80857e814dc7fea09dbc04a85e93d1180a92c0bf73f549cb3e5ad21e71cf9c03a5488b1cd18688ce5d5372c64799a0aa822d1906f2e41d9b314efc2d0503cec49a084fa9f1e074a438d16b6703c4cecf0e085d868e153220c2036271210bbd0caa90a7fe1e221144b725c92ac1ded180af883b33cac5849ee
32 283 10 1 39 8976 :4a8795e3fd710465a643dce51d9d014d7d0bdb6dba675cde41183b7783984ba0722eecd85497ddedb683e7ffce70a30ecb51e1ab97063f68670d444f5f43df81d52797e3f54fbef70b202b008b0772fe8d1c8673ea0c643a0375444d17136ad724d94e7d02a125577b2455e2753f0435a3f652a6242546671f819f60f7b37eb5d7295f2d811c67514dbacab0f05cb1b9f609d000a05f5b358245fea281bf0fc46ec80857e814dc7fea09dbc04a85e93d1180a92c0bf73f549cb3e5ad21e71cf9c03a5488b1cd18688ce5d5372c64799a0aa822d1906f2e41d9b314efc2d0503cec49a084fa9f1e074a438d16b6703c4cecf0e085d868e153220c2036271210bbd0caa90a7fe1e221144b725c92ac1ded180af883b33cac5849ee13
32 284 10 1 39 9120 :4a8795e3fd710465a643dce51d9d014d7d0bdb6dba675cde41183b7783984ba0722eecd85497ddedb683e7ffce70a30ecb51e1ab97063f68670d444f5f43df81d52797e3f54fbef70b202b008b0772fe8d1c8673ea0c643a0375444d17136ad724d94e7d02a125577b2455e2753f0435a3f652a6242546671f819f60f7b37eb5d7295f2d811c67514dbacab0f05cb1b9f609d000a05f5b358245fea281bf0fc46ec80857e814dc7fea09dbc04a85e93d1180a92c0bf73f549cb3e5ad21e71cf9c03a5488b1cd18688ce5d5372c64799a0aa822d1906f2e41d9b314efc2d0503cec49a084fa9f1e074a438d16b6703c4cecf0e085d868e153220c2036271210bbd0caa90a7fe1e221144b725c92ac1ded180af883b33cac5849ee1389
32 285 10 1 39 8976 :4a8795e3fd710465a643dce51d9d014d7d0bdb6dba675cde41183b7783984ba0722eecd85497ddedb683e7ffce70a30ecb51e1ab97063f68670d444f5f43df81d52797e3f54fbef70b202b008b0772fe8d1c8673ea0c643a0375444d17136ad724d94e7d02a125577b2455e2753f0435a3f652a6242546671f819f60f7b37eb5d7295f2d811c67514dbacab0f05cb1b9f609d000a05f5b358245fea281bf0fc46ec80857e814dc7fea09dbc04a85e93d1180a92c0bf73f549cb3e5ad21e71cf9c03a5488b1cd18688ce5d5372c64799a0aa822d1906f2e41d9b314efc2d0503cec49a084fa9f1e074a438d16b6703c4cecf0e085d868e153220c2036271210bbd0caa90a7fe1e221144b725c92ac1ded180af883b33cac5849ee138907
32 286 10 1 39 9016 :4a8795e3fd710465a643dce51d9d014d7d0bdb6dba675cde41183b7783984ba0722eecd85497ddedb683e7ffce70a30ecb51e1ab97063f68670d444f5f43df81d52797e3f54fbef70b202b008b0772fe8d1c8673ea0c643a0375444d17136ad724d94e7d02a125577b2455e2753f0435a3f652a6242546671f819f60f7b37eb5d7295f2d811c67514dbacab0f05cb1b9f609d000a05f5b358245fea281bf0fc46ec80857e814dc7fea09dbc04a85e93d1180a92c0bf73f549cb3e5ad21e71cf9c03a5488b1cd18688ce5d5372c64799a0aa822d1906f2e41d9b314efc2d0503cec49a084fa9f1e074a438d16b6703c4cecf0e085d868e153220c2036271210bbd0caa90a7fe1e221144b725c92ac1ded180af883b33cac5849ee13890775
32 287 10 1 39 8976 :4a8795e3fd710465a643dce51d9d014d7d0bdb6dba675cde41183b7783984ba0722eecd85497ddedb683e7ffce70a30ecb51e1ab97063f68670d444f5f43df81d52797e3f54fbef70b202b008b0772fe8d1c8673ea0c643a0375444d17136ad724d94e7d02a125577b2455e2753f0435a3f652a6242546671f819f60f7b37eb5d7295f2d811c67514dbacab0f05cb1b9f609d000a05f5b358245fea281bf0fc46ec80857e814dc7fea09dbc04a85e93d1180a92c0bf73f549cb3e5ad21e71cf9c03a5488b1cd18688ce5d5372c64799a0aa822d1906f2e41d9b314efc2d0503cec49a084fa9f1e074a438d16b6703c4cecf0e085d868e153220c2036271210bbd0caa90a7fe1e221144b725c92ac1ded180af883b33cac5849ee1389077514
32 288 10 1 39 9116 :4a8795e3fd710465a643dce51d9d014d7d0bdb6dba675cde41183b7783984ba0722eecd85497ddedb683e7ffce70a30ecb51e1ab97063f68670d444f5f43df81d52797e3f54fbef70b202b008b0772fe8d1c8673ea0c643a0375444d17136ad724d94e7d02a125577b2455e2753f0435a3f652a6242546671f819f60f7b37eb5d7295f2d811c67514dbacab0f05cb1b9f609d000a05f5b358245fea281bf0fc46ec80857e814dc7fea09dbc04a85e93d1180a92c0bf73f549cb3e5ad21e71cf9c03a5488b1cd18688ce5d5372c64799a0aa822d1906f2e41d9b314efc2d0503cec49a084fa9f1e074a438d16b6703c4cecf0e085d868e153220c2036271210bbd0caa90a7fe1e221144b725c92ac1ded180af883b33cac5849ee1389077514db
32 289 10 1 39 8980 :4a8795e3fd710465a643dce51d9d014d7d0bdb6dba675cde41183b7783984ba0722eecd85497ddedb683e7ffce70a30ecb51e1ab97063f68670d444f5f43df81d52797e3f54fbef70b202b008b0772fe8d1c8673ea0c643a0375444d17136ad724d94e7d02a125577b2455e2753f0435a3f652a6242546671f819f60f7b37eb5d7295f2d811c67514dbacab0f05cb1b9f609d000a05f5b358245fea281bf0fc46ec80857e814dc7fea09dbc04a85e93d1180a92c0bf73f549cb3e5ad21e71cf9c03a5488b1cd18688ce5d5372c64799a0aa822d1906f2e41d9b314efc2d0503cec49a084fa9f1e074a438d16b6703c4cecf0e085d868e153220c2036271210bbd0caa90a7fe1e221144b725c92ac1ded180af883b33cac5849ee1389077514dbe1
32 290 10 1 39 9076 :4a8795e3fd710465a643dce51d9d014d7d0bdb6dba675cde41183b7783984ba0722eecd85497ddedb683e7ffce70a30ecb51e1ab97063f68670d444f5f43df81d52797e3f54fbef70b202b008b0772fe8d1c8673ea0c643a0375444d17136ad724d94e7d02a125577b2455e2753f0435a3f652a6242546671f819f60f7b37eb5d7295f2d811c67514dbacab0f05cb1b9f609d000a05f5b358245fea281bf0fc46ec80857e814dc7fea09dbc04a85e93d1180a92c0bf73f549cb3e5ad21e71cf9c03a5488b1cd18688ce5d5372c64799a0aa822d1906f2e41d9b314efc2d0503cec49a084fa9f1e074a438d16b6703c4cecf0e085d868e153220c2036271210bbd0caa90a7fe1e221144b725c92ac1ded180af883b33cac5849ee1389077514dbe1ca
32 291 10 1 39 9144 :4a8795e3fd710465a643dce51d9d014d7d0bdb6dba675cde41183b7783984ba0722eecd85497ddedb683e7ffce70a30ecb51e1ab97063f68670d444f5f43df81d52797e3f54fbef70b202b008b0772fe8d1c8673ea0c643a0375444d17136ad724d94e7d02a125577b2455e2753f0435a3f652a6242546671f819f60f7b37eb5d7295f2d811c67514dbacab0f05cb1b9f609d000a05f5b358245fea281bf0fc46ec80857e814dc7fea09dbc04a85e93d1180a92c0bf73f549cb3e5ad21e71cf9c03a5488b1cd18688ce5d5372c64799a0aa822d1906f2e41d9b314efc2d0503cec49a084fa9f1e074a438d16b6703c4cecf0e085d868e153220c2036271210bbd0caa90a7fe1e221144b725c92ac1ded180af883b33cac5849ee1389077514dbe1cad9
32 292 10 1 39 8976 :4a8795e3fd710465a643dce51d9d014d7d0bdb6dba675cde41183b7783984ba0722eecd85497ddedb683e7ffce70a30ecb51e1ab97063f68670d444f5f43df81d52797e3f54fbef70b202b008b0772fe8d1c8673ea0c643a0375444d17136ad724d94e7d02a125577b2455e2753f0435a3f652a6242546671f819f60f7b37eb5d7295f2d811c67514dbacab0f05cb1b9f609d000a05f5b358245fea281bf0fc46ec80857e814dc7fea09dbc04a85e93d1180a92c0bf73f549cb3e5ad21e71cf9c03a5488b1cd18688ce5d5372c64799a0aa822d1906f2e41d9b314efc2d0503cec49a084fa9f1e074a438d16b6703c4cecf0e085d868e153220c2036271210bbd0caa90a7fe1e221144b725c92ac1ded180af883b33cac5849ee1389077514dbe1cad95d
32 293 10 1 39 9100 :4a8795e3fd710465a643dce51d9d014d7d0bdb6dba675cde41183b7783984ba0722eecd85497ddedb683e7ffce70a30ecb51e1ab97063f68670d444f5f43df81d52797e3f54fbef70b202b008b0772fe8d1c8673ea0c643a0375444d17136ad724d94e7d02a125577b2455e2753f0435a3f652a6242546671f819f60f7b37eb5d7295f2d811c67514dbacab0f05cb1b9f609d000a05f5b358245fea281bf0fc46ec80857e814dc7fea09dbc04a85e93d1180a92c0bf73f549cb3e5ad21e71cf9c03a5488b1cd18688ce5d5372c64799a0aa822d1906f2e41d9b314efc2d0503cec49a084fa9f1e074a438d16b6703c4cecf0e085d868e153220c2036271210bbd0caa90a7fe1e221144b725c92ac1ded180af883b33cac5849ee1389077514dbe1cad95d2d
32 294 10 1 39 8976 :4a8795e3fd710465a643dce51d9d014d7d0bdb6dba675cde41183b7783984ba0722eecd85497ddedb683e7ffce70a30ecb51e1ab97063f68670d444f5f43df81d52797e3f54fbef70b202b008b0772fe8d1c8673ea0c643a0375444d17136ad724d94e7d02a125577b2455e2753f0435a3f652a6242546671f819f60f7b37eb5d7295f2d811c67514dbacab0f05cb1b9f609d000a05f5b358245fea281bf0fc46ec80857e814dc7fea09dbc04a85e93d1180a92c0bf73f549cb3e5ad21e71cf9c03a5488b1cd18688ce5d5372c64799a0aa822d1906f2e41d9b314efc2d0503cec49a084fa9f1e074a438d16b6703c4cecf0e085d868e153220c2036271210bbd0caa90a7fe1e221144b725c92ac1ded180af883b33cac5849ee1389077514dbe1cad95d2d49
32 295 10 1 39 9076 :4a8795e3fd710465a643dce51d9d014d7d0bdb6dba675cde41183b7783984ba0722eecd85497ddedb683e7ffce70a30ecb51e1ab97063f68670d444f5f43df81d52797e3f54fbef70b202b008b0772fe8d1c8673ea0c643a0375444d17136ad724d94e7d02a125577b2455e2753f0435a3f652a6242546671f819f60f7b37eb5d7295f2d811c67514dbacab0f05cb1b9f609d000a05f5b358245fea281bf0fc46ec80857e814dc7fea09dbc04a85e93d1180a92c0bf73f549cb3e5ad21e71cf9c03a5488b1cd18688ce5d5372c64799a0aa822d1906f2e41d9b314efc2d0503cec49a084fa9f1e074a438d16b6703c4cecf0e085d868e153220c2036271210bbd0caa90a7fe1e221144b725c92ac1ded180af883b33cac5849ee1389077514dbe1cad95d2d49f1
32 296 10 1 39 9140 :4a8795e3fd710465a643dce51d9d014d7d0bdb6dba675cde41183b7783984ba0722eecd85497ddedb683e7ffce70a30ecb51e1ab97063f68670d444f5f43df81d52797e3f54fbef70b202b008b0772fe8d1c8673ea0c643a0375444d17136ad724d94e7d02a125577b2455e2753f0435a3f652a6242546671f819f60f7b37eb5d7295f2d811c67514dbacab0f05cb1b9f609d000a05f5b358245fea281bf0fc46ec80857e814dc7fea09dbc04a85e93d1180a92c0bf73f549cb3e5ad21e71cf9c03a5488b1cd18688ce5d5372c64799a0aa822d1906f2e41d9b314efc2d0503cec49a084fa9f1e074a438d16b6703c4cecf0e085d868e153220c2036271210bbd0caa90a7fe1e221144b725c92ac1ded180af883b33cac5849ee1389077514dbe1cad95d2d49f1e6
32 297 10 1 39 8980 :4a8795e3fd710465a643dce51d9d014d7d0bdb6dba675cde41183b7783984ba0722eecd85497ddedb683e7ffce70a30ecb51e1ab97063f68670d444f5f43df81d52797e3f54fbef70b202b008b0772fe8d1c8673ea0c643a0375444d17136ad724d94e7d02a125577b2455e2753f0435a3f652a6242546671f819f60f7b37eb5d7295f2d811c67514dbacab0f05cb1b9f609d000a05f5b358245fea281bf0fc46ec80857e814dc7fea09dbc04a85e93d1180a92c0bf73f549cb3e5ad21e71cf9c03a5488b1cd18688ce5d5372c64799a0aa822d1906f2e41d9b314efc2d0503cec49a084fa9f1e074a438d16b6703c4cecf0e085d868e153220c2036271210bbd0caa90a7fe1e221144b725c92ac1ded180af883b33cac5849ee1389077514dbe1cad95d2d49f1e660
32 298 10 1 65 8976 :4a8795e3fd710465a643dce51d9d014d7d0bdb6dba675cde41183b7783984ba0722eecd85497ddedb683e7ffce70a30ecb51e1ab97063f68670d444f5f43df81d52797e3f54fbef70b202b008b0772fe8d1c8673ea0c643a0375444d17136ad724d94e7d02a125577b2455e2753f0435a3f652a6242546671f819f60f7b37eb5d7295f2d811c67514dbacab0f05cb1b9f609d000a05f5b358245fea281bf0fc46ec80857e814dc7fea09dbc04a85e93d1180a92c0bf73f549cb3e5ad21e71cf9c03a5488b1cd18688ce5d5372c64799a0aa822d1906f2e41d9b314efc2d0503cec49a084fa9f1e074a438d16b6703c4cecf0e085d868e153220c2036271210bbd0caa90a7fe1e221144b725c92ac1ded180af883b33cac5849ee1389077514dbe1cad95d2d49f1e660d8
32 299 10 1 41 8980 :4a8795e3fd710465a643dce51d9d014d7d0bdb6dba675cde41183b7783984ba0722eecd85497ddedb683e7ffce70a30ecb51e1ab97063f68670d444f5f43df81d52797e3f54fbef70b202b008b0772fe8d1c8673ea0c643a0375444d17136ad724d94e7d02a125577b2455e2753f0435a3f652a6242546671f819f60f7b37eb5d7295f2d811c67514dbacab0f05cb1b9f609d000a05f5b358245fea281bf0fc46ec80857e814dc7fea09dbc04a85e93d1180a92c0bf73f549cb3e5ad21e71cf9c03a5488b1cd18688ce5d5372c64799a0aa822d1906f2e41d9b314efc2d0503cec49a084fa9f1e074a438d16b6703c4cecf0e085d868e153220c2036271210bbd0caa90a7fe1e221144b725c92ac1ded180af883b33cac5849ee1389077514dbe1cad95d2d49f1e660d8e7
32 300 10 1 39 8980 :4a8795e3fd710465a643dce51d9d014d7d0bdb6dba675cde41183b7783984ba0722eecd85497ddedb683e7ffce70a30ecb51e1ab97063f68670d444f5f43df81d52797e3f54fbef70b202b008b0772fe8d1c8673ea0c643a0375444d17136ad724d94e7d02a125577b2455e2753f0435a3f652a6242546671f819f60f7b37eb5d7295f2d811c67514dbacab0f05cb1b9f609d000a05f5b358245fea281bf0fc46ec80857e814dc7fea09dbc04a85e93d1180a92c0bf73f549cb3e5ad21e71cf9c03a5488b1cd18688ce5d5372c64799a0aa822d1906f2e41d9b314efc2d0503cec49a084fa9f1e074a438d16b6703c4cecf0e085d868e153220c2036271210bbd0caa90a7fe1e221144b725c92ac1ded180af883b33cac5849ee1389077514dbe1cad95d2d49f1e660d8e72d
