32 1 10 10 69 9064 :c3
32 2 10 10 51 9000 :c345
32 3 10 10 52 8996 :c3452e
32 4 10 10 52 9036 :c3452eb4
32 5 10 10 52 9000 :c3452eb461
32 6 10 10 51 9156 :c3452eb46160
32 7 10 10 52 9092 :c3452eb46160c8
32 8 10 10 51 9156 :c3452eb46160c8bb
32 9 10 10 51 9000 :c3452eb46160c8bbe8
32 10 10 10 51 9004 :c3452eb46160c8bbe88a
32 11 10 10 51 9004 :c3452eb46160c8bbe88af2
32 12 10 10 52 8996 :c3452eb46160c8bbe88af26a
32 13 10 10 52 9060 :c3452eb46160c8bbe88af26a11
32 14 10 10 52 9004 :c3452eb46160c8bbe88af26a1130
32 15 10 10 52 9000 :c3452eb46160c8bbe88af26a11301d
32 16 10 10 73 9000 :c3452eb46160c8bbe88af26a11301d77
32 17 10 10 52 9140 :c3452eb46160c8bbe88af26a11301d7737
32 18 10 10 52 9060 :c3452eb46160c8bbe88af26a11301d773792
32 19 10 10 52 9124 :c3452eb46160c8bbe88af26a11301d77379210
32 20 10 10 52 9128 :c3452eb46160c8bbe88af26a11301d77379210b0
32 21 10 10 52 9012 :c3452eb46160c8bbe88af26a11301d77379210b009
32 22 10 10 52 9044 :c3452eb46160c8bbe88af26a11301d77379210b009b3
32 23 10 10 52 9044 :c3452eb46160c8bbe88af26a11301d77379210b009b34a
32 24 10 10 52 9164 :c3452eb46160c8bbe88af26a11301d77379210b009b34aef
32 25 10 10 52 9000 :c3452eb46160c8bbe88af26a11301d77379210b009b34aefbd
32 26 10 10 52 9004 :c3452eb46160c8bbe88af26a11301d77379210b009b34aefbd82
32 27 10 10 78 9036 :c3452eb46160c8bbe88af26a11301d77379210b009b34aefbd826c
32 28 10 10 52 9000 :c3452eb46160c8bbe88af26a11301d77379210b009b34aefbd826c3c
32 29 10 10 52 9124 :c3452eb46160c8bbe88af26a11301d77379210b009b34aefbd826c3cdd
32 30 10 10 52 9004 :c3452eb46160c8bbe88af26a11301d77379210b009b34aefbd826c3cdd28
32 31 10 10 52 9164 :c3452eb46160c8bbe88af26a11301d77379210b009b34aefbd826c3cdd287b
32 32 10 10 52 9152 :c3452eb46160c8bbe88af26a11301d77379210b009b34aefbd826c3cdd287b3a
32 33 10 10 52 9000 :c3452eb46160c8bbe88af26a11301d77379210b009b34aefbd826c3cdd287b3a93
32 34 10 10 52 9140 :c3452eb46160c8bbe88af26a11301d77379210b009b34aefbd826c3cdd287b3a9312
32 35 10 10 52 9128 :c3452eb46160c8bbe88af26a11301d77379210b009b34aefbd826c3cdd287b3a931278
32 36 10 10 52 8992 :c3452eb46160c8bbe88af26a11301d77379210b009b34aefbd826c3cdd287b3a93127820
32 37 10 10 52 9040 :c3452eb46160c8bbe88af26a11301d77379210b009b34aefbd826c3cdd287b3a931278200e
32 38 10 10 52 9044 :c3452eb46160c8bbe88af26a11301d77379210b009b34aefbd826c3cdd287b3a931278200e72
32 39 10 10 52 9000 :c3452eb46160c8bbe88af26a11301d77379210b009b34aefbd826c3cdd287b3a931278200e724c
32 40 10 10 52 9060 :c3452eb46160c8bbe88af26a11301d77379210b009b34aefbd826c3cdd287b3a931278200e724c91
32 41 10 10 52 9156 :c3452eb46160c8bbe88af26a11301d77379210b009b34aefbd826c3cdd287b3a931278200e724c911c
32 42 10 10 52 9020 :c3452eb46160c8bbe88af26a11301d77379210b009b34aefbd826c3cdd287b3a931278200e724c911c92
32 43 10 10 78 9004 :c3452eb46160c8bbe88af26a11301d77379210b009b34aefbd826c3cdd287b3a931278200e724c911c9258
32 44 10 10 78 8992 :c3452eb46160c8bbe88af26a11301d77379210b009b34aefbd826c3cdd287b3a931278200e724c911c925895
32 45 10 10 52 9060 :c3452eb46160c8bbe88af26a11301d77379210b009b34aefbd826c3cdd287b3a931278200e724c911c925895b8
32 46 10 10 78 9004 :c3452eb46160c8bbe88af26a11301d77379210b009b34aefbd826c3cdd287b3a931278200e724c911c925895b8d0
32 47 10 10 52 9000 :c3452eb46160c8bbe88af26a11301d77379210b009b34aefbd826c3cdd287b3a931278200e724c911c925895b8d0d4
32 48 10 10 52 8992 :c3452eb46160c8bbe88af26a11301d77379210b009b34aefbd826c3cdd287b3a931278200e724c911c925895b8d0d448
32 49 10 10 52 9060 :c3452eb46160c8bbe88af26a11301d77379210b009b34aefbd826c3cdd287b3a931278200e724c911c925895b8d0d44834
32 50 10 10 52 9000 :c3452eb46160c8bbe88af26a11301d77379210b009b34aefbd826c3cdd287b3a931278200e724c911c925895b8d0d4483428
32 51 10 10 52 9152 :c3452eb46160c8bbe88af26a11301d77379210b009b34aefbd826c3cdd287b3a931278200e724c911c925895b8d0d4483428c2
32 52 10 10 52 9000 :c3452eb46160c8bbe88af26a11301d77379210b009b34aefbd826c3cdd287b3a931278200e724c911c925895b8d0d4483428c27a
32 53 10 10 52 9128 :c3452eb46160c8bbe88af26a11301d77379210b009b34aefbd826c3cdd287b3a931278200e724c911c925895b8d0d4483428c27a04
32 54 10 10 52 9000 :c3452eb46160c8bbe88af26a11301d77379210b009b34aefbd826c3cdd287b3a931278200e724c911c925895b8d0d4483428c27a048e
32 55 10 10 52 9004 :c3452eb46160c8bbe88af26a11301d77379210b009b34aefbd826c3cdd287b3a931278200e724c911c925895b8d0d4483428c27a048e88
32 56 10 10 52 8992 :c3452eb46160c8bbe88af26a11301d77379210b009b34aefbd826c3cdd287b3a931278200e724c911c925895b8d0d4483428c27a048e8882
32 57 10 10 52 8992 :c3452eb46160c8bbe88af26a11301d77379210b009b34aefbd826c3cdd287b3a931278200e724c911c925895b8d0d4483428c27a048e888280
32 58 10 10 52 9000 :c3452eb46160c8bbe88af26a11301d77379210b009b34aefbd826c3cdd287b3a931278200e724c911c925895b8d0d4483428c27a048e88828027
32 59 10 10 52 9100 :c3452eb46160c8bbe88af26a11301d77379210b009b34aefbd826c3cdd287b3a931278200e724c911c925895b8d0d4483428c27a048e88828027fd
32 60 10 10 52 9004 :c3452eb46160c8bbe88af26a11301d77379210b009b34aefbd826c3cdd287b3a931278200e724c911c925895b8d0d4483428c27a048e88828027fd7d
32 61 10 10 52 9092 :c3452eb46160c8bbe88af26a11301d77379210b009b34aefbd826c3cdd287b3a931278200e724c911c925895b8d0d4483428c27a048e88828027fd7dec
32 62 10 10 52 9000 :c3452eb46160c8bbe88af26a11301d77379210b009b34aefbd826c3cdd287b3a931278200e724c911c925895b8d0d4483428c27a048e88828027fd7dec50
32 63 10 10 52 9100 :c3452eb46160c8bbe88af26a11301d77379210b009b34aefbd826c3cdd287b3a931278200e724c911c925895b8d0d4483428c27a048e88828027fd7dec5075
32 64 10 10 52 8996 :c3452eb46160c8bbe88af26a11301d77379210b009b34aefbd826c3cdd287b3a931278200e724c911c925895b8d0d4483428c27a048e88828027fd7dec507594
32 65 10 10 52 9168 :c3452eb46160c8bbe88af26a11301d77379210b009b34aefbd826c3cdd287b3a931278200e724c911c925895b8d0d4483428c27a048e88828027fd7dec50759448
32 66 10 10 52 9044 :c3452eb46160c8bbe88af26a11301d77379210b009b34aefbd826c3cdd287b3a931278200e724c911c925895b8d0d4483428c27a048e88828027fd7dec50759448e3
32 67 10 10 52 9060 :c3452eb46160c8bbe88af26a11301d77379210b009b34aefbd826c3cdd287b3a931278200e724c911c925895b8d0d4483428c27a048e88828027fd7dec50759448e303
32 68 10 10 52 9000 :c3452eb46160c8bbe88af26a11301d77379210b009b34aefbd826c3cdd287b3a931278200e724c911c925895b8d0d4483428c27a048e88828027fd7dec50759448e3030b
32 69 10 10 52 9152 :c3452eb46160c8bbe88af26a11301d77379210b009b34aefbd826c3cdd287b3a931278200e724c911c925895b8d0d4483428c27a048e88828027fd7dec50759448e3030b9c
32 70 10 10 52 9100 :c3452eb46160c8bbe88af26a11301d77379210b009b34aefbd826c3cdd287b3a931278200e724c911c925895b8d0d4483428c27a048e88828027fd7dec50759448e3030b9cc4
32 71 10 10 52 9000 :c3452eb46160c8bbe88af26a11301d77379210b009b34aefbd826c3cdd287b3a931278200e724c911c925895b8d0d4483428c27a048e88828027fd7dec50759448e3030b9cc472
32 72 10 10 52 8992 :c3452eb46160c8bbe88af26a11301d77379210b009b34aefbd826c3cdd287b3a931278200e724c911c925895b8d0d4483428c27a048e88828027fd7dec50759448e3030b9cc47234
32 73 10 10 52 9004 :c3452eb46160c8bbe88af26a11301d77379210b009b34aefbd826c3cdd287b3a931278200e724c911c925895b8d0d4483428c27a048e88828027fd7dec50759448e3030b9cc47234df
32 74 10 10 52 9000 :c3452eb46160c8bbe88af26a11301d77379210b009b34aefbd826c3cdd287b3a931278200e724c911c925895b8d0d4483428c27a048e88828027fd7dec50759448e3030b9cc47234df90
32 75 10 10 52 9048 :c3452eb46160c8bbe88af26a11301d77379210b009b34aefbd826c3cdd287b3a931278200e724c911c925895b8d0d4483428c27a048e88828027fd7dec50759448e3030b9cc47234df9043
32 76 10 10 52 9144 :c3452eb46160c8bbe88af26a11301d77379210b009b34aefbd826c3cdd287b3a931278200e724c911c925895b8d0d4483428c27a048e88828027fd7dec50759448e3030b9cc47234df9043c8
32 77 10 10 52 9036 :c3452eb46160c8bbe88af26a11301d77379210b009b34aefbd826c3cdd287b3a931278200e724c911c925895b8d0d4483428c27a048e88828027fd7dec50759448e3030b9cc47234df9043c82a
32 78 10 10 52 9100 :c3452eb46160c8bbe88af26a11301d77379210b009b34aefbd826c3cdd287b3a931278200e724c911c925895b8d0d4483428c27a048e88828027fd7dec50759448e3030b9cc47234df9043c82afa
32 79 10 10 52 9000 :c3452eb46160c8bbe88af26a11301d77379210b009b34aefbd826c3cdd287b3a931278200e724c911c925895b8d0d4483428c27a048e88828027fd7dec50759448e3030b9cc47234df9043c82afa50
32 80 10 10 53 9140 :c3452eb46160c8bbe88af26a11301d77379210b009b34aefbd826c3cdd287b3a931278200e724c911c925895b8d0d4483428c27a048e88828027fd7dec50759448e3030b9cc47234df9043c82afa509f
32 81 10 10 52 9000 :c3452eb46160c8bbe88af26a11301d77379210b009b34aefbd826c3cdd287b3a931278200e724c911c925895b8d0d4483428c27a048e88828027fd7dec50759448e3030b9cc47234df9043c82afa509f85
32 82 10 10 52 9000 :c3452eb46160c8bbe88af26a11301d77379210b009b34aefbd826c3cdd287b3a931278200e724c911c925895b8d0d4483428c27a048e88828027fd7dec50759448e3030b9cc47234df9043c82afa509f857d
32 83 10 10 52 9004 :c3452eb46160c8bbe88af26a11301d77379210b009b34aefbd826c3cdd287b3a931278200e724c911c925895b8d0d4483428c27a048e88828027fd7dec50759448e3030b9cc47234df9043c82afa509f857df0
32 84 10 10 52 9168 :c3452eb46160c8bbe88af26a11301d77379210b009b34aefbd826c3cdd287b3a931278200e724c911c925895b8d0d4483428c27a048e88828027fd7dec50759448e3030b9cc47234df9043c82afa509f857df023
32 85 10 10 52 9124 :c3452eb46160c8bbe88af26a11301d77379210b009b34aefbd826c3cdd287b3a931278200e724c911c925895b8d0d4483428c27a048e88828027fd7dec50759448e3030b9cc47234df9043c82afa509f857df023a0
32 86 10 10 52 9060 :c3452eb46160c8bbe88af26a11301d77379210b009b34aefbd826c3cdd287b3a931278200e724c911c925895b8d0d4483428c27a048e88828027fd7dec50759448e3030b9cc47234df9043c82afa509f857df023a07a
32 87 10 10 52 9000 :c3452eb46160c8bbe88af26a11301d77379210b009b34aefbd826c3cdd287b3a931278200e724c911c925895b8d0d4483428c27a048e88828027fd7dec50759448e3030b9cc47234df9043c82afa509f857df023a07a23
32 88 10 10 52 9100 :c3452eb46160c8bbe88af26a11301d77379210b009b34aefbd826c3cdd287b3a931278200e724c911c925895b8d0d4483428c27a048e88828027fd7dec50759448e3030b9cc47234df9043c82afa509f857df023a07a230f
32 89 10 10 52 9004 :c3452eb46160c8bbe88af26a11301d77379210b009b34aefbd826c3cdd287b3a931278200e724c911c925895b8d0d4483428c27a048e88828027fd7dec50759448e3030b9cc47234df9043c82afa509f857df023a07a230fb7
32 90 10 10 52 9000 :c3452eb46160c8bbe88af26a11301d77379210b009b34aefbd826c3cdd287b3a931278200e724c911c925895b8d0d4483428c27a048e88828027fd7dec50759448e3030b9cc47234df9043c82afa509f857df023a07a230fb7d9
32 91 10 10 52 9100 :c3452eb46160c8bbe88af26a11301d77379210b009b34aefbd826c3cdd287b3a931278200e724c911c925895b8d0d4483428c27a048e88828027fd7dec50759448e3030b9cc47234df9043c82afa509f857df023a07a230fb7d9e2
32 92 10 10 52 9000 :c3452eb46160c8bbe88af26a11301d77379210b009b34aefbd826c3cdd287b3a931278200e724c911c925895b8d0d4483428c27a048e88828027fd7dec50759448e3030b9cc47234df9043c82afa509f857df023a07a230fb7d9e28d
32 93 10 10 52 9044 :c3452eb46160c8bbe88af26a11301d77379210b009b34aefbd826c3cdd287b3a931278200e724c911c925895b8d0d4483428c27a048e88828027fd7dec50759448e3030b9cc47234df9043c82afa509f857df023a07a230fb7d9e28d8f
32 94 10 10 52 9152 :c3452eb46160c8bbe88af26a11301d77379210b009b34aefbd826c3cdd287b3a931278200e724c911c925895b8d0d4483428c27a048e88828027fd7dec50759448e3030b9cc47234df9043c82afa509f857df023a07a230fb7d9e28d8f78
32 95 10 10 52 9000 :c3452eb46160c8bbe88af26a11301d77379210b009b34aefbd826c3cdd287b3a931278200e724c911c925895b8d0d4483428c27a048e88828027fd7dec50759448e3030b9cc47234df9043c82afa509f857df023a07a230fb7d9e28d8f7848
32 96 10 10 52 9100 :c3452eb46160c8bbe88af26a11301d77379210b009b34aefbd826c3cdd287b3a931278200e724c911c925895b8d0d4483428c27a048e88828027fd7dec50759448e3030b9cc47234df9043c82afa509f857df023a07a230fb7d9e28d8f784819
32 97 10 10 73 9036 :c3452eb46160c8bbe88af26a11301d77379210b009b34aefbd826c3cdd287b3a931278200e724c911c925895b8d0d4483428c27a048e88828027fd7dec50759448e3030b9cc47234df9043c82afa509f857df023a07a230fb7d9e28d8f78481990
32 98 10 10 52 9140 :c3452eb46160c8bbe88af26a11301d77379210b009b34aefbd826c3cdd287b3a931278200e724c911c925895b8d0d4483428c27a048e88828027fd7dec50759448e3030b9cc47234df9043c82afa509f857df023a07a230fb7d9e28d8f78481990e7
32 99 10 10 52 9096 :c3452eb46160c8bbe88af26a11301d77379210b009b34aefbd826c3cdd287b3a931278200e724c911c925895b8d0d4483428c27a048e88828027fd7dec50759448e3030b9cc47234df9043c82afa509f857df023a07a230fb7d9e28d8f78481990e7a8
32 100 10 10 52 9044 :c3452eb46160c8bbe88af26a11301d77379210b009b34aefbd826c3cdd287b3a931278200e724c911c925895b8d0d4483428c27a048e88828027fd7dec50759448e3030b9cc47234df9043c82afa509f857df023a07a230fb7d9e28d8f78481990e7a87f
32 101 10 10 52 9152 :c3452eb46160c8bbe88af26a11301d77379210b009b34aefbd826c3cdd287b3a931278200e724c911c925895b8d0d4483428c27a048e88828027fd7dec50759448e3030b9cc47234df9043c82afa509f857df023a07a230fb7d9e28d8f78481990e7a87f01
32 102 10 10 52 9040 :c3452eb46160c8bbe88af26a11301d77379210b009b34aefbd826c3cdd287b3a931278200e724c911c925895b8d0d4483428c27a048e88828027fd7dec50759448e3030b9cc47234df9043c82afa509f857df023a07a230fb7d9e28d8f78481990e7a87f0150
32 103 10 10 52 9000 :c3452eb46160c8bbe88af26a11301d77379210b009b34aefbd826c3cdd287b3a931278200e724c911c925895b8d0d4483428c27a048e88828027fd7dec50759448e3030b9cc47234df9043c82afa509f857df023a07a230fb7d9e28d8f78481990e7a87f0150bd
32 104 10 10 52 9092 :c3452eb46160c8bbe88af26a11301d77379210b009b34aefbd826c3cdd287b3a931278200e724c911c925895b8d0d4483428c27a048e88828027fd7dec50759448e3030b9cc47234df9043c82afa509f857df023a07a230fb7d9e28d8f78481990e7a87f0150bdd0
32 105 10 10 52 9000 :c3452eb46160c8bbe88af26a11301d77379210b009b34aefbd826c3cdd287b3a931278200e724c911c925895b8d0d4483428c27a048e88828027fd7dec50759448e3030b9cc47234df9043c82afa509f857df023a07a230fb7d9e28d8f78481990e7a87f0150bdd06c
32 106 10 10 52 8992 :c3452eb46160c8bbe88af26a11301d77379210b009b34aefbd826c3cdd287b3a931278200e724c911c925895b8d0d4483428c27a048e88828027fd7dec50759448e3030b9cc47234df9043c82afa509f857df023a07a230fb7d9e28d8f78481990e7a87f0150bdd06cca
32 107 10 10 52 8992 :c3452eb46160c8bbe88af26a11301d77379210b009b34aefbd826c3cdd287b3a931278200e724c911c925895b8d0d4483428c27a048e88828027fd7dec50759448e3030b9cc47234df9043c82afa509f857df023a07a230fb7d9e28d8f78481990e7a87f0150bdd06ccaa9
32 108 10 10 52 9048 :c3452eb46160c8bbe88af26a11301d77379210b009b34aefbd826c3cdd287b3a931278200e724c911c925895b8d0d4483428c27a048e88828027fd7dec50759448e3030b9cc47234df9043c82afa509f857df023a07a230fb7d9e28d8f78481990e7a87f0150bdd06ccaa9d2
32 109 10 10 52 9096 :c3452eb46160c8bbe88af26a11301d77379210b009b34aefbd826c3cdd287b3a931278200e724c911c925895b8d0d4483428c27a048e88828027fd7dec50759448e3030b9cc47234df9043c82afa509f857df023a07a230fb7d9e28d8f78481990e7a87f0150bdd06ccaa9d2c4
32 110 10 10 52 9144 :c3452eb46160c8bbe88af26a11301d77379210b009b34aefbd826c3cdd287b3a931278200e724c911c925895b8d0d4483428c27a048e88828027fd7dec50759448e3030b9cc47234df9043c82afa509f857df023a07a230fb7d9e28d8f78481990e7a87f0150bdd06ccaa9d2c4e1
32 111 10 10 52 9144 :c3452eb46160c8bbe88af26a11301d77379210b009b34aefbd826c3cdd287b3a931278200e724c911c925895b8d0d4483428c27a048e88828027fd7dec50759448e3030b9cc47234df9043c82afa509f857df023a07a230fb7d9e28d8f78481990e7a87f0150bdd06ccaa9d2c4e12a
32 112 10 10 71 9020 :c3452eb46160c8bbe88af26a11301d77379210b009b34aefbd826c3cdd287b3a931278200e724c911c925895b8d0d4483428c27a048e88828027fd7dec50759448e3030b9cc47234df9043c82afa509f857df023a07a230fb7d9e28d8f78481990e7a87f0150bdd06ccaa9d2c4e12a71
32 113 10 10 52 9004 :c3452eb46160c8bbe88af26a11301d77379210b009b34aefbd826c3cdd287b3a931278200e724c911c925895b8d0d4483428c27a048e88828027fd7dec50759448e3030b9cc47234df9043c82afa509f857df023a07a230fb7d9e28d8f78481990e7a87f0150bdd06ccaa9d2c4e12a7172
32 114 10 10 52 9152 :c3452eb46160c8bbe88af26a11301d77379210b009b34aefbd826c3cdd287b3a931278200e724c911c925895b8d0d4483428c27a048e88828027fd7dec50759448e3030b9cc47234df9043c82afa509f857df023a07a230fb7d9e28d8f78481990e7a87f0150bdd06ccaa9d2c4e12a717281
32 115 10 10 52 9144 :c3452eb46160c8bbe88af26a11301d77379210b009b34aefbd826c3cdd287b3a931278200e724c911c925895b8d0d4483428c27a048e88828027fd7dec50759448e3030b9cc47234df9043c82afa509f857df023a07a230fb7d9e28d8f78481990e7a87f0150bdd06ccaa9d2c4e12a717281bb
32 116 10 10 52 9128 :c3452eb46160c8bbe88af26a11301d77379210b009b34aefbd826c3cdd287b3a931278200e724c911c925895b8d0d4483428c27a048e88828027fd7dec50759448e3030b9cc47234df9043c82afa509f857df023a07a230fb7d9e28d8f78481990e7a87f0150bdd06ccaa9d2c4e12a717281bb62
32 117 10 10 52 8992 :c3452eb46160c8bbe88af26a11301d77379210b009b34aefbd826c3cdd287b3a931278200e724c911c925895b8d0d4483428c27a048e88828027fd7dec50759448e3030b9cc47234df9043c82afa509f857df023a07a230fb7d9e28d8f78481990e7a87f0150bdd06ccaa9d2c4e12a717281bb6242
32 118 10 10 52 9000 :c3452eb46160c8bbe88af26a11301d77379210b009b34aefbd826c3cdd287b3a931278200e724c911c925895b8d0d4483428c27a048e88828027fd7dec50759448e3030b9cc47234df9043c82afa509f857df023a07a230fb7d9e28d8f78481990e7a87f0150bdd06ccaa9d2c4e12a717281bb624248
32 119 10 10 52 9104 :c3452eb46160c8bbe88af26a11301d77379210b009b34aefbd826c3cdd287b3a931278200e724c911c925895b8d0d4483428c27a048e88828027fd7dec50759448e3030b9cc47234df9043c82afa509f857df023a07a230fb7d9e28d8f78481990e7a87f0150bdd06ccaa9d2c4e12a717281bb62424884
32 120 10 10 78 9000 :c3452eb46160c8bbe88af26a11301d77379210b009b34aefbd826c3cdd287b3a931278200e724c911c925895b8d0d4483428c27a048e88828027fd7dec50759448e3030b9cc47234df9043c82afa509f857df023a07a230fb7d9e28d8f78481990e7a87f0150bdd06ccaa9d2c4e12a717281bb6242488490
32 121 10 10 52 9000 :c3452eb46160c8bbe88af26a11301d77379210b009b34aefbd826c3cdd287b3a931278200e724c911c925895b8d0d4483428c27a048e88828027fd7dec50759448e3030b9cc47234df9043c82afa509f857df023a07a230fb7d9e28d8f78481990e7a87f0150bdd06ccaa9d2c4e12a717281bb624248849062
32 122 10 10 51 9044 :c3452eb46160c8bbe88af26a11301d77379210b009b34aefbd826c3cdd287b3a931278200e724c911c925895b8d0d4483428c27a048e88828027fd7dec50759448e3030b9cc47234df9043c82afa509f857df023a07a230fb7d9e28d8f78481990e7a87f0150bdd06ccaa9d2c4e12a717281bb624248849062e2
32 123 10 10 52 9156 :c3452eb46160c8bbe88af26a11301d77379210b009b34aefbd826c3cdd287b3a931278200e724c911c925895b8d0d4483428c27a048e88828027fd7dec50759448e3030b9cc47234df9043c82afa509f857df023a07a230fb7d9e28d8f78481990e7a87f0150bdd06ccaa9d2c4e12a717281bb624248849062e2d3
32 124 10 10 52 9060 :c3452eb46160c8bbe88af26a11301d77379210b009b34aefbd826c3cdd287b3a931278200e724c911c925895b8d0d4483428c27a048e88828027fd7dec50759448e3030b9cc47234df9043c82afa509f857df023a07a230fb7d9e28d8f78481990e7a87f0150bdd06ccaa9d2c4e12a717281bb624248849062e2d3fc
32 125 10 10 78 9140 :c3452eb46160c8bbe88af26a11301d77379210b009b34aefbd826c3cdd287b3a931278200e724c911c925895b8d0d4483428c27a048e88828027fd7dec50759448e3030b9cc47234df9043c82afa509f857df023a07a230fb7d9e28d8f78481990e7a87f0150bdd06ccaa9d2c4e12a717281bb624248849062e2d3fc27
32 126 10 10 52 9000 :c3452eb46160c8bbe88af26a11301d77379210b009b34aefbd826c3cdd287b3a931278200e724c911c925895b8d0d4483428c27a048e88828027fd7dec50759448e3030b9cc47234df9043c82afa509f857df023a07a230fb7d9e28d8f78481990e7a87f0150bdd06ccaa9d2c4e12a717281bb624248849062e2d3fc2796
32 127 10 10 52 9092 :c3452eb46160c8bbe88af26a11301d77379210b009b34aefbd826c3cdd287b3a931278200e724c911c925895b8d0d4483428c27a048e88828027fd7dec50759448e3030b9cc47234df9043c82afa509f857df023a07a230fb7d9e28d8f78481990e7a87f0150bdd06ccaa9d2c4e12a717281bb624248849062e2d3fc2796a2
32 128 10 10 73 9100 :c3452eb46160c8bbe88af26a11301d77379210b009b34aefbd826c3cdd287b3a931278200e724c911c925895b8d0d4483428c27a048e88828027fd7dec50759448e3030b9cc47234df9043c82afa509f857df023a07a230fb7d9e28d8f78481990e7a87f0150bdd06ccaa9d2c4e12a717281bb624248849062e2d3fc2796a213
32 129 10 10 75 9004 :c3452eb46160c8bbe88af26a11301d77379210b009b34aefbd826c3cdd287b3a931278200e724c911c925895b8d0d4483428c27a048e88828027fd7dec50759448e3030b9cc47234df9043c82afa509f857df023a07a230fb7d9e28d8f78481990e7a87f0150bdd06ccaa9d2c4e12a717281bb624248849062e2d3fc2796a21334
32 130 10 10 53 8992 :c3452eb46160c8bbe88af26a11301d77379210b009b34aefbd826c3cdd287b3a931278200e724c911c925895b8d0d4483428c27a048e88828027fd7dec50759448e3030b9cc47234df9043c82afa509f857df023a07a230fb7d9e28d8f78481990e7a87f0150bdd06ccaa9d2c4e12a717281bb624248849062e2d3fc2796a2133459
32 131 10 10 52 9000 :c3452eb46160c8bbe88af26a11301d77379210b009b34aefbd826c3cdd287b3a931278200e724c911c925895b8d0d4483428c27a048e88828027fd7dec50759448e3030b9cc47234df9043c82afa509f857df023a07a230fb7d9e28d8f78481990e7a87f0150bdd06ccaa9d2c4e12a717281bb624248849062e2d3fc2796a2133459da
32 132 10 10 52 9100 :c3452eb46160c8bbe88af26a11301d77379210b009b34aefbd826c3cdd287b3a931278200e724c911c925895b8d0d4483428c27a048e88828027fd7dec50759448e3030b9cc47234df9043c82afa509f857df023a07a230fb7d9e28d8f78481990e7a87f0150bdd06ccaa9d2c4e12a717281bb624248849062e2d3fc2796a2133459da2f
32 133 10 10 52 9000 :c3452eb46160c8bbe88af26a11301d77379210b009b34aefbd826c3cdd287b3a931278200e724c911c925895b8d0d4483428c27a048e88828027fd7dec50759448e3030b9cc47234df9043c82afa509f857df023a07a230fb7d9e28d8f78481990e7a87f0150bdd06ccaa9d2c4e12a717281bb624248849062e2d3fc2796a2133459da2fed
32 134 10 10 52 9140 :c3452eb46160c8bbe88af26a11301d77379210b009b34aefbd826c3cdd287b3a931278200e724c911c925895b8d0d4483428c27a048e88828027fd7dec50759448e3030b9cc47234df9043c82afa509f857df023a07a230fb7d9e28d8f78481990e7a87f0150bdd06ccaa9d2c4e12a717281bb624248849062e2d3fc2796a2133459da2fede7
32 135 10 10 52 9152 :c3452eb46160c8bbe88af26a11301d77379210b009b34aefbd826c3cdd287b3a931278200e724c911c925895b8d0d4483428c27a048e88828027fd7dec50759448e3030b9cc47234df9043c82afa509f857df023a07a230fb7d9e28d8f78481990e7a87f0150bdd06ccaa9d2c4e12a717281bb624248849062e2d3fc2796a2133459da2fede7d7
32 136 10 10 78 9156 :c3452eb46160c8bbe88af26a11301d77379210b009b34aefbd826c3cdd287b3a931278200e724c911c925895b8d0d4483428c27a048e88828027fd7dec50759448e3030b9cc47234df9043c82afa509f857df023a07a230fb7d9e28d8f78481990e7a87f0150bdd06ccaa9d2c4e12a717281bb624248849062e2d3fc2796a2133459da2fede7d7eb
32 137 10 10 53 9152 :c3452eb46160c8bbe88af26a11301d77379210b009b34aefbd826c3cdd287b3a931278200e724c911c925895b8d0d4483428c27a048e88828027fd7dec50759448e3030b9cc47234df9043c82afa509f857df023a07a230fb7d9e28d8f78481990e7a87f0150bdd06ccaa9d2c4e12a717281bb624248849062e2d3fc2796a2133459da2fede7d7eb5a
32 138 10 10 52 9060 :c3452eb46160c8bbe88af26a11301d77379210b009b34aefbd826c3cdd287b3a931278200e724c911c925895b8d0d4483428c27a048e88828027fd7dec50759448e3030b9cc47234df9043c82afa509f857df023a07a230fb7d9e28d8f78481990e7a87f0150bdd06ccaa9d2c4e12a717281bb624248849062e2d3fc2796a2133459da2fede7d7eb5a5c
32 139 10 10 73 8992 :c3452eb46160c8bbe88af26a11301d77379210b009b34aefbd826c3cdd287b3a931278200e724c911c925895b8d0d4483428c27a048e88828027fd7dec50759448e3030b9cc47234df9043c82afa509f857df023a07a230fb7d9e28d8f78481990e7a87f0150bdd06ccaa9d2c4e12a717281bb624248849062e2d3fc2796a2133459da2fede7d7eb5a5c62
32 140 10 10 52 9000 :c3452eb46160c8bbe88af26a11301d77379210b009b34aefbd826c3cdd287b3a931278200e724c911c925895b8d0d4483428c27a048e88828027fd7dec50759448e3030b9cc47234df9043c82afa509f857df023a07a230fb7d9e28d8f78481990e7a87f0150bdd06ccaa9d2c4e12a717281bb624248849062e2d3fc2796a2133459da2fede7d7eb5a5c6261
32 141 10 10 75 9120 :c3452eb46160c8bbe88af26a11301d77379210b009b34aefbd826c3cdd287b3a931278200e724c911c925895b8d0d4483428c27a048e88828027fd7dec50759448e3030b9cc47234df9043c82afa509f857df023a07a230fb7d9e28d8f78481990e7a87f0150bdd06ccaa9d2c4e12a717281bb624248849062e2d3fc2796a2133459da2fede7d7eb5a5c626148
32 142 10 10 52 9000 :c3452eb46160c8bbe88af26a11301d77379210b009b34aefbd826c3cdd287b3a931278200e724c911c925895b8d0d4483428c27a048e88828027fd7dec50759448e3030b9cc47234df9043c82afa509f857df023a07a230fb7d9e28d8f78481990e7a87f0150bdd06ccaa9d2c4e12a717281bb624248849062e2d3fc2796a2133459da2fede7d7eb5a5c626148df
32 143 10 10 52 9044 :c3452eb46160c8bbe88af26a11301d77379210b009b34aefbd826c3cdd287b3a931278200e724c911c925895b8d0d4483428c27a048e88828027fd7dec50759448e3030b9cc47234df9043c82afa509f857df023a07a230fb7d9e28d8f78481990e7a87f0150bdd06ccaa9d2c4e12a717281bb624248849062e2d3fc2796a2133459da2fede7d7eb5a5c626148df47
32 144 10 10 51 9092 :c3452eb46160c8bbe88af26a11301d77379210b009b34aefbd826c3cdd287b3a931278200e724c911c925895b8d0d4483428c27a048e88828027fd7dec50759448e3030b9cc47234df9043c82afa509f857df023a07a230fb7d9e28d8f78481990e7a87f0150bdd06ccaa9d2c4e12a717281bb624248849062e2d3fc2796a2133459da2fede7d7eb5a5c626148df4749
32 145 10 10 52 9124 :c3452eb46160c8bbe88af26a11301d77379210b009b34aefbd826c3cdd287b3a931278200e724c911c925895b8d0d4483428c27a048e88828027fd7dec50759448e3030b9cc47234df9043c82afa509f857df023a07a230fb7d9e28d8f78481990e7a87f0150bdd06ccaa9d2c4e12a717281bb624248849062e2d3fc2796a2133459da2fede7d7eb5a5c626148df474994
32 146 10 10 52 9000 :c3452eb46160c8bbe88af26a11301d77379210b009b34aefbd826c3cdd287b3a931278200e724c911c925895b8d0d4483428c27a048e88828027fd7dec50759448e3030b9cc47234df9043c82afa509f857df023a07a230fb7d9e28d8f78481990e7a87f0150bdd06ccaa9d2c4e12a717281bb624248849062e2d3fc2796a2133459da2fede7d7eb5a5c626148df47499410
32 147 10 10 52 9064 :c3452eb46160c8bbe88af26a11301d77379210b009b34aefbd826c3cdd287b3a931278200e724c911c925895b8d0d4483428c27a048e88828027fd7dec50759448e3030b9cc47234df9043c82afa509f857df023a07a230fb7d9e28d8f78481990e7a87f0150bdd06ccaa9d2c4e12a717281bb624248849062e2d3fc2796a2133459da2fede7d7eb5a5c626148df4749941057
32 148 10 10 52 9124 :c3452eb46160c8bbe88af26a11301d77379210b009b34aefbd826c3cdd287b3a931278200e724c911c925895b8d0d4483428c27a048e88828027fd7dec50759448e3030b9cc47234df9043c82afa509f857df023a07a230fb7d9e28d8f78481990e7a87f0150bdd06ccaa9d2c4e12a717281bb624248849062e2d3fc2796a2133459da2fede7d7eb5a5c626148df474994105707
32 149 10 10 71 8992 :c3452eb46160c8bbe88af26a11301d77379210b009b34aefbd826c3cdd287b3a931278200e724c911c925895b8d0d4483428c27a048e88828027fd7dec50759448e3030b9cc47234df9043c82afa509f857df023a07a230fb7d9e28d8f78481990e7a87f0150bdd06ccaa9d2c4e12a717281bb624248849062e2d3fc2796a2133459da2fede7d7eb5a5c626148df4749941057074e
32 150 10 10 52 9124 :c3452eb46160c8bbe88af26a11301d77379210b009b34aefbd826c3cdd287b3a931278200e724c911c925895b8d0d4483428c27a048e88828027fd7dec50759448e3030b9cc47234df9043c82afa509f857df023a07a230fb7d9e28d8f78481990e7a87f0150bdd06ccaa9d2c4e12a717281bb624248849062e2d3fc2796a2133459da2fede7d7eb5a5c626148df4749941057074ee1
32 151 10 10 52 9048 :c3452eb46160c8bbe88af26a11301d77379210b009b34aefbd826c3cdd287b3a931278200e724c911c925895b8d0d4483428c27a048e88828027fd7dec50759448e3030b9cc47234df9043c82afa509f857df023a07a230fb7d9e28d8f78481990e7a87f0150bdd06ccaa9d2c4e12a717281bb624248849062e2d3fc2796a2133459da2fede7d7eb5a5c626148df4749941057074ee114
32 152 10 10 52 9124 :c3452eb46160c8bbe88af26a11301d77379210b009b34aefbd826c3cdd287b3a931278200e724c911c925895b8d0d4483428c27a048e88828027fd7dec50759448e3030b9cc47234df9043c82afa509f857df023a07a230fb7d9e28d8f78481990e7a87f0150bdd06ccaa9d2c4e12a717281bb624248849062e2d3fc2796a2133459da2fede7d7eb5a5c626148df4749941057074ee114b1
32 153 10 10 52 9156 :c3452eb46160c8bbe88af26a11301d77379210b009b34aefbd826c3cdd287b3a931278200e724c911c925895b8d0d4483428c27a048e88828027fd7dec50759448e3030b9cc47234df9043c82afa509f857df023a07a230fb7d9e28d8f78481990e7a87f0150bdd06ccaa9d2c4e12a717281bb624248849062e2d3fc2796a2133459da2fede7d7eb5a5c626148df4749941057074ee114b143
32 154 10 10 78 9000 :c3452eb46160c8bbe88af26a11301d77379210b009b34aefbd826c3cdd287b3a931278200e724c911c925895b8d0d4483428c27a048e88828027fd7dec50759448e3030b9cc47234df9043c82afa509f857df023a07a230fb7d9e28d8f78481990e7a87f0150bdd06ccaa9d2c4e12a717281bb624248849062e2d3fc2796a2133459da2fede7d7eb5a5c626148df4749941057074ee114b1430d
32 155 10 10 52 9164 :c3452eb46160c8bbe88af26a11301d77379210b009b34aefbd826c3cdd287b3a931278200e724c911c925895b8d0d4483428c27a048e88828027fd7dec50759448e3030b9cc47234df9043c82afa509f857df023a07a230fb7d9e28d8f78481990e7a87f0150bdd06ccaa9d2c4e12a717281bb624248849062e2d3fc2796a2133459da2fede7d7eb5a5c626148df4749941057074ee114b1430ddf
32 156 10 10 52 9124 :c3452eb46160c8bbe88af26a11301d77379210b009b34aefbd826c3cdd287b3a931278200e724c911c925895b8d0d4483428c27a048e88828027fd7dec50759448e3030b9cc47234df9043c82afa509f857df023a07a230fb7d9e28d8f78481990e7a87f0150bdd06ccaa9d2c4e12a717281bb624248849062e2d3fc2796a2133459da2fede7d7eb5a5c626148df4749941057074ee114b1430ddf0a
32 157 10 10 52 9036 :c3452eb46160c8bbe88af26a11301d77379210b009b34aefbd826c3cdd287b3a931278200e724c911c925895b8d0d4483428c27a048e88828027fd7dec50759448e3030b9cc47234df9043c82afa509f857df023a07a230fb7d9e28d8f78481990e7a87f0150bdd06ccaa9d2c4e12a717281bb624248849062e2d3fc2796a2133459da2fede7d7eb5a5c626148df4749941057074ee114b1430ddf0aa4
32 158 10 10 52 9044 :c3452eb46160c8bbe88af26a11301d77379210b009b34aefbd826c3cdd287b3a931278200e724c911c925895b8d0d4483428c27a048e88828027fd7dec50759448e3030b9cc47234df9043c82afa509f857df023a07a230fb7d9e28d8f78481990e7a87f0150bdd06ccaa9d2c4e12a717281bb624248849062e2d3fc2796a2133459da2fede7d7eb5a5c626148df4749941057074ee114b1430ddf0aa48c
32 159 10 10 52 8992 :c3452eb46160c8bbe88af26a11301d77379210b009b34aefbd826c3cdd287b3a931278200e724c911c925895b8d0d4483428c27a048e88828027fd7dec50759448e3030b9cc47234df9043c82afa509f857df023a07a230fb7d9e28d8f78481990e7a87f0150bdd06ccaa9d2c4e12a717281bb624248849062e2d3fc2796a2133459da2fede7d7eb5a5c626148df4749941057074ee114b1430ddf0aa48c4e
32 160 10 10 52 9000 :c3452eb46160c8bbe88af26a11301d77379210b009b34aefbd826c3cdd287b3a931278200e724c911c925895b8d0d4483428c27a048e88828027fd7dec50759448e3030b9cc47234df9043c82afa509f857df023a07a230fb7d9e28d8f78481990e7a87f0150bdd06ccaa9d2c4e12a717281bb624248849062e2d3fc2796a2133459da2fede7d7eb5a5c626148df4749941057074ee114b1430ddf0aa48c4e12
32 161 10 10 52 9144 :c3452eb46160c8bbe88af26a11301d77379210b009b34aefbd826c3cdd287b3a931278200e724c911c925895b8d0d4483428c27a048e88828027fd7dec50759448e3030b9cc47234df9043c82afa509f857df023a07a230fb7d9e28d8f78481990e7a87f0150bdd06ccaa9d2c4e12a717281bb624248849062e2d3fc2796a2133459da2fede7d7eb5a5c626148df4749941057074ee114b1430ddf0aa48c4e128c
32 162 10 10 52 9000 :c3452eb46160c8bbe88af26a11301d77379210b009b34aefbd826c3cdd287b3a931278200e724c911c925895b8d0d4483428c27a048e88828027fd7dec50759448e3030b9cc47234df9043c82afa509f857df023a07a230fb7d9e28d8f78481990e7a87f0150bdd06ccaa9d2c4e12a717281bb624248849062e2d3fc2796a2133459da2fede7d7eb5a5c626148df4749941057074ee114b1430ddf0aa48c4e128cad
32 163 10 10 52 9000 :c3452eb46160c8bbe88af26a11301d77379210b009b34aefbd826c3cdd287b3a931278200e724c911c925895b8d0d4483428c27a048e88828027fd7dec50759448e3030b9cc47234df9043c82afa509f857df023a07a230fb7d9e28d8f78481990e7a87f0150bdd06ccaa9d2c4e12a717281bb624248849062e2d3fc2796a2133459da2fede7d7eb5a5c626148df4749941057074ee114b1430ddf0aa48c4e128cad45
32 164 10 10 52 9140 :c3452eb46160c8bbe88af26a11301d77379210b009b34aefbd826c3cdd287b3a931278200e724c911c925895b8d0d4483428c27a048e88828027fd7dec50759448e3030b9cc47234df9043c82afa509f857df023a07a230fb7d9e28d8f78481990e7a87f0150bdd06ccaa9d2c4e12a717281bb624248849062e2d3fc2796a2133459da2fede7d7eb5a5c626148df4749941057074ee114b1430ddf0aa48c4e128cad4514
32 165 10 10 52 9004 :c3452eb46160c8bbe88af26a11301d77379210b009b34aefbd826c3cdd287b3a931278200e724c911c925895b8d0d4483428c27a048e88828027fd7dec50759448e3030b9cc47234df9043c82afa509f857df023a07a230fb7d9e28d8f78481990e7a87f0150bdd06ccaa9d2c4e12a717281bb624248849062e2d3fc2796a2133459da2fede7d7eb5a5c626148df4749941057074ee114b1430ddf0aa48c4e128cad451459
32 166 10 10 52 9164 :c3452eb46160c8bbe88af26a11301d77379210b009b34aefbd826c3cdd287b3a931278200e724c911c925895b8d0d4483428c27a048e88828027fd7dec50759448e3030b9cc47234df9043c82afa509f857df023a07a230fb7d9e28d8f78481990e7a87f0150bdd06ccaa9d2c4e12a717281bb624248849062e2d3fc2796a2133459da2fede7d7eb5a5c626148df4749941057074ee114b1430ddf0aa48c4e128cad451459ca
32 167 10 10 78 8992 :c3452eb46160c8bbe88af26a11301d77379210b009b34aefbd826c3cdd287b3a931278200e724c911c925895b8d0d4483428c27a048e88828027fd7dec50759448e3030b9cc47234df9043c82afa509f857df023a07a230fb7d9e28d8f78481990e7a87f0150bdd06ccaa9d2c4e12a717281bb624248849062e2d3fc2796a2133459da2fede7d7eb5a5c626148df4749941057074ee114b1430ddf0aa48c4e128cad451459cabb
32 168 10 10 52 9152 :c3452eb46160c8bbe88af26a11301d77379210b009b34aefbd826c3cdd287b3a931278200e724c911c925895b8d0d4483428c27a048e88828027fd7dec50759448e3030b9cc47234df9043c82afa509f857df023a07a230fb7d9e28d8f78481990e7a87f0150bdd06ccaa9d2c4e12a717281bb624248849062e2d3fc2796a2133459da2fede7d7eb5a5c626148df4749941057074ee114b1430ddf0aa48c4e128cad451459cabb93
32 169 10 10 52 9156 :c3452eb46160c8bbe88af26a11301d77379210b009b34aefbd826c3cdd287b3a931278200e724c911c925895b8d0d4483428c27a048e88828027fd7dec50759448e3030b9cc47234df9043c82afa509f857df023a07a230fb7d9e28d8f78481990e7a87f0150bdd06ccaa9d2c4e12a717281bb624248849062e2d3fc2796a2133459da2fede7d7eb5a5c626148df4749941057074ee114b1430ddf0aa48c4e128cad451459cabb9372
32 170 10 10 52 9092 :c3452eb46160c8bbe88af26a11301d77379210b009b34aefbd826c3cdd287b3a931278200e724c911c925895b8d0d4483428c27a048e88828027fd7dec50759448e3030b9cc47234df9043c82afa509f857df023a07a230fb7d9e28d8f78481990e7a87f0150bdd06ccaa9d2c4e12a717281bb624248849062e2d3fc2796a2133459da2fede7d7eb5a5c626148df4749941057074ee114b1430ddf0aa48c4e128cad451459cabb937270
32 171 10 10 52 9000 :c3452eb46160c8bbe88af26a11301d77379210b009b34aefbd826c3cdd287b3a931278200e724c911c925895b8d0d4483428c27a048e88828027fd7dec50759448e3030b9cc47234df9043c82afa509f857df023a07a230fb7d9e28d8f78481990e7a87f0150bdd06ccaa9d2c4e12a717281bb624248849062e2d3fc2796a2133459da2fede7d7eb5a5c626148df4749941057074ee114b1430ddf0aa48c4e128cad451459cabb937270ac
32 172 10 10 52 9000 :c3452eb46160c8bbe88af26a11301d77379210b009b34aefbd826c3cdd287b3a931278200e724c911c925895b8d0d4483428c27a048e88828027fd7dec50759448e3030b9cc47234df9043c82afa509f857df023a07a230fb7d9e28d8f78481990e7a87f0150bdd06ccaa9d2c4e12a717281bb624248849062e2d3fc2796a2133459da2fede7d7eb5a5c626148df4749941057074ee114b1430ddf0aa48c4e128cad451459cabb937270ac31
32 173 10 10 52 8992 :c3452eb46160c8bbe88af26a11301d77379210b009b34aefbd826c3cdd287b3a931278200e724c911c925895b8d0d4483428c27a048e88828027fd7dec50759448e3030b9cc47234df9043c82afa509f857df023a07a230fb7d9e28d8f78481990e7a87f0150bdd06ccaa9d2c4e12a717281bb624248849062e2d3fc2796a2133459da2fede7d7eb5a5c626148df4749941057074ee114b1430ddf0aa48c4e128cad451459cabb937270ac31cb
32 174 10 10 52 9064 :c3452eb46160c8bbe88af26a11301d77379210b009b34aefbd826c3cdd287b3a931278200e724c911c925895b8d0d4483428c27a048e88828027fd7dec50759448e3030b9cc47234df9043c82afa509f857df023a07a230fb7d9e28d8f78481990e7a87f0150bdd06ccaa9d2c4e12a717281bb624248849062e2d3fc2796a2133459da2fede7d7eb5a5c626148df4749941057074ee114b1430ddf0aa48c4e128cad451459cabb937270ac31cbd2
32 175 10 10 52 9000 :c3452eb46160c8bbe88af26a11301d77379210b009b34aefbd826c3cdd287b3a931278200e724c911c925895b8d0d4483428c27a048e88828027fd7dec50759448e3030b9cc47234df9043c82afa509f857df023a07a230fb7d9e28d8f78481990e7a87f0150bdd06ccaa9d2c4e12a717281bb624248849062e2d3fc2796a2133459da2fede7d7eb5a5c626148df4749941057074ee114b1430ddf0aa48c4e128cad451459cabb937270ac31cbd246
32 176 10 10 52 9092 :c3452eb46160c8bbe88af26a11301d77379210b009b34aefbd826c3cdd287b3a931278200e724c911c925895b8d0d4483428c27a048e88828027fd7dec50759448e3030b9cc47234df9043c82afa509f857df023a07a230fb7d9e28d8f78481990e7a87f0150bdd06ccaa9d2c4e12a717281bb624248849062e2d3fc2796a2133459da2fede7d7eb5a5c626148df4749941057074ee114b1430ddf0aa48c4e128cad451459cabb937270ac31cbd246ca
32 177 10 10 52 9004 :c3452eb46160c8bbe88af26a11301d77379210b009b34aefbd826c3cdd287b3a931278200e724c911c925895b8d0d4483428c27a048e88828027fd7dec50759448e3030b9cc47234df9043c82afa509f857df023a07a230fb7d9e28d8f78481990e7a87f0150bdd06ccaa9d2c4e12a717281bb624248849062e2d3fc2796a2133459da2fede7d7eb5a5c626148df4749941057074ee114b1430ddf0aa48c4e128cad451459cabb937270ac31cbd246ca46
32 178 10 10 52 9000 :c3452eb46160c8bbe88af26a11301d77379210b009b34aefbd826c3cdd287b3a931278200e724c911c925895b8d0d4483428c27a048e88828027fd7dec50759448e3030b9cc47234df9043c82afa509f857df023a07a230fb7d9e28d8f78481990e7a87f0150bdd06ccaa9d2c4e12a717281bb624248849062e2d3fc2796a2133459da2fede7d7eb5a5c626148df4749941057074ee114b1430ddf0aa48c4e128cad451459cabb937270ac31cbd246ca46d4
32 179 10 10 52 9124 :c3452eb46160c8bbe88af26a11301d77379210b009b34aefbd826c3cdd287b3a931278200e724c911c925895b8d0d4483428c27a048e88828027fd7dec50759448e3030b9cc47234df9043c82afa509f857df023a07a230fb7d9e28d8f78481990e7a87f0150bdd06ccaa9d2c4e12a717281bb624248849062e2d3fc2796a2133459da2fede7d7eb5a5c626148df4749941057074ee114b1430ddf0aa48c4e128cad451459cabb937270ac31cbd246ca46d4eb
32 180 10 10 52 9128 :c3452eb46160c8bbe88af26a11301d77379210b009b34aefbd826c3cdd287b3a931278200e724c911c925895b8d0d4483428c27a048e88828027fd7dec50759448e3030b9cc47234df9043c82afa509f857df023a07a230fb7d9e28d8f78481990e7a87f0150bdd06ccaa9d2c4e12a717281bb624248849062e2d3fc2796a2133459da2fede7d7eb5a5c626148df4749941057074ee114b1430ddf0aa48c4e128cad451459cabb937270ac31cbd246ca46d4eb93
32 181 10 10 52 9000 :c3452eb46160c8bbe88af26a11301d77379210b009b34aefbd826c3cdd287b3a931278200e724c911c925895b8d0d4483428c27a048e88828027fd7dec50759448e3030b9cc47234df9043c82afa509f857df023a07a230fb7d9e28d8f78481990e7a87f0150bdd06ccaa9d2c4e12a717281bb624248849062e2d3fc2796a2133459da2fede7d7eb5a5c626148df4749941057074ee114b1430ddf0aa48c4e128cad451459cabb937270ac31cbd246ca46d4eb9312
32 182 10 10 52 9044 :c3452eb46160c8bbe88af26a11301d77379210b009b34aefbd826c3cdd287b3a931278200e724c911c925895b8d0d4483428c27a048e88828027fd7dec50759448e3030b9cc47234df9043c82afa509f857df023a07a230fb7d9e28d8f78481990e7a87f0150bdd06ccaa9d2c4e12a717281bb624248849062e2d3fc2796a2133459da2fede7d7eb5a5c626148df4749941057074ee114b1430ddf0aa48c4e128cad451459cabb937270ac31cbd246ca46d4eb931245
32 183 10 10 52 9004 :c3452eb46160c8bbe88af26a11301d77379210b009b34aefbd826c3cdd287b3a931278200e724c911c925895b8d0d4483428c27a048e88828027fd7dec50759448e3030b9cc47234df9043c82afa509f857df023a07a230fb7d9e28d8f78481990e7a87f0150bdd06ccaa9d2c4e12a717281bb624248849062e2d3fc2796a2133459da2fede7d7eb5a5c626148df4749941057074ee114b1430ddf0aa48c4e128cad451459cabb937270ac31cbd246ca46d4eb9312459b
32 184 10 10 52 8992 :c3452eb46160c8bbe88af26a11301d77379210b009b34aefbd826c3cdd287b3a931278200e724c911c925895b8d0d4483428c27a048e88828027fd7dec50759448e3030b9cc47234df9043c82afa509f857df023a07a230fb7d9e28d8f78481990e7a87f0150bdd06ccaa9d2c4e12a717281bb624248849062e2d3fc2796a2133459da2fede7d7eb5a5c626148df4749941057074ee114b1430ddf0aa48c4e128cad451459cabb937270ac31cbd246ca46d4eb9312459bb6
32 185 10 10 52 9164 :c3452eb46160c8bbe88af26a11301d77379210b009b34aefbd826c3cdd287b3a931278200e724c911c925895b8d0d4483428c27a048e88828027fd7dec50759448e3030b9cc47234df9043c82afa509f857df023a07a230fb7d9e28d8f78481990e7a87f0150bdd06ccaa9d2c4e12a717281bb624248849062e2d3fc2796a2133459da2fede7d7eb5a5c626148df4749941057074ee114b1430ddf0aa48c4e128cad451459cabb937270ac31cbd246ca46d4eb9312459bb699
32 186 10 10 52 8992 :c3452eb46160c8bbe88af26a11301d77379210b009b34aefbd826c3cdd287b3a931278200e724c911c925895b8d0d4483428c27a048e88828027fd7dec50759448e3030b9cc47234df9043c82afa509f857df023a07a230fb7d9e28d8f78481990e7a87f0150bdd06ccaa9d2c4e12a717281bb624248849062e2d3fc2796a2133459da2fede7d7eb5a5c626148df4749941057074ee114b1430ddf0aa48c4e128cad451459cabb937270ac31cbd246ca46d4eb9312459bb69977
32 187 10 10 52 9004 :c3452eb46160c8bbe88af26a11301d77379210b009b34aefbd826c3cdd287b3a931278200e724c911c925895b8d0d4483428c27a048e88828027fd7dec50759448e3030b9cc47234df9043c82afa509f857df023a07a230fb7d9e28d8f78481990e7a87f0150bdd06ccaa9d2c4e12a717281bb624248849062e2d3fc2796a2133459da2fede7d7eb5a5c626148df4749941057074ee114b1430ddf0aa48c4e128cad451459cabb937270ac31cbd246ca46d4eb9312459bb6997730
32 188 10 10 52 9004 :c3452eb46160c8bbe88af26a11301d77379210b009b34aefbd826c3cdd287b3a931278200e724c911c925895b8d0d4483428c27a048e88828027fd7dec50759448e3030b9cc47234df9043c82afa509f857df023a07a230fb7d9e28d8f78481990e7a87f0150bdd06ccaa9d2c4e12a717281bb624248849062e2d3fc2796a2133459da2fede7d7eb5a5c626148df4749941057074ee114b1430ddf0aa48c4e128cad451459cabb937270ac31cbd246ca46d4eb9312459bb6997730f2
32 189 10 10 52 9164 :c3452eb46160c8bbe88af26a11301d77379210b009b34aefbd826c3cdd287b3a931278200e724c911c925895b8d0d4483428c27a048e88828027fd7dec50759448e3030b9cc47234df9043c82afa509f857df023a07a230fb7d9e28d8f78481990e7a87f0150bdd06ccaa9d2c4e12a717281bb624248849062e2d3fc2796a2133459da2fede7d7eb5a5c626148df4749941057074ee114b1430ddf0aa48c4e128cad451459cabb937270ac31cbd246ca46d4eb9312459bb6997730f29e
32 190 10 10 52 9040 :c3452eb46160c8bbe88af26a11301d77379210b009b34aefbd826c3cdd287b3a931278200e724c911c925895b8d0d4483428c27a048e88828027fd7dec50759448e3030b9cc47234df9043c82afa509f857df023a07a230fb7d9e28d8f78481990e7a87f0150bdd06ccaa9d2c4e12a717281bb624248849062e2d3fc2796a2133459da2fede7d7eb5a5c626148df4749941057074ee114b1430ddf0aa48c4e128cad451459cabb937270ac31cbd246ca46d4eb9312459bb6997730f29e82
32 191 10 10 52 9140 :c3452eb46160c8bbe88af26a11301d77379210b009b34aefbd826c3cdd287b3a931278200e724c911c925895b8d0d4483428c27a048e88828027fd7dec50759448e3030b9cc47234df9043c82afa509f857df023a07a230fb7d9e28d8f78481990e7a87f0150bdd06ccaa9d2c4e12a717281bb624248849062e2d3fc2796a2133459da2fede7d7eb5a5c626148df4749941057074ee114b1430ddf0aa48c4e128cad451459cabb937270ac31cbd246ca46d4eb9312459bb6997730f29e82a5
32 192 10 10 52 9000 :c3452eb46160c8bbe88af26a11301d77379210b009b34aefbd826c3cdd287b3a931278200e724c911c925895b8d0d4483428c27a048e88828027fd7dec50759448e3030b9cc47234df9043c82afa509f857df023a07a230fb7d9e28d8f78481990e7a87f0150bdd06ccaa9d2c4e12a717281bb624248849062e2d3fc2796a2133459da2fede7d7eb5a5c626148df4749941057074ee114b1430ddf0aa48c4e128cad451459cabb937270ac31cbd246ca46d4eb9312459bb6997730f29e82a5f7
32 193 10 10 69 9000 :c3452eb46160c8bbe88af26a11301d77379210b009b34aefbd826c3cdd287b3a931278200e724c911c925895b8d0d4483428c27a048e88828027fd7dec50759448e3030b9cc47234df9043c82afa509f857df023a07a230fb7d9e28d8f78481990e7a87f0150bdd06ccaa9d2c4e12a717281bb624248849062e2d3fc2796a2133459da2fede7d7eb5a5c626148df4749941057074ee114b1430ddf0aa48c4e128cad451459cabb937270ac31cbd246ca46d4eb9312459bb6997730f29e82a5f77e
32 194 10 10 52 9092 :c3452eb46160c8bbe88af26a11301d77379210b009b34aefbd826c3cdd287b3a931278200e724c911c925895b8d0d4483428c27a048e88828027fd7dec50759448e3030b9cc47234df9043c82afa509f857df023a07a230fb7d9e28d8f78481990e7a87f0150bdd06ccaa9d2c4e12a717281bb624248849062e2d3fc2796a2133459da2fede7d7eb5a5c626148df4749941057074ee114b1430ddf0aa48c4e128cad451459cabb937270ac31cbd246ca46d4eb9312459bb6997730f29e82a5f77e6e
32 195 10 10 52 9044 :c3452eb46160c8bbe88af26a11301d77379210b009b34aefbd826c3cdd287b3a931278200e724c911c925895b8d0d4483428c27a048e88828027fd7dec50759448e3030b9cc47234df9043c82afa509f857df023a07a230fb7d9e28d8f78481990e7a87f0150bdd06ccaa9d2c4e12a717281bb624248849062e2d3fc2796a2133459da2fede7d7eb5a5c626148df4749941057074ee114b1430ddf0aa48c4e128cad451459cabb937270ac31cbd246ca46d4eb9312459bb6997730f29e82a5f77e6e22
32 196 10 10 52 9004 :c3452eb46160c8bbe88af26a11301d77379210b009b34aefbd826c3cdd287b3a931278200e724c911c925895b8d0d4483428c27a048e88828027fd7dec50759448e3030b9cc47234df9043c82afa509f857df023a07a230fb7d9e28d8f78481990e7a87f0150bdd06ccaa9d2c4e12a717281bb624248849062e2d3fc2796a2133459da2fede7d7eb5a5c626148df4749941057074ee114b1430ddf0aa48c4e128cad451459cabb937270ac31cbd246ca46d4eb9312459bb6997730f29e82a5f77e6e2274
32 197 10 10 52 9000 :c3452eb46160c8bbe88af26a11301d77379210b009b34aefbd826c3cdd287b3a931278200e724c911c925895b8d0d4483428c27a048e88828027fd7dec50759448e3030b9cc47234df9043c82afa509f857df023a07a230fb7d9e28d8f78481990e7a87f0150bdd06ccaa9d2c4e12a717281bb624248849062e2d3fc2796a2133459da2fede7d7eb5a5c626148df4749941057074ee114b1430ddf0aa48c4e128cad451459cabb937270ac31cbd246ca46d4eb9312459bb6997730f29e82a5f77e6e227457
32 198 10 10 52 9072 :c3452eb46160c8bbe88af26a11301d77379210b009b34aefbd826c3cdd287b3a931278200e724c911c925895b8d0d4483428c27a048e88828027fd7dec50759448e3030b9cc47234df9043c82afa509f857df023a07a230fb7d9e28d8f78481990e7a87f0150bdd06ccaa9d2c4e12a717281bb624248849062e2d3fc2796a2133459da2fede7d7eb5a5c626148df4749941057074ee114b1430ddf0aa48c4e128cad451459cabb937270ac31cbd246ca46d4eb9312459bb6997730f29e82a5f77e6e22745716
32 199 10 10 52 9004 :c3452eb46160c8bbe88af26a11301d77379210b009b34aefbd826c3cdd287b3a931278200e724c911c925895b8d0d4483428c27a048e88828027fd7dec50759448e3030b9cc47234df9043c82afa509f857df023a07a230fb7d9e28d8f78481990e7a87f0150bdd06ccaa9d2c4e12a717281bb624248849062e2d3fc2796a2133459da2fede7d7eb5a5c626148df4749941057074ee114b1430ddf0aa48c4e128cad451459cabb937270ac31cbd246ca46d4eb9312459bb6997730f29e82a5f77e6e227457160f
32 200 10 10 52 9000 :c3452eb46160c8bbe88af26a11301d77379210b009b34aefbd826c3cdd287b3a931278200e724c911c925895b8d0d4483428c27a048e88828027fd7dec50759448e3030b9cc47234df9043c82afa509f857df023a07a230fb7d9e28d8f78481990e7a87f0150bdd06ccaa9d2c4e12a717281bb624248849062e2d3fc2796a2133459da2fede7d7eb5a5c626148df4749941057074ee114b1430ddf0aa48c4e128cad451459cabb937270ac31cbd246ca46d4eb9312459bb6997730f29e82a5f77e6e227457160ff4
32 201 10 10 52 9000 :c3452eb46160c8bbe88af26a11301d77379210b009b34aefbd826c3cdd287b3a931278200e724c911c925895b8d0d4483428c27a048e88828027fd7dec50759448e3030b9cc47234df9043c82afa509f857df023a07a230fb7d9e28d8f78481990e7a87f0150bdd06ccaa9d2c4e12a717281bb624248849062e2d3fc2796a2133459da2fede7d7eb5a5c626148df4749941057074ee114b1430ddf0aa48c4e128cad451459cabb937270ac31cbd246ca46d4eb9312459bb6997730f29e82a5f77e6e227457160ff471
32 202 10 10 52 9000 :c3452eb46160c8bbe88af26a11301d77379210b009b34aefbd826c3cdd287b3a931278200e724c911c925895b8d0d4483428c27a048e88828027fd7dec50759448e3030b9cc47234df9043c82afa509f857df023a07a230fb7d9e28d8f78481990e7a87f0150bdd06ccaa9d2c4e12a717281bb624248849062e2d3fc2796a2133459da2fede7d7eb5a5c626148df4749941057074ee114b1430ddf0aa48c4e128cad451459cabb937270ac31cbd246ca46d4eb9312459bb6997730f29e82a5f77e6e227457160ff47178
32 203 10 10 52 9044 :c3452eb46160c8bbe88af26a11301d77379210b009b34aefbd826c3cdd287b3a931278200e724c911c925895b8d0d4483428c27a048e88828027fd7dec50759448e3030b9cc47234df9043c82afa509f857df023a07a230fb7d9e28d8f78481990e7a87f0150bdd06ccaa9d2c4e12a717281bb624248849062e2d3fc2796a2133459da2fede7d7eb5a5c626148df4749941057074ee114b1430ddf0aa48c4e128cad451459cabb937270ac31cbd246ca46d4eb9312459bb6997730f29e82a5f77e6e227457160ff471788f
32 204 10 10 52 9000 :c3452eb46160c8bbe88af26a11301d77379210b009b34aefbd826c3cdd287b3a931278200e724c911c925895b8d0d4483428c27a048e88828027fd7dec50759448e3030b9cc47234df9043c82afa509f857df023a07a230fb7d9e28d8f78481990e7a87f0150bdd06ccaa9d2c4e12a717281bb624248849062e2d3fc2796a2133459da2fede7d7eb5a5c626148df4749941057074ee114b1430ddf0aa48c4e128cad451459cabb937270ac31cbd246ca46d4eb9312459bb6997730f29e82a5f77e6e227457160ff471788f28
32 205 10 10 52 9000 :c3452eb46160c8bbe88af26a11301d77379210b009b34aefbd826c3cdd287b3a931278200e724c911c925895b8d0d4483428c27a048e88828027fd7dec50759448e3030b9cc47234df9043c82afa509f857df023a07a230fb7d9e28d8f78481990e7a87f0150bdd06ccaa9d2c4e12a717281bb624248849062e2d3fc2796a2133459da2fede7d7eb5a5c626148df4749941057074ee114b1430ddf0aa48c4e128cad451459cabb937270ac31cbd246ca46d4eb9312459bb6997730f29e82a5f77e6e227457160ff471788f28da
32 206 10 10 52 9036 :c3452eb46160c8bbe88af26a11301d77379210b009b34aefbd826c3cdd287b3a931278200e724c911c925895b8d0d4483428c27a048e88828027fd7dec50759448e3030b9cc47234df9043c82afa509f857df023a07a230fb7d9e28d8f78481990e7a87f0150bdd06ccaa9d2c4e12a717281bb624248849062e2d3fc2796a2133459da2fede7d7eb5a5c626148df4749941057074ee114b1430ddf0aa48c4e128cad451459cabb937270ac31cbd246ca46d4eb9312459bb6997730f29e82a5f77e6e227457160ff471788f28daa6
32 207 10 10 52 9004 :c3452eb46160c8bbe88af26a11301d77379210b009b34aefbd826c3cdd287b3a931278200e724c911c925895b8d0d4483428c27a048e88828027fd7dec50759448e3030b9cc47234df9043c82afa509f857df023a07a230fb7d9e28d8f78481990e7a87f0150bdd06ccaa9d2c4e12a717281bb624248849062e2d3fc2796a2133459da2fede7d7eb5a5c626148df4749941057074ee114b1430ddf0aa48c4e128cad451459cabb937270ac31cbd246ca46d4eb9312459bb6997730f29e82a5f77e6e227457160ff471788f28daa6e5
32 208 10 10 52 9168 :c3452eb46160c8bbe88af26a11301d77379210b009b34aefbd826c3cdd287b3a931278200e724c911c925895b8d0d4483428c27a048e88828027fd7dec50759448e3030b9cc47234df9043c82afa509f857df023a07a230fb7d9e28d8f78481990e7a87f0150bdd06ccaa9d2c4e12a717281bb624248849062e2d3fc2796a2133459da2fede7d7eb5a5c626148df4749941057074ee114b1430ddf0aa48c4e128cad451459cabb937270ac31cbd246ca46d4eb9312459bb6997730f29e82a5f77e6e227457160ff471788f28daa6e55a
32 209 10 10 52 9000 :c3452eb46160c8bbe88af26a11301d77379210b009b34aefbd826c3cdd287b3a931278200e724c911c925895b8d0d4483428c27a048e88828027fd7dec50759448e3030b9cc47234df9043c82afa509f857df023a07a230fb7d9e28d8f78481990e7a87f0150bdd06ccaa9d2c4e12a717281bb624248849062e2d3fc2796a2133459da2fede7d7eb5a5c626148df4749941057074ee114b1430ddf0aa48c4e128cad451459cabb937270ac31cbd246ca46d4eb9312459bb6997730f29e82a5f77e6e227457160ff471788f28daa6e55a8c
32 210 10 10 52 9060 :c3452eb46160c8bbe88af26a11301d77379210b009b34aefbd826c3cdd287b3a931278200e724c911c925895b8d0d4483428c27a048e88828027fd7dec50759448e3030b9cc47234df9043c82afa509f857df023a07a230fb7d9e28d8f78481990e7a87f0150bdd06ccaa9d2c4e12a717281bb624248849062e2d3fc2796a2133459da2fede7d7eb5a5c626148df4749941057074ee114b1430ddf0aa48c4e128cad451459cabb937270ac31cbd246ca46d4eb9312459bb6997730f29e82a5f77e6e227457160ff471788f28daa6e55a8ca0
32 211 10 10 52 9152 :c3452eb46160c8bbe88af26a11301d77379210b009b34aefbd826c3cdd287b3a931278200e724c911c925895b8d0d4483428c27a048e88828027fd7dec50759448e3030b9cc47234df9043c82afa509f857df023a07a230fb7d9e28d8f78481990e7a87f0150bdd06ccaa9d2c4e12a717281bb624248849062e2d3fc2796a2133459da2fede7d7eb5a5c626148df4749941057074ee114b1430ddf0aa48c4e128cad451459cabb937270ac31cbd246ca46d4eb9312459bb6997730f29e82a5f77e6e227457160ff471788f28daa6e55a8ca005
32 212 10 10 52 9044 :c3452eb46160c8bbe88af26a11301d77379210b009b34aefbd826c3cdd287b3a931278200e724c911c925895b8d0d4483428c27a048e88828027fd7dec50759448e3030b9cc47234df9043c82afa509f857df023a07a230fb7d9e28d8f78481990e7a87f0150bdd06ccaa9d2c4e12a717281bb624248849062e2d3fc2796a2133459da2fede7d7eb5a5c626148df4749941057074ee114b1430ddf0aa48c4e128cad451459cabb937270ac31cbd246ca46d4eb9312459bb6997730f29e82a5f77e6e227457160ff471788f28daa6e55a8ca00543
32 213 10 10 78 9000 :c3452eb46160c8bbe88af26a11301d77379210b009b34aefbd826c3cdd287b3a931278200e724c911c925895b8d0d4483428c27a048e88828027fd7dec50759448e3030b9cc47234df9043c82afa509f857df023a07a230fb7d9e28d8f78481990e7a87f0150bdd06ccaa9d2c4e12a717281bb624248849062e2d3fc2796a2133459da2fede7d7eb5a5c626148df4749941057074ee114b1430ddf0aa48c4e128cad451459cabb937270ac31cbd246ca46d4eb9312459bb6997730f29e82a5f77e6e227457160ff471788f28daa6e55a8ca0054344
32 214 10 10 52 9164 :c3452eb46160c8bbe88af26a11301d77379210b009b34aefbd826c3cdd287b3a931278200e724c911c925895b8d0d4483428c27a048e88828027fd7dec50759448e3030b9cc47234df9043c82afa509f857df023a07a230fb7d9e28d8f78481990e7a87f0150bdd06ccaa9d2c4e12a717281bb624248849062e2d3fc2796a2133459da2fede7d7eb5a5c626148df4749941057074ee114b1430ddf0aa48c4e128cad451459cabb937270ac31cbd246ca46d4eb9312459bb6997730f29e82a5f77e6e227457160ff471788f28daa6e55a8ca0054344d4
32 215 10 10 52 9000 :c3452eb46160c8bbe88af26a11301d77379210b009b34aefbd826c3cdd287b3a931278200e724c911c925895b8d0d4483428c27a048e88828027fd7dec50759448e3030b9cc47234df9043c82afa509f857df023a07a230fb7d9e28d8f78481990e7a87f0150bdd06ccaa9d2c4e12a717281bb624248849062e2d3fc2796a2133459da2fede7d7eb5a5c626148df4749941057074ee114b1430ddf0aa48c4e128cad451459cabb937270ac31cbd246ca46d4eb9312459bb6997730f29e82a5f77e6e227457160ff471788f28daa6e55a8ca0054344d4ef
32 216 10 10 52 9004 :c3452eb46160c8bbe88af26a11301d77379210b009b34aefbd826c3cdd287b3a931278200e724c911c925895b8d0d4483428c27a048e88828027fd7dec50759448e3030b9cc47234df9043c82afa509f857df023a07a230fb7d9e28d8f78481990e7a87f0150bdd06ccaa9d2c4e12a717281bb624248849062e2d3fc2796a2133459da2fede7d7eb5a5c626148df4749941057074ee114b1430ddf0aa48c4e128cad451459cabb937270ac31cbd246ca46d4eb9312459bb6997730f29e82a5f77e6e227457160ff471788f28daa6e55a8ca0054344d4efb6
32 217 10 10 52 9000 :c3452eb46160c8bbe88af26a11301d77379210b009b34aefbd826c3cdd287b3a931278200e724c911c925895b8d0d4483428c27a048e88828027fd7dec50759448e3030b9cc47234df9043c82afa509f857df023a07a230fb7d9e28d8f78481990e7a87f0150bdd06ccaa9d2c4e12a717281bb624248849062e2d3fc2796a2133459da2fede7d7eb5a5c626148df4749941057074ee114b1430ddf0aa48c4e128cad451459cabb937270ac31cbd246ca46d4eb9312459bb6997730f29e82a5f77e6e227457160ff471788f28daa6e55a8ca0054344d4efb63e
32 218 10 10 52 9000 :c3452eb46160c8bbe88af26a11301d77379210b009b34aefbd826c3cdd287b3a931278200e724c911c925895b8d0d4483428c27a048e88828027fd7dec50759448e3030b9cc47234df9043c82afa509f857df023a07a230fb7d9e28d8f78481990e7a87f0150bdd06ccaa9d2c4e12a717281bb624248849062e2d3fc2796a2133459da2fede7d7eb5a5c626148df4749941057074ee114b1430ddf0aa48c4e128cad451459cabb937270ac31cbd246ca46d4eb9312459bb6997730f29e82a5f77e6e227457160ff471788f28daa6e55a8ca0054344d4efb63ee0
32 219 10 10 52 9124 :c3452eb46160c8bbe88af26a11301d77379210b009b34aefbd826c3cdd287b3a931278200e724c911c925895b8d0d4483428c27a048e88828027fd7dec50759448e3030b9cc47234df9043c82afa509f857df023a07a230fb7d9e28d8f78481990e7a87f0150bdd06ccaa9d2c4e12a717281bb624248849062e2d3fc2796a2133459da2fede7d7eb5a5c626148df4749941057074ee114b1430ddf0aa48c4e128cad451459cabb937270ac31cbd246ca46d4eb9312459bb6997730f29e82a5f77e6e227457160ff471788f28daa6e55a8ca0054344d4efb63ee021
32 220 10 10 52 9168 :c3452eb46160c8bbe88af26a11301d77379210b009b34aefbd826c3cdd287b3a931278200e724c911c925895b8d0d4483428c27a048e88828027fd7dec50759448e3030b9cc47234df9043c82afa509f857df023a07a230fb7d9e28d8f78481990e7a87f0150bdd06ccaa9d2c4e12a717281bb624248849062e2d3fc2796a2133459da2fede7d7eb5a5c626148df4749941057074ee114b1430ddf0aa48c4e128cad451459cabb937270ac31cbd246ca46d4eb9312459bb6997730f29e82a5f77e6e227457160ff471788f28daa6e55a8ca0054344d4efb63ee02108
32 221 10 10 52 9000 :c3452eb46160c8bbe88af26a11301d77379210b009b34aefbd826c3cdd287b3a931278200e724c911c925895b8d0d4483428c27a048e88828027fd7dec50759448e3030b9cc47234df9043c82afa509f857df023a07a230fb7d9e28d8f78481990e7a87f0150bdd06ccaa9d2c4e12a717281bb624248849062e2d3fc2796a2133459da2fede7d7eb5a5c626148df4749941057074ee114b1430ddf0aa48c4e128cad451459cabb937270ac31cbd246ca46d4eb9312459bb6997730f29e82a5f77e6e227457160ff471788f28daa6e55a8ca0054344d4efb63ee02108e0
32 222 10 10 78 9096 :c3452eb46160c8bbe88af26a11301d77379210b009b34aefbd826c3cdd287b3a931278200e724c911c925895b8d0d4483428c27a048e88828027fd7dec50759448e3030b9cc47234df9043c82afa509f857df023a07a230fb7d9e28d8f78481990e7a87f0150bdd06ccaa9d2c4e12a717281bb624248849062e2d3fc2796a2133459da2fede7d7eb5a5c626148df4749941057074ee114b1430ddf0aa48c4e128cad451459cabb937270ac31cbd246ca46d4eb9312459bb6997730f29e82a5f77e6e227457160ff471788f28daa6e55a8ca0054344d4efb63ee02108e0dd
32 223 10 10 52 9000 :c3452eb46160c8bbe88af26a11301d77379210b009b34aefbd826c3cdd287b3a931278200e724c911c925895b8d0d4483428c27a048e88828027fd7dec50759448e3030b9cc47234df9043c82afa509f857df023a07a230fb7d9e28d8f78481990e7a87f0150bdd06ccaa9d2c4e12a717281bb624248849062e2d3fc2796a2133459da2fede7d7eb5a5c626148df4749941057074ee114b1430ddf0aa48c4e128cad451459cabb937270ac31cbd246ca46d4eb9312459bb6997730f29e82a5f77e6e227457160ff471788f28daa6e55a8ca0054344d4efb63ee02108e0ddde
32 224 10 10 52 9164 :c3452eb46160c8bbe88af26a11301d77379210b009b34aefbd826c3cdd287b3a931278200e724c911c925895b8d0d4483428c27a048e88828027fd7dec50759448e3030b9cc47234df9043c82afa509f857df023a07a230fb7d9e28d8f78481990e7a87f0150bdd06ccaa9d2c4e12a717281bb624248849062e2d3fc2796a2133459da2fede7d7eb5a5c626148df4749941057074ee114b1430ddf0aa48c4e128cad451459cabb937270ac31cbd246ca46d4eb9312459bb6997730f29e82a5f77e6e227457160ff471788f28daa6e55a8ca0054344d4efb63ee02108e0ddde66
32 225 10 10 71 9000 :c3452eb46160c8bbe88af26a11301d77379210b009b34aefbd826c3cdd287b3a931278200e724c911c925895b8d0d4483428c27a048e88828027fd7dec50759448e3030b9cc47234df9043c82afa509f857df023a07a230fb7d9e28d8f78481990e7a87f0150bdd06ccaa9d2c4e12a717281bb624248849062e2d3fc2796a2133459da2fede7d7eb5a5c626148df4749941057074ee114b1430ddf0aa48c4e128cad451459cabb937270ac31cbd246ca46d4eb9312459bb6997730f29e82a5f77e6e227457160ff471788f28daa6e55a8ca0054344d4efb63ee02108e0ddde6614
32 226 10 10 52 9044 :c3452eb46160c8bbe88af26a11301d77379210b009b34aefbd826c3cdd287b3a931278200e724c911c925895b8d0d4483428c27a048e88828027fd7dec50759448e3030b9cc47234df9043c82afa509f857df023a07a230fb7d9e28d8f78481990e7a87f0150bdd06ccaa9d2c4e12a717281bb624248849062e2d3fc2796a2133459da2fede7d7eb5a5c626148df4749941057074ee114b1430ddf0aa48c4e128cad451459cabb937270ac31cbd246ca46d4eb9312459bb6997730f29e82a5f77e6e227457160ff471788f28daa6e55a8ca0054344d4efb63ee02108e0ddde661493
32 227 10 10 52 9152 :c3452eb46160c8bbe88af26a11301d77379210b009b34aefbd826c3cdd287b3a931278200e724c911c925895b8d0d4483428c27a048e88828027fd7dec50759448e3030b9cc47234df9043c82afa509f857df023a07a230fb7d9e28d8f78481990e7a87f0150bdd06ccaa9d2c4e12a717281bb624248849062e2d3fc2796a2133459da2fede7d7eb5a5c626148df4749941057074ee114b1430ddf0aa48c4e128cad451459cabb937270ac31cbd246ca46d4eb9312459bb6997730f29e82a5f77e6e227457160ff471788f28daa6e55a8ca0054344d4efb63ee02108e0ddde66149315
32 228 10 10 52 9000 :c3452eb46160c8bbe88af26a11301d77379210b009b34aefbd826c3cdd287b3a931278200e724c911c925895b8d0d4483428c27a048e88828027fd7dec50759448e3030b9cc47234df9043c82afa509f857df023a07a230fb7d9e28d8f78481990e7a87f0150bdd06ccaa9d2c4e12a717281bb624248849062e2d3fc2796a2133459da2fede7d7eb5a5c626148df4749941057074ee114b1430ddf0aa48c4e128cad451459cabb937270ac31cbd246ca46d4eb9312459bb6997730f29e82a5f77e6e227457160ff471788f28daa6e55a8ca0054344d4efb63ee02108e0ddde6614931570
32 229 10 10 52 9044 :c3452eb46160c8bbe88af26a11301d77379210b009b34aefbd826c3cdd287b3a931278200e724c911c925895b8d0d4483428c27a048e88828027fd7dec50759448e3030b9cc47234df9043c82afa509f857df023a07a230fb7d9e28d8f78481990e7a87f0150bdd06ccaa9d2c4e12a717281bb624248849062e2d3fc2796a2133459da2fede7d7eb5a5c626148df4749941057074ee114b1430ddf0aa48c4e128cad451459cabb937270ac31cbd246ca46d4eb9312459bb6997730f29e82a5f77e6e227457160ff471788f28daa6e55a8ca0054344d4efb63ee02108e0ddde661493157084
32 230 10 10 52 9064 :c3452eb46160c8bbe88af26a11301d77379210b009b34aefbd826c3cdd287b3a931278200e724c911c925895b8d0d4483428c27a048e88828027fd7dec50759448e3030b9cc47234df9043c82afa509f857df023a07a230fb7d9e28d8f78481990e7a87f0150bdd06ccaa9d2c4e12a717281bb624248849062e2d3fc2796a2133459da2fede7d7eb5a5c626148df4749941057074ee114b1430ddf0aa48c4e128cad451459cabb937270ac31cbd246ca46d4eb9312459bb6997730f29e82a5f77e6e227457160ff471788f28daa6e55a8ca0054344d4efb63ee02108e0ddde661493157084c8
32 231 10 10 52 9044 :c3452eb46160c8bbe88af26a11301d77379210b009b34aefbd826c3cdd287b3a931278200e724c911c925895b8d0d4483428c27a048e88828027fd7dec50759448e3030b9cc47234df9043c82afa509f857df023a07a230fb7d9e28d8f78481990e7a87f0150bdd06ccaa9d2c4e12a717281bb624248849062e2d3fc2796a2133459da2fede7d7eb5a5c626148df4749941057074ee114b1430ddf0aa48c4e128cad451459cabb937270ac31cbd246ca46d4eb9312459bb6997730f29e82a5f77e6e227457160ff471788f28daa6e55a8ca0054344d4efb63ee02108e0ddde661493157084c8d2
32 232 10 10 52 9000 :c3452eb46160c8bbe88af26a11301d77379210b009b34aefbd826c3cdd287b3a931278200e724c911c925895b8d0d4483428c27a048e88828027fd7dec50759448e3030b9cc47234df9043c82afa509f857df023a07a230fb7d9e28d8f78481990e7a87f0150bdd06ccaa9d2c4e12a717281bb624248849062e2d3fc2796a2133459da2fede7d7eb5a5c626148df4749941057074ee114b1430ddf0aa48c4e128cad451459cabb937270ac31cbd246ca46d4eb9312459bb6997730f29e82a5f77e6e227457160ff471788f28daa6e55a8ca0054344d4efb63ee02108e0ddde661493157084c8d24a
32 233 10 10 52 9140 :c3452eb46160c8bbe88af26a11301d77379210b009b34aefbd826c3cdd287b3a931278200e724c911c925895b8d0d4483428c27a048e88828027fd7dec50759448e3030b9cc47234df9043c82afa509f857df023a07a230fb7d9e28d8f78481990e7a87f0150bdd06ccaa9d2c4e12a717281bb624248849062e2d3fc2796a2133459da2fede7d7eb5a5c626148df4749941057074ee114b1430ddf0aa48c4e128cad451459cabb937270ac31cbd246ca46d4eb9312459bb6997730f29e82a5f77e6e227457160ff471788f28daa6e55a8ca0054344d4efb63ee02108e0ddde661493157084c8d24a2d
32 234 10 10 78 9000 :c3452eb46160c8bbe88af26a11301d77379210b009b34aefbd826c3cdd287b3a931278200e724c911c925895b8d0d4483428c27a048e88828027fd7dec50759448e3030b9cc47234df9043c82afa509f857df023a07a230fb7d9e28d8f78481990e7a87f0150bdd06ccaa9d2c4e12a717281bb624248849062e2d3fc2796a2133459da2fede7d7eb5a5c626148df4749941057074ee114b1430ddf0aa48c4e128cad451459cabb937270ac31cbd246ca46d4eb9312459bb6997730f29e82a5f77e6e227457160ff471788f28daa6e55a8ca0054344d4efb63ee02108e0ddde661493157084c8d24a2d95
32 235 10 10 52 9000 :c3452eb46160c8bbe88af26a11301d77379210b009b34aefbd826c3cdd287b3a931278200e724c911c925895b8d0d4483428c27a048e88828027fd7dec50759448e3030b9cc47234df9043c82afa509f857df023a07a230fb7d9e28d8f78481990e7a87f0150bdd06ccaa9d2c4e12a717281bb624248849062e2d3fc2796a2133459da2fede7d7eb5a5c626148df4749941057074ee114b1430ddf0aa48c4e128cad451459cabb937270ac31cbd246ca46d4eb9312459bb6997730f29e82a5f77e6e227457160ff471788f28daa6e55a8ca0054344d4efb63ee02108e0ddde661493157084c8d24a2d954b
32 236 10 10 52 9048 :c3452eb46160c8bbe88af26a11301d77379210b009b34aefbd826c3cdd287b3a931278200e724c911c925895b8d0d4483428c27a048e88828027fd7dec50759448e3030b9cc47234df9043c82afa509f857df023a07a230fb7d9e28d8f78481990e7a87f0150bdd06ccaa9d2c4e12a717281bb624248849062e2d3fc2796a2133459da2fede7d7eb5a5c626148df4749941057074ee114b1430ddf0aa48c4e128cad451459cabb937270ac31cbd246ca46d4eb9312459bb6997730f29e82a5f77e6e227457160ff471788f28daa6e55a8ca0054344d4efb63ee02108e0ddde661493157084c8d24a2d954bf0
32 237 10 10 52 9140 :c3452eb46160c8bbe88af26a11301d77379210b009b34aefbd826c3cdd287b3a931278200e724c911c925895b8d0d4483428c27a048e88828027fd7dec50759448e3030b9cc47234df9043c82afa509f857df023a07a230fb7d9e28d8f78481990e7a87f0150bdd06ccaa9d2c4e12a717281bb624248849062e2d3fc2796a2133459da2fede7d7eb5a5c626148df4749941057074ee114b1430ddf0aa48c4e128cad451459cabb937270ac31cbd246ca46d4eb9312459bb6997730f29e82a5f77e6e227457160ff471788f28daa6e55a8ca0054344d4efb63ee02108e0ddde661493157084c8d24a2d954bf0a3
32 238 10 10 52 9000 :c3452eb46160c8bbe88af26a11301d77379210b009b34aefbd826c3cdd287b3a931278200e724c911c925895b8d0d4483428c27a048e88828027fd7dec50759448e3030b9cc47234df9043c82afa509f857df023a07a230fb7d9e28d8f78481990e7a87f0150bdd06ccaa9d2c4e12a717281bb624248849062e2d3fc2796a2133459da2fede7d7eb5a5c626148df4749941057074ee114b1430ddf0aa48c4e128cad451459cabb937270ac31cbd246ca46d4eb9312459bb6997730f29e82a5f77e6e227457160ff471788f28daa6e55a8ca0054344d4efb63ee02108e0ddde661493157084c8d24a2d954bf0a37c
32 239 10 10 52 9060 :c3452eb46160c8bbe88af26a11301d77379210b009b34aefbd826c3cdd287b3a931278200e724c911c925895b8d0d4483428c27a048e88828027fd7dec50759448e3030b9cc47234df9043c82afa509f857df023a07a230fb7d9e28d8f78481990e7a87f0150bdd06ccaa9d2c4e12a717281bb624248849062e2d3fc2796a2133459da2fede7d7eb5a5c626148df4749941057074ee114b1430ddf0aa48c4e128cad451459cabb937270ac31cbd246ca46d4eb9312459bb6997730f29e82a5f77e6e227457160ff471788f28daa6e55a8ca0054344d4efb63ee02108e0ddde661493157084c8d24a2d954bf0a37c44
32 240 10 10 71 9000 :c3452eb46160c8bbe88af26a11301d77379210b009b34aefbd826c3cdd287b3a931278200e724c911c925895b8d0d4483428c27a048e88828027fd7dec50759448e3030b9cc47234df9043c82afa509f857df023a07a230fb7d9e28d8f78481990e7a87f0150bdd06ccaa9d2c4e12a717281bb624248849062e2d3fc2796a2133459da2fede7d7eb5a5c626148df4749941057074ee114b1430ddf0aa48c4e128cad451459cabb937270ac31cbd246ca46d4eb9312459bb6997730f29e82a5f77e6e227457160ff471788f28daa6e55a8ca0054344d4efb63ee02108e0ddde661493157084c8d24a2d954bf0a37c44cb
32 241 10 10 52 9140 :c3452eb46160c8bbe88af26a11301d77379210b009b34aefbd826c3cdd287b3a931278200e724c911c925895b8d0d4483428c27a048e88828027fd7dec50759448e3030b9cc47234df9043c82afa509f857df023a07a230fb7d9e28d8f78481990e7a87f0150bdd06ccaa9d2c4e12a717281bb624248849062e2d3fc2796a2133459da2fede7d7eb5a5c626148df4749941057074ee114b1430ddf0aa48c4e128cad451459cabb937270ac31cbd246ca46d4eb9312459bb6997730f29e82a5f77e6e227457160ff471788f28daa6e55a8ca0054344d4efb63ee02108e0ddde661493157084c8d24a2d954bf0a37c44cb08
32 242 10 10 52 9036 :c3452eb46160c8bbe88af26a11301d77379210b009b34aefbd826c3cdd287b3a931278200e724c911c925895b8d0d4483428c27a048e88828027fd7dec50759448e3030b9cc47234df9043c82afa509f857df023a07a230fb7d9e28d8f78481990e7a87f0150bdd06ccaa9d2c4e12a717281bb624248849062e2d3fc2796a2133459da2fede7d7eb5a5c626148df4749941057074ee114b1430ddf0aa48c4e128cad451459cabb937270ac31cbd246ca46d4eb9312459bb6997730f29e82a5f77e6e227457160ff471788f28daa6e55a8ca0054344d4efb63ee02108e0ddde661493157084c8d24a2d954bf0a37c44cb08b7
32 243 10 10 52 9168 :c3452eb46160c8bbe88af26a11301d77379210b009b34aefbd826c3cdd287b3a931278200e724c911c925895b8d0d4483428c27a048e88828027fd7dec50759448e3030b9cc47234df9043c82afa509f857df023a07a230fb7d9e28d8f78481990e7a87f0150bdd06ccaa9d2c4e12a717281bb624248849062e2d3fc2796a2133459da2fede7d7eb5a5c626148df4749941057074ee114b1430ddf0aa48c4e128cad451459cabb937270ac31cbd246ca46d4eb9312459bb6997730f29e82a5f77e6e227457160ff471788f28daa6e55a8ca0054344d4efb63ee02108e0ddde661493157084c8d24a2d954bf0a37c44cb08b7a6
32 244 10 10 52 9000 :c3452eb46160c8bbe88af26a11301d77379210b009b34aefbd826c3cdd287b3a931278200e724c911c925895b8d0d4483428c27a048e88828027fd7dec50759448e3030b9cc47234df9043c82afa509f857df023a07a230fb7d9e28d8f78481990e7a87f0150bdd06ccaa9d2c4e12a717281bb624248849062e2d3fc2796a2133459da2fede7d7eb5a5c626148df4749941057074ee114b1430ddf0aa48c4e128cad451459cabb937270ac31cbd246ca46d4eb9312459bb6997730f29e82a5f77e6e227457160ff471788f28daa6e55a8ca0054344d4efb63ee02108e0ddde661493157084c8d24a2d954bf0a37c44cb08b7a690
32 245 10 10 52 9000 :c3452eb46160c8bbe88af26a11301d77379210b009b34aefbd826c3cdd287b3a931278200e724c911c925895b8d0d4483428c27a048e88828027fd7dec50759448e3030b9cc47234df9043c82afa509f857df023a07a230fb7d9e28d8f78481990e7a87f0150bdd06ccaa9d2c4e12a717281bb624248849062e2d3fc2796a2133459da2fede7d7eb5a5c626148df4749941057074ee114b1430ddf0aa48c4e128cad451459cabb937270ac31cbd246ca46d4eb9312459bb6997730f29e82a5f77e6e227457160ff471788f28daa6e55a8ca0054344d4efb63ee02108e0ddde661493157084c8d24a2d954bf0a37c44cb08b7a6904d
32 246 10 10 52 9004 :c3452eb46160c8bbe88af26a11301d77379210b009b34aefbd826c3cdd287b3a931278200e724c911c925895b8d0d4483428c27a048e88828027fd7dec50759448e3030b9cc47234df9043c82afa509f857df023a07a230fb7d9e28d8f78481990e7a87f0150bdd06ccaa9d2c4e12a717281bb624248849062e2d3fc2796a2133459da2fede7d7eb5a5c626148df4749941057074ee114b1430ddf0aa48c4e128cad451459cabb937270ac31cbd246ca46d4eb9312459bb6997730f29e82a5f77e6e227457160ff471788f28daa6e55a8ca0054344d4efb63ee02108e0ddde661493157084c8d24a2d954bf0a37c44cb08b7a6904d68
32 247 10 10 52 9040 :c3452eb46160c8bbe88af26a11301d77379210b009b34aefbd826c3cdd287b3a931278200e724c911c925895b8d0d4483428c27a048e88828027fd7dec50759448e3030b9cc47234df9043c82afa509f857df023a07a230fb7d9e28d8f78481990e7a87f0150bdd06ccaa9d2c4e12a717281bb624248849062e2d3fc2796a2133459da2fede7d7eb5a5c626148df4749941057074ee114b1430ddf0aa48c4e128cad451459cabb937270ac31cbd246ca46d4eb9312459bb6997730f29e82a5f77e6e227457160ff471788f28daa6e55a8ca0054344d4efb63ee02108e0ddde661493157084c8d24a2d954bf0a37c44cb08b7a6904d682c
32 248 10 10 52 8992 :c3452eb46160c8bbe88af26a11301d77379210b009b34aefbd826c3cdd287b3a931278200e724c911c925895b8d0d4483428c27a048e88828027fd7dec50759448e3030b9cc47234df9043c82afa509f857df023a07a230fb7d9e28d8f78481990e7a87f0150bdd06ccaa9d2c4e12a717281bb624248849062e2d3fc2796a2133459da2fede7d7eb5a5c626148df4749941057074ee114b1430ddf0aa48c4e128cad451459cabb937270ac31cbd246ca46d4eb9312459bb6997730f29e82a5f77e6e227457160ff471788f28daa6e55a8ca0054344d4efb63ee02108e0ddde661493157084c8d24a2d954bf0a37c44cb08b7a6904d682c42
32 249 10 10 52 9144 :c3452eb46160c8bbe88af26a11301d77379210b009b34aefbd826c3cdd287b3a931278200e724c911c925895b8d0d4483428c27a048e88828027fd7dec50759448e3030b9cc47234df9043c82afa509f857df023a07a230fb7d9e28d8f78481990e7a87f0150bdd06ccaa9d2c4e12a717281bb624248849062e2d3fc2796a2133459da2fede7d7eb5a5c626148df4749941057074ee114b1430ddf0aa48c4e128cad451459cabb937270ac31cbd246ca46d4eb9312459bb6997730f29e82a5f77e6e227457160ff471788f28daa6e55a8ca0054344d4efb63ee02108e0ddde661493157084c8d24a2d954bf0a37c44cb08b7a6904d682c4265
32 250 10 10 52 9128 :c3452eb46160c8bbe88af26a11301d77379210b009b34aefbd826c3cdd287b3a931278200e724c911c925895b8d0d4483428c27a048e88828027fd7dec50759448e3030b9cc47234df9043c82afa509f857df023a07a230fb7d9e28d8f78481990e7a87f0150bdd06ccaa9d2c4e12a717281bb624248849062e2d3fc2796a2133459da2fede7d7eb5a5c626148df4749941057074ee114b1430ddf0aa48c4e128cad451459cabb937270ac31cbd246ca46d4eb9312459bb6997730f29e82a5f77e6e227457160ff471788f28daa6e55a8ca0054344d4efb63ee02108e0ddde661493157084c8d24a2d954bf0a37c44cb08b7a6904d682c426596
32 251 10 10 52 9164 :c3452eb46160c8bbe88af26a11301d77379210b009b34aefbd826c3cdd287b3a931278200e724c911c925895b8d0d4483428c27a048e88828027fd7dec50759448e3030b9cc47234df9043c82afa509f857df023a07a230fb7d9e28d8f78481990e7a87f0150bdd06ccaa9d2c4e12a717281bb624248849062e2d3fc2796a2133459da2fede7d7eb5a5c626148df4749941057074ee114b1430ddf0aa48c4e128cad451459cabb937270ac31cbd246ca46d4eb9312459bb6997730f29e82a5f77e6e227457160ff471788f28daa6e55a8ca0054344d4efb63ee02108e0ddde661493157084c8d24a2d954bf0a37c44cb08b7a6904d682c426596ee
32 252 10 10 71 9048 :c3452eb46160c8bbe88af26a11301d77379210b009b34aefbd826c3cdd287b3a931278200e724c911c925895b8d0d4483428c27a048e88828027fd7dec50759448e3030b9cc47234df9043c82afa509f857df023a07a230fb7d9e28d8f78481990e7a87f0150bdd06ccaa9d2c4e12a717281bb624248849062e2d3fc2796a2133459da2fede7d7eb5a5c626148df4749941057074ee114b1430ddf0aa48c4e128cad451459cabb937270ac31cbd246ca46d4eb9312459bb6997730f29e82a5f77e6e227457160ff471788f28daa6e55a8ca0054344d4efb63ee02108e0ddde661493157084c8d24a2d954bf0a37c44cb08b7a6904d682c426596ee1c
32 253 10 10 52 9000 :c3452eb46160c8bbe88af26a11301d77379210b009b34aefbd826c3cdd287b3a931278200e724c911c925895b8d0d4483428c27a048e88828027fd7dec50759448e3030b9cc47234df9043c82afa509f857df023a07a230fb7d9e28d8f78481990e7a87f0150bdd06ccaa9d2c4e12a717281bb624248849062e2d3fc2796a2133459da2fede7d7eb5a5c626148df4749941057074ee114b1430ddf0aa48c4e128cad451459cabb937270ac31cbd246ca46d4eb9312459bb6997730f29e82a5f77e6e227457160ff471788f28daa6e55a8ca0054344d4efb63ee02108e0ddde661493157084c8d24a2d954bf0a37c44cb08b7a6904d682c426596ee1cef
32 254 10 10 52 9144 :c3452eb46160c8bbe88af26a11301d77379210b009b34aefbd826c3cdd287b3a931278200e724c911c925895b8d0d4483428c27a048e88828027fd7dec50759448e3030b9cc47234df9043c82afa509f857df023a07a230fb7d9e28d8f78481990e7a87f0150bdd06ccaa9d2c4e12a717281bb624248849062e2d3fc2796a2133459da2fede7d7eb5a5c626148df4749941057074ee114b1430ddf0aa48c4e128cad451459cabb937270ac31cbd246ca46d4eb9312459bb6997730f29e82a5f77e6e227457160ff471788f28daa6e55a8ca0054344d4efb63ee02108e0ddde661493157084c8d24a2d954bf0a37c44cb08b7a6904d682c426596ee1ceffa
32 255 10 10 52 9172 :c3452eb46160c8bbe88af26a11301d77379210b009b34aefbd826c3cdd287b3a931278200e724c911c925895b8d0d4483428c27a048e88828027fd7dec50759448e3030b9cc47234df9043c82afa509f857df023a07a230fb7d9e28d8f78481990e7a87f0150bdd06ccaa9d2c4e12a717281bb624248849062e2d3fc2796a2133459da2fede7d7eb5a5c626148df4749941057074ee114b1430ddf0aa48c4e128cad451459cabb937270ac31cbd246ca46d4eb9312459bb6997730f29e82a5f77e6e227457160ff471788f28daa6e55a8ca0054344d4efb63ee02108e0ddde661493157084c8d24a2d954bf0a37c44cb08b7a6904d682c426596ee1ceffad4
32 256 10 10 52 8992 :c3452eb46160c8bbe88af26a11301d77379210b009b34aefbd826c3cdd287b3a931278200e724c911c925895b8d0d4483428c27a048e88828027fd7dec50759448e3030b9cc47234df9043c82afa509f857df023a07a230fb7d9e28d8f78481990e7a87f0150bdd06ccaa9d2c4e12a717281bb624248849062e2d3fc2796a2133459da2fede7d7eb5a5c626148df4749941057074ee114b1430ddf0aa48c4e128cad451459cabb937270ac31cbd246ca46d4eb9312459bb6997730f29e82a5f77e6e227457160ff471788f28daa6e55a8ca0054344d4efb63ee02108e0ddde661493157084c8d24a2d954bf0a37c44cb08b7a6904d682c426596ee1ceffad422
32 257 10 10 52 9096 :c3452eb46160c8bbe88af26a11301d77379210b009b34aefbd826c3cdd287b3a931278200e724c911c925895b8d0d4483428c27a048e88828027fd7dec50759448e3030b9cc47234df9043c82afa509f857df023a07a230fb7d9e28d8f78481990e7a87f0150bdd06ccaa9d2c4e12a717281bb624248849062e2d3fc2796a2133459da2fede7d7eb5a5c626148df4749941057074ee114b1430ddf0aa48c4e128cad451459cabb937270ac31cbd246ca46d4eb9312459bb6997730f29e82a5f77e6e227457160ff471788f28daa6e55a8ca0054344d4efb63ee02108e0ddde661493157084c8d24a2d954bf0a37c44cb08b7a6904d682c426596ee1ceffad42258
32 258 10 10 52 9048 :c3452eb46160c8bbe88af26a11301d77379210b009b34aefbd826c3cdd287b3a931278200e724c911c925895b8d0d4483428c27a048e88828027fd7dec50759448e3030b9cc47234df9043c82afa509f857df023a07a230fb7d9e28d8f78481990e7a87f0150bdd06ccaa9d2c4e12a717281bb624248849062e2d3fc2796a2133459da2fede7d7eb5a5c626148df4749941057074ee114b1430ddf0aa48c4e128cad451459cabb937270ac31cbd246ca46d4eb9312459bb6997730f29e82a5f77e6e227457160ff471788f28daa6e55a8ca0054344d4efb63ee02108e0ddde661493157084c8d24a2d954bf0a37c44cb08b7a6904d682c426596ee1ceffad42258e7
32 259 10 10 52 9092 :c3452eb46160c8bbe88af26a11301d77379210b009b34aefbd826c3cdd287b3a931278200e724c911c925895b8d0d4483428c27a048e88828027fd7dec50759448e3030b9cc47234df9043c82afa509f857df023a07a230fb7d9e28d8f78481990e7a87f0150bdd06ccaa9d2c4e12a717281bb624248849062e2d3fc2796a2133459da2fede7d7eb5a5c626148df4749941057074ee114b1430ddf0aa48c4e128cad451459cabb937270ac31cbd246ca46d4eb9312459bb6997730f29e82a5f77e6e227457160ff471788f28daa6e55a8ca0054344d4efb63ee02108e0ddde661493157084c8d24a2d954bf0a37c44cb08b7a6904d682c426596ee1ceffad42258e7e3
32 260 10 10 52 9168 :c3452eb46160c8bbe88af26a11301d77379210b009b34aefbd826c3cdd287b3a931278200e724c911c925895b8d0d4483428c27a048e88828027fd7dec50759448e3030b9cc47234df9043c82afa509f857df023a07a230fb7d9e28d8f78481990e7a87f0150bdd06ccaa9d2c4e12a717281bb624248849062e2d3fc2796a2133459da2fede7d7eb5a5c626148df4749941057074ee114b1430ddf0aa48c4e128cad451459cabb937270ac31cbd246ca46d4eb9312459bb6997730f29e82a5f77e6e227457160ff471788f28daa6e55a8ca0054344d4efb63ee02108e0ddde661493157084c8d24a2d954bf0a37c44cb08b7a6904d682c426596ee1ceffad42258e7e3af
32 261 10 10 52 9000 :c3452eb46160c8bbe88af26a11301d77379210b009b34aefbd826c3cdd287b3a931278200e724c911c925895b8d0d4483428c27a048e88828027fd7dec50759448e3030b9cc47234df9043c82afa509f857df023a07a230fb7d9e28d8f78481990e7a87f0150bdd06ccaa9d2c4e12a717281bb624248849062e2d3fc2796a2133459da2fede7d7eb5a5c626148df4749941057074ee114b1430ddf0aa48c4e128cad451459cabb937270ac31cbd246ca46d4eb9312459bb6997730f29e82a5f77e6e227457160ff471788f28daa6e55a8ca0054344d4efb63ee02108e0ddde661493157084c8d24a2d954bf0a37c44cb08b7a6904d682c426596ee1ceffad42258e7e3afb4
32 262 10 10 52 9104 :c3452eb46160c8bbe88af26a11301d77379210b009b34aefbd826c3cdd287b3a931278200e724c911c925895b8d0d4483428c27a048e88828027fd7dec50759448e3030b9cc47234df9043c82afa509f857df023a07a230fb7d9e28d8f78481990e7a87f0150bdd06ccaa9d2c4e12a717281bb624248849062e2d3fc2796a2133459da2fede7d7eb5a5c626148df4749941057074ee114b1430ddf0aa48c4e128cad451459cabb937270ac31cbd246ca46d4eb9312459bb6997730f29e82a5f77e6e227457160ff471788f28daa6e55a8ca0054344d4efb63ee02108e0ddde661493157084c8d24a2d954bf0a37c44cb08b7a6904d682c426596ee1ceffad42258e7e3afb4f5
32 263 10 10 52 9000 :c3452eb46160c8bbe88af26a11301d77379210b009b34aefbd826c3cdd287b3a931278200e724c911c925895b8d0d4483428c27a048e88828027fd7dec50759448e3030b9cc47234df9043c82afa509f857df023a07a230fb7d9e28d8f78481990e7a87f0150bdd06ccaa9d2c4e12a717281bb624248849062e2d3fc2796a2133459da2fede7d7eb5a5c626148df4749941057074ee114b1430ddf0aa48c4e128cad451459cabb937270ac31cbd246ca46d4eb9312459bb6997730f29e82a5f77e6e227457160ff471788f28daa6e55a8ca0054344d4efb63ee02108e0ddde661493157084c8d24a2d954bf0a37c44cb08b7a6904d682c426596ee1ceffad42258e7e3afb4f54c
32 264 10 10 52 9000 :c3452eb46160c8bbe88af26a11301d77379210b009b34aefbd826c3cdd287b3a931278200e724c911c925895b8d0d4483428c27a048e88828027fd7dec50759448e3030b9cc47234df9043c82afa509f857df023a07a230fb7d9e28d8f78481990e7a87f0150bdd06ccaa9d2c4e12a717281bb624248849062e2d3fc2796a2133459da2fede7d7eb5a5c626148df4749941057074ee114b1430ddf0aa48c4e128cad451459cabb937270ac31cbd246ca46d4eb9312459bb6997730f29e82a5f77e6e227457160ff471788f28daa6e55a8ca0054344d4efb63ee02108e0ddde661493157084c8d24a2d954bf0a37c44cb08b7a6904d682c426596ee1ceffad42258e7e3afb4f54c6a
32 265 10 10 52 9004 :c3452eb46160c8bbe88af26a11301d77379210b009b34aefbd826c3cdd287b3a931278200e724c911c925895b8d0d4483428c27a048e88828027fd7dec50759448e3030b9cc47234df9043c82afa509f857df023a07a230fb7d9e28d8f78481990e7a87f0150bdd06ccaa9d2c4e12a717281bb624248849062e2d3fc2796a2133459da2fede7d7eb5a5c626148df4749941057074ee114b1430ddf0aa48c4e128cad451459cabb937270ac31cbd246ca46d4eb9312459bb6997730f29e82a5f77e6e227457160ff471788f28daa6e55a8ca0054344d4efb63ee02108e0ddde661493157084c8d24a2d954bf0a37c44cb08b7a6904d682c426596ee1ceffad42258e7e3afb4f54c6ab3
32 266 10 10 52 9152 :c3452eb46160c8bbe88af26a11301d77379210b009b34aefbd826c3cdd287b3a931278200e724c911c925895b8d0d4483428c27a048e88828027fd7dec50759448e3030b9cc47234df9043c82afa509f857df023a07a230fb7d9e28d8f78481990e7a87f0150bdd06ccaa9d2c4e12a717281bb624248849062e2d3fc2796a2133459da2fede7d7eb5a5c626148df4749941057074ee114b1430ddf0aa48c4e128cad451459cabb937270ac31cbd246ca46d4eb9312459bb6997730f29e82a5f77e6e227457160ff471788f28daa6e55a8ca0054344d4efb63ee02108e0ddde661493157084c8d24a2d954bf0a37c44cb08b7a6904d682c426596ee1ceffad42258e7e3afb4f54c6ab393
32 267 10 10 52 9060 :c3452eb46160c8bbe88af26a11301d77379210b009b34aefbd826c3cdd287b3a931278200e724c911c925895b8d0d4483428c27a048e88828027fd7dec50759448e3030b9cc47234df9043c82afa509f857df023a07a230fb7d9e28d8f78481990e7a87f0150bdd06ccaa9d2c4e12a717281bb624248849062e2d3fc2796a2133459da2fede7d7eb5a5c626148df4749941057074ee114b1430ddf0aa48c4e128cad451459cabb937270ac31cbd246ca46d4eb9312459bb6997730f29e82a5f77e6e227457160ff471788f28daa6e55a8ca0054344d4efb63ee02108e0ddde661493157084c8d24a2d954bf0a37c44cb08b7a6904d682c426596ee1ceffad42258e7e3afb4f54c6ab3937b
32 268 10 10 52 9168 :c3452eb46160c8bbe88af26a11301d77379210b009b34aefbd826c3cdd287b3a931278200e724c911c925895b8d0d4483428c27a048e88828027fd7dec50759448e3030b9cc47234df9043c82afa509f857df023a07a230fb7d9e28d8f78481990e7a87f0150bdd06ccaa9d2c4e12a717281bb624248849062e2d3fc2796a2133459da2fede7d7eb5a5c626148df4749941057074ee114b1430ddf0aa48c4e128cad451459cabb937270ac31cbd246ca46d4eb9312459bb6997730f29e82a5f77e6e227457160ff471788f28daa6e55a8ca0054344d4efb63ee02108e0ddde661493157084c8d24a2d954bf0a37c44cb08b7a6904d682c426596ee1ceffad42258e7e3afb4f54c6ab3937b57
32 269 10 10 52 9144 :c3452eb46160c8bbe88af26a11301d77379210b009b34aefbd826c3cdd287b3a931278200e724c911c925895b8d0d4483428c27a048e88828027fd7dec50759448e3030b9cc47234df9043c82afa509f857df023a07a230fb7d9e28d8f78481990e7a87f0150bdd06ccaa9d2c4e12a717281bb624248849062e2d3fc2796a2133459da2fede7d7eb5a5c626148df4749941057074ee114b1430ddf0aa48c4e128cad451459cabb937270ac31cbd246ca46d4eb9312459bb6997730f29e82a5f77e6e227457160ff471788f28daa6e55a8ca0054344d4efb63ee02108e0ddde661493157084c8d24a2d954bf0a37c44cb08b7a6904d682c426596ee1ceffad42258e7e3afb4f54c6ab3937b5784
32 270 10 10 73 9124 :c3452eb46160c8bbe88af26a11301d77379210b009b34aefbd826c3cdd287b3a931278200e724c911c925895b8d0d4483428c27a048e88828027fd7dec50759448e3030b9cc47234df9043c82afa509f857df023a07a230fb7d9e28d8f78481990e7a87f0150bdd06ccaa9d2c4e12a717281bb624248849062e2d3fc2796a2133459da2fede7d7eb5a5c626148df4749941057074ee114b1430ddf0aa48c4e128cad451459cabb937270ac31cbd246ca46d4eb9312459bb6997730f29e82a5f77e6e227457160ff471788f28daa6e55a8ca0054344d4efb63ee02108e0ddde661493157084c8d24a2d954bf0a37c44cb08b7a6904d682c426596ee1ceffad42258e7e3afb4f54c6ab3937b578444
32 271 10 10 52 9100 :c3452eb46160c8bbe88af26a11301d77379210b009b34aefbd826c3cdd287b3a931278200e724c911c925895b8d0d4483428c27a048e88828027fd7dec50759448e3030b9cc47234df9043c82afa509f857df023a07a230fb7d9e28d8f78481990e7a87f0150bdd06ccaa9d2c4e12a717281bb624248849062e2d3fc2796a2133459da2fede7d7eb5a5c626148df4749941057074ee114b1430ddf0aa48c4e128cad451459cabb937270ac31cbd246ca46d4eb9312459bb6997730f29e82a5f77e6e227457160ff471788f28daa6e55a8ca0054344d4efb63ee02108e0ddde661493157084c8d24a2d954bf0a37c44cb08b7a6904d682c426596ee1ceffad42258e7e3afb4f54c6ab3937b578444f0
32 272 10 10 52 9124 :c3452eb46160c8bbe88af26a11301d77379210b009b34aefbd826c3cdd287b3a931278200e724c911c925895b8d0d4483428c27a048e88828027fd7dec50759448e3030b9cc47234df9043c82afa509f857df023a07a230fb7d9e28d8f78481990e7a87f0150bdd06ccaa9d2c4e12a717281bb624248849062e2d3fc2796a2133459da2fede7d7eb5a5c626148df4749941057074ee114b1430ddf0aa48c4e128cad451459cabb937270ac31cbd246ca46d4eb9312459bb6997730f29e82a5f77e6e227457160ff471788f28daa6e55a8ca0054344d4efb63ee02108e0ddde661493157084c8d24a2d954bf0a37c44cb08b7a6904d682c426596ee1ceffad42258e7e3afb4f54c6ab3937b578444f0f8
32 273 10 10 52 9120 :c3452eb46160c8bbe88af26a11301d77379210b009b34aefbd826c3cdd287b3a931278200e724c911c925895b8d0d4483428c27a048e88828027fd7dec50759448e3030b9cc47234df9043c82afa509f857df023a07a230fb7d9e28d8f78481990e7a87f0150bdd06ccaa9d2c4e12a717281bb624248849062e2d3fc2796a2133459da2fede7d7eb5a5c626148df4749941057074ee114b1430ddf0aa48c4e128cad451459cabb937270ac31cbd246ca46d4eb9312459bb6997730f29e82a5f77e6e227457160ff471788f28daa6e55a8ca0054344d4efb63ee02108e0ddde661493157084c8d24a2d954bf0a37c44cb08b7a6904d682c426596ee1ceffad42258e7e3afb4f54c6ab3937b578444f0f818
32 274 10 10 52 9092 :c3452eb46160c8bbe88af26a11301d77379210b009b34aefbd826c3cdd287b3a931278200e724c911c925895b8d0d4483428c27a048e88828027fd7dec50759448e3030b9cc47234df9043c82afa509f857df023a07a230fb7d9e28d8f78481990e7a87f0150bdd06ccaa9d2c4e12a717281bb624248849062e2d3fc2796a2133459da2fede7d7eb5a5c626148df4749941057074ee114b1430ddf0aa48c4e128cad451459cabb937270ac31cbd246ca46d4eb9312459bb6997730f29e82a5f77e6e227457160ff471788f28daa6e55a8ca0054344d4efb63ee02108e0ddde661493157084c8d24a2d954bf0a37c44cb08b7a6904d682c426596ee1ceffad42258e7e3afb4f54c6ab3937b578444f0f8188c
32 275 10 10 78 9060 :c3452eb46160c8bbe88af26a11301d77379210b009b34aefbd826c3cdd287b3a931278200e724c911c925895b8d0d4483428c27a048e88828027fd7dec50759448e3030b9cc47234df9043c82afa509f857df023a07a230fb7d9e28d8f78481990e7a87f0150bdd06ccaa9d2c4e12a717281bb624248849062e2d3fc2796a2133459da2fede7d7eb5a5c626148df4749941057074ee114b1430ddf0aa48c4e128cad451459cabb937270ac31cbd246ca46d4eb9312459bb6997730f29e82a5f77e6e227457160ff471788f28daa6e55a8ca0054344d4efb63ee02108e0ddde661493157084c8d24a2d954bf0a37c44cb08b7a6904d682c426596ee1ceffad42258e7e3afb4f54c6ab3937b578444f0f8188cbe
32 276 10 10 52 9040 :c3452eb46160c8bbe88af26a11301d77379210b009b34aefbd826c3cdd287b3a931278200e724c911c925895b8d0d4483428c27a048e88828027fd7dec50759448e3030b9cc47234df9043c82afa509f857df023a07a230fb7d9e28d8f78481990e7a87f0150bdd06ccaa9d2c4e12a717281bb624248849062e2d3fc2796a2133459da2fede7d7eb5a5c626148df4749941057074ee114b1430ddf0aa48c4e128cad451459cabb937270ac31cbd246ca46d4eb9312459bb6997730f29e82a5f77e6e227457160ff471788f28daa6e55a8ca0054344d4efb63ee02108e0ddde661493157084c8d24a2d954bf0a37c44cb08b7a6904d682c426596ee1ceffad42258e7e3afb4f54c6ab3937b578444f0f8188cbea7
32 277 10 10 73 8992 :c3452eb46160c8bbe88af26a11301d77379210b009b34aefbd826c3cdd287b3a931278200e724c911c925895b8d0d4483428c27a048e88828027fd7dec50759448e3030b9cc47234df9043c82afa509f857df023a07a230fb7d9e28d8f78481990e7a87f0150bdd06ccaa9d2c4e12a717281bb624248849062e2d3fc2796a2133459da2fede7d7eb5a5c626148df4749941057074ee114b1430ddf0aa48c4e128cad451459cabb937270ac31cbd246ca46d4eb9312459bb6997730f29e82a5f77e6e227457160ff471788f28daa6e55a8ca0054344d4efb63ee02108e0ddde661493157084c8d24a2d954bf0a37c44cb08b7a6904d682c426596ee1ceffad42258e7e3afb4f54c6ab3937b578444f0f8188cbea784
32 278 10 10 77 9060 :c3452eb46160c8bbe88af26a11301d77379210b009b34aefbd826c3cdd287b3a931278200e724c911c925895b8d0d4483428c27a048e88828027fd7dec50759448e3030b9cc47234df9043c82afa509f857df023a07a230fb7d9e28d8f78481990e7a87f0150bdd06ccaa9d2c4e12a717281bb624248849062e2d3fc2796a2133459da2fede7d7eb5a5c626148df4749941057074ee114b1430ddf0aa48c4e128cad451459cabb937270ac31cbd246ca46d4eb9312459bb6997730f29e82a5f77e6e227457160ff471788f28daa6e55a8ca0054344d4efb63ee02108e0ddde661493157084c8d24a2d954bf0a37c44cb08b7a6904d682c426596ee1ceffad42258e7e3afb4f54c6ab3937b578444f0f8188cbea78460
32 279 10 10 52 9060 :c3452eb46160c8bbe88af26a11301d77379210b009b34aefbd826c3cdd287b3a931278200e724c911c925895b8d0d4483428c27a048e88828027fd7dec50759448e3030b9cc47234df9043c82afa509f857df023a07a230fb7d9e28d8f78481990e7a87f0150bdd06ccaa9d2c4e12a717281bb624248849062e2d3fc2796a2133459da2fede7d7eb5a5c626148df4749941057074ee114b1430ddf0aa48c4e128cad451459cabb937270ac31cbd246ca46d4eb9312459bb6997730f29e82a5f77e6e227457160ff471788f28daa6e55a8ca0054344d4efb63ee02108e0ddde661493157084c8d24a2d954bf0a37c44cb08b7a6904d682c426596ee1ceffad42258e7e3afb4f54c6ab3937b578444f0f8188cbea784608a
32 280 10 10 51 9064 :c3452eb46160c8bbe88af26a11301d77379210b009b34aefbd826c3cdd287b3a931278200e724c911c925895b8d0d4483428c27a048e88828027fd7dec50759448e3030b9cc47234df9043c82afa509f857df023a07a230fb7d9e28d8f78481990e7a87f0150bdd06ccaa9d2c4e12a717281bb624248849062e2d3fc2796a2133459da2fede7d7eb5a5c626148df4749941057074ee114b1430ddf0aa48c4e128cad451459cabb937270ac31cbd246ca46d4eb9312459bb6997730f29e82a5f77e6e227457160ff471788f28daa6e55a8ca0054344d4efb63ee02108e0ddde661493157084c8d24a2d954bf0a37c44cb08b7a6904d682c426596ee1ceffad42258e7e3afb4f54c6ab3937b578444f0f8188cbea784608a27
32 281 10 10 51 9152 :c3452eb46160c8bbe88af26a11301d77379210b009b34aefbd826c3cdd287b3a931278200e724c911c925895b8d0d4483428c27a048e88828027fd7dec50759448e3030b9cc47234df9043c82afa509f857df023a07a230fb7d9e28d8f78481990e7a87f0150bdd06ccaa9d2c4e12a717281bb624248849062e2d3fc2796a2133459da2fede7d7eb5a5c626148df4749941057074ee114b1430ddf0aa48c4e128cad451459cabb937270ac31cbd246ca46d4eb9312459bb6997730f29e82a5f77e6e227457160ff471788f28daa6e55a8ca0054344d4efb63ee02108e0ddde661493157084c8d24a2d954bf0a37c44cb08b7a6904d682c426596ee1ceffad42258e7e3afb4f54c6ab3937b578444f0f8188cbea784608a27d3
32 282 10 10 51 9156 :c3452eb46160c8bbe88af26a11301d77379210b009b34aefbd826c3cdd287b3a931278200e724c911c925895b8d0d4483428c27a048e88828027fd7dec50759448e3030b9cc47234df9043c82afa509f857df023a07a230fb7d9e28d8f78481990e7a87f0150bdd06ccaa9d2c4e12a717281bb624248849062e2d3fc2796a2133459da2fede7d7eb5a5c626148df4749941057074ee114b1430ddf0aa48c4e128cad451459cabb937270ac31cbd246ca46d4eb9312459bb6997730f29e82a5f77e6e227457160ff471788f28daa6e55a8ca0054344d4efb63ee02108e0ddde661493157084c8d24a2d954bf0a37c44cb08b7a6904d682c426596ee1ceffad42258e7e3afb4f54c6ab3937b578444f0f8188cbea784608a27d37c
32 283 10 10 51 9164 :c3452eb46160c8bbe88af26a11301d77379210b009b34aefbd826c3cdd287b3a931278200e724c911c925895b8d0d4483428c27a048e88828027fd7dec50759448e3030b9cc47234df9043c82afa509f857df023a07a230fb7d9e28d8f78481990e7a87f0150bdd06ccaa9d2c4e12a717281bb624248849062e2d3fc2796a2133459da2fede7d7eb5a5c626148df4749941057074ee114b1430ddf0aa48c4e128cad451459cabb937270ac31cbd246ca46d4eb9312459bb6997730f29e82a5f77e6e227457160ff471788f28daa6e55a8ca0054344d4efb63ee02108e0ddde661493157084c8d24a2d954bf0a37c44cb08b7a6904d682c426596ee1ceffad42258e7e3afb4f54c6ab3937b578444f0f8188cbea784608a27d37c99
32 284 10 10 51 9000 :c3452eb46160c8bbe88af26a11301d77379210b009b34aefbd826c3cdd287b3a931278200e724c911c925895b8d0d4483428c27a048e88828027fd7dec50759448e3030b9cc47234df9043c82afa509f857df023a07a230fb7d9e28d8f78481990e7a87f0150bdd06ccaa9d2c4e12a717281bb624248849062e2d3fc2796a2133459da2fede7d7eb5a5c626148df4749941057074ee114b1430ddf0aa48c4e128cad451459cabb937270ac31cbd246ca46d4eb9312459bb6997730f29e82a5f77e6e227457160ff471788f28daa6e55a8ca0054344d4efb63ee02108e0ddde661493157084c8d24a2d954bf0a37c44cb08b7a6904d682c426596ee1ceffad42258e7e3afb4f54c6ab3937b578444f0f8188cbea784608a27d37c99fe
32 285 10 10 52 9164 :c3452eb46160c8bbe88af26a11301d77379210b009b34aefbd826c3cdd287b3a931278200e724c911c925895b8d0d4483428c27a048e88828027fd7dec50759448e3030b9cc47234df9043c82afa509f857df023a07a230fb7d9e28d8f78481990e7a87f0150bdd06ccaa9d2c4e12a717281bb624248849062e2d3fc2796a2133459da2fede7d7eb5a5c626148df4749941057074ee114b1430ddf0aa48c4e128cad451459cabb937270ac31cbd246ca46d4eb9312459bb6997730f29e82a5f77e6e227457160ff471788f28daa6e55a8ca0054344d4efb63ee02108e0ddde661493157084c8d24a2d954bf0a37c44cb08b7a6904d682c426596ee1ceffad42258e7e3afb4f54c6ab3937b578444f0f8188cbea784608a27d37c99fe26
32 286 10 10 52 9156 :c3452eb46160c8bbe88af26a11301d77379210b009b34aefbd826c3cdd287b3a931278200e724c911c925895b8d0d4483428c27a048e88828027fd7dec50759448e3030b9cc47234df9043c82afa509f857df023a07a230fb7d9e28d8f78481990e7a87f0150bdd06ccaa9d2c4e12a717281bb624248849062e2d3fc2796a2133459da2fede7d7eb5a5c626148df4749941057074ee114b1430ddf0aa48c4e128cad451459cabb937270ac31cbd246ca46d4eb9312459bb6997730f29e82a5f77e6e227457160ff471788f28daa6e55a8ca0054344d4efb63ee02108e0ddde661493157084c8d24a2d954bf0a37c44cb08b7a6904d682c426596ee1ceffad42258e7e3afb4f54c6ab3937b578444f0f8188cbea784608a27d37c99fe26d0
32 287 10 10 52 9124 :c3452eb46160c8bbe88af26a11301d77379210b009b34aefbd826c3cdd287b3a931278200e724c911c925895b8d0d4483428c27a048e88828027fd7dec50759448e3030b9cc47234df9043c82afa509f857df023a07a230fb7d9e28d8f78481990e7a87f0150bdd06ccaa9d2c4e12a717281bb624248849062e2d3fc2796a2133459da2fede7d7eb5a5c626148df4749941057074ee114b1430ddf0aa48c4e128cad451459cabb937270ac31cbd246ca46d4eb9312459bb6997730f29e82a5f77e6e227457160ff471788f28daa6e55a8ca0054344d4efb63ee02108e0ddde661493157084c8d24a2d954bf0a37c44cb08b7a6904d682c426596ee1ceffad42258e7e3afb4f54c6ab3937b578444f0f8188cbea784608a27d37c99fe26d0db
32 288 10 10 52 9064 :c3452eb46160c8bbe88af26a11301d77379210b009b34aefbd826c3cdd287b3a931278200e724c911c925895b8d0d4483428c27a048e88828027fd7dec50759448e3030b9cc47234df9043c82afa509f857df023a07a230fb7d9e28d8f78481990e7a87f0150bdd06ccaa9d2c4e12a717281bb624248849062e2d3fc2796a2133459da2fede7d7eb5a5c626148df4749941057074ee114b1430ddf0aa48c4e128cad451459cabb937270ac31cbd246ca46d4eb9312459bb6997730f29e82a5f77e6e227457160ff471788f28daa6e55a8ca0054344d4efb63ee02108e0ddde661493157084c8d24a2d954bf0a37c44cb08b7a6904d682c426596ee1ceffad42258e7e3afb4f54c6ab3937b578444f0f8188cbea784608a27d37c99fe26d0db38
32 289 10 10 52 9092 :c3452eb46160c8bbe88af26a11301d77379210b009b34aefbd826c3cdd287b3a931278200e724c911c925895b8d0d4483428c27a048e88828027fd7dec50759448e3030b9cc47234df9043c82afa509f857df023a07a230fb7d9e28d8f78481990e7a87f0150bdd06ccaa9d2c4e12a717281bb624248849062e2d3fc2796a2133459da2fede7d7eb5a5c626148df4749941057074ee114b1430ddf0aa48c4e128cad451459cabb937270ac31cbd246ca46d4eb9312459bb6997730f29e82a5f77e6e227457160ff471788f28daa6e55a8ca0054344d4efb63ee02108e0ddde661493157084c8d24a2d954bf0a37c44cb08b7a6904d682c426596ee1ceffad42258e7e3afb4f54c6ab3937b578444f0f8188cbea784608a27d37c99fe26d0db38f9
32 290 10 10 52 9000 :c3452eb46160c8bbe88af26a11301d77379210b009b34aefbd826c3cdd287b3a931278200e724c911c925895b8d0d4483428c27a048e88828027fd7dec50759448e3030b9cc47234df9043c82afa509f857df023a07a230fb7d9e28d8f78481990e7a87f0150bdd06ccaa9d2c4e12a717281bb624248849062e2d3fc2796a2133459da2fede7d7eb5a5c626148df4749941057074ee114b1430ddf0aa48c4e128cad451459cabb937270ac31cbd246ca46d4eb9312459bb6997730f29e82a5f77e6e227457160ff471788f28daa6e55a8ca0054344d4efb63ee02108e0ddde661493157084c8d24a2d954bf0a37c44cb08b7a6904d682c426596ee1ceffad42258e7e3afb4f54c6ab3937b578444f0f8188cbea784608a27d37c99fe26d0db38f9df
32 291 10 10 52 8996 :c3452eb46160c8bbe88af26a11301d77379210b009b34aefbd826c3cdd287b3a931278200e724c911c925895b8d0d4483428c27a048e88828027fd7dec50759448e3030b9cc47234df9043c82afa509f857df023a07a230fb7d9e28d8f78481990e7a87f0150bdd06ccaa9d2c4e12a717281bb624248849062e2d3fc2796a2133459da2fede7d7eb5a5c626148df4749941057074ee114b1430ddf0aa48c4e128cad451459cabb937270ac31cbd246ca46d4eb9312459bb6997730f29e82a5f77e6e227457160ff471788f28daa6e55a8ca0054344d4efb63ee02108e0ddde661493157084c8d24a2d954bf0a37c44cb08b7a6904d682c426596ee1ceffad42258e7e3afb4f54c6ab3937b578444f0f8188cbea784608a27d37c99fe26d0db38f9dff5
32 292 10 10 52 9000 :c3452eb46160c8bbe88af26a11301d77379210b009b34aefbd826c3cdd287b3a931278200e724c911c925895b8d0d4483428c27a048e88828027fd7dec50759448e3030b9cc47234df9043c82afa509f857df023a07a230fb7d9e28d8f78481990e7a87f0150bdd06ccaa9d2c4e12a717281bb624248849062e2d3fc2796a2133459da2fede7d7eb5a5c626148df4749941057074ee114b1430ddf0aa48c4e128cad451459cabb937270ac31cbd246ca46d4eb9312459bb6997730f29e82a5f77e6e227457160ff471788f28daa6e55a8ca0054344d4efb63ee02108e0ddde661493157084c8d24a2d954bf0a37c44cb08b7a6904d682c426596ee1ceffad42258e7e3afb4f54c6ab3937b578444f0f8188cbea784608a27d37c99fe26d0db38f9dff56e
32 293 10 10 52 9156 :c3452eb46160c8bbe88af26a11301d77379210b009b34aefbd826c3cdd287b3a931278200e724c911c925895b8d0d4483428c27a048e88828027fd7dec50759448e3030b9cc47234df9043c82afa509f857df023a07a230fb7d9e28d8f78481990e7a87f0150bdd06ccaa9d2c4e12a717281bb624248849062e2d3fc2796a2133459da2fede7d7eb5a5c626148df4749941057074ee114b1430ddf0aa48c4e128cad451459cabb937270ac31cbd246ca46d4eb9312459bb6997730f29e82a5f77e6e227457160ff471788f28daa6e55a8ca0054344d4efb63ee02108e0ddde661493157084c8d24a2d954bf0a37c44cb08b7a6904d682c426596ee1ceffad42258e7e3afb4f54c6ab3937b578444f0f8188cbea784608a27d37c99fe26d0db38f9dff56ebd
32 294 10 10 52 9060 :c3452eb46160c8bbe88af26a11301d77379210b009b34aefbd826c3cdd287b3a931278200e724c911c925895b8d0d4483428c27a048e88828027fd7dec50759448e3030b9cc47234df9043c82afa509f857df023a07a230fb7d9e28d8f78481990e7a87f0150bdd06ccaa9d2c4e12a717281bb624248849062e2d3fc2796a2133459da2fede7d7eb5a5c626148df4749941057074ee114b1430ddf0aa48c4e128cad451459cabb937270ac31cbd246ca46d4eb9312459bb6997730f29e82a5f77e6e227457160ff471788f28daa6e55a8ca0054344d4efb63ee02108e0ddde661493157084c8d24a2d954bf0a37c44cb08b7a6904d682c426596ee1ceffad42258e7e3afb4f54c6ab3937b578444f0f8188cbea784608a27d37c99fe26d0db38f9dff56ebd7c
32 295 10 10 52 9004 :c3452eb46160c8bbe88af26a11301d77379210b009b34aefbd826c3cdd287b3a931278200e724c911c925895b8d0d4483428c27a048e88828027fd7dec50759448e3030b9cc47234df9043c82afa509f857df023a07a230fb7d9e28d8f78481990e7a87f0150bdd06ccaa9d2c4e12a717281bb624248849062e2d3fc2796a2133459da2fede7d7eb5a5c626148df4749941057074ee114b1430ddf0aa48c4e128cad451459cabb937270ac31cbd246ca46d4eb9312459bb6997730f29e82a5f77e6e227457160ff471788f28daa6e55a8ca0054344d4efb63ee02108e0ddde661493157084c8d24a2d954bf0a37c44cb08b7a6904d682c426596ee1ceffad42258e7e3afb4f54c6ab3937b578444f0f8188cbea784608a27d37c99fe26d0db38f9dff56ebd7cf4
32 296 10 10 52 9140 :c3452eb46160c8bbe88af26a11301d77379210b009b34aefbd826c3cdd287b3a931278200e724c911c925895b8d0d4483428c27a048e88828027fd7dec50759448e3030b9cc47234df9043c82afa509f857df023a07a230fb7d9e28d8f78481990e7a87f0150bdd06ccaa9d2c4e12a717281bb624248849062e2d3fc2796a2133459da2fede7d7eb5a5c626148df4749941057074ee114b1430ddf0aa48c4e128cad451459cabb937270ac31cbd246ca46d4eb9312459bb6997730f29e82a5f77e6e227457160ff471788f28daa6e55a8ca0054344d4efb63ee02108e0ddde661493157084c8d24a2d954bf0a37c44cb08b7a6904d682c426596ee1ceffad42258e7e3afb4f54c6ab3937b578444f0f8188cbea784608a27d37c99fe26d0db38f9dff56ebd7cf4c2
32 297 10 10 52 9000 :c3452eb46160c8bbe88af26a11301d77379210b009b34aefbd826c3cdd287b3a931278200e724c911c925895b8d0d4483428c27a048e88828027fd7dec50759448e3030b9cc47234df9043c82afa509f857df023a07a230fb7d9e28d8f78481990e7a87f0150bdd06ccaa9d2c4e12a717281bb624248849062e2d3fc2796a2133459da2fede7d7eb5a5c626148df4749941057074ee114b1430ddf0aa48c4e128cad451459cabb937270ac31cbd246ca46d4eb9312459bb6997730f29e82a5f77e6e227457160ff471788f28daa6e55a8ca0054344d4efb63ee02108e0ddde661493157084c8d24a2d954bf0a37c44cb08b7a6904d682c426596ee1ceffad42258e7e3afb4f54c6ab3937b578444f0f8188cbea784608a27d37c99fe26d0db38f9dff56ebd7cf4c269
32 298 10 10 52 9004 :c3452eb46160c8bbe88af26a11301d77379210b009b34aefbd826c3cdd287b3a931278200e724c911c925895b8d0d4483428c27a048e88828027fd7dec50759448e3030b9cc47234df9043c82afa509f857df023a07a230fb7d9e28d8f78481990e7a87f0150bdd06ccaa9d2c4e12a717281bb624248849062e2d3fc2796a2133459da2fede7d7eb5a5c626148df4749941057074ee114b1430ddf0aa48c4e128cad451459cabb937270ac31cbd246ca46d4eb9312459bb6997730f29e82a5f77e6e227457160ff471788f28daa6e55a8ca0054344d4efb63ee02108e0ddde661493157084c8d24a2d954bf0a37c44cb08b7a6904d682c426596ee1ceffad42258e7e3afb4f54c6ab3937b578444f0f8188cbea784608a27d37c99fe26d0db38f9dff56ebd7cf4c269bc
32 299 10 10 51 9164 :c3452eb46160c8bbe88af26a11301d77379210b009b34aefbd826c3cdd287b3a931278200e724c911c925895b8d0d4483428c27a048e88828027fd7dec50759448e3030b9cc47234df9043c82afa509f857df023a07a230fb7d9e28d8f78481990e7a87f0150bdd06ccaa9d2c4e12a717281bb624248849062e2d3fc2796a2133459da2fede7d7eb5a5c626148df4749941057074ee114b1430ddf0aa48c4e128cad451459cabb937270ac31cbd246ca46d4eb9312459bb6997730f29e82a5f77e6e227457160ff471788f28daa6e55a8ca0054344d4efb63ee02108e0ddde661493157084c8d24a2d954bf0a37c44cb08b7a6904d682c426596ee1ceffad42258e7e3afb4f54c6ab3937b578444f0f8188cbea784608a27d37c99fe26d0db38f9dff56ebd7cf4c269bcff
32 300 10 10 52 9144 :c3452eb46160c8bbe88af26a11301d77379210b009b34aefbd826c3cdd287b3a931278200e724c911c925895b8d0d4483428c27a048e88828027fd7dec50759448e3030b9cc47234df9043c82afa509f857df023a07a230fb7d9e28d8f78481990e7a87f0150bdd06ccaa9d2c4e12a717281bb624248849062e2d3fc2796a2133459da2fede7d7eb5a5c626148df4749941057074ee114b1430ddf0aa48c4e128cad451459cabb937270ac31cbd246ca46d4eb9312459bb6997730f29e82a5f77e6e227457160ff471788f28daa6e55a8ca0054344d4efb63ee02108e0ddde661493157084c8d24a2d954bf0a37c44cb08b7a6904d682c426596ee1ceffad42258e7e3afb4f54c6ab3937b578444f0f8188cbea784608a27d37c99fe26d0db38f9dff56ebd7cf4c269bcff11
