# in_len out_len mcost tcost threads hashes req_time[s] time[ms] hashes_second
32 32 131072 2 1 4 10 10862 0.37
32 32 131072 2 2 20 10 10342 1.93
32 32 131072 2 3 30 10 10354 2.90
32 32 131072 2 4 38 10 10441 3.64
32 32 131072 2 5 50 10 10538 4.74
32 32 131072 2 6 60 10 10572 5.68
32 32 131072 2 7 70 10 10569 6.62
32 32 131072 2 8 80 10 10723 7.46
32 32 131072 2 9 86 10 10856 7.92
32 32 131072 2 10 99 10 10844 9.13
32 32 131072 2 11 108 10 11021 9.80
32 32 131072 2 12 110 10 10978 10.02
32 32 131072 2 13 127 10 11018 11.53
32 32 131072 2 14 128 10 10842 11.81
32 32 131072 2 15 140 10 10975 12.76
32 32 131072 2 16 145 10 10835 13.38
32 32 131072 2 17 156 10 11026 14.15
32 32 131072 2 18 159 10 11028 14.42
32 32 131072 2 19 173 10 11045 15.66
32 32 131072 2 20 168 10 10955 15.34
32 32 131072 2 21 184 10 11012 16.71
32 32 131072 2 22 185 10 11026 16.78
32 32 131072 2 23 182 10 11037 16.49
32 32 131072 2 24 192 10 11052 17.37
32 32 131072 2 25 206 10 11059 18.63
32 32 131072 2 26 197 10 11139 17.69
32 32 131072 2 27 196 10 11055 17.73
32 32 131072 2 28 224 10 11023 20.32
32 32 131072 2 29 213 10 11029 19.31
32 32 131072 2 30 223 10 11112 20.07
32 32 131072 2 31 225 10 11096 20.28
32 32 131072 2 32 225 10 11131 20.21
32 32 131072 2 33 252 10 11209 22.48
32 32 131072 2 34 244 10 11049 22.08
32 32 131072 2 35 243 10 11080 21.93
32 32 131072 2 36 253 10 11170 22.65
32 32 131072 2 37 239 10 11128 21.48
32 32 131072 2 38 253 10 11115 22.76
32 32 131072 2 39 242 10 11211 21.59
32 32 131072 2 40 271 10 11076 24.47
32 32 131072 2 41 263 10 11136 23.62
32 32 131072 2 42 273 10 11134 24.52
32 32 131072 2 43 265 10 11287 23.48
32 32 131072 2 44 267 10 11715 22.79
32 32 131072 2 45 271 10 12360 21.93
32 32 131072 2 46 272 10 11089 24.53
32 32 131072 2 47 280 10 11254 24.88
32 32 131072 2 48 280 10 11393 24.58
32 32 131072 2 49 285 10 11213 25.42
32 32 131072 2 50 278 10 11776 23.61
32 32 131072 2 51 286 10 13644 20.96
32 32 131072 2 52 294 10 11286 26.05
32 32 131072 2 53 292 10 11755 24.84
32 32 131072 2 54 297 10 12674 23.43
32 32 131072 2 55 293 10 11738 24.96
32 32 131072 2 56 279 10 13426 20.78
32 32 131072 2 57 296 10 11637 25.44
32 32 131072 2 58 299 10 11759 25.43
32 32 131072 2 59 309 10 12097 25.54
32 32 131072 2 60 294 10 12169 24.16
32 32 131072 2 61 309 10 11722 26.36
32 32 131072 2 62 303 10 11705 25.89
32 32 131072 2 63 313 10 12497 25.05
32 32 131072 2 64 309 10 11851 26.07
32 32 131072 2 65 309 10 11894 25.98
32 32 131072 2 66 316 10 12768 24.75
32 32 131072 2 67 305 10 12066 25.28
32 32 131072 2 68 316 10 11800 26.78
32 32 131072 2 69 305 10 12309 24.78
32 32 131072 2 70 308 10 11471 26.85
32 32 131072 2 71 310 10 12376 25.05
32 32 131072 2 72 313 10 12827 24.40
32 32 131072 2 73 312 10 12307 25.35
32 32 131072 2 74 319 10 11966 26.66
32 32 131072 2 75 319 10 12175 26.20
32 32 131072 2 76 319 10 12444 25.63
32 32 131072 2 77 324 10 12323 26.29
32 32 131072 2 78 325 10 11666 27.86
32 32 131072 2 79 319 10 12880 24.77
32 32 131072 2 80 327 10 12143 26.93
32 32 131072 2 81 320 10 12047 26.56
32 32 131072 2 82 325 10 11599 28.02
32 32 131072 2 83 320 10 12674 25.25
32 32 131072 2 84 331 10 13208 25.06
32 32 131072 2 85 334 10 12865 25.96
32 32 131072 2 86 332 10 12472 26.62
32 32 131072 2 87 335 10 12418 26.98
32 32 131072 2 88 338 10 12640 26.74
32 32 131072 2 89 345 10 12785 26.98
32 32 131072 2 90 342 10 12948 26.41
32 32 131072 2 91 336 10 11788 28.50
32 32 131072 2 92 335 10 12349 27.13
32 32 131072 2 93 343 10 13159 26.06
32 32 131072 2 94 337 10 12782 26.36
32 32 131072 2 95 350 10 12197 28.70
32 32 131072 2 96 353 10 12832 27.51
32 32 131072 2 97 355 10 12928 27.46
32 32 131072 2 98 344 10 13449 25.58
32 32 131072 2 99 357 10 13559 26.33
32 32 131072 2 100 344 10 14053 24.48
32 32 131072 2 101 348 10 12998 26.77
32 32 131072 2 102 354 10 13403 26.41
32 32 131072 2 103 352 10 13278 26.51
32 32 131072 2 104 358 10 13460 26.60
32 32 131072 2 105 360 10 13114 27.45
32 32 131072 2 106 359 10 13824 25.97
32 32 131072 2 107 351 10 13160 26.67
32 32 131072 2 108 356 10 13642 26.10
32 32 131072 2 109 368 10 13425 27.41
32 32 131072 2 110 359 10 13587 26.42
32 32 131072 2 111 352 10 13874 25.37
32 32 131072 2 112 357 10 13552 26.34
32 32 131072 2 113 355 10 13426 26.44
32 32 131072 2 114 338 10 12778 26.45
32 32 131072 2 115 372 10 13370 27.82
32 32 131072 2 116 360 10 13012 27.67
32 32 131072 2 117 360 10 13515 26.64
32 32 131072 2 118 352 10 13121 26.83
32 32 131072 2 119 356 10 13253 26.86
32 32 131072 2 120 349 10 12779 27.31
32 32 131072 2 121 349 10 13388 26.07
32 32 131072 2 122 367 10 13561 27.06
32 32 131072 2 123 350 10 12820 27.30
32 32 131072 2 124 364 10 13373 27.22
32 32 131072 2 125 355 10 13287 26.72
32 32 131072 2 126 366 10 13046 28.06
32 32 131072 2 127 361 10 13234 27.28
32 32 131072 2 128 357 10 13160 27.13
32 32 131072 2 129 369 10 13354 27.63
32 32 131072 2 130 363 10 13282 27.33
32 32 131072 2 131 365 10 12919 28.25
32 32 131072 2 132 363 10 12915 28.11
32 32 131072 2 133 365 10 13421 27.20
32 32 131072 2 134 362 10 13533 26.75
32 32 131072 2 135 364 10 13261 27.45
32 32 131072 2 136 364 10 12750 28.55
32 32 131072 2 137 366 10 12789 28.62
32 32 131072 2 138 366 10 13409 27.30
32 32 131072 2 139 367 10 12772 28.74
32 32 131072 2 140 367 10 12416 29.56
32 32 131072 2 141 363 10 12804 28.35
32 32 131072 2 142 366 10 12932 28.30
32 32 131072 2 143 367 10 12548 29.25
32 32 131072 2 144 372 10 12805 29.05
32 32 131072 2 145 374 10 12942 28.90
32 32 131072 2 146 365 10 13110 27.84
32 32 131072 2 147 367 10 12958 28.32
32 32 131072 2 148 361 10 12602 28.65
32 32 131072 2 149 387 10 13397 28.89
32 32 131072 2 150 365 10 12854 28.40
32 32 131072 2 151 369 10 12465 29.60
32 32 131072 2 152 380 10 13148 28.90
32 32 131072 2 153 380 10 13484 28.18
32 32 131072 2 154 369 10 12998 28.39
32 32 131072 2 155 353 10 12255 28.80
32 32 131072 2 156 372 10 13031 28.55
32 32 131072 2 157 349 10 12538 27.84
32 32 131072 2 158 368 10 12860 28.62
32 32 131072 2 159 364 10 13205 27.57
32 32 131072 2 160 358 10 12836 27.89
