# in_len out_len mcost tcost threads hashes req_time[s] time[ms] hashes_second
32 32 14 0 1 26 10 10219 2.54
32 32 14 0 2 52 10 10293 5.05
32 32 14 0 3 78 10 10356 7.53
32 32 14 0 4 104 10 10355 10.04
32 32 14 0 5 127 10 10387 12.23
32 32 14 0 6 154 10 10391 14.82
32 32 14 0 7 177 10 10307 17.17
32 32 14 0 8 201 10 10312 19.49
32 32 14 0 9 225 10 10296 21.85
32 32 14 0 10 252 10 10354 24.34
32 32 14 0 11 273 10 10386 26.29
32 32 14 0 12 293 10 10373 28.25
32 32 14 0 13 312 10 10394 30.02
32 32 14 0 14 330 10 10382 31.79
32 32 14 0 15 347 10 10364 33.48
32 32 14 0 16 368 10 10396 35.40
32 32 14 0 17 384 10 10371 37.03
32 32 14 0 18 403 10 10396 38.76
32 32 14 0 19 421 10 10377 40.57
32 32 14 0 20 433 10 10270 42.16
32 32 14 0 21 462 10 10389 44.47
32 32 14 0 22 466 10 10412 44.75
32 32 14 0 23 469 10 10414 45.03
32 32 14 0 24 491 10 10400 47.21
32 32 14 0 25 502 10 10386 48.34
32 32 14 0 26 484 10 10388 46.59
32 32 14 0 27 493 10 10421 47.31
32 32 14 0 28 528 10 10457 50.49
32 32 14 0 29 527 10 10472 50.32
32 32 14 0 30 548 10 10419 52.60
32 32 14 0 31 563 10 10420 54.03
32 32 14 0 32 581 10 10517 55.25
32 32 14 0 33 567 10 10451 54.25
32 32 14 0 34 558 10 10504 53.12
32 32 14 0 35 597 10 10486 56.93
32 32 14 0 36 571 10 10504 54.36
32 32 14 0 37 597 10 10471 57.01
32 32 14 0 38 605 10 10508 57.58
32 32 14 0 39 621 10 10484 59.23
32 32 14 0 40 655 10 10499 62.39
32 32 14 0 41 639 10 10474 61.01
32 32 14 0 42 655 10 10552 62.08
32 32 14 0 43 659 10 10491 62.81
32 32 14 0 44 655 10 10566 61.99
32 32 14 0 45 663 10 10563 62.76
32 32 14 0 46 681 10 10576 64.39
32 32 14 0 47 663 10 10535 62.94
32 32 14 0 48 687 10 10594 64.85
32 32 14 0 49 695 10 10502 66.18
32 32 14 0 50 707 10 10530 67.14
32 32 14 0 51 708 10 10543 67.16
32 32 14 0 52 700 10 10987 63.71
32 32 14 0 53 729 10 10527 69.25
32 32 14 0 54 732 10 10599 69.06
32 32 14 0 55 746 10 10709 69.66
32 32 14 0 56 746 10 10699 69.73
32 32 14 0 57 733 10 10948 66.95
32 32 14 0 58 729 10 10675 68.29
32 32 14 0 59 755 10 10622 71.08
32 32 14 0 60 762 10 10661 71.48
32 32 14 0 61 779 10 10657 73.10
32 32 14 0 62 785 10 10997 71.38
32 32 14 0 63 785 10 10580 74.19
32 32 14 0 64 809 10 10823 74.75
32 32 14 0 65 797 10 10871 73.31
32 32 14 0 66 799 10 10966 72.86
32 32 14 0 67 811 10 10716 75.68
32 32 14 0 68 809 10 10602 76.31
32 32 14 0 69 815 10 10880 74.91
32 32 14 0 70 825 10 10827 76.20
32 32 14 0 71 825 10 10902 75.68
32 32 14 0 72 821 10 11000 74.64
32 32 14 0 73 836 10 10664 78.39
32 32 14 0 74 845 10 10872 77.72
32 32 14 0 75 844 10 10934 77.19
32 32 14 0 76 846 10 10700 79.07
32 32 14 0 77 871 10 11167 78.00
32 32 14 0 78 849 10 11085 76.59
32 32 14 0 79 871 10 10794 80.69
32 32 14 0 80 864 10 10832 79.76
32 32 14 0 81 885 10 11066 79.98
32 32 14 0 82 880 10 10854 81.07
32 32 14 0 83 881 10 11084 79.48
32 32 14 0 84 897 10 10867 82.54
32 32 14 0 85 902 10 10938 82.46
32 32 14 0 86 905 10 10839 83.49
32 32 14 0 87 907 10 10913 83.11
32 32 14 0 88 908 10 10850 83.69
32 32 14 0 89 900 10 11030 81.60
32 32 14 0 90 897 10 10897 82.32
32 32 14 0 91 911 10 10950 83.19
32 32 14 0 92 927 10 10991 84.34
32 32 14 0 93 912 10 11047 82.56
32 32 14 0 94 916 10 10860 84.34
32 32 14 0 95 911 10 11250 80.98
32 32 14 0 96 929 10 11005 84.41
32 32 14 0 97 931 10 10844 85.85
32 32 14 0 98 938 10 11027 85.07
32 32 14 0 99 951 10 10963 86.75
32 32 14 0 100 930 10 11028 84.33
32 32 14 0 101 927 10 10787 85.94
32 32 14 0 102 958 10 10973 87.30
32 32 14 0 103 958 10 11217 85.41
32 32 14 0 104 947 10 11251 84.17
32 32 14 0 105 933 10 10973 85.02
32 32 14 0 106 936 10 10834 86.40
32 32 14 0 107 939 10 11058 84.91
32 32 14 0 108 949 10 11098 85.51
32 32 14 0 109 954 10 11066 86.21
32 32 14 0 110 950 10 10872 87.38
32 32 14 0 111 964 10 11010 87.56
32 32 14 0 112 949 10 10907 87.01
32 32 14 0 113 970 10 10936 88.70
32 32 14 0 114 959 10 11212 85.53
32 32 14 0 115 968 10 11127 87.00
32 32 14 0 116 959 10 11158 85.95
32 32 14 0 117 956 10 11170 85.58
32 32 14 0 118 968 10 11188 86.52
32 32 14 0 119 957 10 11338 84.41
32 32 14 0 120 980 10 11141 87.96
32 32 14 0 121 964 10 11052 87.22
32 32 14 0 122 976 10 11210 87.06
32 32 14 0 123 953 10 11047 86.27
32 32 14 0 124 976 10 11099 87.94
32 32 14 0 125 994 10 11210 88.67
32 32 14 0 126 988 10 11071 89.24
32 32 14 0 127 988 10 11132 88.75
32 32 14 0 128 982 10 11171 87.90
32 32 14 0 129 978 10 11059 88.43
32 32 14 0 130 989 10 11142 88.76
32 32 14 0 131 1002 10 11079 90.44
32 32 14 0 132 997 10 11031 90.38
32 32 14 0 133 986 10 11072 89.06
32 32 14 0 134 991 10 11188 88.58
32 32 14 0 135 990 10 10941 90.48
32 32 14 0 136 982 10 11096 88.50
32 32 14 0 137 985 10 11124 88.55
32 32 14 0 138 991 10 10888 91.02
32 32 14 0 139 1004 10 11089 90.54
32 32 14 0 140 975 10 11043 88.29
32 32 14 0 141 972 10 11178 86.96
32 32 14 0 142 995 10 11035 90.17
32 32 14 0 143 1001 10 11057 90.53
32 32 14 0 144 995 10 11284 88.18
32 32 14 0 145 1017 10 11236 90.52
32 32 14 0 146 1001 10 10933 91.56
32 32 14 0 147 1003 10 11253 89.13
32 32 14 0 148 988 10 11182 88.35
32 32 14 0 149 1010 10 11157 90.53
32 32 14 0 150 1017 10 11392 89.28
32 32 14 0 151 1001 10 11149 89.78
32 32 14 0 152 987 10 11243 87.79
32 32 14 0 153 1008 10 11361 88.73
32 32 14 0 154 1017 10 11318 89.86
32 32 14 0 155 1004 10 11212 89.55
32 32 14 0 156 1005 10 11277 89.12
32 32 14 0 157 1000 10 11383 87.85
32 32 14 0 158 1003 10 11354 88.34
32 32 14 0 159 1010 10 11438 88.30
32 32 14 0 160 974 10 11368 85.68
