# in_len out_len m_cost t_cost time[ms] memory[kB]
# ERROR 32 1 100 300
# ERROR 32 2 100 300
# ERROR 32 3 100 300
32 4 100 300 57 216 :f66b7f1a
32 5 100 300 57 212 :8729d25645
32 6 100 300 57 216 :13672835cd28
32 7 100 300 55 212 :e8de20ffe37fcc
32 8 100 300 56 212 :3a4468ad85b160d3
32 9 100 300 55 212 :158fb013c7ab4c8776
32 10 100 300 55 212 :4f861087901965bfc2c2
32 11 100 300 56 216 :e9305faf4864490fb40be5
32 12 100 300 56 216 :2b0b4a20aa3308e01e3c6cc6
32 13 100 300 55 216 :19693084d0c46ccfa83b4aa1a0
32 14 100 300 56 212 :11c4becf51b6760bb476f06dc196
32 15 100 300 55 216 :98f6abae88ff10db022689970697dc
32 16 100 300 56 212 :9f2f9a8b0838d8017e89001b408e299c
32 17 100 300 56 216 :015bbd72ad0b1a32168d9e40cf652de7bd
32 18 100 300 55 212 :89c5981ac0aff7889f94accee93c9235a4ae
32 19 100 300 56 212 :40c55248a0318d9849f5fa6c4e7b57c5a09d17
32 20 100 300 55 212 :e2ee04be85eb45bb3189b188f1c0760bc245b4b2
32 21 100 300 56 216 :4ee6fc34680888fb41a73f9a6e6cbada0c5173813f
32 22 100 300 55 216 :5f2d2f87bbb99393bbe9bfb33878cfbae9759f031967
32 23 100 300 57 216 :34277a28c51dbededbaec830a1c6e64cc2633263905f9b
32 24 100 300 56 216 :c3c67d2e2bed1b833ff11e5fcbbd51bcd5c1c0c94aa9a220
32 25 100 300 57 212 :7229f8c023f6645ada7486fc176de346a6c57d9f26b3fd3e33
32 26 100 300 55 216 :55e2ec1af39d480d6f0fff416f3c9d049b83037335502b3717d4
32 27 100 300 55 212 :75c4fd887bc8ec2b6f78acc065017acc3d5125fe1708170b6cb786
32 28 100 300 57 216 :ba4dfca3b191d9541a3510ecd68882cfce44bcb2b53e86b8775a0534
32 29 100 300 55 1 :2e7c509ab7130ca4f70069ccfc9b50c6b5337841cbe6f155e8d4743683
32 30 100 300 56 216 :0d9e932a6f8dd99ed7a9fb91d7c291c030cfa3f9c2d1d7e402b3275dcdf4
32 31 100 300 57 212 :56175f775bb40efdb74b2be485e761d608f01f95489379250d65ed92b92ae2
32 32 100 300 57 216 :b0abe809fd24e61e1cbd785b7264377f563ea7077277f066f69aa20a8006eda0
32 33 100 300 55 212 :5a5b1100a3fa99fa62acdd1a912ce22184e023d6d1ab4afbd4c0bb7141c766adfc
32 34 100 300 55 216 :4f3082befd2cd717f6dae6abe362d31ab82a04e2f5ff3d52c0b4db0c08e920c9cb22
32 35 100 300 56 212 :4100491dcc1a55f600717f08e72ff05e57e89ba406e48cbaf46669d2bfb5ecea41fca6
32 36 100 300 55 212 :08df1f95ec0512af4d7d564116de28e538aedb99d5fdca6c2839628bf7534eb68babe1da
32 37 100 300 56 216 :d8244e9253ad0e55fdb90c55e638774433b8cfac16779ea8952158e5aff8b5f49915e6ccc3
32 38 100 300 55 212 :6b44b5816a22a91f2d046d5645413cbe1f2fb46d63d632c8f264032fb21688a4159bbdc97c16
32 39 100 300 56 216 :2bc6661aaf21599f8176e3bbd3e645ef9c76466489a64e5aef953fe4de5137bab651885ed01399
32 40 100 300 55 216 :953b8565cbbcede98a7ae1370fefce48cc36fc596f22d0569ee2d87121ba4728ae8d45e897cfce04
32 41 100 300 55 212 :a142776128fe149ee170d4441f7bd397a1b51fc5de338f0dc0f5218f1b5784fc820130bce41ee4f54c
32 42 100 300 55 212 :6056fd4092eae091856e80f4660211c50b5d0ca53caa1e6bd8e1dc77ca93bc1e7a8f376f9a5be011b6f4
32 43 100 300 57 216 :ec25253e9ebbbf3e273a92911483a55f2ae0caffd84916c70a607d31edfa3b65244e187b96ad689fc5233d
32 44 100 300 55 216 :345464e3f41dd913ab848036fce94766cdd52fb225752c5d9d7ab348ed136ebe3a09cf05b69e47ea7279ad58
32 45 100 300 56 216 :a155db56354cf98d3c8a32d2472e93238f6a0828ec153eb3466e5026233a1efb67132fcca27a7311add73e3f3d
32 46 100 300 55 212 :54cb53849ab0d8bb66d87d7032778ef98688a97ed0329ca8271428514b42fc2b66621b452511d3ed34a1633ec95f
32 47 100 300 56 216 :36957b526932f5cab58dc7010893633c201589413a07cba91fdf3830c3867ee0422a913826d576249ebe531f65d18d
32 48 100 300 56 216 :b7c4a5458bc7f4f060cb48b820ea9b59c9d857aedcede55100ed0f07e32080b7d0b70d15315e52dad4daa86e44a36a98
32 49 100 300 56 212 :5df9e38c8251769018108c25b8a832d2bf6344fcf9af2751b7577034a176ba1691999b40dab67c52737a98f27082305eaf
32 50 100 300 55 216 :a2e0445e5f6eef39a6075ed4ac602fef65a71c1d7359fd99a1c01d9d2f781a1b6afb985a8b5659ef462021ed31cd89fe7252
32 51 100 300 56 216 :c7c288338884611c6ea4acfc8c08c7894e7b7419bfff595f3d80262be8facfc4a6902676e784eba85f178b9b540fae62045cf8
32 52 100 300 57 216 :75e058cdf032028316a23950a599280f893c050bca0e2599e72f5cce0f18256fe54adf66bae56efd25fe1ebb6bd45b5cf6ffe981
32 53 100 300 56 216 :0e7ef0637005f835221b690ab80d974d3f1ef800149ef455855ee7a222db5e1f6c977f866ba132bd4a70e9979c0b546f167b18516f
32 54 100 300 56 216 :bf60667842be8edf4b5d808ed92c03d2366fa4e5f4a3f0a77e47b55b76796feaa331f7b061d1ec41575c5c5b44f0d1c5702b720ba11a
32 55 100 300 55 212 :bdd29e6894e5745c9a6d07ec3865ab5b09036c6db196de3dfd534c21da0bf69014f65829ed1b751f0ea4b8c6c3ef54ea7096c309659733
32 56 100 300 55 212 :785aa0ff08db6fc1c043b4a1f890372c0d4222ecc2434d8cc839df0a52bfbf6d501bb60c0a0dc6cf6990b2d18452b49943ced5dd862cd1b9
32 57 100 300 56 212 :7d8785516400d824856d710e895aa7811b71bc94054caaccb2d9b57433a7e0c0829b642814538648a26f28d5d98f241f1ab8d3767500dd7c44
32 58 100 300 55 216 :b6684959eb72291b2820920e93fa5df8b389cd1de41b7071d3df30677d316e37d5314d1e35e87ec8f803ac3373b5965fbb241c0e1fc4cf3a4dd3
32 59 100 300 56 216 :e00f354f006b055ad1a9a39b90f98a22dc02fb22bea5b2a3f9db51522710c6054ef3f9f35a5df54560da1f010aa285544a4554e0590901f63b9eae
32 60 100 300 55 216 :e7707fd17b81dd7ff40f965331e54ef6c759d3654e07749d9d4d78f4be84abfb8db9cd83883209af10db41145a740db85bd1ba7f1b382eb9239504e9
32 61 100 300 55 212 :ab337708ecdbd916f1b2940c2547bb5e7081809769efca8bc1d242af1f89c82d98cff8a5a2c5216eb22a31a20085b724d022653b11e636ea73565c1e2e
32 62 100 300 55 212 :b7879b00254f204cc6c70f478f220f9cda34cb6d67bffda5707bb1acbdbe40517975176c67bf79aea0b04363f011fc3c87482afd9971dc38507f18680545
32 63 100 300 56 212 :d34a83173b645f42989a4004ae527516c2abc6b939160f469426d2fe0b2344824297c336acc3df687d8e47175b00776f1f8e80ed33f628a9692c8fcec95f64
32 64 100 300 55 216 :6e56f7d5be4956e29164a07f5d9dabc229bba5e3e112c75c208504f0a4bce83c6655ddfac0ac31061af96148ac1503aad8d198dfc070a6429986104cae76d218
32 65 100 300 55 216 :6e6f63aa1dcda5ae1f0f84f9232bfcb63ccb7030b24f457ac0cbaeba7da26cf1c2f834081b933ea379e7db68ce26fe598b2359831097f364b4c941d80262ace917
32 66 100 300 56 216 :d9bb3a902197dffdd993f501f789e9a6b096f8b2223728df1924987f2c1d9ce68890e08a03740fffe56b564c0cf05d48795f403abdc0058bda32bbf3e0be174f87f5
32 67 100 300 55 216 :5465a5b8b08b42cc8574b27d7d6707928c37f4de2d49f5e355c5d4945f2e2789f9dbf73f602a53112ef8bc8cebbb80a81eb9997c734b326133d74be2f7530ac5f8c79c
32 68 100 300 55 216 :6903f63bb713d3cf342af9d4b4b06c884c3fcfa5738c90f565184b74a76210496fda22ec48cc4bf5522da60b00465d6afcaefd4e1c1e7aa7d616255074fc5a07411e3c5c
32 69 100 300 55 216 :18f6e12e21881b54b5ebcca7be8ae1661084250ae69cd47ad7ce0e39a751c2c4e22133243f8bc1266e49b8c1bae1e03dac73ec1c45cd12345250a453eb5c22730574bbf889
32 70 100 300 56 216 :90b6a718b0a3254005efb6592e770286158b9ea92672d951dd6cd019bd49cf8d6c3acda0c6f97dbc63929efc20abc75d2d7e812465d6e98f29948fec8505f5399f117ee36ac0
32 71 100 300 56 216 :4422925e2790ca819b2b751c68d9f4e5c7f8d125034022a29a4b84b1aa787296d287968cb03931b524eca77aa32bc2d8c4a1d705fba077f875e9f0247a318aaf2c7bd5c371ae1a
32 72 100 300 57 212 :408225b29a7f2a8391d6f794ce0f7990852c34f1b43e06c67f7a4bb693f2701264d2fdfa85aca9ef65d4738626bd13ec8cfe5e57e6a84800ce70c2829bd417344812c2f0ee83dae5
32 73 100 300 56 216 :454183953049de49150623a7302485bd772a4e5522e83c1530995a519bf919c11bd580f008af5a6564ed30b8a6db93b29a462398f63847e128005468c40c3151a263d6583ec18c8562
32 74 100 300 57 216 :ccecb2827851f5bb87119c3378c4d910cdccc27b0a5efd46a99ffc12a82e6f7f836fb584156d9c8edbe8ecc0d731d697db81df20cc40c14003c27e1c818619408ffe2998f7c14aa03d53
32 75 100 300 55 212 :1ce2b4359e5ae564ea757929f4c58642b5486fd3d9d4acc40a49d40d097468154c25f9b5638e4788ef306b27589c78f54820230f3175f68a7ef8fcdd1d379a3ebdf5927fbb0b506e709fc8
32 76 100 300 56 216 :bc800cc8ed783b652cee715ca37a0de4a4b4dbb6d9d0da5d7021fbfe3d2f04b3f797b6109b9a4da6d98174992a8ccc0b74dc134f3b33a154ce25971f4e0c1f5fe552313d3276cbde2a37ffbb
32 77 100 300 55 216 :28f0527daa8f4a355dc1fa3b2d11c00f2b25187d52115489ee193e28d6a455c695875bff5a07433bf63109015d998de70be36a07acca575f871851b62a5e05219c3ada9a391dac04849ac7ecee
32 78 100 300 55 216 :b36465522f172ad6b30facc40aa597c735187413ada36a8209cf4dcf8e12231a40a7fc9e33c42fd04a62e7aef11e4b37cd3ebdc75aa9f5223e1024b107de0087e4ece472f66341ebc7ec77450f3c
32 79 100 300 55 216 :ac6d650d5a879d6b47f339fdf19864beeff9c205ffca11f531b3c1d89a9fcf02131cbd90812ba8e11a63f572e4a64091ea7ddc5fabf95b3437cff582c6ceb3acf0168ca20fce1fa26bf03f7931d3fa
32 80 100 300 56 216 :2986df2c70d69a45a039883e9f9af046af151ed17543bec2942c6368ef752a5eb7977140a00f8c2adb2bac0fc8f9846146d4e93457402f39ce87a27eac5b526c791a38ea25d3fccc6a0886fb11cb166f
32 81 100 300 55 212 :2bc86f78ee9434370d52a1930e283a99156e7090b888e63d50a793b40bf25c275d0857e18c61f90c15b5fca903708b88776c4c8a29c36f95ee1fdecde27f40d45de34a88216377f96fd05cd9d0df757fb5
32 82 100 300 56 216 :17d5fa5ea4790a3be2b7bd91028c9b63191390b8da291e36ffe8a526392057ff85da33e7fe9c9b647849d6b39f2eceb83cb001e03d3ca14bd6d692ceb341f3e6e7b2a7746d96fcb805f444385837368c38e0
32 83 100 300 55 212 :5dfbf697d0903c58338741913c02e410aaacc7187f6c1deab61429afe78ef9f83b8a5b5fd573e02397c861969ddd943d3ac3247bb188fce043becb0a34cefd5d4c5905ec8897100a533af7e0b93cc62e00ab16
32 84 100 300 56 216 :6fe091ca3d1d7c87288ecf59c3cd83ab395f118d7e42fac4463108469dedb0a2686dee65d320792bb53f34fe661c1b80358842a9cf8714d0e0a726adade6175e3818eebcc13d9b6acccf3151512846a750e1ed9f
32 85 100 300 57 216 :49d1dc4e7c94672a4ca76e547b1928678b138ad68690e8e5734effcf3d4326a61afb3d60c7d2ce823589d15ffb498f8d7a6e868a1e88db500cc510bb4ddc1073a1bb9ab4afb83038b10c9ff721d217fa41454a257c
32 86 100 300 57 212 :e57d0b91e53bbb8c64028bd8dbe7a969364da80cb96290e0cf52b2e79f7c1966ebd9be08f553e8e6ad025c2f375e8ef8f5c63363e6ccdb4a4bb079fd0b2f082b4472a8e125d02bb0223f0b4d5f7fe3acca1b2677c519
32 87 100 300 56 216 :4555b52d70c8772446cb1c9f102f5279988324b7da64622222b4a9ee05c9d57f7f2a1af87d7f12ec9e408d5f6e820a215eabbffa73dd0a3c0006074d5c38b9d38042b0e49ce87e80efa5eeacfc8214ef07c59bfab271ee
32 88 100 300 56 212 :501efe5392405c67787df3b2a2573ac95665bef97f0d2327afbe2204d6aa0e8540f11d94051543b3c1208e5d2999cc1f3a6e4bbd12cd8a0217ab1ec4f546e7818ba9cde31bd48ea38f596e92021cd4edbe4f6411c19f2153
32 89 100 300 57 212 :8607400ea2ae6993df59aa44ea926c739a8536f11d86864002f9b685bf72246d37bf733a0072db007d98e3aac9e93aba3af17685c3e876153c67a2cb85498e7afa6c74b732145382568c66463503a7e266095d6b984899badb
32 90 100 300 57 212 :6a830e07c9c9ef123acb7d078a6bb8e2f239d764dda8bfa31ab79baff0ca14cb35a9caa98d6b2a2df392d5b0b7a865cf42ebff9ce4a64415d11b359d3b98bf0fb9a1b8c6c816354235b4033d81ae42369c43eea0a3859a4b31bc
32 91 100 300 56 216 :25d7a964d034eea7948f7f7d19bf1e99a8bde2406237c3e57157e10ce5dd180a3858aad5fc0731958c1b4bf2c3ac9a0ca527464fc5561f40a3d7f8339ac4e2d530739f8a44cd0897d730a805c7930f9f1b54e098aa50c1487ac855
32 92 100 300 57 216 :f279c537ae52c102c8c6e6a6fbf02292808e90997451efe26310d19989ab20441d5f204d0e3ff8618787c51b1ed34fc2f3a1156833e83fad0ff9f5f424f14718aa962d454a43a82d95531a5891c755a081b5f31ff44ff5549a70c655
32 93 100 300 55 212 :0878f85dca9f589b527145d9e66ef5c45073cdc8d2ebb81b1c248bfd3d788c80a646d374d3e18ee7b6d952d1fef50fb92b6ff5037ed37a30b6700ee6c6242bdfc915987e8cc1f8fe70a5307016cf50ea1d497539eff832dc8050057d08
32 94 100 300 58 212 :9f0f337be57506540fe7f6eb05eb7af4e4cfa231702217a30d3b39cbfeec34eaca4ec21b6944724a2cb6f1156bcf8b300f394589d130dcf5d1cef70866cfd6b4ce3ecb62ef1433196b7c08bb9114272eb6e4c8d53471b750cc76c7d63b4c
32 95 100 300 56 212 :95529939c422897a030070ad3be9f801abb8eed36e2e6810c762af66c2df2cce10872441ca0c24b77889bce168278c354efc293f618a03d35decfea82f5a1b4c3b2dcc3851433826345944b4037c711533d0d86c27050d88f14fa4be09454a
32 96 100 300 57 216 :8bde46476224c26bae7d7422d4d7f5aa191207adca932cb1579da1427046cd21ee190715478ac2542759092f8a623a4137d1279a18daab61bc3010e97124236d81cc09d4c54facc5fa9572118d1e2d7f1048d32eb8ebeda5b63ea7c334ff6abe
32 97 100 300 56 212 :d63fe2d255cecb7b84460e781a47343bc8e47b23bd2774e1bd0ffcf858589eacfafabc3c83bbf2b5d021c2145a468d73bb4f1b55a40e8857789da80dcf4109337ee656528e31986f0a0d1040ade85fb5722dd68007c1bdc82eefa7390ffac6a6df
32 98 100 300 55 212 :514b2bde97c8df58d39ab1b987175f207ad49460c9b4e2358fd25e21c491a4234d9de6d22a21aeb99dea8119083b5c3506a982c713d0cb3f39a9dca51cdf673d686ba5467e034a853091dddc19e6222420ef211843170a34869a9392f16a26fa0360
32 99 100 300 56 212 :84c50f4a5ba1d589b92fc8fc96b1373f75d0aa966934d9eee6f42d81e872a83dfd978cc760c6036fa4ee3eb021e0323143cb2a9d7f249ca20e5dfef2064a504ebba78a3e738a0b8da5a447db8af38819f8b49bbafdd82c2e4c9b5f3596c069303fd8f5
32 100 100 300 59 212 :97393f697526e24438dc4e5beb7051acbdf4cb515b6ba14d142d0685ba0a76ebb5a9ae43756bb1384368d8e7c9cd0354ec59ee3cc16dc29298c40255bc8de2c2a07e13dffdf63f5c1fefb711ca4e5499ba89d0df843d0e8329c73d2193a854efac0ce967
32 101 100 300 55 216 :32337709a76c561f3507550587c11fc68073b90d241949665c53bbb20d49401a0332f38d989a28a32850b189f1f12e232b168f386f220ba5396b76a959378ad6bf235fc37921535e9641821d81f27c88feac679d010781955baee756f064c55cdab56d8f34
32 102 100 300 56 212 :49b81c9085908730c451bb1d9c3ad563e343edebdac3bae13ef435a3467b2d8fea4efd1327bc114d219069da8b18028ec85a183132b0faadab4fa8b70495824045edbed64c71893c7d50c9479b1df2522491ede1439148f4fad0f3b371ac95253666b8a16409
32 103 100 300 55 216 :91304ed84b0d87ab8b79f29242ef4429548acd2a264c1d68393f28c8e212f52a607e934f3200e6ee8d6aab1b3c2ec8fc227cd1375e57d551f6467e21b073561c8d40316fcfd6a6dd957b5e4831dbc1c2c72820656dccbcbd30ed5ad234995f30c6dd82afb73e31
32 104 100 300 55 216 :4220ae877f6b40928db3881e14493c61c78765cb3421de95b8a73672c4776631778d6fff70765df021a4b65c0c54290e9355d0adf631702b69679e7582cc5c7d2e111a1d2a40f52cce87bc65f41706727614a4d1a9501be781d0bad9bb51c213c1287ed55205a8eb
32 105 100 300 56 212 :03c030fa0a12ce36f7dbe9745be509d29f9ccaa6cbec0e9a15ab21205e42b5692d9fc59026421e2da5be5723cef407abfd77cb18367c8f1a4f2a0d45b0bbd7994da31f5e4ede3b6efcc43758ee4baeac765ce3a4b6d2d71ac50f3bcfae06cd1e8265b7320b4915c460
32 106 100 300 57 216 :026055897ba083927288f3855941e161caebde74024b2a19bb4d76bac0ff0ebd3db3d52f3a45eab3dabe5e405147d2b1effe8e0c548ec74658d2b76c41a5e58433f09aefd735df2dd375b59512753719eda134e728c2dc8350d4c5e416e5e1c51f57ab18ca4ca260c373
32 107 100 300 57 216 :b8b0da4c9ecc70e4a39a3e98b38a61e07e3d02123c3be6ef26422636fae1de1710575cc7c82a9f50073a223349c79bc5c19ba0e0913f6023257852b2aea49932d6986fc3680f7234bc3e5ecbc70a00f738522b1d45b86cbab7ddfa12e41349e2233e4088ef59b471405ad3
32 108 100 300 55 212 :cf4110d06ab9e2b9e3bd946977fb7f9dee6e98ee279c788aa41425ad6c10f8ac652edd28e473166a42f7a6a6a143bbd43a0fc2ed928b567dd3be9a20b6fca910fe101047f7e9608720057663cc201494a23ba52844e79b7304522f96f2e22a6be0125058293b7157a2bfac32
32 109 100 300 57 216 :f7ec9666c9bfb2362b9670e85db5a5bcfa85491d4460bbccbcf19ed1bba40e5e3c8ce656921c4c22023d0d8fd8756bb0d6df1c278f180b3ed94166d6d628c763b7b5c9864cb582d6c428a1a6a36efe3b166246a2fe3b5672bdf1b8f156f911d7d2151cafa803238f8461cc31c4
32 110 100 300 55 216 :24a53361a71a2662026b0768e1f920d948d68518bc26875468095b73469d4eedadfb8ef131dc2f77de13d4fd614b6ae987916e2590087b4334add0b07f753539dbda5e6dba64d706e99dc5c1e7cf4e85efc5f1e18c4fe2a4c89b71d4ee274d1299caf32d8edbb2a9d39ecec8ee15
32 111 100 300 57 216 :84ceee692cdd94c83204896336809dd79ff823a198c45a1984b331243122c4fd8dff7a0b8edb86e17f0fe1f1accfb0019b4a1a1f8745070d27cb5bcf26174fe4f852cc530e27d25c49c95ecb7344e00937e7bbeda2910ac2a02ef8d5170d05b2a49dcada516561474df7f336643be9
32 112 100 300 56 216 :95e1fa7115577e984ee2fd12783afb7d9847d0ef377a630cafe18abf46c647a97df67ae56776668e13752ca159c4b89077f821af7a1995d7762a868065175ba63851d22ad6b6f8657d66d1455751bb9e418116067020c58d456bbbcae8b38d9f9670a66e7e75aade0642cd32fc1794e6
32 113 100 300 56 216 :f09dd4294b3499b254c63fac430c90e28186da69a675436e6c0576506e40212ea7c81c7c6417706586516495faf093e585b9dcf17b0225c9523d667dd73753bd2e80ebef48da0da448d79f66ef58d5acab8dedba1b550e04a43bb60848e1186f0277d19f477722b96cd8fe0cf8fc6b0316
32 114 100 300 56 216 :ea09eff3d8763cc4a45fe5fc506be728ae1efac398c7eba32d23813b6aeb3befc81cca2a7ff2479e9fc4804c1d14ce4ce94281e72ed0cb6f24f80091a3b03b5ba5289a8b28f375cf7617fa2b17872dfc1f5054258e6f342e03a1db5dc479ef3907601541546ae7b372e3afa73e4f26f5f01c
32 115 100 300 56 216 :620d02235614a8141fcaa71224e4e00cda867e3d97e1944dacf5975c84deda00df415743bd83aa71503e97a0e7005ccee44fbdec2c940d6d93eec6ba6d5d10c93e76778127d31b71276e7064ab20f0793148b43868b53c21aad9072c832a9c7d184236803f9fb1c165533598c0c9ec40fd1393
32 116 100 300 55 216 :181388703fd8a06ece3bb9013693366df7d7d37bf1f4b74252f5c0315d7503fd9615e3650f53b3be22c4a2c791a4450e01d75af6fb4a84140fa40b5db2949015a23fba9b3843953878a46460fd82d4b41b3896b90981b9b962ec9c24da3b7f1616d96f7bccb494b0aef2fa553b4086a898b5afdd
32 117 100 300 56 212 :53e4611a2ad22262533f75d9466cb0905fb9ebd857cabe93cff383f2d30606268d49d6f5e11e9ba666297ac8db97e9f65c52f0c6742413a4fc72c0556405b127637817f678826becab96bed9c3ef994f1c395b3bc5a8213ce34bac91bfe45f7ad0064c796c8c68a1846744d62faa477ed686373494
32 118 100 300 55 216 :09bb6ba15286b598be8299e7bef2eb3e6d2f90de12b39e93733eb35b85a0477726ddea5c8ded6584c6916009761a3049880ace77932402a155a106e133e6c8c74be28e1333da728b11988029fec3a53324a3caf2949433343f3ebdbc26767272d4a082f61793326a6df20cb10e85d7a51ef2fb2e29d9
32 119 100 300 55 216 :9ac446200fe0758e46a103434435d1871902c9569c6122b414fb287bb7f0323019b79dcb83eaa6fcbb58cc46f8e9756d64407fc74283ac7dad1eaf9cc8f7e8d2f474fbd047c5b9e80b8e7a909fadfae7416f1a3ad56e89690004e0292021b71676536a501568ea9d56913da20f245b284ae025ef58c1cd
32 120 100 300 55 216 :bebfafeaf3d0dbf5a7e9576e66d273b6d9c6e1d613f044e436770e1125243ff03c7c242e8e1350a3d264e88c62b26c75f7c5bc4038f846121fb7c9978b7486785f613d84085a95852b657bd654a615325df6b798b3323261ad8e15527bea3b2ea278935ad1546a6abe4ae6f06abae4d766e49f3f738b8304
32 121 100 300 57 212 :de2c340a3062b64d8dacce7554b843098a1790c1d94b80cb7ce3d73a94b551f8aa72e702a19987ed0435530628b79493b6ddea2662fe03b91813a69cb907e86649d7a8f67028a5e1ff7bd433a01aaf13ee0dff0423bf795554abbca65eb0bf296e468dfd9338c536c5ce6425a854d6a7f6a69d7ee181cd29ca
32 122 100 300 55 216 :06a687941efdd6b16df375709160667fe67f039e2e11f33fcfe520c0f9d6edf806463cfdb539b407799619023be5cfa947980f492c4245cdba0c73ec50eed223011fa37b6da4638f4404c61cd785d7b7cec66a7aaf378f12bc9138c63f7673d79a8e25d148a6f323db172bf1c33cd6e1117491a31f6bd2757a3a
32 123 100 300 55 216 :cd78b91337871da05908bd398cf026527ebbd222b1d6819a44228e993fac693c48a003356be58ea4d151637bbc0aa333314a384e58e238a1e8bc4c2c3f1d8b07ed6e717172df862ba497835977320c56f8e84f9ab63726238df4f57d1606cdcc5089b13d31275ad230098a3d569bf756ee8cb3e8f78bec86e66dee
32 124 100 300 56 216 :3ed3cfc6094728d2cb938dd398573c7877f3dbb83c0b2dd1cd97d825e425f6737999c2a0e56e321db1f3433b3f362fc8430a52389921776aabac6ad73102428695af22f6f355bcd0dd728e2bad060993b1a5fbaa75c16c014c52e86c8a12d6230f83ae38d1be875608e0010af32c8508ed19a4b92226d32087571332
32 125 100 300 55 216 :516e5b91fd5645c4ce819f2dd67142ebe0bb87dd3f3b278ab4b9c3a2a11d795808884787626b8035c03053acc9fbdb9fae09ef211d8f35c1663239d94cd23968b23f6eead76eac2dbe5f6f5e010dff906d62eca976eda782e4f369036f9a6b23292feea40b574f21261c4f2b5c0df0fffbf6b2a4ec11852e3da04707e7
32 126 100 300 55 216 :d5a65ea2b7f09fb93eb20779b0e4aa80413e5369ec1554647bdf9593a07a5e19c18894ccb49b66816bbb5b21de4679526201385a0fc2fb3274d1525481214d77e86af67b2f3d2da5dc7f723b2035e7c4f87bdd3ec4de996a0b609e4947fe2006281a22dbf298bd7decff599623bea2c220f146e372d9f5fa49002b866e79
32 127 100 300 55 212 :eef8e5b8e9b4f06e7ca4299dda37c5043a4c569b9ca2061beb77b0786c6e7e1c1ee366fc3e393b85543cf08d727fd9e200661928b979f7c872a6f2b825d9ef2130400cc517cd17b8cd8167d93eb8a047f8129a92a5851092d0b4c5041b02eddb64ae45768889c9e2089814fac8e9373b4ffd50f15ef965743d55c073971588
32 128 100 300 56 216 :7aa41b60b21feba5a8f47f77cb94832540d365a9af0b3d7bbacae58342911a42da09f16f7040a88cb58176f010f7298fccfcbb78edd9b81b140cce91c90c35709d7337c66c2dd359752500ebe7e9859985a848b03a8f9e2e3c15547f6fde0b0efeff6a2e74b32923bd843405a8a2c02f06af846621f426dad4ebe9e69ffa11c1
32 129 100 300 55 212 :28a3d633584311e55b6b0103f6c5e27df720144cb2fbb75fc9b328bf509cd6af7ed0c87b26922b6d492e65d1ce27f6d7f110bfbfc22e17e4842d1dedcc93e1141e726aec607538b21afff6481f1c4812d9d134b2aed9f117460ba5da8e7c263216882ca09c164e1201b2ce85919d2b32feddf54f2b15f582420c079daf8454dde4
32 130 100 300 56 216 :6a91e585237d0b9952296fba37ac2ab3d47828a9b63c2a725eda31f568bc0e20901043f50139a9ba8bead61bf32a4270fdba3736b3b4464e1203c07061452e7cf48baf7413d2bb611296f241fe2cb90e45f021d832f5f0dded98405ab494c57db55dab9b594abeff69541ce6e31f4ddfd47f050e1c0001364660ffae3e874bdbd048
32 131 100 300 58 216 :5885612d3187d736d461cb6aaf8850e5c3c72dae88a7f08076a2d9e205a7268e13b021ac225b063f3fef8d799aaccb0fb3a1ca0a76cc18711c3d46f4195bfe5e3e35e6e9f01940a8dc371d9da9ddf004650d86ed33065d2c484e1a7bdbef793d051de9f5f2b55f8e2a034d73803162ef65b42ebdac05da2271659e82f4bc2b385b6a45
32 132 100 300 57 216 :f4c03cc35991ae260feef6bde9474285b7cb1cafd1e7f3a04accaab0820d963828cf4585d82550100a78c127285b357d70b3ac4c4ee2d0f3d5c2d0bc0ab83575242c85cb0b8f8cdc07766fb9e87c3cc0a16481e9fbf13b9475d96d3d687decdf94f1a7531228d89b656439d29f02924ecf72b375db126024585fd6b3aa1adb7cecc34169
32 133 100 300 56 212 :ddc8f64b632f737317df924e3f6697d290416763bdea3fd7ee405fb4e225bc6e4c1f2a1388fe679ef35c46c55153df820a36710281bc181352c42b3635c4e63975d5a6cfc76dad8670340f2c35f646d626b0f3c45be539cdaff6d9dd75adb26943b8a7997946141ead1ff76e12c76dfd8bca942627b70db06c57078fa30cb75f8dedfe94c0
32 134 100 300 55 212 :d450afe94e4fe0f43fe58f3d6cc62eaba6336c0ff03cb5a0a0dd3efddbd4c1e59881e43d7d9ece4799cf38b8e3110dcd150ab08d609fd636cc61e52dab3ccda5e892ed33850b38b69fd090454920dd383179bfe1f7f3150424cd5dd68a18f0dc133180c600c4ceef9601855283fbf8952aaba60c15b3724610e6db06cc66257c8266e481e723
32 135 100 300 55 216 :9b0b7d815a03aec219e70ea3bb13ccfd92e04135eaf8cc9671511c6feb53c137d9e1a6516bc9ca5a008bdfeaef5349bfb29d2063da27f4cf08005c83a2bf655e64c591fde712cc2b3c1a1d597c32ad967798bdf0ca9dcb78a6feccfb07951d413c6329cac4cb469fcbef450d99b7f8a43bb1950772799a031dea5741d05fa0358afda342841fe6
32 136 100 300 56 212 :59abd7abc6f0b1ab625239ce69887e1c8b5ff4ff49a55cbb4d47ea695f9ec18071623fcfe159038bc0d72b759adb1a5ebfc1eab1fb87c194665e9b97c70d480535b3ff50c5dae4a1951826c5aeb42ce957df541fdc4b29f8fdd21b7a684e2fb5b17d5a299ab8aab783cee32ff9e8dcde4256e7ab07b6963064ba5c5432a898a8069ad7c153b084a5
32 137 100 300 57 216 :a51ae03dec7e07a29738728c533c41eb75a3ae5c690df76e52ac5487dfee864be555fbf96dc8965425c283b13a98c4ee6972d348fb1a71817542f7535fa5afa56816612bcb64f7e7714920000fd20ae7e18abd8bfcfa47be50f27afc5696e2ed11912308cde8724d6c8a602190aa1981062b6f250096447d132a820d605419cf23b745fbebd4fc7e1f
32 138 100 300 57 216 :28fa7b1de240382e303c4a4a09b9c74631ad05b1c7d89ac7d35fd98548245f2e359c20fc7c4a37e20f4390d7d7dcfb9407909a50f3137a3a921a5b98dfcaed4d8b84a42ba2d467984ae66d27a52f45a8af5e9a986b9c3a1c7304db9dc81d36a3d65862ac78200ef9c61e2d71ea40862cfac0f3d850b909ecec727141f7222211a40aaf5b8f1f0ca0851a
32 139 100 300 56 216 :4ecbc4f27f06bcf5e0072e0bb4f22d8d531e44d640ba57c752ccca71e085afd25689b5a3b76e6a5c30c4c0936cf27708e966ee10808044bec22353b41290bdf5804bae1b1725e7b7c0ceed568c68d44a36afec651d1ed177f9e1b14bb11c48ddf0126db37db3324606051b6717b40d1b339f5f398ea615114f51b05d9b0544d96c6c4f63f167072cc781f5
32 140 100 300 55 212 :ab6fcf898abcce6f8382b058b2452aadf722d0cd2ed1db50a262c25d29535a64cb4c326bfb1dfb3cf7200cafe9aedea8a5f1f2ab4732df0aa5771a7a7ab02a6b49206a8a5bdd51fda52f3c4a35e28db8d9a527e5b7eb8e7cf9cb321ef4b807e4979a3dbf6f60ee034fe55619847c803e827e4cb5e4540f6bcf5feecffe480d468d55d9ec21a3d5cb02b8c09c
32 141 100 300 57 216 :2d6301962b9384968c845340e1660e71b9356f5fcef098e12f0f33abe3b7c6c7e678643512bb9b17e94fc84db88c5adbcfbab25ce8c2bda0c5752f6bc356dbdca651ff74b9d1d853b7a6163430fd7e9957b549f68b168fad6856eb47489d9a5a56c01c74dacd04f44e501280ce1a9ef6859d030fa3469c7b2ba5424dc8bd5cebc0c8f39feccbc9c2ad302d6cc3
32 142 100 300 55 212 :19591a77b9a23cbb9873d511ae658bb477335373b2c36b41cedb3ca07d78b8eddcad98fdae4e4fc06c8ec0c35dfa03fa921437e9c5386274bc76a0b52638ca56748fc0c4d2370a44d41d741b9deedc2eef70fa33334632a8a9b8593a4bee0aaf1cc0fceef569d02692b01797cffb2cd655f027de7af361d3ea3c142bd4f920b9c664b0d60e94d3bf6e348ed8f25f
32 143 100 300 55 216 :6cabf5a8d729a2cb85165d8ecf51bd04e5f2d19dfdb5c7cfcb415df6510c12e85c91d8b00eba346e03920cef7f77dc89286b32e5d72809b272e117b3560712001bd0ce9b718fe4aa8d4f952176e0310e21b7808513166e9f4fe00cfc696c0a58ebeae4b6768663db2b6f95129eb3166c59a918ff62c28c4e24b183e26b715c0e9cc920c096280e50cf7ecc010ebacc
32 144 100 300 56 216 :362c51c8f24716162f53e83d39c01d29e9e8492f2d71077b0b7634ab24dbad70d13618442bcba9026392c5fc492c9badfeda7b09c711ecacd5bb3f6618926f248d2dabd3ef95371704bcf643f38a0638b6acc6e1354a4463cbaa14c373ceb59e82e9e0e1eee8433ae2442293f5b8526fbeeaabb0a3df8637bafd825243eb4a762942b6f43e1211792359762d5a8c68b5
32 145 100 300 55 212 :dacf450cf4d070bf14e46e0d7147bf3215ab9e54e7832a385a11cece3f83dbf67b687c83bc92296e53babb2a0c24917dd81053cc25c6efa8ee3469a2375fd247b7c5de679db03ee8f383182acd70ad52b39e1b9455791f56b2fdcdbb831f11e7a0e78b99842ea39cc896956d9fa6eb3d1b2c8864c5fe361a675c831fe9de2ce2a7a521b387c6a894569f82f19c6068e1f1
32 146 100 300 56 212 :f9c4b8bfc9800c16003d46f994cc84c47fa6481e36f5a9078f25a69da723dcc2546dacecb581185aa99058044a7d8abac21c5226542eec40238a55483df6b23ba078876cfc787304a83c0591eedf3c46e749cc06ab2bfbd3be3306536bb96219cda5fea09873c4a087874ee7475ff6cdd2efccf91942a64ed57a3799a87416dcaeb276ee5f548e80a2338eac52ad70cd92f2
32 147 100 300 57 212 :a521237df9f700a2c2f1ba92cbf464760da28e6c2bed2a06ff278345daa9290523c980e1e2f8a698f0854704f8a6f8df8dc26da3456cded97e91736dffac22a171d0792d9369bd234e4910c2935ac39f1a44281aaedf7a18685971c1db5413aac2064d1eaeadeef5e858db13f621da166ccb705c1bc6bb13ab33b6e3196cfd8b45fde063d908e8cb24d5171cc92c2228b4ab58
32 148 100 300 57 216 :88fd2cc41e5bb01ec7f48a36f98555571c79aab9914b325fa3003c926bbdc839e3f06a6111a460071961c3ff4d5d1546697a29bf3e868e1dbbac3cd622b06b2535d40cf75c958eeabe2c28458c455ce75283a6a2ccd99431465b92184939a7d146b273e01725830f46dfd2b10eba9884b6caec7e8612fe9d94cbb914aa404166fc56d83189dc74345cd57e2a0aab135c17a92ab4
32 149 100 300 55 212 :0dfee729268a6e13fa2c69b88a3e243cf760c69d2ed52c7f0d53c12f630d3269777a6bea7132ed4dc1fb3829e5905c17aedcaad756a6f30b7db5291542df63ed2d79bbcc0b03f129700b17f03709686e518e134f90e4c4085d623baa63a16eb8eb1149f3bad7cc485439ee14cf19d452c29f67abf5c7d8354230c6610e412e3f101f5dd9f7d6ed8e6639c5605106c39c40c4c8e3cb
32 150 100 300 56 216 :d8c3580be260353803277bbf2c0aef79febc8a0a666b76457c9dedcda6eedfae3b0ccf1b6d1047a061b8418526737a484977530e118df76563e22a0cdb88944c3b65866bcbe3071eb39d27f79100e9140b45cb7069d98a476f0033d59f779bd6dd26caf5f91650a526bba10b3f66948af66368fcdc31481c9381293202f7dd89a6f6980bf3086fb6c336508a519dcb7373be59879c07
32 151 100 300 55 212 :d8c0d5e5cf59ada331f711811ef6753e9e420fe1026636cd9610079c19a77668c942e128afaccc1493822378dd4aec7ef5363d7f1021bf0972eea753a02aebbb5ffb28acc5bda4788143a94d032de2e49b830f1b221b666b38d01cc0605b7492d5ad79cb3f0309a0967770826e718b5f468bd7b42a2a52e074401432f00610a93fef6a5a74d46b03e6d277fd470fb5d84e7f4d2e0a85a7
32 152 100 300 55 216 :46e8ad4ea46344bae63fc100cfa7dacea82900b96d383ff40a919b63dfd2ffac722c1fd580e0b8edadcbddb30f3254c7c2d04293fef288156aad6ce836f466460482249f57bd10fa0cc3c7354d7179dd96d62c612ec8454e572ad5d642563cb14b09d3078fa76f29a9ee4f25808f4282ab0665639ca121a3e54532e08e05b0828395904e4a6f534a389a5a17be61fce950ae0d929262f08c
32 153 100 300 58 216 :3f886f4e911f7f05f43d96c9064cc56576a9842de692eb7d8ceb0b9320540c49c9c39c3cd2dd2b2d2ff3010fb8ef04f7bb5b97b97ae060793874b621385a09eac8004741371de607f99ef5f2ae1d9316cf082909937e90c86bd17859d5a2c3a403af9f5a1b61cb9ff68805892ec2907b984622f493bc212b65f390659272c57365528a883f4db471a5791dd0be3beb5e8a3874731759bdd00e
32 154 100 300 56 216 :8700e9a44be82a76df6c5a831286bc8622086d51760c122c73ef6cc31ea9a72b1aca2a8b9a3fb85218d580ad629e3b8bb2fd29f71b93a22aa38c3ea8566a5022ac9b7ae6a754cf7562f52de8ed266e83952d8071fc19243e93cc654a896f55d989b129a90c6e717c483653681e3d3ef72a5c6048b83148626565ccd1ff7f59bad10bf2521386930269664032b782a1591c58e5a865f25deca3dd
32 155 100 300 57 216 :5049f6830e3ad197f7ee064ad8447e021ed9dc4c1622d98f8d547f2af897a92679c1cd88a9c771cb012fe133604aa5c49d29a073895e70fa4a021e09976739f5cc742526215f06944459828c76c1c85c0681c2debd8bab07a31685122fbbdf192754b1a9c31364a4f3bedf91b9635961c158ed5f4c62ae241b4bf7a809eed8204f3d7d74706cac921cabfe537569fcc525110a64ace8d45b976f33
32 156 100 300 55 212 :3a91d53d237475716c75b196f9224cdeedbafd26a2f71bee90c9b04cc73be638e3e36bd2afbf767a9739cb255625e3b3098904a7b6d4588593a26a57b474321983709698a3bf3698a53e0fdd42e9af541c32bb84499620d3bd57f217a18162c78143a2abc572ac1b3b59c5d0de0eee114c69d5350522216a63f982d09f923869ea700a973740e94e16dedddd17b83885f096bc0efd20ecf706e73b42
32 157 100 300 56 216 :01c739f8bf4e5549d9b2fda5862d5944cbca4058be982a461cebc3040e4cda02b8a9ed083bd53ff17da2a107bb447ccda1bcbc766801a53b40f607883bbaea634b76c700185617524bc732a4a797487dc78f61d93eff05dd0ea70f5dd270ec831e99cb77b544129e29aeb246e559107289a9fb99218611620cbcc7581ba15cab2436adb1d3552f28addc4dedfa635c782da7e3cc937df5c16e3b22b157
32 158 100 300 58 212 :e04c4290eba65461bed7a814ad6901d04090a45a24ad928b3c5bde78af298e32c94ee958e3fe0f686c300bd2044f50960201ac36553fe7b2f32f2831a5d62dc2d260fe95f61494d162d9600db64cbeda129f7454929f56d588d33b8012902e87df2298ba0ee5c4b711c6e5bda9f9471dcd6667d941ac76597889814bdebbe2dccb1229cbaf6a008b9011061b086516cbe3c1f1649b6daf9bcfd32aa1f938
32 159 100 300 57 216 :55efa7639fd1a43d3efcaecedd951741e3a0316e146da678b9682e0cce160018902cd7d69a52c9658e2c404138c96f7339a9b34813d8fc66b81d8fc26e8bb799d821b19ebacb0403cd1b0ecd144b7a99bd313b98ee7f7100b3c33e04e26f521e9eaf57fdff28dd90954f4e7ab96127916f951f07eac8febe03fda8fe925d662eae2d8f32a9e384244e4694d4809cd10cf04aa22ef06aee23a4f5670e3df301
32 160 100 300 56 1 :ee1253207f907f05bb03d3a5d033cfdb490c5e4ea4a7972c70e288cc8e85f2bdfb343ca9edc95756995ff74d90dcc70f3b576e5ec4c6664d7a856450e48a20fb7d32c14878aa23fd7ae58276b41135efeb5bc124e28f9957e6f9bb25d3924f16781801bf49c086be5492bc6dcb35c6bdcee8efd8cbecfc4787b2d6fdecaff13d22f46dbd1ee109455a732ec27e86e1fa2275b3b4c992a62aa182923f30029ee1
32 161 100 300 57 1 :412236ae751fa7b0dce314ce128c880acdd11d9f3220c7a179af87c2b01f523b6901ca6f1e9f29a866809127da738ee1867cca952e2823da2c093de175d1be819f14bdea4a004d41eb5ba87eab6c090ebaf2cbc87fc33fa946b269997bee4c201bbbeea8887b8926acebb5c6b6ec5b451d1b5b71f9fd8c383989fa207a6334f4e9e6b866eea6a447fc21959b9b4201c3159e941b4b01054462166a59299921865c
32 162 100 300 56 216 :636767d3fd6159aa8204584836d6d0f4505ddfbb02c793316174b43b0195dd669f0a0bcb4e0aad7881b815c5707fc241476343af5d9241720ad4e364eb9f9310e567f96028b2e4dc3f471333eb192d4c2b2cbf9c21643b6a1e40a1fe6e8aa7ce9d6e9fe9729fa845c0cd6b6d83e6c75a6fddb34f826c4979bad17506f6a1263199fa519495ab3427f0d9d9395e7ba612aed15b3790c8a43c8e38f57237825d73d65f
32 163 100 300 57 1 :05b14b4cfdcbe1c430bce1298c744b4fc7dd0434f16c5d0cd9242ed68cde2d6ccdb3cce80b89296f9f029362bbc11c884fe319ed939352fb9cdc014d3d6a95abddd18a50f84af8112c494f058fc51e215b543f6a71f9b2c6300381d14a738b49bfd43e7c479bc99cb3a6abdfee072dec66f60c280f18a3477c8c5ddd83eb5d4ccf2d46210dc84f8ff9eaefa28e9829b2b68986e3e1b864cac0bcc6a90c968a29f8db2c
32 164 100 300 55 1 :9a294b7def7f6107357669c24599db9c6860705debbe7de40c7a8862de40cb1b153cc1ae3f2d54b18125dd733c14b2ef2efbce7a71c18ff070176623b055ad5ce3ab535be2aed35d620beb2e923eb856823620a70b88c730a6af624d33eb4b1b00d6beba76c8a9d74d5ca0f3f2e50b921a8f6ec8d069259d8b5d3c9bd491c8314ca89fb7c505cdd612921aa555b2daa36c4aceb0a703b6e21ee59cf808e19ffda0d66108
32 165 100 300 55 1 :b41db7fe4cda2f18d4fd243856eb514784fc5f2a695a602d75c4af2be7cf267bc85e117cb7b14d79c98f9adb7c7a509e647bf818f0063c44bf7077056f7916e50067fcb01a5f2a20d40ea2a24a478d70279d5d3d044dd63a84795a598ce56112581c0307ef9bd7e652f3c637aee57d943b3799da8fbdec4dff8c881c426faff02316adedd9184f40ad4c43e1ede5f9b579b6516c8a56a0164b7452b86b7409515dfa1f8b1d
32 166 100 300 55 216 :8466b93b98451418ca27e3ec5c65d60c20b82b29b529d69653ca2956a54188bcbe85909f707486057956afcaf1c0b0a8d3b97d0ad114d29aa38b72a1322195fdea90325e4dbbbda849d8b5b77d088d911b72b74668edef929f8d8cc0ff8593a05f7c4cf61c572e075a6f12e2fb62ca1dbd4b8bb3269112668698fc6f099b607d85225e1c753d897cc118044f476c09657e270450f92406f7be37d8d02dce1add20a7c7ae18e8
32 167 100 300 56 1 :5477d66ebd650ed57fdfb3b1d6620360a93de10d24fcf0de047d19949d74e620d611cfbcdf5c8e1208f66cdbb720de12bbc5753ba21255f6b46b569c9ccf6959545dd91957dd28fdf6483ce8ce35a485b9b5bbfc99b72adc5602a9cf552232521173b34db0d1b3f12d252f7e3780fe95392fad418923dc52fdaafb0da8ce965ea110131c46bdc2df389b0316927015aa0b67431dc7d2459f302793e70511fa6af3be3ec983d9ad
32 168 100 300 55 1 :41b7264d3853ea0e7b3bde86cc8278bd9a79502913ed711d56c0fdc1dce59fbdb1cbbf45b25449757235773659a5710dad2612ff548d81a98f16d2bae546830024c118682d67f2373dab5443e0533df31cf264a8a9b6e997139b7120b99be5754a9bccaebce985974628a3ff6a183d6955af01a1570b0c50bcd9aa22d91cd454847b125ea523c58f3a301b1032d7860be1eb9a7fda9f70491844489a0e7156a3d6ab79be9ae31d69
32 169 100 300 55 1 :95704ff228d54f7ee20703d5a8cd89517229e29da7e4dc858b49cd7bc2ebf0339fc69e6c108dd56f9e6c4c4799014c3818e631ce5d13a3bf28a8b24c33e7a62fb0d4f9fe9b3dc89153738570cccbdabf2afabfe5113feb1ad95e250c0af835efb1cafde9e5a41bcc34ace0bc205437e756f2a1147674ad535b8fe1e731e66ea03e984cd490dd9afcd4d18ce7f4a3a00ebdb61488e716e61e408381ce0889b9bea3ed4ce9939b28897f
32 170 100 300 56 216 :a96712d61d167f4a3a0f67a132c2e93fa50343b93de0ae2a97efaab13531eaaa701518f2d1f3d4571a81518d1db178184ec97f7fbc92f4674e653d2bae77b3347ca062cf071024402c5722f90c83753d8f735f9890c7f18310e5764318ab93195116fbeab3b400d364959e2b89f213dcf3b9c3f0f441f74626f6c02c99a9babb03de89525268c5c7fa1503c2ead90c4887a696a47464832b9302e260ea3c5ea863834465b1238b43906c
32 171 100 300 55 1 :331618787e664345f62fb51643328541cd7465142b1edce85b1196e9b9e4da2b1eca188be096471b414072b3689b024f131573dac95568fdd229cdbf4dc20aa29ad768f50a69dd21504371e13210b28e14ea462373a1d672737042d60affcf2a6077e439b67fe46ff52f16ddcc89844f65cc9e2732559972ad73ded34684b9cb63cb97282dce739f5ac6dd7eb5d9cadc75ca12ee0eb7d451c81f9790b51aafa7cf8eff6beb4463026df96f
32 172 100 300 55 216 :d5a69836666085c4f43151a5581db8635c8f4cae6c03c335859c240b984951f1134c45e00fa639545ad5bdbd65acd63c90eeb3eca1d8bf19f03c12af6abdf196bc3d2eed3b31f1e085a28273ede9f98a4c05068a74402c255558fd52104f70736db789829c9a5d4ce48d300ebe0cb7b2e738a5896217eb1e5f4051068d399c719b023d732d4b7d48f9d394589b26b902e9aba00424e65a636bb2b53a47ca62611541414676262181a669dde8
32 173 100 300 56 216 :4b2d7389a1a9e66212f9c7f112731b188416d5ddcd160c06ef844e610839118e6477a7a850e20ade5c83bf49aed9926aae6b50f022754bf9123200f8ee719c0a79cdb378501498ca64a0adad946a2242eecfa90ef8d09bc513b05bf8fde0089b1a748b36204e4feba82dd94293ef88ba2331de81129a5bece98ed0efe67db437080786e65ea759198f03dde52213c332f48edbbd55e6ede05bc7c320a71bc87fd151820da6b036f98fe11d0d3b
32 174 100 300 55 216 :2ef951e4387beadd3891f3d34dfdee932b2aa689756ed90a4c512046f84f4b60db7bbfd5779165f9ed88ced1c2ac22ed614270b095bee5c6e5b9fc32f4f648b098b6cef24d4729d47f3a6889008a7b943e7fd536a1d8e6a972e76c498ad200bbf4aa3b68bc0d7451b1ff64001943b85d4d4184055114165d10bb7af4d9a919896fa7a8f225a8c96ccd872d723bb3d2ae90b6f3ef5388f9f3b4c31ce69ec54a39cbac991bc0184ce82181204ebac6
32 175 100 300 56 1 :1812c622ef4904f1cddb53ac4600ba76c1a44abcda8d763789b7be476295456a3c7888d43f553dbdf06e57731881b47ac34a774e1e8917eaf08bf17243daad7deaa46ce28681db177cdc9860c5f3a957dc836c20526eaa577c42c19382a879b6c5253bb81cddacb52235571aee721a62df59b166be4f990c70176ffed87a660ac9573ac96f603f1aa7db52809f1931047482ca00f867366677da008ed14f1b9a68f88d41e940d79be454ed5578529c
32 176 100 300 55 216 :21f5dc02a5ea25d777008eba255302342f6e0238d84f1f49a5f6f0d14d60d883d4d4fba739a2fc3519a0877c77621307513f3afed837236c4d0b815448b3ceba716415aaf591e9b343aaf6ba461be9d03b29071f5a9cb4ea564929f68ca515c6e4a174092a7cff21514888ed182616265bf5194115e1972ba4f88c582839ece1c876ea9533578e745561fb94e62c7643e49310303b928a012e431a4531914241de4ddcbbf0ea110bf5ab007b2f4208e6
32 177 100 300 55 212 :5340c921c72ad26b8c2219f85cd86de579c1112fed6bcae6f72e4ff9f7425ddb28ec912d6282c5db7a143d8d753618e8d0205a47b9dfca9acd014bc25c112f2a8f139fb7b372af4cff920b899b3284907d6bfd94f2c4af39280202011a9670932232fe946d8419b9c6d47fb16379a5d6153e54173902731876267113a450ab9f0cc47f115e2eb406ddf487058a8eb9d5d2dc78a9e95ebecad90e88b7c822f60be61c109a9f77bbaba556cdc44447f8d9e3
32 178 100 300 55 216 :ca79c5ef2e5b0d30994d03399528ad50da7aa8ce66e8676bc97a30fd7dc1a393878022a3e0b395eec58e07887100645f8f71210000da9fd34d8737a25b054faabdcd233fb8c5b9acda4288ce9769c2c34e28f196249645603084205d61ebd732e40e7284bf84f963869a6cae03a0c26e0b81b5dcf347f3cc8afe464e0a0bf2348cfea8e24f8268464d07944bc3376b4b9c12aaaccd58d6b286f22e8ef3c5d4d4043dd19f059cb332d2a4bb2d177b629bc563
32 179 100 300 56 212 :f5fb74410851cffd5f33981c37bdbbcccaade9a99484edeac9f4b858892ac64e0925d80993907012e49e9e84c527a9980d1892fa9de6681557f8f9c5877fedb56a5f271d7d0c967c56dd0080847026610d33945a3dc5c2841d31679bd63a4c33f609b5800c3b0983f4895b2119d1703d52f1b4086eb5c399b06b009f5bf49b71cd3880f7950a4f7802118cd124d273204cd08ef38f27956b0a159a4ff9963afb8b4304b3ddfceb8e8105fd75faf4ca16a27cbd
32 180 100 300 55 216 :16b7c90c3b2bcc877b8040c704d78945e7d4cd1442258644e9a559fe41516ad81990b7741f052a43bc9ec158fec45ba9a3c20063726b9b3e5f20f5a105e264bd594f5ae691a4b355576ca2298abd37d2883f2bc6a88ac616fcf007d342eb52f9f1dc8af555a269f354dd2905ef2d6680dfbd1051f71dff340833fc9ce7b1e335fb7b9d9454879ddfafb1e9a968b628466cdbe7afbd471dbaa28b132614bc4db0732f252b11ab3bcc2b20c2c110931916d17c2b49
32 181 100 300 56 212 :58ea0e5471912a65e15afcf05bb17a7fc2ca8f747773ede391e47f118a80f44eb0a5804eb62e5b700ae8c9ca404933a2be2d4e46f1e9a3eb0f73161a7d854accf43550f891fb21d5afa3a036179ae19a221cae0462300dc8315937a86e26ae0a99c73a9a31b6e76607bdda47f079c71ce64343b21d7bc7bdcdb1b0b7960f575c98d06a4c30c7f541cf6b5dcdf0e486a9cf5ef0244fb4999490befa4f489f1f679ac77201446dfedf8740770466a0e1d21cd9f2b918
32 182 100 300 56 216 :568947aa2e3a352a5b2cb02eb3fdb1bda1aa165a6bfbee0222dac99a570874fa2e7bd3d600d3da87da3b717db41832f5c19acbe2ba8c9988a7eecaf939c40fb2d933d1a222110694f1f768f9bbebd57fd83f2348a9ae468ac2384a680af412bd9b60dab9e403d4bcb12b359d9a59a1629681b36b0a5c093f1d72a07d7a84ed106c9960f6eee5c41cceaf07975d62fce22180dde1e576416ace9cd5eba008e1108307742f23e311225bc35acce9ecde4883e16664b005
32 183 100 300 55 212 :496e7919538c3626dcbb8dd68475c23dc95c51ce626eefb9ce7e5cfead443ece5b1a95527dcc9f2887eed6a83ed341a9c29bfd4c5f347f813ce697d0f2305b47e18bcdfdb5451941bda2945c12eb93eef9aff1625cc3fd9351723670e50a528c012e9e731408e5065374b03807f50722bce1d25ebde9a1d6ff4ed34ba120fdb76312097fc78fd8f1cbeaa293db01cda2af6c5ad1613489f0692a6b0597b3d8907a0e2de2333738b288d89ae6135641d66a9c201e7c4830
32 184 100 300 55 212 :4ff31b39d5c5a0d5ab80a619e89c2dfd790948db203675ac73aee38fb29d6e4fee0d4151079315333cd4e2d1f51270a9a42b6ad34cd9b61c75fbc43d6e2bca3a08a58d0712cacb9a5443afecaa50ac25bdfd80e388885abad64327648976aa1885dc901f5c356f3c63666e872a56edbd5ab30210b575d4dfe5f3dc2a1dd8ae9ae572cc44fb476a858c3376ca830be60901209763552c29bf64299fed43291e08a14c4329ee9bf4fb332abe1ba37698e33932589eb7970036
32 185 100 300 55 216 :47d1e730f30eceb6dc6276c3f87f0769dee05deea5fab9a2f25fbea74ec332c47e6e1fe36b7eeceec1beda28b671dd07dda738070c6e1818c6a72b8151d20ff7a7d033966b96b12775748364ae379cde7eac3db174d24994ca3e4615be173d25fd0b820cd11a5b6d958380c4eeb5ffa88de740907e5e04e7ebc96078b44df0b305aee6e99f35ad631552fe8fd56b242a3bdcc39f36b1d78feb1cd2d0a0ca8021b526a5d8531e744b88cc8dc3b9dec50f6355c968f39cd18e7e
32 186 100 300 57 216 :d316b7216186b29e5ba60bd27a82c6e82f7736049897e255c225dfcb8ac81ee2d24431ff787b8c767dcac784bb52c6dfbd7b6876a63bfe8b09c4fdeee81a1e1308f8ae395636b72f63adb43d87c9d6b7f8436912344ae3d28b24f4aa3f1174cbfdcc7fb48de0b3a0bf1d91b86d885bb689b1b4f027f4721a60f43924068bbe18e19204071a147e79b932f289bea2e8970d16e75fe33bee3ba61fb192971995d686e657a899536dc64d76b014cdf0d1439c7bcea3c59a600cac90
32 187 100 300 55 216 :3c49cbf8f0dfe3c8b69d9c889d49dcca5f8dd13dcd2e315b46ede56101e66127f90e678b33e71718df28d6fd79b0260d117ac099dc0edb8db6adec186ac7f13d7b1287ccf472fa3118c6d025f26f55ed3571e0790ec8d29fb111dc77f4c8ea6fa05b017a2d1cc222f0509fc15720ceffbcc93fc1408bc998f12cf0bbb2554e8e00cd6ae8c41d44759297d362b51597ea6d204669ebf0fb91204ca963716ffaac79cc3eee045ed309e3f91e3c7953bd597ed15f99418c95488f99a2
32 188 100 300 55 216 :bd9687002119ef0e69afc729f6ae30d352f9c8c5728faa6b838ce1b7cff6d9c7136e30ceede4eb3c8b3f8005d3818137481a68512d27bf32ab8272a7972e02ebe8bdf2e945b8f339d82104b645ed1386fbbb9d59d8fc30e40d898a1113aab826e534dc32d8fe8b5a712369588937e3e4ed4309fb022f9d992b222bc0ea58f073de3ee0f1957aece203e4e6803b6dea787417e8ca7244423514caedcf957f0a34e59bf71fd1e9a5b63312bc7ef62364a7dc770aed52268e82a964d1f1
32 189 100 300 55 1 :2ccba478b79b71491539cb481551d9dd5086e158674b67f549c4ab7a0d4bfa69c04086b6782868b5465fb62fb8f2d23c0d6a64c34c04bd39abf652ae3c9825072ec31f67358260c26eaa04ca8f7826e1e8b397ee078202cb39a00dcb85d0630238879ad1732f9bb20d6742a96aa526afef1e6fd72dad39ffc444fa45f049fb1c00cbe087e07a2589399f3586db658ca575bcfe8a2ee7307980db3c90c112fa22daab54e7f166351b8a73314015b275bc4647d02aa66bbabf587a1c06ae
32 190 100 300 56 216 :fb4ce11230247139dd734adb779ec6646e5f871ab33cf76c9e01605f11eb532677e9d40acd6e870310cfe6720884f0672fcaaa298011a88ba810fd0b33cd73baa968aa998a1cea2e1a35acc1979f447fad490918d26138e5f5aac9450c0d5aef08354ed7da8d5bd743b42662178f511542aeead8aa2bb362a40b2311fc545e1df0c0b8f122c6e89e32ed4bd5a599ba7c9d5b01857b7a13ca498f610ef543cfdd7e6970cb48f69dca37c17b0b1caceae8335bc5c8b65781e858b0f1ef1567
32 191 100 300 55 212 :c230a2283793b8e89a6903a653ca13e0a083e03beb07299423799d0bb128038165bc5e7d0fcd2bf40e0758f2f3975ae89f6aab58523594b0ee7b418406b948d8bf6ce3bc28d2b0a771fdc6ecdf3f82497b9cf202a77b27215bd75c7e890eccf56eb019e33bc6f55069dcd7f77e94586179a9433904054e191f0095a6912c0cbea6ac4b3253e8957bc1197e63f69e62e565108a86aad49e6120ebbf208e53db86cd4246a1b42418c63fe80d228d54b2a348f4b08a56cdc462494aeab469e356
32 192 100 300 55 212 :860056b8a67f2c41b32fd96495fc84dfb694579546e1ae819b74f0bea136636addfcc64b5d8f91b98c7677499bc2030eaab611467e6eda5981efad7b33c70cb3a46a3a2bae0044c9aa6736e61980c5b372be60c903c0691c5b186f66ce0244f1d5b3bdd28a85f49bf1c08b9edec26db2297cc8fcbb03945100b4a089295de3f857aa5c1f96133ceb9739836ef2c70a69a6c15223905498cf770138167b6ba39890a18a0546efeadf25fec19ca625570661e76368c380bf38427d75e1de09642f
32 193 100 300 56 216 :5986d7d42b6376b07da83e752fcb71a4ae306f941f99a5d039994a790822424f6af7af1be820119e18374ffac60c151fa54878f60980ab14c22c33cd655833ce777fb32403e9df1a6bdadfab806265f2009248f7bbb82c010b7e9f07de1ebf10b874aeb3b5f4caf90e110823647f09664ddb5d48c667eca46dd073c3e2baee53e7dea406a62874dfc86ff825553127614e35b837a3b2fa1774be673a19cf6a8b86206fce66e7388ad05e376ac9a17fd55373cd31457f9556daa58a26a91fde30f1
32 194 100 300 55 212 :1a8ba15542f4718217a35d4882e8399d19c68d0c9846a092c48366d99ad16d78b3805e3e74f53ff78b56aa55cbf5725b44394932bd68f810cf6178c18ab24e7e83ee1f0f6221ff41008b511a501a3f71e8e4db3c33dcb730a8e367013dd95692de0a53a59df268dbd2ecedaf91760922fa21e85830c06d6d0ae4f1a8860dded4276f2ce57e3557638e8571d4f8abc72cec8c53158bc6859bd8b6d9d386380b9eb92755a4a013d5243c4e7209f9cee1d78491dd7925c3c06edae0c05aad2956785ce0
32 195 100 300 56 212 :c9ce30aeac65bd5a65d1e89831fa552bea878952e8b63d5bbb84f1cc4037c0d81ae44e665bfdc012e8a0b5622d6f36c139083815ee08ad130e0fbe206095c2d083b84b88064ea3c3d16b5fc4fd8649734402d2f95ae186ec5ba687d0875fa81db9dbdd4159a7bb800ef701fe8bd619c5959ec4d9d9cf78fcbcf5522b67142b4d884db152f6d6239e1bee8ed075a78bfedfa532dc591792a5b3f494838e63e8a7eeedf04241119c74ef0910e963c91e3a21f8bcba17e00231ae88ebdd1c71a5e236e642
32 196 100 300 56 212 :c2e93977888955d2e99a3ef5a8e1a2ba14b4507999c8d7381999351a4b1178b34c1ba73fe7a81a691bde652e3fcf234c92160abad5c830e0f180c659938959844bf31e4341afd1d475ba5b13bf5333f158732b79333bab210c8fe3017d7b57f15eeb2701df28140347f1152f31b5fbc7db710c3744a6728721c1614bb314b34dc091185f2bf23d63fe9b93d2aa7fdd1e4e411e6c02cf002b2ebfa43a0eab34396aee3361b02868e49b1a015dabf8d4631c521fb92f3850c63425630748e2da4083f9bfaf
32 197 100 300 56 216 :f06d7401c9cf8ec702d9d565e4937ce9543bde9975ffd13b00ae8e72aa6aef4aec6672c2836571a9f50b1f6e3451246038850038677bde7d15c7cfb6fcc1041c4290fe43f5e6e31a43ec26f406def20340116caa1e802bfeb8f0d9a3a00dde1eded7d2e4c0fe0d5b61fa05ae4f70e79341c888e4f18d89fd370224641456e7a42b42a4c22f4994a049537fb4ed30168e5fd887988ad17637bf7b925b2ebccdc869443771b7da96f472c748afd54ad66cd4ae8bc8e67d218ba7ab862b6ae0dc2bcef28855e2
32 198 100 300 55 216 :05edba347d0a9cc93ba45d7d5730122bb1b4cb735ca83e4db2037239d72257f99798383b7a602bcad5dbcbca7d239f2945c3965914228721380debb799fb38cc7137d5f68a252b0711db3096f96415f0d60e9c23c0a83c8dfe1010a557f34127cc7c475c570be17d5c9a72c6262826c4d01ca73316ba6a15bd20edf123937e5eeaf65c99bdc4c7177ee88af25258672cfcabe05f214596071cdab856f8fe22e513b68cc8312ab2eb9474c955659d6efe04f92928890bf5ae3c316240b67d7ed5c6d5f3204cb4
32 199 100 300 55 212 :6a24798ce714b8a126709fe4a74b87860ce43da9653d1c42136be61bd86b351e194dea050b01a144cf9954962206ef93b05f31451c01226cc15771d5b60170f20c66be84483881de4c21a6c739051953291740a347b23779ea945f79f6ea5045e3637f5acb0ecff9867278320278f1ccb9a0bde9e0b2790b22e7f1b2e35672c2141ec32e4d39b2bac943b9fb933c95ccc591e6add5d599e0e198e90f5491261ac4c866e1788eb25315439455b1d029aca955dc5085da138703759ecbaa084725008ed2f6a58b1d
32 200 100 300 55 216 :a5b53e60260237dc64ed74d00e70502cb7a81dfd3738209f3b0b42c6635de41de116da83dea92f6b05f9331ce44ebe3aede3bc411c62809bd87879b30164ee00fc8b07a3ed7d506aa84fb5688e44573df5e928caaac52db1baae34598fbcc8603b3dd225b52c78a083c499686ea39dd6d01cb15ae67b43bf98b8b39a5c0ed22586d1acd518acf9fc4f98570d924238d97e6bd5f5c94646677e0a2ebeab3c80cade5efc68c589c6dbff32b078082c78aa5b62f4e344dfc91b2755d9596a6f4049daf33cfd16c00e1d
32 201 100 300 55 212 :4e11cec9e06f7456aa1f0aa5eca575600e45bd22973c43c30108fb782dd89e9994a329fcc0c21ed4b29c0c3bb5778b54572eb20303fa17cdbcac1874b2d8824648846028ed4486928c110622138de5ae4da7becd98f5022d724c19b45ac1d61a37007673a69bd33ee236a16412335d130117cfbb56934502989191e14ea65dbbcc7c569a6757d7fb76a5f8796d5f61115e7f7ce70f23890eb8f90a25afb43a3223e84d2f86c45fa04645af0c16068862204042bd062e120d9b9a2c5403734758c34e9bf5c2d0d38d2d
32 202 100 300 56 216 :68dd3e74898d045c77a81c285c794c4bf234b3f2dfa3ecaf3a80ea0b5326bd12947dbd5df45145104bbaaede04af05524558eb513baeb63b0942a166e3d3baadf00bc13d0e8ed0dfe3484abdd2709dfb03d2b8d2d1d293161c1abb60084e795802263369b99ed644ac9f4b3d0a0e9b1e646188b8d24c62345a59ac2d3ccd73d2ddf5a368940d1cf3a038b4f290953b6f983e2b87f12fa45378eb8c603df2c85ecbd3f9b886334f35533717a841b06cd010fd545b804b6065e6cc73740b64e29c61e78344693aa635cec7
32 203 100 300 55 212 :e12a6d63a1f5da4a41607b9e855eb7395e5ae3b720fb035a9bcd24d00f935de190064351483827d193c0e95b6979bd9e54a77b4ce84bdd9ac599cd1c70231c10dada5ccdfb75c9acb5356b3fa8dfdbdb1b83856017a95796032dc5e482c3d4525a70efd1d6c3797161a0e3136dd2c96550388e24b759335db5ba116326be7df036a0a2e91ff5f7df2714c5f804f6a3688b42bea29dc920243300cd1bd8eafb2f1af30ccd65147b5b8add5969698670f31d0562563cd90e05e185d095c6d3ec0d64fafc1ad1ccfa3aebb695
32 204 100 300 56 1 :daf6b01d13085ed5af10759448fb2623d1e25abc94663313d76f404fa3379ac1ff51ef611d82161ad3fd6af895f35aee9506bc576aeed7c271789e6b9e60a97db445bc95fd9cc429c344be29d9a7eecb4a6d54db98077ba4941ace828ac9d468530aa6ad4b795b7fc6c2f1a10f6591d2e5d94d924dd929f79eb7d66c3c20152fc7a42e4eda4a356523eaeb89f20d2bba9fc73cd588e73b57693bc7cfcfd19313cf5081768c11ded3c3ff9a5e5dfcafb6683a64aaca76f4fd94413c793efdbc6c14d02c501cb36bf8dde03003
32 205 100 300 55 212 :b4f601f1595f18ad794eae3a70e9b3521f59c8ff17a02a3492a293e388ba13ed68666841e11834fa39f75c5f7b27a18aca435752c202c86133334e70ce76cdb64da4b3a27285ac356428e66262e7a96801b100091622b7ad9e8b9f7826297697a9d1945ee0414f7d8315d43663b7f77905f7e8537c87717163af01f2e4275c2b6920f7397a7049b9b395754a24c9eec34598b2eee407359ca863f2e1c69e2445325cf29f5cf4e9eb9b0298c4706f4084df2c97f664acea97637bc200fa3a189a6801c5e0e56c5e01594e69c676
32 206 100 300 56 216 :7ba1594fddd73956c00a744603092065046c352c7974664effd2c72638b865c8ed2b1eabefb6b37beb313377a9bf02afe2d4ae8c4bbbe2b1b982e676828944ed32c40784072b3e23c21c14ac1950bc9f2af62fd5ecf1daf1e4d09e78f13f1fd7225ca949e9e3f7d21883a45e7449c9c131552b2000e2c15337cbc2ad991d8074d96fd7635d4d8b137f415d963e15e7dd8a121624d394a1067511865dfbb7fb6f1e10b6f77e2e46e86bc09b27ee17e2c170a2c1873f76cc0c6a56ce41fc6eef08cdf7305c86ec0d29eafe65c29537
32 207 100 300 55 212 :2bd5dd8cf89ebfc4dbd27758e7122d4df701eaa66964ebe104ba426848ed3f3ebbf8643054aa354d4e4a1767b157cec8d0441f8aab230921cac8d946184a106820333bffcf1f807b8799ce4353d153c2ab95996fc85b3a9ccbf9f903dbd6ded2dde8cbe42dde711ded8f6b1c740f6337884a09621602655dd168d9044e8c8993479eabbf95dbb80fe8310d9c787ab113a0cdb34e5d4a64d5df7b8d09d4b65004742468165b596d3b9e31c4844e409b46169b14bcd6b7ad315b12f8c4e5fec5104c239c95a4df686100d688a132d3ab
32 208 100 300 56 212 :67ec1b32d2701596250d84b215f3a5f44d90afccb85d1f2c643be1dd9f103d18b9cfbfe9e22bf850b1ddbf9220a3d602112ae0a46f39a849b99af768b15638129a341cac7ba29876899a7622c3b28e8144d408b0c7660df763f7626fac9a109906059ebe8ac8911bbf90727e70dc77686484a4eb89dc23e69c1df4dc0044b9a3902e74d295a63196ad872d8efd39793a7bfee2a0cfb741935ff408014f6e9bb86ee6afa936356d0d7e6c52d4cee90a72bbf90fedc4efd97d6efb9abde1d0cc4c116e36bbf4233d7580a0b229d7be1ca5
32 209 100 300 57 212 :023af9e6b6a2c5c4a0767bb3ba349dd1b3338e8b4e8f615fa4fa68eff60e3766927cf9659aa6dc3182c99b3388a4731c01e59aafde5613679d015b5ad95e6d2be1873adaf9fb29c3a54f8516d3dc5ab62ea4f65510b9e64b70a9126e503bee147260a01fd477f252763696f74b795d8f0f1a4e670011f897d79e477abe8c23ef814d8922611fbe37e1fb215f86e6a1a53c2fdd38c78b402142c1901e5d399985d5a88e22e8974504bcea6673b378eb3ed7fad3e2f1e296679b3b6bdbb371b125e6d66682ae8f9795beaa8b086f58fd8e64
32 210 100 300 56 216 :0d771dad98d84d904e1ccf2488c66e2f0e7d6ac76c8e887250ce2816690db0ee8927d8ccb39f5e09ba9504c1f74ae3a8ae30d03142e77a7487b9ecd4803594e5fecbe151a10fdf879e52d789b35f7bc8af9e9c91eaff424f1c2eb81a7a0342ad9f0957bb2c1dd3e9aca5484e74d52d517934696dc27b9f37d1bad1c6e87e1c1e1105bd32f9259df14adafb79b135d35d572fbc1562ea01a3c9d58b09c26bab0ec90be3269104d063a8e2bf0dbfc475cbfa1ec75632b33e19c39a133d57bdcfb09a953b99b9d32e5e781526892e8c1181c7c9
32 211 100 300 56 216 :220f607859c98a6ad07f1f08611816c6d4ff07c6f0e4df9272428f2c4022ce932c4f30f5ca1fa68b1a8a1cddc48d7dc7a28598633563c4cc32dfd4fd0293ea9a32a8c34ea3bd22efa43f008c604dfcc6d2e97a44cec7423863fd2481f1bc9ae76b848b84793a2fdf251265742b5ac2bfe8e35dbca09f9ee7587e0accdc7bb7e0414a3d61ec26c4a7c0a5119689b2bc57eaff045cd93a14bdaddc544c64831af2c5bed3c415c90849ea78f813030ccfd881b00ed841a15c3464d40c8851b581e008723b9702c386b5484134e14a33d1812aa029
32 212 100 300 56 216 :883e41e9d4d354be89a3706e218267c8d4a75cd2e3aead0eb691a62e93a629b39d2644c6517ecbe07a6a7bf0aff66b65ed32b4fa257237056fdae3c8f506ae9042e2dda492756d51bb1a49467dc532afaabc2c572212a1c9a1ab62e3d41b9a4dda562a9820c5a5de146a0ebed0db3ac83ee953eb6128d6091cfb28d0a26bd25597265e93c6be85441b30e4991b397e195971bc1d2404384d098e8a17fcfb0d4405279d26357b9fd96adafd33b27ecf3f15d88c877054963cb17b21995fdf1ad867b699d562ee1cc352d40abe19ae6ba972d84b37
32 213 100 300 55 216 :00fdea7a907ff4eed836eeb7424af40f47602c32a85a798fa3cf9c8c913be78e88665c46adcb9e352cfe3a1b88cac2dc0302f16f0b600c2dc23171ea649f1b7bfc604b0300efc2260a7e721ecbff0bdea7bc7e52f4b50679678c6f06042625cbc0d9be749ce3e19d1e65b01d1c87ab8697b537f49fd5e0c9d05d08bbdf8a1861ddf0974623261f84edbf80f2dc610c85afca1a008d747dcee5a09996f463b8573f8a1ec6b2b68122c2d97839edffdb064b5e56b5a5ba8d8cd5d9afec5e12a48869729622aa2dd1f882c01f88b965f26170ba2fbb5f
32 214 100 300 56 216 :feac904b615aad93f0ace700daec18f7368b10de7823ad32397d1acff90f65991d8e633dca1e8cbff30484afa85a4fb9cdce5fbfbe841a5438497ce6636a0d6928457866e861a7459078843faba51189f6b46b15d235ee79dba108ff3fb49d255976d8b658b1d63d84922dffa216338aa1ff42150d5f797205ff308ddfdfc434c29ab96653e69fe6771e4e21b4a3bccc50c12e510f4173cc026ed7813761caa374d4ac6cd6dfd774baebf6c7ab4c04ca3942430564fce542f1ec84134cca9786ce4f80386c9fa5dca85dc6a41e52b9bd9f4ad91b7084
32 215 100 300 57 216 :8885cab44145fb04bed4f0a2f13b35dfc330dda9a04b133f031bff5443424ffe14aa444dca74b42658edb19a1ef34dad16cc6caa08abb526a84e0adbec79148d5be2b7d39dada23183d78adc52f97adba33d787b73096d4b5577bfcc3bf919581285ffda18eafe853a5633cd478edc5e29300616b9b162fea6d78bdb1977bbccee89c4961e8d48603e2f3dfca98a5b00fd4a8ad0a0cf5f6c596f230495f6e6eb8483f9ed68ac279afa2310dd6271fffb99f4278752c959fd0ce6e6727e07575a75d772856e393688b253cf37d4088856988019db442290
32 216 100 300 57 212 :e2be737d11e38e195bb751fe5c2e86f49d95e1fc46a540885ebee3d52a752e6544cac9153cd0d5d672367553c6b51da9939ca930e7fa07951df915dbc2d5fac3c55c7359dbb408ff4fd573cfb615fe8476905c23f97f9a2de3d6e48b42a92040744653c9f4ae94c0ec1d0cf60e49c2f748f6acb0a82f09ede2e237e1c9ac95569a603ae1cd26bb45b3558511e343f6c4b62b76c62e912156d1de646a7a1f297499b55622c144886bfadf4e1e146849a9c03d1a53d2b12df63fab8353d0b30d7f45c0050c27dbd7594c216425b4279c914d9961662599a84c
32 217 100 300 56 212 :56850e864e82b503e5ecd7a4d04e0c97baaf6677ca04ad88b777cc5db3abbcfd4744cc6dc296b8c271f5710a82623e464ef8a2740aaeb95a8a266870cf59d5d4ef83090f8f384244bf9e5d540d5cf5b8c72b18a64c2a5ca654d3b3e05f17ba985e60c987f9e70aa5da7806408f66fc80dad332c2a8752f6ee78382a7e22c4441b02e36a46f5e5d2690f63b71b6ca03c22022d5ddcb0a48d0bcb79545ffeae4f736cac2bd55c543dc2ec4757b1da755c98c5ae910cf393c16f684867b7ac2ea7ea89cb10ac8640e1cfc09504dd1c4ec84cb006bafad5cd9d7a7
32 218 100 300 57 212 :d250461c36816a040790ac5920a366b725891734f80388f7e4090d94a44a9a0086a4255acd6f9dbdd5749318db975814145113c444d16d23b1859ebb6c150a911be6e763e8ee76834c29d90982969e4850e35cc731050837738f7e712832dedcb3399116ce768dc3dcdb78ac3f45fb704734777461053524a87d6489c5173381d1339a7c8634ea871060a5347f0aa8a4f8f27e8464bfb3b245d7e8be81a343d3a14bbd3a38bca7cfbe055cca013075f1dd566a81bde6bd3c60ac6361608603692ff63cec9387a840520c2be3928fb3b9d1744fc9090727e0f148
32 219 100 300 57 216 :94dbe6fd1d649fb2751c584b3767965c0db18f58b834da2d91ba5f636feea74cb3a89ca03b268992f111c62bca1f83c7939024024bcc2f958cbe8d76168929a05efe1f552969e9a15101a8df4ab7225682e018514f32a7ee3dccc91a20dd6ba91ae3b15698c413179dfb4e63a26828f9750fff7dda2bab83a5730834446447ac3d79071a973dad1917dc961d9fecf42da1b071cd0b4e1ecbf3a8116c74198a63ba840714951b1e6058fccdd980466b5efed6b759461ecb277dd1d07c319a9dca33e0c894b70fe53fd16b6317c4580dc5b452065960180ea5d50a57
32 220 100 300 56 216 :a0bbfdb6da9bdaa593025ffebe3cf09885115a5d08a666a1661e01116184a241fc13552e9f6a42b1035043ab25c139af8a616612e806290059337a1a6b13e24c4e403f624fdb093ea9b2d740877b3a6ae2f5980b09b896ddd4936ff4d79428840e2bc2c79502e2e4d92c41367c0ce7b1363ca8fb70cae84848ce6a980946a62f70ca13709dcc1b9c588a4ccd5df2a601f607d5f8d8b5478469e2dcac10c9732b75d0de26640e30a96dd1746fb4c60e7d40e6218b204fa38e66990199fbce8544ff01c9f8d7719041e01d1469a1f50d28deee37068d218e0173f7f776
32 221 100 300 57 212 :29d51725714de816e91fce57589add18ec316157fb162ece7c3041d3892d1518483223e0759a31e59d6fe91bf4e3f0ca2fa72f191b566f6c519984ef395ad13cc292af67b6b98afb51a8d2e00536cf896207e9bfd92490d5255e45ca686091ebe6269411775e86657fffc7a03211e7f6e96eeecb544331f24002160b0256c10766effd182dc78a073f7c4f4a4509596ab00c841e57b78dae2da48eaf0ebbe104be0ba2b869eab611510f47ec6d4f167ba2e91dc76820f4f1c6b0e904c713fdf478866f48797bebe4e00cce3a0e5ac7a39985a5ef6e0bfd6afbf401d302
32 222 100 300 58 216 :84470f640c02ff00dcbe82350d057310788a971ad28191ed0ac759899a4be16bebff06629575787bdb5e9481550edb3a51b84d17250ff9f77b8458ddac24bee576604149f4ffb53c59a24fad54304ab044a5c889302d22abef5865c8c62a7d345979a8aebe757bb16bba764dae4bfe1ae86576d56335e303e8ab04608d5a4037a179f0b2b85e979e6d3ca336b9ebb885948def12a2034d8ce044b73a7e56934547fcac6725b056b31231df958265aee7340b3d83101cf2e574d8a41d15e6c082c673c11d2f26df2f06ee73f09cdea891e02b3f82c220d45ecc2f06638a92
32 223 100 300 55 1 :0c50d15fff99457f338fda22daa6144cc6293ec67f9c1ab559fd57425d38ec19af1ec261ea66185350ba0957cb3647e64d4e5b2cf27fb9f505c8cb6ebd02088086ad153ec0ace31f91ad54288b0d529d4862fad1afd85f4074fbafe61bd061c82719220fa5f4345b7194db57fe2c0ee13a1e645805ce26f8b42806fea398b16fb81bc7a7c8d90e0b7efdd5cc56a8ddfaa4df8c21639a13faa52d3a04a1b3d8d69a2e83b431fe8faf106530b0edb519120acf7f3fa26aaeb71199c069883f17600bcd430c6a09bc305c436802c4a23f77e47fe6a71fd42c0fc739f6b0a64d38
32 224 100 300 55 216 :3095d9cdae1fc3f375f14aa1f040c73b64b57b83782c173b36a85c45385bab3eecb58afef200bc47e18064dcd6544f89d4c9abe6a2ffd4beaf13348c36489f437c740e26ad58a288aef3e45a0fef8526b5f1ee8ea753dc66cab4ff0d3f251526b331bd53963b2b0b9fc8a32fe7d36d656e3c94b07060728d2f780832266398dde0e774092284fc522c13bc1008d943a1374c848d62d9e36e00785d3e39885d6208d1bbeac0190d138bd238fe48dd237539a5988dc709987c54309311f595f02395c415cec8caed0b5852b9f5c5ef40d8eda45f00a83d27403baccbce7cfa14bb
32 225 100 300 56 216 :dd894cb5ead95aefad5a288505a397e06c44bee26d310e1a59ea3db301ee3f4561e6bb5aa587ddd1a529563e7d36b9030d0165c71a6c89ffd15eeda6adf125862ce4884e1404376315d1c437b1e6a12a8163d3cf097c0ae4b0530f5ee0f789f7df743494be7005207f82a741b96006ad7e684c4b1acedefb3418102f528aae4f9bc547f3ff7c6f0b7398d193121bbc812e7077afb132c90312d67189ebfb50bb0fe6c05723e59fd464e34dc49976f09d9d543e8fb6fb9e21368292ec550f489555f05f10694103cb59e461891d7a822edb81f3e0627f81351d398037c1b30404b3
32 226 100 300 55 216 :9240f8ce7b4e12cce7cdc7964d8cc9c420c2300e4c429c3972ab7203dbf7cae4fbef1c0be1f0bc4e8c2ba80966d5cefa81d8f101d289b7c1d13b775c8cf2e71bb8316add79e719b3252901d513decd63d2c8d0396214187ea05833f678a349525f4f8806ac9f399dc405dff7f584b7e91f56872160c0116c796f6a6a146c956b45aabaee99ae78395eda1052e9c08c07d1ad9542284fd3b935102da2c7a40d7bbac28acfa904da8bcf8914315c00bd5a0767f0f72469ba5065e2aa76e8a7f78e58fe4dbb30411320437c98236531ad143e40c1477d68d27ec0bed1d43b834c0bcd74
32 227 100 300 55 212 :6a2b35874b8e036e7d33fcedc990065965991a1ba48dbb884f4d6e0087c573852bd8c4ea7731f57bc0322593a987bfb0cbdac08f0e8b9b625e281bd0cbafe9757352c3fd9fd4e13b1310fcb74a125f2a4ec7f375ada8843867632f9dce41401730cbe69465f9ec1b0935dbb608f15ec8aa9b48df545ec3f01ce5b7831a99200a0244e885a32eed06ded2fdf9bff56991a19985a1620d4cfc6c8ec63766a7581ced68b352704c8da2da213f79625c89f53bf81dbc62f2b3d0fc8eee15399983c9d11416eb4e5c8247d1f1e7e88b6e24f2d0d28ad9befac2bf8e36a5bc8f86f75676f48f
32 228 100 300 55 216 :078d23582c9f7726df822826a3060f48d94eadedbb7c0309a5ebf66822e09efc5ed92a99cb9d8f805fbf8ec705c29c3bdfe6baaa3a3cf694591e69db9fdeb0728458e900e130c73bb512f309702f697061cdcec335f1dcaa6f107eec6c3eab9387c9e4b3d21a54b646595d8594f800fbac672d7458c33e06622e37b708121dc488f6679aea1bdb6e6d51f4191f119472608e424ca5c03c11a712461ffab26dcb1ff464fae1469dc4a52f54b008a33082762892397a623f539fb23345a6889446f98f4b59d0a62f67a0c744d829b4ec3aa6d1c76683884779371c6ca1657aacb8b02d25ca
32 229 100 300 57 216 :d85c5dc1ac6f58225850af529dba4f6ebb9aa3e0edbf5f5607c69e88476aab88a22720688c64b1759c1183fd80a0d1b6b84a2edb2394600f47f1addf72798d31649ae05bb26fc2004742277c64aaac53f6bc376a2a4c2a921b0fe684e2d7b049877b58932d042ede02a7879529f052f64e0e109b142af0d8895c325abf7d53e0cfb58d6597d1546989eb218f2665f22419096811fd39874e631b6b05e19bd7160886df44161b893aeeaab4e418794bc45c14bf2811d383932a168f4f22f64124d44049e794f3de53d33b83e204fb26f92d3b000d7c051eb882509755b5d67426c2a4b270c1
32 230 100 300 57 1 :09023c12be94cde3e94b4a67d33dd2e0419ab9650cb40ac99885154f0f180917b91ad4f01c58957a7dd4d1a66b8137d76e8dcbddddaf228ed9e59d3eb3657a654835754e3df0aea2503c70d139f0da6ca20aaee673978d09fbbc4e8a1187cf97d16b951ba5650605f07f66d07d550abe461f048d03135dc43a42da87bb6e6f8d3e079117d51d9eee20905150f54f38b1778f3d40713a4dae2f943c173fc0b12c7643561096c8c41bd25d6f0c708ca4e3c70b140c297dba68db0008fc7fa83167c2561041a504e6cfa1bf683374bb1e514845ad4aa01a10a909913c7df919b9ebb30a3c883d23
32 231 100 300 57 216 :9c8b6bd019cf3f1a14aeb26fa4493482e2249e2b96219f0488685a3eaeff0c229d2a0a41d71ab241f134e0a8a4c4fb8a9b1c7309764f38184d49d0cc65e71dae7b80005d389ae90a36b9feb0ca1d755b684dcbf8487f53a3bd76cc55ccc5f01d22bd68fbbf061e5e22bb061943a96aeb9a17e2fd68d2e32fad050341d9ba309e97aed740289a3424105979096e1057ac4f12f45c66e7e66117519100074eb90a6bb3808291b8361b928a55569e68b93475617395909025e677b5f708b0545e02691879ee96564daa3e74d865dbb0880e656981aee70806aadcb298e29243a62725b0b496b582ce
32 232 100 300 56 1 :67e228e95346ce7baabaa6d82a2cf3ef4b2eacf30f1eaf4e2e01c1ad338348d855f741b2ebb90665488c651e12f1d19215852a5366ea1555688ca90f810df764d090b5628dd673bdfe16baf259407b4c4a383bfc94b3956b0ec62a8ae4314254cd7d292e32b88a89f0ce8a1e17549fc940cc49d535557502159482ced1eaa578dff9fa830c776d8fed8560e02007a1311ec91a0b906fb3b8788b35df6a6f7c7df0e82ead2c6212c30199cb99f08c59543976d43e3b2f23a90d70606f9ea4750b451ca48584d5afb5f994303a372d77cae0429cb81792ec967a481e8071b9ffa33245abdfa4e8538d
32 233 100 300 58 216 :dc8ad951474e65691d3c546995ee4904af722fc9abeca932662076f7184282928d24d5305ac2e218954a607a5994d700b6aba66ff507003dff9671f167f63d9ef7f3094d820824a617ee7b81f0eb0afd90ae880258f0ae09c5141b630a7d5cccbf0d4999eadc77e04a2ebb9161a59a240402cb63ccab4dfad0a2c2f4e8b5c26830f91a0ac28ea3c2847a4f8627d717bdb67a5d34693179d0d492e6d02cd7fc661f9a6cac7120d9f66802a672d9f6e95f705164ce08b5cfd324f8b564d43db8fdc8c5c396bd705a6c267395270d0115fe92b936398f5b4fb7d7a871c64ab17ab61574254820445f0c2c
32 234 100 300 56 216 :87f5b975230ec9fd0a2dbd539a0247f7032ad1aa645c21a3e0a7d48957aa84f68ac740fb57d7be8c2ea340c74ba08ab70477a6437ed183277b9406eb699984aa6ec5fbc528efb4e6794dbf4cc2d08f3a79928858482221eea208cc60cde101ca7557fb164d2eea7ef4010c151752e7e26cd650d798a05de8cd366849491a6fbae11832e47d07120b174b41caa83a674f9b1bc7ca2fc5ff2f56ca5abc28615f76f8bd9bb7bb996ab0a485722f7034abdd45f5912a079c3ee119629f8ce665c0df17b8520fed67ce96a0a8ffee54095231bb7d3817fe97bca99a05b9878d4ce23ba705ba6d32912e26e358
32 235 100 300 57 212 :33b80f83a1b414110852d3bf54125b51529ba8b02628decc009e13b515981c469f6800bcd0b9157054857a5616463ed64064108bbb0fc48a50cce8e137370e21f5d1b9fb7b1e4a26a72200fad6e1b373b58417240ccfdd96028b379e55ed06ac3ce08204c5adc60ce91c0a2750e43d08c20c0d9efd14f03762ee3f18379838e5b7a8d98dec976bd06f71ab3d3e1ce22e8c873994cca1ca8c20416449e6fec1bb89b5ebcf82f17d57460cd0bd42b1e70d443d36214ad9ea764cf82157d0de5e816893b6c9a504d539f37d1278c9118f08286fffe3c2ae651ae70b541fed966941cb51c965c30de62b356264
32 236 100 300 55 216 :9b53bcc1c3150f943f77fbea352844a4a3b84bdd9af267e207a43104fe314aa1a952fbf468377b2cf951b8801698909b896485207fde2c6be06f307e0aa7a76e53da1bbf58771d71ac7b2432da9f0ea6c20751b5ee82b75d6276343a0857354dd8dc1c7f8a88685ffb97b4895b55c06f94e719563dbcf44e4df96cdebeeec87fa21ce0cebc1f470ea548f2cf8d4ef54eafb19f1edcdb3305faae13cc4d355a01089cec58b1d7e46891c8811f37dd7dd93d4901f5a80cc020476634074a8641959d54a0249325489799fd4d9181ede3be557000d05bd368b8d1c19450a6dbbeb2940c1fe0f3fc6bad538b87d6
32 237 100 300 55 216 :d2179c5d6393a7d3e77caa608232a89aec73b2f5267fd4d7080144338fba309aecdc198ec803d355868c0bb968bb14b187285cd6e0af3b370f6ffd047ecd0cfb39705f9f11dd7e889a42e455e293ff8eb79b60749df886a1bb3bf77f83a14a8b24dec3d009aee83ae02a0ca7313885cf828efed7a2c34bd7f3ed5866664c06bd51b764bf1f6e5cc26fe94f75286f5dd2f63a33e4aa275f2d363c1adac9793f83905f90194cf877388d2c320c8adeb233e5dc3a41fc7aec4552f0e57d8223b407bc3f50e0d5866a2b6d076a1ecb798e55bc832ce01455390c56072a47fae50fcb8b1b383fb171b6227f379d2f31
32 238 100 300 56 216 :c39b8e223dbfb39fb9ca63a36dcf215a389fb535145ede3e00f62f89d9a7a9f3b8f611f8bce5acda557a67a06c85c3e785119c4db18e409f328fa5ce0c10b2c3f58ac0d8993750be019222aee998ff5010e9e02fcc1a65af42e81ec8f487c5f1e4ba9dd70df4fcdfaa9bae772417db826b7d11247f4b6551f00626e677be76da060064a3d84f9b2e16dd5234f2f7b43eaad34c9ddd6df4d14f03853865dfbe96046435b202a646b572354d30658a44896b2f5fd3a22f1e15c43996fc5dfcd263a20fa5e6726ddc5f4392c1a064e61bb09426349b15f8e7eec8dc4bc7a6be211bc7bc20c2ade3eda8beb31213a840
32 239 100 300 55 1 :419347da4590c1b2f0cc57aa3bcf667f7f2a722abc7bc53be3c67f2e5a030daae9f23c589a52d58aa147ca494faa3cd0aa3053db2dd4ac0a9bd788618f5b58741a3176e57e84bbfd59ecfef3d551bc333897568d17f74cacee11b4a5bb65c6f30ad7a39e47d734f946228e18582cfebd10663a7fa9fe9c154c3976c6c93411466fde91d8901db2ca84a253b81f43eb8213e0c02ce53fade279ece8b4f721bb84555d0f97646f4cfd7349a42b39c1b4568ce54136f422124e65524a7296ad9f27df449c7841aeb8ff504b3583e58b5493c48820c69675164c95c5e093353b2c3572f05d23c5be751262477ee0d84152
32 240 100 300 55 216 :d30ffd1ead007aa4549a57de9f3a8c6368e49117033b058ce5c9fae3042f222e9886441c9ebd7d2550119cca405498d08880fdc32fcbb4b742409f03da3189b35bbb8f74e8fa4efc16e11752bfa2de43fd1b40cfa766c02eb2b880ed514f4883fcc097004ca0a8c50e96ee03c6d4657a4ab3d6dfed324f5f7127bbb05ea0a7641ae14b521cf05d4fb79e7717db9f0e80e2a9479fd0a0d61c12f05fede4ee4cd57f13daa9ff4486f2466da035fdfc417d67fdcd870f7e4912eea011d758d97b2b5edc78ce24a8c63d369604c68c8544d4e5fd682867047b8faed9f3db658eb7b3950607d4d2cc0d615eb0b45e65c8e544
32 241 100 300 55 216 :9bcf47c43369084e9827f8f578de3c6a720d6868d5e9efedaedb52827d45f8b557476a3d2b0f0a674ba6ed74ea97e666d9b28282edc8c4bc5a5cb8d22b189a9c71777b040a7750fe62da0dc78edaded4688fde812512a65bc965efa88a7ce4ae94a8cc16ac6d24d018544591a8c19ff058c50361be5f10b4f9447786e48d2699ef4e1eda3d73aef5de02ac7e8766842e132d9b87bfa87b0aa7cbaf36761397e206da9a97d3eab5bee04ef1785bfdcacbd675b975eaa4fb6e6ae6e7e63b1e68e198d6e2ec9538a5f6a128055b71e5a27573b76c27af6c63f94f00b7ffd7133b9975bb4f109f7212b704689fc63e554cbec5
32 242 100 300 56 216 :99c806c119dc69b0062e857a3343fcf15a5e7e907eb1d94bddb5822e3c0beb27beb2783f593ac99602902a6c520e568994b35dc81318145c3675aeb2be4b452ca5bdec7b84d0da245743b8bcaa602dc1ed00e9c8fbf388e4e5d1b19318914e8f5a6475022cef7de707db59f45c0c5f9e8259b59a1375916e1a98309ec5d381f8f1f36dcf2cacb921a5f94690ebbbc0f2163ba1228a5cba51af0d05956c3398efdbe47bb247cec55ab0a99f1307c6daa662616808c6c809aade625a73fda9beb4fec8efe1fb6fdff4b47dd3524c30d3763525ac46d584f4da6bed0194b3c7addfb16a3860b036c5012a33ed332dfc2885520e
32 243 100 300 57 216 :efb74d3ab9eb4ed94cff8915e3184737fa23f365e5b19bf7cccd708c0c32e9328d6e552bd6a174742385c14dac97cf2d41d1b4e3ffb11fec73a18c0fcfd387f893ef9216628d5c261cc3be179ac5d59c2d09aa317b0289f5ddb790e64e1356ab0c0f4badb71f131ee4ad67a5f547ff1a3d82ee8a3732fe70b1ef808c953d8b23a15277bbf1a4f1c7991f311ee576424b2a7c57a137589298e0726285cb47f65de5468b754975e5e315d81cc4e0b103fd7fe3acb647f7bc14d06b9518d36598f743886b23eb752dfd4eba76c6bfaded2c6fe515e420c951ea7afc8f7d4ceafa041ae8e24abf3dfe9dd9ddbe1ff722cc4066f699
32 244 100 300 57 216 :71fb18c0a717294e3569f9c62b14f97b472f7c6e723552b8eff5b6544d71ed3780a38954ebf3b039ab4c95315e3cabffb9acc6f62870f5c8ce90ec3d4f445c637ae45a1c0f693eb34a8a95256c4a22a27b254bf49d0ea45955a6d2a3eb1b007f13567ef8040121fe7a31d86672079e3643aa4d2d7606b29063349857a58c8426a262533a0abaa57d204d3cfd2ca9b4ee1e6799b87b70cd65e4519e323032f2ea14922e9033ec5da2cee7c05e3f0b7f7b606e1b359197e7b2fce54d9c9c7ced248bc3074380f808795571e8956ba6f6c2c75c1934abfbd05e162e203e67cf9e912464e0e6b94baad386d8a290cd4b9bedd436df17
32 245 100 300 56 216 :621cce5ffcd6cf33469ffb8d86eca96b6f464dbbbc58c3d5a881639395fd57eb7e09caf03a77e593f988a80f12126c3e5fad6469a45207366c0d22aa522fbadf72763628fd6b177ed3145c0d78c7464ad7fcfd5dc422df0b5def80a4335825203d20185a17b3ece9072fc5d1cd54a1edf09688da98800b79f98207bc2af25abbf5a64437fd2e9b5a0f72bc6d39c557456fb8e37d303ed7fa75b42dc32a242d855d888411f4cf39a5e0af0b91cfe1717f82b645349276b774a915759745026b16f583e7cd071bc1e50755d7ea5f8f07423f4c7e94e335f0255c08444c9b699c15fcb5eab3b0b46018a034a8057011e678ce18f4faa0
32 246 100 300 58 216 :3a015ec5b3f3f8b274202d5369ad41647b36a842ce78a273390cd1d055090d5bd436e0d31ff8d6fb701d0ef7a7d36648a0ceec689368d67d7317260f9fe046c90bd86be5ee758a33dee7d135622615dd3313b4f2602a73a93a6064790e764b71b6b49e669bc9fbbf3e00da50bb9c3b65d90eecb0e2abefb860e4529f513d486e8538a35974e04a430dc5df5aab4e64e6ad0411c3096d2ff01c47603831acafd07170ff0dffac3226367b4b89d4128e65475115946f343e609e7ff578ad294d2baad7ba1d3b2ce8c147e412bd4b42720a34c843d2f4c8e29683bc29a4ac34dfaed402f17947add3df300cac5d1c4f5b915298c3d6d9fb
32 247 100 300 57 216 :3b09fbe90dfa2743f1394441818d19067da7b117e84be861f84f17db42f24da135aede5f25a7f925be09730c5e6f12e333ec1ce3fb9eecafe188403ba444e3074762f9fe973691a65ce91ebe878227e07f00f412526b5049bcf5e2b31538806c11ed41705ec16a7543e03ed680135966686ff8f6816ca7903cb1bc42b416fb7435bb4401606d896f0b5458eac6350b849a2c879014291eaed04bcf58f7f41cecd733c5e325bee7496f83f4d13ed3cb82adc2d75a308117de252f485ea847dfdfceefc7b1908a20cf71a8702c883e9a7c0b8abc012cb9fc5808155217249e9b0ee18bdcb8ddb0ec6e099a43ea0701ef4a9742205d1504c0
32 248 100 300 55 216 :bf5d0b76440f98f7beb36f6553fc4ed627f7f5160bd11082433787e8b7a39316b757e0037421fd509f041b107545c3631791e7234a15808427b91aca905b4893b9e3085b265fe5d7cd0bd0cb105971d86c5af04249195710245112718ec107f49c7ece2718ed9b8556e7c7346b585ac6e7db8461899c1c86b903a1c3a753aacd986c9cc1d0b53b76772a0e3c28155c2220cb90acb0bd04aaad09d2c2e482c2395179b809182450fd7c4f8cb3165688ef61aaad219f8f93017ba3ba5dd4384397402d63c2c2c1f06109157af176a58404c934e45f0b5954c80d2128b30529329dd5dd3aed760cf8053028547e16b86584d7df40b5341cedf0
32 249 100 300 56 212 :ef535950669509257c6c93d90b181bc781ccb7e25843828e3219a0493ee3d61017722fb7a90c4bea2563a7ac55023e0ac10d044991fcac0a2a7b3655ce8de9d55aafd01f6f3099a913cee4648d6fba365ba023f9a30687b59d22e06a021f0dd12a7be5b59e8ddadf0b31c62d73c7ab6a92fa171f2a882de21ba6318d7a1641f3773141385a7f49b8ae4f50e00a8909d904732f42fb540f9de5e5f6233fbbf4b90ffebcc97a18ea01751854bfc8b9ce27567690c354c443538e87c5dc254660e26140ecb31e83753290a48955fe1c3b6b6bc5cbe03589225c48d4ac15f8defe53d3a069c14dbfce7087d9a418a7ba73a4e89e1235ac46b12426
32 250 100 300 57 216 :fd70ed40bb118f7ab34df62db2d93503f23195b30d9f5ae111f9b80c1bbbdeaaa2fe6b4923f777406ef6dff6ec08b3ce26447242a4e53c717fb546437a9cbae272805f219838799c861f436b32056298395f45dda220f92ff460875f9717ea98af3a12095c17ac95ec5a178fbd77960d118633182d252ea61a8d617dd292bc60861dc279af1ef36c2aec7372a9bea21898c767305f857e5617019f1a249a4214c4af250fed66abf83ba923e78e135bec8d5a0c5ee9eaf473f4fc7de083fe8e0c65e26ee6b802ea2ec75d58bfb7f35e2d5648c0ba2968464e94121812c6cc614dfcbb6a7deb9a721ce990ac4082d31e356ff858beda008393b17f
32 251 100 300 57 212 :c2e4295374afed60d345fc43387d254a4c0f46e134e09e78d17978191e9c3d6971d5f3b7ed9ae96f5c3004d61e4e06a3a5944c58126899f109812c4f87b29c9bb8ad27e6bd2020cd1406178d3059d6ccd7074271bac153d3a75929f9a893a72c1b2d125de419aab047aee0ba3163a5d02468572eab27c1c6d0d72bcce2d2e1b5d157106ee53564079a2389fc5e5510d46e4a362768a2b30c59011f985e7a2f2f6b65bc9ac0e6cef26f35215cadd0c54b2ff274a1f0f62bb5d5b190f63dfd8b346dff689b6354b30de665d2771cf7e1089a9031e224cccdfe28b2d6a121522eba24fd0375a5c2f91a09d996dc3e9c93fcb04524c39fd9114294b823
32 252 100 300 56 216 :b7b2f0895f123c92df5b5abd78b2ee7b1563ef2b530dd2e0009d051de092bab717b03ee14c5db0ff1ec83dc7de9a94611b8031a9ae6fc7c7d0733368bd80201ff8ee365581e03386ebc777926b31712b739e9a210760e5ca62aef6e7f26960f1a9d524c389145364e05595bef596b3f0d52d70d65a99232d505548aa7b07420da0e34a872ced74b60b6c29c4d0a80ce3e78e0c84cc439073ac828829c93292133e4441995dae320d63da3fa0d1525d370989d78c05a3d1b8110eda75b424a88b86b0b6eac6679a3e3d6a01e2719eafa16b50e67b573e47aae8544a0ffa4b324f43b6450329d2177b50665845da2e7f0789482c14050a94073377c86a
32 253 100 300 58 216 :15f1011cb4debeb180c3dc12817d222e751aec4a8654feee2263f1dd29d7acb591ca5be4e2bada38a8380923aa39849ddef2114c9e91da94159438f2180a454aaa0e3211f87bfba98b1a0a1ffa9fb62e3ecc038ea8e37f66f664a3728e72c2a93fa005adc0d3410c6b19000ca6a7159754a17b597cd56bc4beee4cef2c83668e7f10424d0c53eb8c7163f4a408caed81848d815389b9fb5828c7c2dacaa7124ac83cafc392ae1be2a0d68971415000a5f432caa53198d908aa23786d56fdfff3d5f5974e39c60e4594f03990c99b45d19db9df086c25a90be550312f9ed60c9175d50fb61bb1b7c152cdab4e5b81d23e5617d2af1c8e6290c73a669b3e
32 254 100 300 57 216 :26af852bc74ca71e5b4a62e5868b347ce8463f16469da0ef0188e42beb85288710b84c712e9ba978031fa1a3a8719f57928ad345ef966d81f62a134dc2f030dff13fe6374ea1923283c985f09f3a7e3efebf650391269bda3686eb3e31b052d478c4ba88b7477a412238c1ed718730b85375facdf86d04129d12f785fbe462a0cd3e84705da38d5537615a47cfe722de556a7f8a1241f12ea149594978586632c232bd566bfd45f265a34355d41a9c19b301243fee9ed14a89acda72ccc594dc3010aa83e7cfde08c5f9ae5fae00a2a75a23fe64d44f3a2dc7562e094f289faa9ccff667a82e2d07f7934c6a61c70954409a80129c8311ce33eee448a436
32 255 100 300 55 212 :252f4d563f1448d9e2c42efdca790bff4b2d3e428a941f23a40a968047a5e915c1c938f9bbb5e9457439b4e7e6d73eb94a847a6a057f6efe9e206c62f1c62446998577959d2ec021489b7cc53171932cb615d190a0134ac91900fe884d94b53bc59fbd258c7de96b2c5ef7e239ee73a94f7f2470538b8ff84fcaf9a529aee47b396bac88149b23689efd848f63662f516ff2b25e10134b8011020990256fd7c4d8a64b047705d489f4c9d5b291777b921d591b67a1b5992027a6eecf690bd46ce97258d2fb455cd546eeebb144a44a70b759c87692d1483170b3b4e9c467087dd070588a5c43eb8f4215daed73ab1175f30259dbbbb16e3861989d3bc3c8b5
32 256 100 300 55 216 :a596fe436d266bfde9f1a457e552d758069f6ca4c034f580008dc34c5081332b81ea8013695f020f45b8478bba6825a6071e60672fd7557ed9dc722c61a939a18cd3c3a41139ae06b936a7d4894a402a8ae217e4369c12654f3f709d3cfe9f550153212073499f54c73ad3682ce8cf166f0066ce5e8cd0e7baa42ec247e2b52fc5c3d96778e614650fda2b6c92af16d92d60eab41e89fbb21f42aba3fd3fe37cff54549fea27290fcbcb736e1e0bb5a0224956e20e3f1590e653635db6ae1f4de5ace15238d63db5fe317e5ed96c63ebb5ed1bb50bc47723ec8e9d2f9ca29a971284d44773188d575705ff697810cbbbef69c73c408097e7498b6b31cdef0e19
32 257 100 300 56 1 :0b83bef436c7e472fceebdd879a3a73ee9010f40ed24c0b88719265fade161a428a47a1b65d3e4e55feda1b677edef0fb48f8dc31464a24b6d5357d55413ccc1a943690069809ab26830bd2ef151f62801991f8bf7b1e778e7f2689a220c7ed7aeecc4517cd0f7dd5f8409d480170e50568b003626fe382b4a102d606c8715f80b09ff1f8df0241f70fe2036a506ac712d82ea5b1ee4a40e24d02f44075344298b6ed1c931318117810bb54f5626b8c042bc4588dbb2fcde252ccf22904a023192507a33271fe4ca192ccb9bf84ff3f4f04b19cc7b53222ce8cd5b34b2fa0e55414da158a32b0f6199a0d076cbc515e03bbd6b180b53c3b604a8a97326740b578c
32 258 100 300 55 216 :168877cc2b3746d5703ec4dcfa7f39db13ba8c98aa17af5fdb650c31463b65db0bff97f4b6f92f8f33432128003bcba37ad6108fc7ae37542851872e57e452c527ed0cd06a4accf506352ddb2f47a25f8ad5fe16d1299e400d0ace134ccdba24d253ed8460011b685b343e6ce2937cd5f65a8300ed8ce8685b2f53f5554f8b086215fbcb2484ad5f51fde9a312c2190e7ed29a9e321346cb7943cd05ded858ef6b86028b048605555c2f1e847b56e7dc139d53505aa4456c2e19951d4620288283c0ef1aa584cdbf15f5b394216605497663b6edd3afac5f07959bd7514518d4820dcd3a2a1600be709f380859b2df596397e6127d426bed80c542f21a1848e05cf9
32 259 100 300 55 216 :adcd47cc9d6d3356146a7e1fdb2ffec81860cfe1f5e8c76b59589cde51b69e65c5d340aefc5c31ec11d24ba104bc0eb5cc0c6b725130d0167aec2f346ce176f75236364015c56be16b1910e03fa01e591555dff21abd5e56b0fef15cdf1166861f32d012aed1d4f902c56c75f5689087a59317df4df9e965ac9d2189564ebd099b29076b9a95cd700f59966a5e3d7ed3d1754c59f055e3a9804d67c87930572a77d8fbe42f47883946c2ba95477c41f94885c0d114017e21ff6a1e0225ede3ace47c2f9ba0e635f11886d002b018edd67a7cb2ccc6c3063bf094ef8a2234d14909462a0efd747440280d9e73b48a73b2c6a5f7fa4cf4f4754d99b55959afac92d82bf2
32 260 100 300 56 216 :666a699b133ecef32a65285ffc9b786ef93dd5f12fc88d0e5206087535a968c3d65525faa136c985627bc6c39786fd22bd1402c3161db0cef669aa5e92d54b9d70d2b40039fe8281c79e22f9379c77bce27c19e32b34bf23f762aa5be95a900f0f4868c55c915a09c1b0bf3c0ae2bcbefd252b4c2aa93462371528dcbd0c1469c8453c840a3deb7a1ca4c387fbe5ad6b2726f5dd16bf4d9c7359fb5c1772f3f56042678cc4891c59600b57ade56eb4ebbccc2f1956c0d3999e541df95b9a84a10ded3fba6e6571a7bb0c7b83e0c821c2d8d38e0eaa28fb046894cde683b9e0bc84c7d89e2f91bef3539882dde12ceeffdb5e94c552b3022b74fda6cc70a3c22c5ca87b8c
32 261 100 300 55 216 :a4f661225373cee966e27cef00399309cca63a16a656a22a2eeeaa0a823b35815a265c06a366d7623c87a5392c8f6f1d5a86523a74bc61aa6670550bdf55b77428ff6c9307fe1af3401e221b27887d26c1ca0b21a23750f1b1d4ee058c42595d16337e416019b973e8e3dacadea311d5d2a5a5b94dfe19d29506e2443190b615d25d1a10d87289d8651b8795cdb77305bb55020a6c18e6cdc066294e8b1e14bbbe1446990dfa6d7506f9c18b275a7a3bba490947bc604c33df7aa1c86a238939927d80d8387997178cd8eafdc87c47382f4223ad33e08618db2c248753afb4aa08d5f08008af4178dd79c689f7d681a2c272d3f245744f3f26b2ba65f7c6b5030656d50ddd
32 262 100 300 59 216 :a1f0bed9c3e1241cea3b939137a03ab496a61402ca0e43b39b3d33d0d670674f555a7894c3fc87cf6c32291d466278e43c36ba081ff7f95c946ba4db9206bc58de69c4030caab4463d3b7c58d2ff916361f0bde8fb541713dc6a9f097cdfb34f45f0cfe93f5b9908ccc1c84ab196933c20d7b6ac533edaffe83bc3b5dfcce2cd70e8a3271aecb4ed6086c9b8bec5d75526e975a69624580319ba7ec0a99093f8f3b4c55fb5964b2339bba42e7a222b704f74cb7b172f0c048ebb34897bbff1eac5d907f6cbd19dd32bdd768ad60127a74a238b8cff4b4a2d309e928d9f9481da7b39b1ca422341742cb917e0d933ceca1221a0ab77985543d7115c73a4c1af09b7c08f2b8e27
32 263 100 300 56 216 :afb59d2460ba7562b874225af4c353424095266186553f0ce63c76538cc2030782c969fc51f7346bd0bfc3e3e47a79aca3a097b7bc1f94b5abbeafaf149b40099d41980c640c79cd105e9c6e82bc3acf80b07ecae9faf741bfee1fbc62484ddbe262893c246c3ff9d65cb9e50538339aa405484586e87cc65039dc451e9e65aca190f68819c3634ec888c92679167575141d8532f7d9d137cd2958c8436e3a524b89fb14d8bbe18863d8acf14f8e3bcfd4a4cb2d4fe81147ab4ef6ffaa5a1b570dd8338cb01d73d4194eb005057f7e0096356848fcc2f2140922f414b552f3e3e12a8af2583281b019994e438b23a126819b44eb4396622609b00c004f1b674a660b25d7e19484
32 264 100 300 58 216 :98d23e8218d741f6bc9d67c579985b52757fea5a91d05ca523d7ab3a342b9d1712337f3952f486e2ca56f9dc98a51e78ebf9ab6c19199169a7ef03d3faa82ddccb64dd4984c4856566deac414f677898613a78d8eb9835aa2a602475e17391fec4ff28f192698c6ff85db57f9e45b7178f3c78568e4ab74ab85c76c6521d4dc22fd3ae349d9c9160dfbb5f0ea55c213306cab458d1dcaa93adb2796533e713302db01737509cb209c363ee7f463906f2ba9a6ed57f2cc2a25e0376bfa1e1d1c176f628fe67af71aaefef1b3cc61a03c5b9c6de6e865d4514ba50f5804e861c1e5d8ad0e1aafe6b16b861d914758f241b6597fe9284fff732a8e7ae92ed190bd338356f98baec93af
32 265 100 300 57 216 :c92413d501ad2e052dc150f8b1ce41b9b31e8fc34a0fa1991a3c8fb80aeb6834367a8550791fc990c6648eca89304d692c8764c424db6be2852aa8cc35d52e55c37974b7754a2afb386720dbd24cb8efabd4ee3ab80281e1be0464a176c640996724e92224ed3673efc1a6b6807585f7be5cd93b1c8142c3596043eee7f09e5afb189d5ce33ec3987c05dcb502ffd38a34f61ce6af6f8b1e9c2073029f892f37c30638670a60c30ed01312ae9958328ffa36c048911f8f4df6838c560795d347db8222fbb7db52ceeeac510b78e507669db946519c5d79e4c426dcfcffcbe5c4f03942afedb7919f01c3aa5f62d4ed7667b3a0c28b43f53d2971db6c2a3c3f11e8e526566614bc520e
32 266 100 300 55 216 :e14f2b3112de4d6ff6e601e0c48dafcf0590033d058b05ba24da17bb15c8f3ba8d00073c3cbfd440e04ccc045f04d86b245f0ba1cd8a1968fd1a130ca8773783805db1e157c5c784b4b37ca26f050e48cc03ca68225adf637428a284a04548e74e44456ed7bd0b28a404184bb2d96c9e13a737141c9149112dcf155401bfc8d21e89e7b29b9f386d9574f3828580eebffbbec5e7c476b6c31790d91399253bc53227c550a0a7cff6531c8a1ad79139869cdbcf740cb9d55af7b562c8f101d055d399651750467f8afac0781577a7807b0a29336fea560668a57bd3872c2bcff2ef22e932758f5298030538a8433c125f7011d1acbbf93b9da5e41f51000a6fe79bff2398e95f8dca4f57
32 267 100 300 56 212 :2b908316801656c65efef40360f4465db9bb2b21546c592085f713cc4039ccf027bb515a461373e821ba6b47ea97bc2e6d4aa59212e00539a1dffd26d1baf1b9ec96172492f985100c679cdd8c6c29b5242fa943cefe3ace19f9d5f567127728bfe1cbb41271377191f397435891a0ee96376966d4cbcb7e43922578460f0d7a448fcd8eb77707bcf3fd82c321f524d920f59a25df40813512fd352fd1cb48e740cab22773414258bbec160c9f00bda640f202654ce7f6799bbd94d9a28f825b914c2f43a10505dc5fb10a473a2b4083245631abc72a10819d1b12886c83f493bbe333b15ce3772d1b07b69b82c8b6030369a693643cb0e0d17cfdd405b27ef95f3148591c01b60168316e
32 268 100 300 55 216 :0dc450a4f8a5b2618744791d2bc6d5c3264a3e5772003ebbc78c2f04ab6623c799defdf375700d07f4ca7121d38d47906744e002a267f99f97bf8c3fbc7b840030eb922b44bad026259b39d0fa7a423fbed3c276606a3554f406289a6d8daf736e8ef98f64d34c18b197920e41a40e46b85cf94247f43abbce53b8a7a8045b2294b71235f5d4e7d70b21191657acd5a38dedd57df1dd70d1dd6698ad387678a7166d2b461ec70b6aa1884660c258b59ee0fef61be8d09f0797f2507b147f1e2e79ed0a3bcdb5e38553469bb03bd9995eafe16eac7bc543c2d822eac582205f90da41761c69145f1d057e43c87b6ecda410826db8db27619ff04288cbf7200b572c21ac49f1d14c9238da3f32
32 269 100 300 55 216 :95f222c5295f2f36f34e7fb7f3575152ba218805e93470b009d397980b58b62b1495e6bcd8fb93eaf5d57f6953e377caa686c4217a201c11fa17768039e2379a6dace44606bd6b8d3e6acc749a9542b5468492aff496336214a0bdb678431e84352d5fe61b2687a1070506d277a60b86cdc2ea4ca1487de92ae1a9e03441b7d2c7b9bd8395f753a06a9d2b6b595bbd185ee6b8cf33d9d928e7a5d33b0b4cbd6415075510b37387a88aa561d3be584389bdd3fe7e36b34ba985b39c03fe0dc4df91a25ddf0c0a379e83428b0f7854ded28c3776b1a07ed67cd230826916b860653f0cfefeb909322562338aa51f8c8c1328fd3b3b7f0115168f55f85e97c569237661ce7f577943a674bb0be122
32 270 100 300 56 212 :413fa66fe8061ff40e393340b56407eefc8f1f9e2d68fdb0308dc2fb64e98091b06de585106beea0b1a1eb88e677e68686f123fb962fbd8abc3ffca0dfbf868ceed4d901008ebff81416fbd579a70c53def1752f35e3cd62aca7090ff4d2da87cd0324aad75f943de2ac60d50cf60bf3d4e6da5d27ffd6fb1359a99d0442f024a642ab53369dad1aab9b1f22f37fb9dba931ffbf5d261f065a7e1198c39ad4e03991ef7f31f6bb32150e51e87207dab6ee50dd1d15b611708a715adfa5d106246f315086cfa3c3882626b6ca420e3d2c9b3a3b1345bb748358ae2c8b1340eb778409fed22a79b356af7dc92feceaf9d38475a5447d38cbabc9c7d3a424eb42cfdb2443ff32dc0e181143160fc78f
32 271 100 300 57 216 :174b3a0326ce3eedcf751b3a8fe58e3d5751cb28ed43846665af028eb51932c28a405f466360b0f5e364103ca10943ab022f5cd403f5c487f5cb3ae23de25203c5d8a7046bebdc4cc8d1e818444aeb023a0049afbeff7934f72877eb0fd94b266b627f1c042c09c4b0880d18b0c28397de1977d98ca0acfa2ad773f511c644e5adc751b6be24a5dd555cc662308eeff680e04ebc5146f8324caa638e769328c5b35cb9e3923b7f7bfa105075740a1d08dbf6855bda5760026bbbf3cbc2e19feec67ec424c5f4c1be545a029da632b03a3e74829e91ed7c7b5d6d07e4aa23c0f3d2414bedfc2da8e6f2ab1a6a67d8cb96addf67038153cd5278e9bc14f998f6d0aefed05d2d857a7791101cf5589584
32 272 100 300 57 212 :471a637c3b6eb734c789c470c6abba669b223350bb447dfd237ef5b4357972fb1118e0ddf5c107fbd978ce5e75467053abdd1d71313f7bed45641dc6139702cd116665023ba8b276ecc1e5cc8d103fb15bad1a00ee79ce41785cca4bd840e3fc53515eaea658c1d406277e970254df01773f525a77765fa1b162c2d2adcc8189a08415ee30e79fb9adb4a63c98555de69fc4a3f18dd348e3d08982d35861eb2c89a5a91031f7f772845739dd96d5fcb03a9a1c281aaa5b7c2eaade0c02ffbc4275101f58d8147060dbcec8b22a7e0a61a2ccccc0a2ae4b25b7ade3c9177da19f747a9a05d65a7cf2e668b202a9653be5a0345af18edabec71e7753ecce715f3d9e3a8c66117a2950c360eb6b914cc6f4
32 273 100 300 56 1 :b9cf98492c85f0b2ef715fc72afc06ef5061d22bda23317e87df24f6828c4a49e1db9b855631f76b7340f2e74a8119feee4fa5f33cbe1a215514fa9381288fffbbbd9780fdc7c8fff3042e6d98f0955bf3dfa8a597e5f4d96326a36431190742febde7da928982662059b3c69e70437807130babbc44ed548cad0cb55fe864d8d8aea413e9c79efcfdf25aba4e8ce4b9bd261704849c98fbd34c86b18162608816fd395d34c55af4f1305249c2976142c161a3e893b3e02c2e66f236c30572558ad604128d63ac19d159e797cf8fff3417da41a59a4e7d112db5220279b97b8e4d462bd5733e51d0dede4dbd47e90fe5bc0c02cfb4d307998cafad478a28b6f18eea8e13feda6acc1d14a6898d6d7d4994
32 274 100 300 55 216 :9d67211c13073dc68336c1dfe2ae20a9af576b6a0ecbe3e0e43b2e994a7d471a25aeab97a1e263e5ff369b85e5070c6f30ecb9c849f74e8fee9eb5a6ba500154def98924d2ad533b014dfd34fb315276466f97b54a5b87d9cda87004acc348f7eea9cf6957233e51d0eb7cb3e45ccc4ccf40dbd56313197f355dd15942bf0a3f2d9472c9d858f48237cb6de59f1e80cae83204bf88111a0dc17676e259786e4b308696824ae79eaa529694643c5ff12d616ccafe42b828b82a7cc5177cadf7aa4879e1f815e1fc8ffc318b570aa2d1ebef056df708f65a1fddd3036a9f46a87db8b583c7d01ab40fe247fdf20e095366a97eff36f43dc1f6a9751a5196a502854443889deb69fc436d9c4f72ab447feb377e
32 275 100 300 57 1 :332fa876bdbe8e5cbfef19104f71452e73158c5b8ac14a228def34f75c627a7a0baee375d420fbd77942cc9af4a4876bc55c81708863560c3bcb12dae2d7137870f3a39a6fb0988e0a855a58d077a251464740f0883213159bd7e6180debf065c75d83d4a1e73461a59d8b9d391e5b8e95210832602e0c0bad19f8ac424dd83a15841fccf80370fb5c16d3ebba7d30531c5b69f6fc87a6811f4c5f8208de2012a0988050ae2747ce875b10f26467aa7c6ba8897a67a68cff4f775875a177740ae6a120a73f31de46c41fa2860340b6181e943ab01301316683b94f2ecb5c6baa29b86081eef43edebc56c88223cf444f8ef7bcaf41e898b2cd3afe1acb1c5dfa66e4e6fb76d5d3765800f5e70a2ba60783fd81
32 276 100 300 57 216 :61ab63d69b0f3782fcf54285904e7234ec30edc8276e65df413405f1f26f0718715ac4809accb4a3f413e02458280dbd3b4b1102973db11d32cb044db845bd233f15bf91f9a3ed7fe75cc232255e0f70f8f942625aa27fa312c6bd860f8cc1c4c6220faf381be72a986f7bd5c2b8cbd8e7a7f64ff1943818858165007c0a4d03f554de5b0aeb909992288ed4ce90d01960e4d389234fe725e16ff7661b103be3c3ac585c487a951982da01b5967757986f7668c5b7a4b11c55751909873513497d0bae8a5f1a54dbaff23e80221cfb06af1458da5e29d5fc51d8d9abff634d69f5d475fb6a1c0e4e23be876658cb3ff5b468261a3e69915c06e9046f7d69d2dd8e3f06e295a2fe767801e22681199a01b20cd805
32 277 100 300 56 212 :550ca50871415364b4396e989fbca5012aa8609a72e72ce180c9b74f7bddaa2748b12063782e293eca0579fc732f98ba3698c401343e79dd2ff15d51e451cd43045f3b165f64ab66ce560b6952cf90159dfd554bcfd188f28a668e84823e17c42aeecd7fcad0aa4a8f5566341cae1f329391d4d20c4f68368df7a0d5239c6e7091f9487b00198c6759ff5ecbe3900cd7609dc8702c23cf4722a84cbc99d0c62d0316ea1e0e6ac9e4f950499493048546f1afe18563e95036644b658fc4358af7dfd0912ff9dc24fce719cfa1e8341cc17f338994192664af989919e2863f642efbd1986be95e9ebdad4de600f70300ccd74db8006c4fe434e46c6919f213889cdda1c64cc3ca524d6ebce8bf925e2327ece3783711
32 278 100 300 55 212 :1f9a9045a0f44853f043199aefd66ae09b563a7765b7a2386c2e6d97ca47bbe79f75c123e742aecfcfa0aea41c5a8649092d8facbfa4c0daa7479f7fd8631671ee037e8ccb434c75b973e39ed114b9b46af21486a291c454c229d7b64f4c2a2ea01ecc564038d887ec4e24c07dc12eb181ecf11139f691724b2c044a6ddf9d4534d8567d13980189d0ee22593b4d7d54cbad45eed0ba8495da616657a325106efd5d0286fff1e64bbcda777c19971ecf8a2cca2050b14af88a8c7d30e95b1f9c01eebccf73d22c2594fd0c413ec817b4538ac4ddeca3a61f1eef54f5ff78fc97130878432d79e776d7e9865ff77aab198a2c0e5da582c73b483e024956003f2d55f82e72dc5b96a48cf222aea14a88644923d84d5406
32 279 100 300 55 216 :01bd091530fa76883794152ab802640dd88e09c7c82e1a6c382d367be6d32814842a45392d2e037165f594876c1efbbd563c9c942e394780f28be9c061ad001eb6773414638f9485cc3c7981fff0719a51c63cb9b012b19c83c48bc0a04b213a9ac7069495c48bc1654f40d7900b298c975b44269584fd7908254a0d6c50d5c982e8baf5fe6a89308bba0d3b795c23fe69f238d7ee22efd47c4d23c56ba245b621ddd3854f46fbcc6bc786a92d6adb5fe4ab5e1ad7feb046e66bd98994b9cdf9d1f04057d67092693ec19250f7a3fa7c0630aa1e4cc7b8fde0ea3356e1f92c89fc0cb6b1b9073b20ca2d8492e6eeb7f9dc20db0825a38c9a30631aca67ba5e368c010481452f577b08ce9ff9a15e4df8153c8ae2135d98
32 280 100 300 55 216 :ad3f8d96214c710c5bf4996f6e9249c3b78b01e94ba4ea736e3935665667d79c8da7c8825f723701376c0bbf21eed8a57ef49b942b4cf8247a504581c54bdd13e1d4eb7d8944356b0cdc413da5c4d3447dca51e612073b7172e4cb0303735a74199b843a18ff9782d831cb12760c36affc525016d580d813d0cffcd7cbf9655aae2bac031b38d569e10aee8420fbf9c5e378eaf0318990d25cfac1851229b63b4eef298967b59a02bf42469ac556cf557b358ea4b6980b15f6700af0ee50d4f01ee03593044dde6dc3bfb3bc2083ab339b1e8cb2abeb02b232d812504d482cae45c341c80d6e4f5495854eb5dd944df58aab98dd5dd4d34073aef3d27015ca15249cedb18b7f8974a36d147560cd9a9dd7e3cc60f05f9ba6
32 281 100 300 57 216 :f4aa32300347ac9a3c2caa10d41cd878f2c47b573700b09fb225fd809e93bf431d10d56f9de935ad15b7179471996bbdf19ea2212261ad82e7b74154be19cbf3676ba7b9ddcf215f86a3e0a66c453b4487d2c411f4640dd343a4ac5beaf6358579ba882edc31facfa78041c6ef329fb241e552a7324542ba350fcfaa2ed2efc7a55661bdf7ba0da5ae94416ba2e4b13c179ec5632b20c0349a1628d83073beefec3a8405cfd827a93650fe5b71bce95e93f392d6d36c63e18bae86a7b68abd66ae6820f0d499ae4e221247bc122d62f10aca960067747285f629dcb65421c100ac5a0b83658afdac556dce8ac8ed2c091e59f597d6f8ea29da706326a7c64339be19b3c7397ec04118f58c56ed34b822924a7832fbf0a41cd9
32 282 100 300 55 1 :2b0e8f2e4f6336d9607784611524ee2f55e25efd4d89acaea74ded546ec1d83740562c5d7e759515fd63fe664ee4abe2a8bae5036e933ef91bba078b66cc1bd65dab9de1d854b55b7ec7b0d8a5008137d736a8bfeb0195262187809117c6caf1151ede85bc9cda0479d3f62ac0d86a9c4fcc09b66437b583d1ced5f24334a13f392f2f3482ac3c6e2641934635db6d818f891836b2c93908d24dac6a88de3682d1c94f8fcffb77a5f151fd7b96c591045070af4708f2736ae3dae2957a44e77b83722d3c5b769b8a4f205fe6fcd789ccfc2c469debb6014330505d6f8387c4775b0384dbc62d0922f32c83a70b3c4ce9dc85e22bcc682a83a802bf4a6b7815d1a379eda97c39f6321c27a69d9db79b99976e3ef28dc32737e4a1
32 283 100 300 55 212 :9b77a4c11c605d5a522e8f3bfae5d03aced14ed7c053e674d2046b7b8b69d0b617d80fd40ce3aa9f600ab8d6328fc9c9b039daeda5207c2824f51da715df263760dfbe0998287d0f5638a5391ba96fefa1e9c4ee5840fa67f2e09af0c7cfa3e9d99e0ec527dc73075329581d80e6bcb14fc7e67b9417240fb7d7577037b204b669c2b8f044e87aff6dac599b900f29037626752bfed326644126168baaa892dfe13f9881ea1e324dce9ea840bad1f7c3c295f7b212010cd869e118b7d9282bf6a63e1879d34c4d45a4f547894697eca92dfbfb4a721f91db2f68adc1d1e50080a7507f29aa65a3bf1079889e746e46e09ef6ed648f468f5fb0551fd2545015f7f4ea218b150f09f8114eea8d5b5d4ec6ed3e468dc3159a16cea8a5
32 284 100 300 55 216 :dcd5f0d3d3f1267466d97b205b22188b53bda4f99fdff5c529e2d99f0a825f2b34463ef59b518ab2825e2caf6c3317a708b5e96ada7db973512bbec233bc35a7027ea9d48656c61bfef1d6b008695ba0820f7a8df50a54820a73907ec72a5cdc43433ca0969a8346f68831edde11e6d26bc6cbf13ab7ade1b2e2db9a071190620501edd75a953a01f9f7098cb818c2ee3652b34c36e2bb9d5b598aa0b6a7d69154624abebd86f1ebe1c5ca3885bdbd0d131ab588b36b2af3dbdafa0870bb97f8a85711b1b2bf71f17c376150f4d53b641649f83b571e8c5aed17f1a794704aae1124f742be0e4c80616502478c236205219934e387188c9362a8627b23ba61c41c04da0f0037e4c723acbbf166a46e31c54bc56f028a69902e5bfa30
32 285 100 300 55 216 :e8c6ce75cf7ebd47ef7691a9edbabee58b982d7fad88475b5801aaf1ade0c05cdb34d70d33b6f24cc2084bb7790e0395cb4791ccf173ef85eceaa2290a9fbdba7e5ffa5e77240ba81bbfd7febe3a5bafffc952d33fda7100b34236cd48526c38475f5c8d8080bb0c212cb29f02a96d52382c5526d804fac38e95e039f6dede0ba81a425b17bf3391437deeb493571915144a19d7ac86a1414696b34acab1bc1115d1012bbc93feb9ff729c9125a7ac21b5b9f88c7a07e81badf1aae72c0a1b3c336135dfcdd2950431e77681151404c5c47a51d7d31441f5fcd09eda241416253efec8900f16fe1ff317ac96869309d1053b21dea9ac7f50084ae5a4297e30114f0afb08a323d41f255425fa5ca45113c9f4c7fc11323d0e61438f764e
32 286 100 300 56 216 :bd27089b75048aa6cb7f1f2c4d6e3a953b0290873074e2b97b820e966e9f833b2eed44fe9f71adb4ff9b84226bc7aa35eb78606b4bed318ea1a16fb4210fb185d9192ac57a01d4feb962207f558c77c7ccb0bd5aa547f690add1283c10f1b4d0d6a4c858696e40b5b9b29a582f043dea499cbabc59e94bee3fdc46284ae1ea3373774a449162b1a7ba80488d492629ce211b03fe4d0bea3275afc7a18a513755d2419e6debb8c028051841a96c26d400e940f5a5633c8a6de14ae9f031aded321f0a62255e006872d7bb2aa8bd2edb1014811dfa8b6769c5f4772282f61bf9aabf70aa32da672e94b8be61fad24db567afcd45a1bb0d0c8713e7c584daa20ee26d27d866ca7c5f533360c33c896361a93aac2fffaa628dbcabe88ebc4b1a
32 287 100 300 55 216 :55a747cadb199151fcf37905f68420307804f10e169432a7851f71ee12e8f9665b7adce6d5171675de4280ce9e0683c98a0fd3510466cb0943a3064d79defa21e473e2c5b19af4d3952516647ad70eabc4d22c9c445c2d7618fda5445155926106db2fe2b59a1dfff577bc989c568b7d00878f7090dfe62503748c33f4aecaf6b4ad900580aa865f943e8a947159eaa159efff8fe5549d39a5a2f2a566a69c5aa4c3371a941dddec960c84095a3194319c69ea0b9d0873d62d3ff049fa24293dd4db33508b61ca82674cff9405db28e354d6b599f1804af4f2264f10083c2d621a25ab6caad397d7d40684539eabda0cf474d7bff29baa8b4842252e7666c7b94d14fefd4863c2077b9b95cfaa33cc069503805e7d53ab0d1fe6b6e99d7cc6
32 288 100 300 55 212 :cea098743a86289623c82f73f7dd02ef26a1d3f9a98f55291d73add45f1b4d5ff1298d4c85917ceb1aead6e6c88786b24968125ed140a36157b558c390a16a5e9c4819fff6aef1385f05392d0f8a2733831c888779dee99ac9d9711cc95bbf90a0892278e0fadebb550b7c01dfe545ef0eed6cb13a8f13a36aae3a750e406f853771849d1379e139ed8e1eb05d497c618edeb3c4076b4bd6774bd58d130fbf5e957c449bdd00a30cd43e11929d85aef8013ca0f4f802d14b22582282e92148e0f2abe4a55bf198a313def023de3f37c9bb6d6af992fe64528eb623a6744ba2157d084d5272950f5532618c42366d36fba4988b92d2354af1a92a76d0bd25f537c3965bbad8010208aabbc4322aeebcb7e165d16b9fa607be9bfeee6ecdebc093
32 289 100 300 56 1 :c6b7c9ca90d06b0345bd5aa09a936f79a5c8e4c47e57768106b5ef006a2171d55f9f7299dbf3a800bd91a31a342ffd2cbabe698811cddf9be5d0fc240984af41210c4e9b75a947d5cc2455c65336a0dda8868139de3bf2af07bab10a35b0e6c92ff0b9222fafe4d30dcde0323cc30f3face38b90f0261049d49743b3e10bbb83e9ccde6a290f429965dbcccb27b0ce954e8073b915ce3935abc84752efa1f3369ccfdaab4e8add2ce44f72284c07ac8472317b51d491018d5cdda494b7516ca4dfae25d4b82196379554ba0882c42afb9ac696c405e0c17a8f454e8685dba250fb8329b3503301f990228e731abc9028a6e73a2ce2762d4c5394d32c4ea059f73274e16a870cb09e1a117d989978fe26175bdbd5329b2aa154d58077c5196a8ced
32 290 100 300 55 216 :8cd8236f83d6393b54ebff38f21cc3536f5fabf6c832455405ddc2a6b4804380c86505e6b4cae76bcc83903538e6b8e7585c8160c2898a7c59d1f1618db0d73d98f9cc9d70fcc6b3dfb9fdc94d8961bf0911980abb16f1423da715988135ae08bf6336ab776f4ed94cd263f592fa2dd80077ce61190345a8bdaa9c75fd8c795a39341f7120b36deb366a1bc6db9ac83c92fbe72f4123adf8a463809d17ec94ff04cdb962fad259ee4ac21d8eca681423836c4800607e94c09fb933978d32a7eee62c7129db16fbf76deab200f9d4657e6a09fd959c443f7a4b739cfdd86659d544a38f785bb47b9fa0f1fcf98f2dacb8d69cd308b28040eb74a4c316075c81cb2de8dcb30158ed2db154e38de654c78686dad65c630d60d9d76242010d7075ce44ed
32 291 100 300 55 1 :01c6325b0ec1263eae3fd05c57d8320263bf6544bf318c993eabeda559c253d5768ed3214c2adbd497bfa1279e006a937b1acb04ca6b5581de146dc856421570da589c4233ab90fbf6fc17d73b6d853f9e157d219828d3a5382b690d3502600ca36868564c13374d241e1005c716f929d5c9224a66f2677bfd560c75c9c0e58a9b8e925a03142c81f964e3315ec63da095b5d1fd0d2667651bd2b9fd76064420199f394e30546ad50529c33be8806465603c4dfa71421d2b540a874e0f10f48cf2e3e9bdee30e80232e92ef4fea996037620264ff8be54c6b1ab63691017a01497098e48cb2b9ea59f7f292ea88ac5713d153f98526ea9f4a1a12825b72ad39dea611e9de381f1042f3a57500d62ce3f2cfecc885670d39cb8ab7c366bf06032d126d3
32 292 100 300 56 216 :7e7d60e978fa7801bbfab44c552529e1b0fdafcaf03d818b9c43ce6f962e882fdf4828d9e743fad8de7f77d7ca1fb74083ecf3a3aa2e73f8476f7b9d042cb5efbf2d67ed52638aad75d10e2c3b12502c7d8cf2a182aff299db6aa34443039dab04750d7abf5081ba10985e66b42c2d0c4e2548ef9cb580db882a1a262757b030ae7d75f2b6e22d136711ef508d0542420249ae42dfa5604773eec38c1cf3bb3c5959db6322c4a2a9a501d2387b256e6848353c00c56719532e01a193827ee4fecb7eaec8de3523774a6606af9a5de508d9f74a7fe8005bd86e29f8d8b9e622bec12bd18987a47d20ab21025995706a7af3c506e1aebada7ffa7e3b52b002fa1919375a6d36cfbd90b81eac74d03be8202878ceeb87166ab3d831d04818e754dca54c7997
32 293 100 300 57 1 :807cb03d80f2b0e7de2187e90c8263377f785f7424f51b67cc48c4ba91439e31f98cfd48d8228fb932b44cdd7686c4fba2c67cacd37123c19a3af2b628df55e3572481d20df4f61946ca4099bc91e76913c67c08d3865d444c5136ae68bc0e6e98f5048d7afc546b0156343c339707fec7904064d823abc175821073638e0ca05e7fc5c55bc4f19a45ab5846a196156ca9b2afa8eab3f759ee899b983e3ae6b67950eebb2e86d10d2fbf477648ef0ca560190173bceb9bc376f5217d0c54711b2ff3634a3d6673def5fe86c20686f75753546987f35f509c7e940239eb68e6f07a53e0a688fffa15cec1271809f684c2ddd733ebf02d867be30517ac34957e7a3f25168883004f3ee073c98c6b562e242a39d99de3b31b01953115a4eee9f975405b76b46c
32 294 100 300 57 212 :f34ebc87e2c979653a61f794c1335e5f5920ca4c06089b11e61c3d092fdbdd926f3b92d75bd1b49b4f13406d5485aa405e806bc75411d7bb833f0d648f434f8ddad30bfe75c570d37bd0176bdeeee80885edd5b5decfc6dc945a8b3e8e0941864418b7624b8ff042335683431a382b58476fcfc27b509171690f156d246ac3b254c4e823b491cb5b01c059bc62955a34d94ee6a4d972f727225796ec5446ba8d6a527ac1c83040a9f7a70e3b4fe2d88287e875d6164d16d4184bb68863afa6e340badac0970e78f6640a110ea87af9027d9eae1858dd9178532e1866d13658a5d378483595b619fe2925e8b371e308762b292cba9962c8a73518f2909b2d89cf659855af2d7c981430b496616485e3c93bc2b23f369c888487e8762d1c71832b3ccf6a25af50
32 295 100 300 56 216 :1abe842d4cf01747bcf0542af16ed8a0651f6a19897bbf656f14b7c76b14331e8deabee39861ac4b4305bf1a85b1c6d020efbc0f8cc1ca282f506224e9d913021975930b8e1ec54aa6d48c3a2a6eadaf4a75cfa5325aff050a6bc8b78afeb4c162a664f786b99303838ceb111baeb5c0c45d9153c76aebaf9575874c21ba740e250475941780ba2141c31bbc4c2bd8deb3ba5aacb26cc250a69aaf844483556d6453afdc8c4838b56cde7f9dc65eb5842f45f71da39971d477b3e0807cfb2389d7833f44af4d318f6adebdf32b61e90c95b05b57881a3cc771bb9f16b6501ed0bb2c6ccd494fbce8faee542918a8adaeb61a80f63b04c135d442604f83698d3b85f44a0c938b87fc828cbce928c75149cdfb66c02545a611073e45c9ceb7336c50071a18364713
32 296 100 300 55 1 :56beb46605d1a033a9affe56ae5b00e9a97de8f15c07055a0c27cd3e55215e9ed7a2b642048d9090670a45c4241df9a1c9427358f61a2f2e12bfc1c1c83661b85aa396b3f2a26b8fe2e285c634c18f463c2828c8d0adc9a87945401cb62100fe4014eb0d29d1e9e8b0c7d6f0cdface5ca8d3332990f397f6c4a52ac5f223bf87018b59f3d67438c71fdc8cdfe856b1962b274141efc25e5d107cb5822a0ab5b4a8cf7e3cec2f3a152ca0f35f772395d4f6d5069be67fc653562ce2c4459826b72506d7cbf53156841a052f04efd77a3a94214af65e3cd3a5d87bcd4609dff06137e395cb83915d52c8ec8fc163adc86a264be13550e8d3eaac76737fed31adebec642fa8669ff54e3be8848ea0264191432c1dfe83ac90bc39646bf3a7f969a05bd3d3abff2274c8
32 297 100 300 55 216 :fc94e9192a0ef4c68f567dea661a65bc237c2f632e500e1a5f17805e82659931f7511bf6e2fb09fc310f18a64ad1bda3433a9c96d334ee41b7f94ab9125ca394e49230ad115da37943652bea21b820c8574123fc70631f29d16315aec0760c8d0765be13e485cf589b15c59b616a59b2dad8f8c93acca14894dd702f498f20a85c0fd475433c3d09c8d93d4eeae50bfd9824a69c782fd5f1f488909ac23b8bfb846875b9ef7d92afa0112e7b3165e34d07fe9334cf68e784cbbab9cb5afb6cef6e1991cc284fb1bf4007afb25fce3479530841348ebbcea2fb6269fc0c5ed9e398ad0eea265a5793bf526f8a186b519818e08d00cc549b32207b5ee183ab2114de7dc3c18e6cadc3d31a7e04c07378eed5646e7f2c7a686f0439f2eeb7cd97ba69e246464862def08e
32 298 100 300 56 216 :0dfd8f8b036b272668f7fb2acb09e7101b0e4cb646f0cc2e6815850f3b2db68126683d7b63a3f22f34199b27c0d25f89ee2c031d73d0ca24d1c0e517b3f17e30e76e51c9d63d846c4142788cbc7103faa821db6d958aa9fb5997c7c8c7b0ca0660db4386a8dfe5286eb7ef99473d917c2f7d0da0822695c56aa7a672ccc0e24f7d35d938330c5676a5c46d5727230f8ababeb205f3d5843e217827664f5655269b595c74977e3897e9be36e1bac7b68eeb73d1ce35adf52383d010fee351633d7e254a994c5d0613c2154a3352ec7dd7bc59c5c7801c30d8e88aa4db9504939a683968c2c86cbc9896a300bbb80a8ac8fcdd016d631e7203a076eb67497a0ec66fa1858f9f832524e64acacf28166651bb33086b58ac193ba2f7fde795ea2eeee8ee79befcf52740f53e
32 299 100 300 55 216 :4a64cdc444686b90a03da3db90c67b6bd13a33a6927518c7ebb464994ac9677f9eaed9ac7806976b8d0be9b7d09f74ac5a79691dc8d1d03632892fac46805eedacd94372f8600f23a3135d120e23061ee637940e86c485af076d2d48ab01af438ca7283139b149a0de8cedc1407e4d1c3aeaa31242c4f5148b1ce38c842774bb2377b2d9c00e13021f4c2d56b63c61a444e9726834ec5a3f151678ff1e4f96f9ae569ecf4255d50c04e24c30ce4b900214d52c7e6861909585bfcbba5c70efd2a8f1286f243b91301b6e4f15fe03833ff998a86de346dd067ff5ad3fbf3baefc15aab5d9aecebce7cbb84829afea0d39588b28b9de61f023b2d0e14cf65ff08a74d1e8e6f72920a7c3c548e98af8dc44372f90fd62b20e26ff32c6379996cedb9d142d13d5d623a9afaa08
32 300 100 300 55 216 :a47044f2d9d6a1436c88b1895a5e7f39a18facc37a18d51740b25dca16644449d7bc473d05079fa19b1fd111671e9f21d12e20452bf6d32f41ce1e3f178d23fbd35bcc0ddfed8bdb87f2ab77a1628b5cf60747ee1559b4dc1ba1fc92f158d7fe3f00dc5ca4533d80e8b69e0729660b91c375ddaa57ed22d9dbd4f4d84079597f68c7de6687faa37d47060028429710597eec9036462ec5c2a74cd33d2e4feb1cc7cc3ed6a44f24a14e1120d2d8690f7fadf050b1d72dd21aca3759e868fce7ada01029fb844736d23706c3749c9baf4868f97a2096ff0cd7acf8870b471a42d1a4d14fc43c522cf8a7a9ca6e99791c31de65abc5d4e64bbc5079b4aafc15c9c674ce11b1eaf22a439128387d8df420a0acf4b6281d12844d9e51601b50194e7c677c9315e93913942d9164dd
