# in_len out_len m_cost t_cost time[ms] memory[kB]
32 1 0 11 52 216 :6f
32 2 0 11 50 216 :7aa8
32 3 0 11 48 216 :cf86a7
32 4 0 11 49 216 :b2cd59ae
32 5 0 11 47 212 :30bf6d925a
32 6 0 11 47 216 :7782fd8ddd34
32 7 0 11 48 212 :3db261dfea889f
32 8 0 11 47 212 :cb26b2164aeb19ef
32 9 0 11 47 212 :f95e5087469038ea4d
32 10 0 11 48 216 :935e3b33b794b09aabd9
32 11 0 11 48 216 :efa72e8915610f2e87f963
32 12 0 11 48 216 :552e1d1cbab65a305a9a0710
32 13 0 11 47 216 :4569164b5795f4b6987e05c062
32 14 0 11 47 212 :9d71b6e2a26afbe520437b71ac60
32 15 0 11 48 212 :17da1f5e7a27dbb32c0e5c15f62f7e
32 16 0 11 48 216 :b6cede14b72fb35124a761c8890eff1e
32 17 0 11 48 216 :ecb062559cfde7dae484e36a2bd9ef9ab8
32 18 0 11 48 212 :c1a9e42e72bfbbddd4cd3eedf74df21654be
32 19 0 11 48 212 :05ec2a9c3c0fa78a975de923b592e6b65db2e1
32 20 0 11 49 216 :997507def3d3f99623b86d6be8506af05fa89da9
32 21 0 11 48 212 :03b69e955a5f8a4e2b52af91e009494a248af6ff1f
32 22 0 11 47 216 :9e9c07545dd3aaa49cf979f803bf46798bd12549a979
32 23 0 11 48 216 :573287b7e1c91d84470e45745384bfc6431dafa5727032
32 24 0 11 47 212 :fdcebe68266c47bc86bab237d028895ca5223ba6b88bf782
32 25 0 11 47 212 :ce83cf5bd6baf5419116e566ed6b03c1cea6e459ab7138d76c
32 26 0 11 47 212 :0e08925e892f7b2cac6ef52de0a9b0209b27e45061d22740689d
32 27 0 11 48 212 :f3f976cc278d5927ee591a139f7e35eb12cf2c7d8f655e6e352102
32 28 0 11 48 212 :57892b014747a40f3e4d580a114d7a0216014906e1b07969725fb133
32 29 0 11 47 216 :00177278381c62224f2f892a8602663688bf2f08c0cd7fc3214d0dfdc4
32 30 0 11 48 212 :54fd30a2f417ede04a1a576d914197690b04c806d006571a3d883431ae9b
32 31 0 11 48 212 :4803ed4aa42df468818aa41dbfaa4f77d354a1f5630f6f9493d888cb2d1851
32 32 0 11 47 216 :95fc4bf81f99a88c2d6dd82ab21c2e187b41a7f9a59bab3d57870845d232b379
32 33 0 11 48 216 :ce1a2c0e8d81e11a2ecca608d6a424f7252845733209dbc24d1228cb9099db9287
32 34 0 11 48 212 :328942021b5dcfaa696472f971e02733b40750ac0d9e01421ddf3ad167c29e0aa5c6
32 35 0 11 48 212 :cbc3adf8d5771497031797fdf27ee174ff1db48add34246d875d07b898cc4535e623c4
32 36 0 11 47 212 :c714781bbc667acd45b5db2971b0a4ae99298ac96a8227a50669235a150f8280525e2dbe
32 37 0 11 47 216 :3e7892835de2db3178b3465d64cb59a72c18073355c45a76c8842da5f9395aa996973b90ce
32 38 0 11 48 216 :eaa7706ec4ca8b781124e8b8991915866860a3798beb9724f4b4a80b64fc416b60c9ca591f17
32 39 0 11 48 216 :bbaaf6f7f90bc6d6a218e1ca85ce3bf31b36700153fac9bcedf587729cfb2c4b07042bebae68ee
32 40 0 11 47 212 :872897a3f7bc3fa6797862af5d23c2f8aca0cce7f253ba6421eabfea53d8315e8fddbfcd49e408dd
32 41 0 11 47 212 :51f73e50235c96a3a34f6d15bb4c75fccc929775e9c71d3b5491ddc48ce339b9edca77d3eb2ba58879
32 42 0 11 48 212 :07cd95a8ff1492af90f7519af631af143b5d855b942b8905a7c8fba40cf504d9a1b4830358e77c26bbaf
32 43 0 11 47 216 :12f6d286acdf56dd663abf1db46503ed527c730425d08b758d7ad9644ee5510b8c7a49aade8aa67fecef2a
32 44 0 11 48 212 :56c5bfd07e2636145706e5dcca96bbfb4597aab2881195b5a00aa676a072872bef06b25d1a21ffef6aac3b40
32 45 0 11 47 216 :33eb5cf3d98023e937342d62fc546d29c291f7fbfd4ad8d4e67c4cfdd0bc338f47cf4ac2bc8020fd8ab2ec5c70
32 46 0 11 48 212 :0bf131f02073ef901b1356988a1b350a357eec01a3ce74a89d748810b2724f154027024bb2bd423ee5361b3e9c3f
32 47 0 11 48 212 :dcf53381772d51cf6e5dd636894fc31e31b07c5e180815e92e920bf638f8d56342deb3e3f070f1f0a92154d0cf42c3
32 48 0 11 48 212 :635e5df179352483bef545dd15c9e4428568e0688c203e4e3ad7ed13494da00c3e93b38c14ebff442b8e755cfc1259ec
32 49 0 11 48 212 :f020bb5fef05d2d47215cd4494fc3dd366ba45a7b8076a55389b302afdda386d545074fa81231622d96ea28d6974ce154d
32 50 0 11 48 216 :4da1fc71c44484c58ccadd69b55c525695b5b8db7b2baec6ff0ef6bc5eda19b31c3604388be6e9f55461a418e716d91fe38d
32 51 0 11 48 212 :de4b3d4e36ad7bc1acc3e4664f79a854a8291da528c7722fbf9db4ed5b7c965f0c6fa10a5ee8dcc55bc4538615b98f659c87f5
32 52 0 11 48 212 :ae1130437def75d5840a47ab11c48315a97a3352d1eea709fabac7f080a345fba480fdc31f10ddf9734b4696d9b73eae3fa09531
32 53 0 11 47 212 :1438545fd3ffe46af019f3eb4975a142cc1cc071a9b5833120154dede40054bc318eebc2a8d2c8bcf659792a21542dacfb9b569d49
32 54 0 11 48 212 :90d05c730a714539c33a4a9c6bee1ddd926329f177ff3fbcc431779dc43a77a262e7187694ec578ba3b462a8090a262e1000f8bb0df8
32 55 0 11 48 212 :212f4ee7f473c6870a61e4159d33edb38eff559383b8d21637338e18ee631bde28354b2c35619f8d541bcc7cf470508dd47e5858dd63d8
32 56 0 11 47 216 :f2a43b778fbba1085a5408da2a94302e65ab34f06a1f1490aba4ead3fe54ef9d4cc3d3c725f8a38b1ab08a0056b22f6946d53396a3e25ea6
32 57 0 11 48 212 :975c850980392538ef01c1543a8a128ef5f2b54c34e23b6fd338732f5dfaeade589b82fb3a6984873f687cb572fc41088c83703dd25b450fc0
32 58 0 11 48 212 :1fa7ba962028aa30f4b30ccc88e286ee2a4ff3cf07bbd4a388f6c4288f6e192f89f472cd04b7d013117e940edf91b42499c08bfb4dac373919a9
32 59 0 11 50 212 :a24c1434c295007b022de255d59cd2d59cb37bca15f33568f503e3014e3256d81dc84c1b983c63e04fa6460be0d1d12d8b91fe540983ca37651597
32 60 0 11 49 212 :723406bd142f677e0c75d83874078ccce5a5205228f5710e3cc50865ad70f7699bb533de8f19bdf3fd674cf33e13f3bc7581d03a4a5b7e5ca481bd06
32 61 0 11 50 212 :590dbc4e742d59a25e61764b7ef7bc8409714976898cf7b0679ba75a9996261c8360ea82f271870cdd86c0d47adb2faa5cd8ca081ef3ae5af3762a4aba
32 62 0 11 49 212 :acebb143c402baeb2d43ecd454f2cd10d7f8df9ab589a50d86c21b71d168d65e180bd8be9c72c38a7d2cc57d9e5369d2eb074380aadacbab56f850ad5a8b
32 63 0 11 50 212 :9abe8a360cf9a399f168f76cb3c278b62049f9767d4654fd42462d8f0dff15a60e1865ee5115cfd7c681b9a8719efb4587905214b557e013518d97df5efa38
32 64 0 11 49 212 :6c66282e008e7aba46a77495f203f2002ab77f2ca5acf58e7bbab78d683fb7a62b0bd396b8565f714ac6b61eefe308b4163760aeebcb4e4acf15a8dc06f262a3
# ERROR 32 65 0 11
# ERROR 32 66 0 11
# ERROR 32 67 0 11
# ERROR 32 68 0 11
# ERROR 32 69 0 11
# ERROR 32 70 0 11
# ERROR 32 71 0 11
# ERROR 32 72 0 11
# ERROR 32 73 0 11
# ERROR 32 74 0 11
# ERROR 32 75 0 11
# ERROR 32 76 0 11
# ERROR 32 77 0 11
# ERROR 32 78 0 11
# ERROR 32 79 0 11
# ERROR 32 80 0 11
# ERROR 32 81 0 11
# ERROR 32 82 0 11
# ERROR 32 83 0 11
# ERROR 32 84 0 11
# ERROR 32 85 0 11
# ERROR 32 86 0 11
# ERROR 32 87 0 11
# ERROR 32 88 0 11
# ERROR 32 89 0 11
# ERROR 32 90 0 11
# ERROR 32 91 0 11
# ERROR 32 92 0 11
# ERROR 32 93 0 11
# ERROR 32 94 0 11
# ERROR 32 95 0 11
# ERROR 32 96 0 11
# ERROR 32 97 0 11
# ERROR 32 98 0 11
# ERROR 32 99 0 11
# ERROR 32 100 0 11
# ERROR 32 101 0 11
# ERROR 32 102 0 11
# ERROR 32 103 0 11
# ERROR 32 104 0 11
# ERROR 32 105 0 11
# ERROR 32 106 0 11
# ERROR 32 107 0 11
# ERROR 32 108 0 11
# ERROR 32 109 0 11
# ERROR 32 110 0 11
# ERROR 32 111 0 11
# ERROR 32 112 0 11
# ERROR 32 113 0 11
# ERROR 32 114 0 11
# ERROR 32 115 0 11
# ERROR 32 116 0 11
# ERROR 32 117 0 11
# ERROR 32 118 0 11
# ERROR 32 119 0 11
# ERROR 32 120 0 11
# ERROR 32 121 0 11
# ERROR 32 122 0 11
# ERROR 32 123 0 11
# ERROR 32 124 0 11
# ERROR 32 125 0 11
# ERROR 32 126 0 11
# ERROR 32 127 0 11
# ERROR 32 128 0 11
# ERROR 32 129 0 11
# ERROR 32 130 0 11
# ERROR 32 131 0 11
# ERROR 32 132 0 11
# ERROR 32 133 0 11
# ERROR 32 134 0 11
# ERROR 32 135 0 11
# ERROR 32 136 0 11
# ERROR 32 137 0 11
# ERROR 32 138 0 11
# ERROR 32 139 0 11
# ERROR 32 140 0 11
# ERROR 32 141 0 11
# ERROR 32 142 0 11
# ERROR 32 143 0 11
# ERROR 32 144 0 11
# ERROR 32 145 0 11
# ERROR 32 146 0 11
# ERROR 32 147 0 11
# ERROR 32 148 0 11
# ERROR 32 149 0 11
# ERROR 32 150 0 11
# ERROR 32 151 0 11
# ERROR 32 152 0 11
# ERROR 32 153 0 11
# ERROR 32 154 0 11
# ERROR 32 155 0 11
# ERROR 32 156 0 11
# ERROR 32 157 0 11
# ERROR 32 158 0 11
# ERROR 32 159 0 11
# ERROR 32 160 0 11
# ERROR 32 161 0 11
# ERROR 32 162 0 11
# ERROR 32 163 0 11
# ERROR 32 164 0 11
# ERROR 32 165 0 11
# ERROR 32 166 0 11
# ERROR 32 167 0 11
# ERROR 32 168 0 11
# ERROR 32 169 0 11
# ERROR 32 170 0 11
# ERROR 32 171 0 11
# ERROR 32 172 0 11
# ERROR 32 173 0 11
# ERROR 32 174 0 11
# ERROR 32 175 0 11
# ERROR 32 176 0 11
# ERROR 32 177 0 11
# ERROR 32 178 0 11
# ERROR 32 179 0 11
# ERROR 32 180 0 11
# ERROR 32 181 0 11
# ERROR 32 182 0 11
# ERROR 32 183 0 11
# ERROR 32 184 0 11
# ERROR 32 185 0 11
# ERROR 32 186 0 11
# ERROR 32 187 0 11
# ERROR 32 188 0 11
# ERROR 32 189 0 11
# ERROR 32 190 0 11
# ERROR 32 191 0 11
# ERROR 32 192 0 11
# ERROR 32 193 0 11
# ERROR 32 194 0 11
# ERROR 32 195 0 11
# ERROR 32 196 0 11
# ERROR 32 197 0 11
# ERROR 32 198 0 11
# ERROR 32 199 0 11
# ERROR 32 200 0 11
# ERROR 32 201 0 11
# ERROR 32 202 0 11
# ERROR 32 203 0 11
# ERROR 32 204 0 11
# ERROR 32 205 0 11
# ERROR 32 206 0 11
# ERROR 32 207 0 11
# ERROR 32 208 0 11
# ERROR 32 209 0 11
# ERROR 32 210 0 11
# ERROR 32 211 0 11
# ERROR 32 212 0 11
# ERROR 32 213 0 11
# ERROR 32 214 0 11
# ERROR 32 215 0 11
# ERROR 32 216 0 11
# ERROR 32 217 0 11
# ERROR 32 218 0 11
# ERROR 32 219 0 11
# ERROR 32 220 0 11
# ERROR 32 221 0 11
# ERROR 32 222 0 11
# ERROR 32 223 0 11
# ERROR 32 224 0 11
# ERROR 32 225 0 11
# ERROR 32 226 0 11
# ERROR 32 227 0 11
# ERROR 32 228 0 11
# ERROR 32 229 0 11
# ERROR 32 230 0 11
# ERROR 32 231 0 11
# ERROR 32 232 0 11
# ERROR 32 233 0 11
# ERROR 32 234 0 11
# ERROR 32 235 0 11
# ERROR 32 236 0 11
# ERROR 32 237 0 11
# ERROR 32 238 0 11
# ERROR 32 239 0 11
# ERROR 32 240 0 11
# ERROR 32 241 0 11
# ERROR 32 242 0 11
# ERROR 32 243 0 11
# ERROR 32 244 0 11
# ERROR 32 245 0 11
# ERROR 32 246 0 11
# ERROR 32 247 0 11
# ERROR 32 248 0 11
# ERROR 32 249 0 11
# ERROR 32 250 0 11
# ERROR 32 251 0 11
# ERROR 32 252 0 11
# ERROR 32 253 0 11
# ERROR 32 254 0 11
# ERROR 32 255 0 11
# ERROR 32 256 0 11
# ERROR 32 257 0 11
# ERROR 32 258 0 11
# ERROR 32 259 0 11
# ERROR 32 260 0 11
# ERROR 32 261 0 11
# ERROR 32 262 0 11
# ERROR 32 263 0 11
# ERROR 32 264 0 11
# ERROR 32 265 0 11
# ERROR 32 266 0 11
# ERROR 32 267 0 11
# ERROR 32 268 0 11
# ERROR 32 269 0 11
# ERROR 32 270 0 11
# ERROR 32 271 0 11
# ERROR 32 272 0 11
# ERROR 32 273 0 11
# ERROR 32 274 0 11
# ERROR 32 275 0 11
# ERROR 32 276 0 11
# ERROR 32 277 0 11
# ERROR 32 278 0 11
# ERROR 32 279 0 11
# ERROR 32 280 0 11
# ERROR 32 281 0 11
# ERROR 32 282 0 11
# ERROR 32 283 0 11
# ERROR 32 284 0 11
# ERROR 32 285 0 11
# ERROR 32 286 0 11
# ERROR 32 287 0 11
# ERROR 32 288 0 11
# ERROR 32 289 0 11
# ERROR 32 290 0 11
# ERROR 32 291 0 11
# ERROR 32 292 0 11
# ERROR 32 293 0 11
# ERROR 32 294 0 11
# ERROR 32 295 0 11
# ERROR 32 296 0 11
# ERROR 32 297 0 11
# ERROR 32 298 0 11
# ERROR 32 299 0 11
# ERROR 32 300 0 11
