# in_len out_len m_cost t_cost time[ms] memory[kB]
32 1 0 12 42 248 :fb
32 2 0 12 40 248 :2ebf
32 3 0 12 40 248 :6b5c73
32 4 0 12 42 244 :9f247758
32 5 0 12 41 244 :9077b1f01d
32 6 0 12 39 244 :0f2547fd7379
32 7 0 12 40 248 :7fe2dcd1239b81
32 8 0 12 40 248 :698e242f3b41910c
32 9 0 12 42 244 :ad62be0597a21a5108
32 10 0 12 40 244 :0d97d9ddeff37eb8e9cc
32 11 0 12 40 248 :c987e341bc963b7c5c2453
32 12 0 12 40 244 :65e0044877ff265b0df6b96d
32 13 0 12 40 248 :86dec47557c8663ac854543b54
32 14 0 12 40 244 :076e11bd6e2bca4f0fe396b00e92
32 15 0 12 42 248 :fbde23e7d2813e75c7926f447a07fe
32 16 0 12 41 248 :b158d421cf8b137ee03a60678eab57f8
32 17 0 12 42 248 :06c60515b54c190fc5c4b8b0ed7f4bb054
32 18 0 12 40 248 :94b6c2e2a70586ecc2c55e183117e29a095f
32 19 0 12 40 244 :63fdae0b061d225d2be21dcfa91a280dfd5f94
32 20 0 12 40 248 :7adb5b9bcadc0ce73bff0a84f08c91bf06c2dbf5
32 21 0 12 45 244 :20f6f4b366e6c856a20ca9e0fd0e4c50d9420f7e89
32 22 0 12 42 244 :bc45733acfcb8a140c93ac529fe4cc893048fa6f8941
32 23 0 12 40 244 :5a6736763342a4a8b57f26fc976557571c707a5fed06a8
32 24 0 12 45 248 :9042c145182ec017edef70698ff76baba6b3b1c47d83e6b6
32 25 0 12 42 244 :b9bfc485485fcabf382adf7f4a11572db2a8ccb23e6532cf53
32 26 0 12 40 248 :111323f8fdc3f066d1353a50a6b3eb652d350c06478675ad2fc4
32 27 0 12 40 248 :b4a0aa075b63eb3924c4bfd600fbd5bff697f7a1f096fb63383532
32 28 0 12 40 248 :0f6b522f13fef67a8110d3d52fae431f002a43f2240ae1e0880502f9
32 29 0 12 40 248 :8b85549b544e65d3af6fc02d2ad437691cdc82d1c6164ffdcc6f74722e
32 30 0 12 40 244 :7b0bc24ec05bca70f8eb76fd124913b615474b3537bc3b6b601797c2a2f2
32 31 0 12 40 244 :9d1fab8f099ce9477e648dac3155d15c541c637e333fb2fd9bd26fe1fd489e
32 32 0 12 40 244 :6ad2240e1cad36381c7128dc47e15e92fa6311b52c3faa59d1955a31af9045c4
32 33 0 12 41 248 :a3c1f67400205dede9f31806ce5c013898497c145004c3d812d55c4cb8a2c77768
32 34 0 12 41 244 :03f496af9f97d2b47df43f9584aeb5784a1c9773f533d1fac46b8744b381191caaf9
32 35 0 12 39 248 :123cdab593f168e917e1e2aef1e6a8ebec2dedcf22021a6ffeb85a04b2a5238c396f3b
32 36 0 12 40 244 :f1cc0f4c443082500453ff4f703eabb37d108a03892400a3480a23a5f9540e54470eca36
32 37 0 12 39 244 :a93f49b950d8badae21c1411f7d07ff29014c0565c8d81c2d0de81ffe6772bd966510d230f
32 38 0 12 43 248 :9275c4fbc24c47c931f6ea512facc2a722f9fc55782c7955fe5e5cc8e0e89501a4441e59472c
32 39 0 12 41 244 :93b9bffa74dc5f7bce191414514157d4b88d4f48811f01a77ba68f908ef6ea84f8b37263749088
32 40 0 12 39 248 :e54a362de24ef86fd0303898bcdd0373b0186d338c6d3212186dc90fb330c76593118f6439fc4cd1
32 41 0 12 39 244 :6f2c71b3dc7901adcc6289e2b9c494ef74f72f0dbc6c774f0b75d103088c5f456c37162fea24f9d79f
32 42 0 12 40 248 :1a5312a899328145fd7e36adf1c8080a0cbc1c1ea3f80787b1a65e38017c42eb250579aeffd39cd9a028
32 43 0 12 40 248 :87ed822cd16fef098429d3de7da788d70385e25f7bf6ff5e8f349e1f46dc080c9fce40c9049e0d72b08f12
32 44 0 12 40 248 :67de5fca32f2f83dc1c20949927d89420916963000013577177bedeacd513a0eec15432a9c18fec6f67c77d8
32 45 0 12 42 244 :f872a7dceb97181c4cf7f4e3b8d6864b2fa95f71ff87ddc5b920552220ea9846e26c8e9b6f4f781bfcea16ca38
32 46 0 12 43 248 :5f9ef81b2482e441e652d10720949babe673cb1218e06eee154b9ae65f5ed3f8c87c486aad37750d4baf7f7aa58e
32 47 0 12 41 248 :638f3744c873f13ca516ad456b3ad2528cf0f44ccf418de4da43bfed05d5296be415d40fc162ce3fdd4484c1695739
32 48 0 12 42 248 :4da1a366d3cdefcf944826548aebe2cb60d54e5e46831662d88afb8096c0af1708fd3aa720744249d63e6119c7189417
32 49 0 12 40 244 :693e7e68067746fe168c5c6470b923a97ff68c224b6993615fe283afce80bf73d2ece236736f004ee3ed9e603731fe4824
32 50 0 12 40 248 :cd4dbbf54bf1e3b0ab2ad51eb655a24b15144f1f7dc4b5d6df8e8fa9c869606f85c2258e7949643eadc2a755537717de27ce
32 51 0 12 42 244 :89488c3e6a1f212404fe1ae42880b1719cd3e8f552f79a80bd5f56f9e6d20ce5b14d1bd28524e3d9a692276c58cc3d50e927ee
32 52 0 12 41 244 :c45a255ea92953905c192560e2e1b6ed4b16d0c3562f564345aa7b04378cc4272a9fa27bc105dc2c99e4ad0013cc54cb905c29e6
32 53 0 12 40 248 :1312b067fab8c5abc20cf5586caceeedad4a46e88b05db9df081a01757b8f38488c3fb885eb75952fe332b03fd696e3eda3f7b4792
32 54 0 12 39 248 :189edf044cc856aa68f4578fdfbfc4a38cdcda1fff56efab38b4651ee699602c46d3009a4eb02f9e24d96e64452d5c534f511271efe6
32 55 0 12 40 244 :839cb7dc70c08407f7bdee820df8d7171c72c7e72e4b83211b5d236b054bbb2151ac5a53a3eb20a7eb65d6632c0158677151ece93f319b
32 56 0 12 40 244 :39d78c7ff4b53118848397672cd58df5ed45a64d1332aac5a65e7548b26c296985c97fba00c8156e33da7d0f34b3ce4f0ce769bd4344ed73
32 57 0 12 42 248 :ee2591fde07e4720d2eab1d355290bad8824d478c64a5eabcf1a6872f26d3af834961a480019d0ed8843328662fb3913aadb5331ae86072faa
32 58 0 12 41 244 :634774683e4d163ae9323e1ee673030fee725573c0d810f8e59845b16858b528d8050632f21fe45d8754bfa25b303127d336423689b1139b0eb3
32 59 0 12 40 248 :89f28fd33674b83b830dbdfc3c9b38dd58e5849a6b4ebed7f63a0cb1ae05e34b92611dd91a0b6280f6aec10abb63bcbfc1eea8c7b6a213a4757a87
32 60 0 12 40 248 :c18a953d8df1dd7c14c2ce44c106c87570c34606e40367827a1f275073dcb93af56924f44750ada55b8223e0c88c64da7e0ca372145a8197b4f473b8
32 61 0 12 40 244 :8b008d7c30404c57b0c7bbd9f5049fd973e0f49e1869ecbeda604ac8d92f21dd858d3301a3a9b67475a002902c0f61ee5db36cba12bac72a0928031729
32 62 0 12 42 248 :e920732a20bf05019f83e46dc12748af38e9bf65661201e0147bd06e3a315b51cd2eb162592f4263d2bbeefc1cbd05e4512030405e1d5fefceea9d084aab
32 63 0 12 41 244 :1216d9a6435a75f3890d4fadf971d681b071552d5acc00292bc9cdfa780d060a1b8b72a7827b75e3c73bdcebae2019d07dd62380055fe68ab15fda31416150
32 64 0 12 42 248 :2146674ff7778533e4bc3d4310755662c5222daca1e442973ecc80176609e2ce9969b84be24ed2a195ac3be64ee220fa56c5d790830f56ca5e49a3cc0260036f
32 65 0 12 41 244 :558db628f0f27541c60a856b663905f8e68466340d5464b1f4bc140c9082ecd13cb972e342a07fb3b6ad2e2be750e29b18fe0bba138e3a61c0e3bad9dda7c07540
32 66 0 12 42 244 :56a6a7782cee0e0546c8f5ebc85213969efd727348c920be2d6d94d90d8fe27db41ca4b95d3e4fc6b255bc4947f0df822499380b36a46176de83ad8fed7bd9cc2ab5
32 67 0 12 41 248 :7f5c98328e568f6074b0652cc4afa0024ef8af7067120f8eb36f68fa212c888425c7a45dfbea73a32239061ebbe2f50fc91491876255ad2b4750e5f68b491d77f5ead1
32 68 0 12 42 244 :4efefcaf8fa1a17f149cc0edc58d09401fe12135af8daa9275117f44413accde595c2458b8f081931325973ebf2c04d9320667d2fba3cad0846d6ca64021aa07de1366a1
32 69 0 12 41 248 :31c0970029bf05c03f680b8572ef3565908a0a5be90e28abd24887dad273e1ec319d86d4fe6e32420fdba7a7b503f5ed380613d45864d63ba0e124530a0467297d58795180
32 70 0 12 42 244 :e4e174202e6d46b507af5ea1d105e819fb683ace050625d2a5fe26b15db084047f4997cbb43c9902c501fb2dd05026237334d5d51bb5fdfaf58f86652084d728fcf970d9a64d
32 71 0 12 40 248 :fa107dadc8f0324dbebc291653fb8fb4f83b82fed4f5c53b5701b2575c592ce73912973fcc58b5354da4953673c0b4def402a0cf1f8b5cd033a6942c91af1968eb4017a33971c8
32 72 0 12 40 248 :c750f081bcaf7f963c43beb1c64d42345bf88a6c96894edf0cde40b6296f39995f0eb09ef456c0597c58190841988a80fdb64500bb2122c3507ee81c629f0b60c7fd2df995cb9122
32 73 0 12 40 244 :79639e79a381e1dc5b60da234f1e1abb34794d6f4bcfb2996c3f5e3f9cc91633c110bb0ef3ba33a30b8217419c56bca24fe5db6d9910015bcf8d2c687b203ca4d7397cda78693dadf8
32 74 0 12 40 248 :7b41613a93b4e085ee23cd5023377f122f1ba0617bbb55599896fa1cc418fe7690586962379014ba8a49f1617c1b1c71cc044797a1b919a1b56065b4298df487534dbe996b99e1bd0bd9
32 75 0 12 42 248 :82b5001dd2e6eb47b02316f84bbed206d59eb5bf092d50b761b1630d3c16baa73c3e0f26b30b6b274dabc3d7a7168bcb455c70782a74c3069496d4d13caf0fd082e96b3d6f59c3acac2b5f
32 76 0 12 40 244 :5066a66a6e36728e23b2a57c64d538aca95d5a788132b4cd86acbfc7203d26bf0f3d0fe52e8f0a0ff8be65fa15c9d9f9210c0e390e225457bddb3380169d91917a88b4e7f6859f2301f83430
32 77 0 12 40 248 :aafa19b977dff3c6e5cfd4aa37985a2d686542260d30715be413840650916e3b3ad25415b15ff9f8dda4146343c6d4c1a472ef8ce5793f9d7c2b0dfaf3489fa5baf0d7eb3f08b318d721a17bdb
32 78 0 12 40 248 :da74aba4fce6aa7f4f747e33b6be523d0e24cc46f1ae3224a90fce280984022e29bba52a9632f8e1301ef0a92540572214f8835c2611c03c0edf09c827e3fae7ea1e6def6307c534e876f52c89d0
32 79 0 12 42 248 :501f9083efa611e6ab7e6d21ae85453fa1d5d611c5b157bacb184b78b8486096fcfff0d8de768011b33134472073a8517dad87278ef99ed1ae3b05e23af1909eaa98422254b8e2dd586a940dd6921e
32 80 0 12 40 248 :09dc956a50053d5a5e1263dbeb3187ea77a55298bc8c412d6e41ebbc183f9248948a8e28db1fc5cc04f0018dba7c619b20cfdcae248a8534ff4522808807d1b148eb5e82f2b3067907844a0a22853704
32 81 0 12 40 244 :914ee7def5b66ef025674bc3eb8011bbb91060726e648f23b01f5822bcf5b5e042d32b8efe2205cd072daf512d1191e95266f808b2355c18dc235dd5533a9b6601ba7cd7c40f19d39e73228b135e2175bd
32 82 0 12 42 248 :e7c41dbecfc4e8a39151a56e2deb6a6cf6b9e46ffcb800a5d2f91dedaf2d8bd7fad3c03817341a002c2d636c063e782fc29176988a0f39222449de4a41eca0d603e4168a2eecd06f657494ffcfdcfe12bcd5
32 83 0 12 40 248 :b841d79ca99d4d32cc98b8165d3f4e3d2c4d6c12b65012aa16e2bfcbbb08144d0047ad49563220d7c77a2cd0cfd3bd49e9c6ba6159aeb8b057bbd056ae75b57d2f687db04e5d19c8d985adafae12a7c6995a5c
32 84 0 12 43 244 :140dc591f3bdd9199bc5fddfe24294edb725ed62369f0bf27f66878d2bd6bb2bb11424a075d4b0d575c846bebca2b480448f3c67e912002d14de12e22c395c52745b6d38ab396fe26e3b167d63f6cd8011342bfa
32 85 0 12 41 244 :3a2e2a6ed752f79eae5253788efc5067f27bab4869be90156b362436804fc8ad2e80d9f82e0243fa73e477c81bd7adc7652090fede1ca687d9a10685adfebbdb786684d8bb45993d6615caad92a7ac4addc183c60a
32 86 0 12 42 248 :d102656d0d3e69b81f621899f3797af1b0b751f99f064d4282a542fc79c9830d7343a3becc0e40844007f97c090a1761ba7bfb8df52010676f64444c2c856c08c22da428fcfe41de963556cf6a377b77ff08cd0268aa
32 87 0 12 40 244 :b9544411bedfe8cfc2886a546cd9273ff97ce083d99fc8f7b5d09a7f4124503cbc2309bc4b5dfa8b063ce325fbf8c965cc27c9c0ef61d07518b197abd80ef48be76cd4455d385f1a55700e430a50893ac9ffd058ba16c3
32 88 0 12 40 244 :def45d4880abcf91468551bfb72b39b68fa659e058dfad3b22c2a0ad9f9d23a0e27ee3ce39ec7e1f5803dcc80b9d7c08fabb28fb6ae1ee4066b030377cce487436991c3f2707ec3644e147f4704761a9eb1a0b53f5a45dcb
32 89 0 12 42 244 :871ad343765aafde906880fca43b842e6f06e57cf43b4956402c8190851e3e37a98c9d56821a90e434886bc85ffe4dde15db3e67412f7b70a22c4a6c70c6bc700028802679993c07a7ce0ebb93ffbcc62affc37bf5a3791b30
32 90 0 12 40 244 :90674bd39c96248a2ea0fb651b76d9dd1810257a00788a64e3b9334bfe7308dca48227e1f9ac2d617f26f37b20aefbd0a8a86c05ba25fe79c7cca371c377d0fc23a176200d221bdd527d2e83d014772c87ad4f25bde567b04402
32 91 0 12 40 248 :081847f646c02a4d07ef5315a82995904adc3d115c9878d33efe16eaf5433563bdcd107282d07d5c5954b3a221ae7e52808815e00c5e5a6960c54e5a7272ef392965b309dda1fa666ff4721a7dbb3ea18b4c7d7107bba74946d1c9
32 92 0 12 42 244 :3dd322d06712c0afb3fd9c9a6b15bd21401b37dc0a9bcbd080b0f6344947b5aa17b7e027511cd386798705ebe576191c3e788d7b28c8ac662e05c7c2b00f5d00871cca71651f10c51221d31c98dd708949b22504075132307885ac23
32 93 0 12 41 248 :d18c418dd8a3c3244ac06481580cc0e1843c6d6a196a10e6ed820eb8880849731ec5f5cdd5aaa9fce9e7b4eb25119f44cb9a61d224f190c139b9c370d56ca697ec7fc7b3b633a770cbbdf8024554689121742cad716370d5b569146c2e
32 94 0 12 39 244 :984de4bdd12df4151b80c486288b0ecc1bc0b02fbbcb8656db7c30e49dd3f4793eab87575edd1b917e1a0153a054e31d2bd29ef1d157aea2968b25eaa86f19e6ed41d82c18fc5577454e40647fac07b55c9b155ad83b3759518bc0e4e325
32 95 0 12 40 244 :f8afc93741e32b8b3e56f8d487898ac4f6c046bfe666638283da778d13d2a22abe3870abf51c70716d8ebcb2aa96ddec58644b85e82595e2a5095606052c282932865fe5729c8880b0900df14ee1a8ae59287ee35659b6a70b9e4bb8ffa25f
32 96 0 12 42 244 :bc84d882562c53b3b35c5b554af271aa56bade8a7f62f40c0189db9b27d0bc308c67fa9ad7e7e384e25db9a6fd2594ee9b0f3912c38179c15b691de464b77c52d41954fbc420594f9e065880be4b06981619b2447634533d50bfd137fa0b4628
32 97 0 12 40 244 :138c6f1d9ae6fd677ba74209d976a3118399185d7d9b5d730f8cc5c7482d2ee7294a2ab24b8026b2e1e9aa17a8c9f018afb9fa0072388f98bc94b9d9db3716802f2a63ff2098be5d3f1f84867e4aae7783913bbb858d0afc08b7baff0a7dbe115e
32 98 0 12 40 244 :e584bd4b91cb86733cd683e5f5a5c7f89a257d130b1f0b3edc5c029390a90eacd68a9deab33eb91db5348c3e616a608f51f0eab10c9b144b5c792b6fa43e90b9424458c7a66709399b0a70409c98520264ddaf58cb1cc9c1d2877d9d1e1823086107
32 99 0 12 42 244 :62e5a9e7bd4892d4ff3e3ac5cf24ef9e464dce9591b2bb4a0bfeebe349cfdc13a2755230fc07dded286aa4edabdc3b6672da6d07f6afe5b69ca96d5d1b316e846833d3c8e382119147f0e851c88fe0d1fe8fc1ab623aae10667616dc627c8e78bdee9c
32 100 0 12 40 244 :34f79baa17d4f4a7c60b378ac0f6bfb0f9a2a84b685cddf31053c2517de329656313b4619069c1fe35f6635218cf60b0cb9fa370e385984daa84a44965263c77891852cffec011c04b96a5257b54d2ea613bbe9effb450072dab4d6f8984583527f05c7a
32 101 0 12 40 244 :17d60a28740d46fa5c74196915bfe31970b8d8ab4875f338c56e1b8b4b4476c1429d4f12569164c2118e4e3cf94b39faeb7bb0cb74aa9d10fecf6a07c3c444941b6c1b83a16f8b8aa5e099e22ca561d76b08ad53e0c7482af2ee56ec82ea7d3deaf02aefca
32 102 0 12 42 244 :2edad2cfbfa4a87b4c0a2ef6fc934f1671b949cf14fdd64acafbbad888bf9045003b55132feaf3b3ac60a738b3eef1a581083c8560e9ce219c686fc1f67dc56b46f1464f60d59bc9dc329d0d54fec843d79b20ed46f513c4240763519a3fe8f44cdf6d39b890
32 103 0 12 40 244 :e838bb73facd06fbbc36bcc5cbb8e716339703e1c3d8fbee80aaf124eeb49b4b5c26d89caf3d3a895b077214e50c7544518c39ec8d2fd7eb70ef3be11aa82874a7aa2f6c5e85902f06275ac6aeac6dc200f52c39d58f4b38ab99b991eaf94e9bd73398f21f369b
32 104 0 12 40 244 :8fd9c0924dd7b4e9194dfd2b501cfc00b857aa4fde064a8fb33645c08bf7cc3f076c210e27b45689781c6f004dfdf408266a804d7550be5c03a77b55165b15d742954a58b3771b1d74a2db40437e42564bb54223239aca3100d80cffae8827f2c3d3f2487c5ac16a
32 105 0 12 40 244 :75f7a94098a24217620c77d3de6565819169ea4b4af2989a8c10548cbc8aead51f4b548f45cfb36ee3bfb3ed3033a5d55399dce8dd4f5db4f6dd67ee57fa5acfe907a2d23abc790cb5e14d6a90fdd5d04295086e49f0f8be53d855a177a1b68bf1a84e4fa23f90fe5c
32 106 0 12 40 244 :5ab98b86b4676b8cef2fa96f775d7395da14e7d62caa3575bb60345d66939046fb626dd02da00ab64ae49d8f0501f206011c50772465a72f053c8bd7a91962e923d08ca3d44a9738f2d34fa6be0ee9f9c689e390d3ee07a09b50f85825fbb6c67720b2196ecf306a7539
32 107 0 12 40 244 :78d6dc94547c2bf933644dd9aa90d98bc98806d7832266cdaa7ff3f40c11ea1eb29a4508c0223720052d95a97211056a5b95a1c2b88c5b428b10d95ce9a813a2372be6b5385c8f1bd0f4b7bf4a4cdbe8b6e62a2631b0c3749dc6be5e1339ea089138951e767f48932d3da1
32 108 0 12 39 248 :78c2e84fc235a1c912aa3d8e68afb32e74c6764edf5a856402646c6640b80b1dee0725765aef43336a159a94a5ce285a4f43cd8aeba681d51bcefe9e80a3ecdf2af094c86e28d23601e149c9b9aa4f5f2570fe461881534610ba3e3c4ef224c4b73a517890238504f31de57b
32 109 0 12 39 248 :a24e7140d3397515b63293f8f48192159b208c49646e9c336e58eec59bae1aca6cab018b6dee018687f26e9844426c26f1e6c04575fcc7e4aa2caff3becf9d62f243908363414deb046dbdaef3dcb7da2fcfbb9db104d494c793961dd5ca54864d913c18efadd409c85d1ce61b
32 110 0 12 43 248 :fa9fbb439363b2fd3441bca151bd802a410e3880a83690d76852eb3a71244bdac791de8c79051da8a132002f6b262a81bd79a276278c0ef2fefd68596c4c15b3de8d4ca6f17d6dc2f0ff5f6bc56c66cd33031146f30c350aafe752d8bf0553d6cf75933bc729f9ae1de5a49ff10e
32 111 0 12 41 248 :7da11b0847b1aa4763f423ccd30a9027bb3000586ab7c12077d0bd28a8f55a116ea3ee18270b46dbcfb15db815f886dbd2596e4b8e4b2c21bfa30537a4ec5ec29ed860e6df75f4f2391a2523550fecf617629ef80f06f898a9736e1a4594f8863e0018ff832c94b84caf43b6efa595
32 112 0 12 42 244 :658afc3bae223c7f671f28de54ed72451ec9a2a5223f0a3bfc10b5bd91f39b8225b12cbd4777004995a2f4fbf156818c064ab38167469de4ba5dc3289cba59ee64fa6818022fa3d817683903c70a620badbaad88c4b1b66a6cc6dfd87433c808e09aa0127ddffc0d6d54d65ae8b6a8aa
32 113 0 12 40 244 :53afe3e4604617ed8e9570154d33a951fed63af0e2b8f568940182b267bfdb77bab806d1a2708ea736a2ded4d96bf62b1e1ead04dcb7e1264b5d824eb78a642aa56090d80d8d3b192e018f97fcab79cb9faf95cca9999e31c9b2a7fd484ef6ae57ebaf5c7009af6a73998e24dedb5ae762
32 114 0 12 40 248 :7dba916e87f38ab78e7560aec329cf11e26b73fac26091f546de598e9ea2d35e873e777936125c718f66e6e5772cede820ca6c67477918871110229223b074eb39f54440d1f6f31fb347c032291516a0a46cd258514ede41e780893a899aa32000e5766314f8dd6a45662d0eadcedfbe002a
32 115 0 12 43 244 :06d36e298b3cc7889cc869ab38f0ec2f0443063670be6576a5ac22078ee3b3e844a1fdb30955a4249dad2cf1116fb53e070bac5c9fa7060d8f029887d23014ef3d5f4bef2178132a6efb9b51c4030cdd3ff226e341e8307508531ede00b4471f142a0845f10a0f6665c2eeca22f69b438d62d5
32 116 0 12 40 248 :e6c70821e727f41cbd5cb7f4314f99df1501ba348df2f6b9f2664ed1cb528bc1e1afd177fffe3c948391d55c4788a263af81acbf09aaa660bccf1360470570296b337004b6170280f3c392bd5858913a97ab8326fe471ca478ec3a07ee27684b825444efa7b42edbc998dd8664aedef9670f1983
32 117 0 12 40 244 :48e3fe247ac2dca0338e9309bba6f146c15bb6f05519ee41ff8d3bdad4397d3b6e6f8411f7428649fca66a039e45e376d5a79b1e2e87322e7547191d11330d064c762d1e4da946bf05ab1865795edcecc5dc2fb6788fc8ee396be7b8b91462c3cf5882ae2ef1aab00543fbda85f4a475ad08469a75
32 118 0 12 39 248 :e6ddaa20e45895e139a61ef84d1b025b3fdeab124a9f370f2faf660b731b5714b24d497a5843bb6da89fcc1d6f0201c5f671ebf4fd53c18ccf3ee5eef19dc96d358299ecf689d39df7dd80d2d689e887854a4c0d81b5f6f9a7b49a086caf91cbc2c505e84d349f082bd6e46225d493c8762cf8183ce7
32 119 0 12 39 248 :9321275c1c385a62f15313836942f213f6443e73c9e9d107c770f799b1d2763b5b2b802203bd0a9e009d58311063fbc09cb96c2a3544ef41c57a20311ae4306d185441c56f314aca44f7f4ad5cd809417169d3c942af77e993347e765198327228a64152272d8e6b9861f927dca17e6708282e6e5b7b45
32 120 0 12 40 244 :6a78de8455fc64c9d3ca0acebf41816355805813025d5fcf3a6cf1f06a93b60e232eb5d2b98a5139d7dc6c0b80b11b7c3e9f4637404bd0c54fc95d290aa5f18ba56111c08df62193584554a59ac5b5eaff522c9472c784c3641b1e495d163db089ed5c0025b8562c1c092dfdd19f24db618204ba0f71fa5b
32 121 0 12 40 248 :9a54b2bae79759c282148d5b1ef7e026ca6beeae20de2a3bb8da9a6bb7332c0544f39be66b23ba7529b47a5de8ba38821a3b4b34bfa97b1c894f6fa4a9a5cbbc583f5cd8745cc7acc4cbc28835e649acbe9a65bce3113a45ed5259b45df2d7d6fd098dbfcafdb680d32708905165c52bcf6d677e6b5b59b3f0
32 122 0 12 40 248 :68d0f8cad92f44902b6b3f83e7b8cf04bbac6b2cf3fd5f8ff3b57ffc18625076ad6c90bd0b4e0a511898d1dfe11fdbe52f76564424973d003a8967deb5bdc05849fd55c63b014c6dbd80a3085b9e00437ddd7caf1b73f01b833c75fb3df14dbf050d6f808041c62bc501d69672a2c0aafb311f815f2cca5b7ff7
32 123 0 12 42 244 :767a5677f5851b56720514b59cc76fe9882177aef7eb2dd2afafe212831c835415b8a5f62ddb861d6117c46dceadc0661bcc1d52d3bd56a5ed09c479b60481e56f5120560122dce72b066a5c4656fac85f946cd6dcd6d932de69267c358243bcddf018945c54c76d585beb3101fa4be02863dcea0b0c03d96a50d3
32 124 0 12 40 244 :de45483c5b4ac6e932893e8fa452b576f85deeb370b5664a69dc8a3356ff7d07327c26a8fe9b229993d1777d9c7f13111ce8b2dcab36fa25683d48b0e51cb7586478c27376ef1f0c447d50b248822c2c14e32e24e81162447a5204725abd2e2a3a610934c58f8fba3016676bd2114aa652b140bc2ed85476de104e66
32 125 0 12 40 248 :c4a58eefd3056559544a0844a218ba559c3b1c5bfdae4314b78c8dcef71cc554af0784e54aa45349ef2f9a132fe31f00c996e170b230772b6bc9385670f330ff6c2321503f09e175d09f73df288b3d91723c2847c1e8adf91fcb9433bb3f43f2a5f1e4e76779080fa480f6c4a6e94184fc8712b2ba33b4bbc452b27c50
32 126 0 12 42 244 :099e866c6a01be408df5d4d8732e2c201ce18d6e5c7a864bc36e1a7224b27659b2ab9e4d9571a3ddd6fe364ff56241048c1912872097b221feb6f3765cc1db44fb89b65743c413a27347f74bcc711fcf3a4ee4b51445340da1f9a88313f29560a14ab13ede2f189412dea578936d0d50ef084f7096cab97080d094baffe8
32 127 0 12 40 244 :d9880d82ce9c11f9c05c3e443ac5a8a067754ac1fada07506a32149f5cd34489fb83247bcc64cc28a57ad98238a285409208fe90de5c32bc1d66ca48c077b6390d7ee553efdd9732320ab4bafc91e356a8c9fffad61dba07798d7e56769f6ba0be5f324ef8d2689d32dc29232e60947199aa0330e6a1cf7abb557fc4b59f1f
32 128 0 12 39 248 :69cafd88e43bd00ad434545d6c7ae422ea3081e5e9099141fbe9f5958c02c5928ada1b8c836002859d9381526975e36cc6f96c7b3a8d451539c6e4a8e9819d46fd2b7375324a167b5aee2f441f2a4134b97e824208d90f609be76d6c2aa77f8cc11fd7953b8b7930d345045ec5a5e459cd37b252b7dc3f00add25a0e8f52f0be
32 129 0 12 40 244 :d657970119bfd6e2a8dad24da14c57b8c5d2c73c8712378f5d40c5ceea14d29aa8c9f15636c18d52c35295bb7b9f16867809c49d72d7a3723ce9c153ba05754c545d4dc6457f1b47a94131f0d65dd2d03c3f608acb7321029c458ac05dbfe47a8bedf35d087d2f3fb9385a960e2b848b6aa288272ff8051b17fd0499bb678ef2bf
32 130 0 12 40 244 :aa53c59e45551f2758231f9e9edb6b7747f65b8d1b082c25f1aa380af74e593ae4254b6758d551edd34adcf8e95291d53c3e0cb5d9cc0df3b253ba4e712ed8899e1143d955acd170ec457c9618fb1fac67eb48d5465a10e715aa4c756fd4d096ea6aa3e145d1f1ec3fffff5b5c76a152d724466334a2fdcb8ebc45ac3be7cac965a2
32 131 0 12 40 244 :7ee3a91dcde61241575556ac38c3633d0b48d31cb213d981b1877540b725ae02bb41b5c75842a196cb7318eeee2ea0877a8200e6ce2d3381b698a031d050ae89fcb13d1a99d485d10f59137528de6542a32ec771d28fa437367edff9d5068366b81cf3d2c6a6a50f0ececa5209e85638952a753eb2f42bb3c65a9ccdb59d912bad75db
32 132 0 12 39 244 :07cfca55a7e3c352f60cf1f56b8a64673f5edb14d6d54377d05c110f3ae6d6cb79ff6fb7039561e9aba1245373f9ba47677af66f0fdfbeac54bae1772d4ea358d30cf38ec34cbd2f77a25ba7f31e1ad109617c45bc5bd2eaf204ba6f2ed9a2f034add0ea035bfb6cf055ca4f81c24fb9b95a2002f561f05f444390fb083f36006bcc8490
32 133 0 12 40 248 :9cbdd5251d74dfd9eac70ae2a4f26c6a44159d4b78138cec393deb7315692eaf1f4f6e45aa0cb6c0dbd1324ab3accddf22dcdce7ae2782d3b5fa156004a1184b892c471b5b9f26db9fb09781ab8ff27b271b67aaeeb21419a714a38cbc5c6b7083a829c6b9253f5cc01cd95d40651758647af9d159c987d3a55890cacb761c1eb98795601d
32 134 0 12 39 244 :0828fb72d77460aa3d64190075a889dcb5ffd7f44fb40afb51db901b7cadb268fd7221f86297b6bf0a9c7471835986c6d5bc06b7290738d71ad632b3fded19672b3c98d049a29f03b0cb45d107d007f43395c64a780feb413265ce56daab9e6942e028d92f45bf6830c990a329aae664756a3b2c9f49d6c87d900eb198530210e223aa5d3f2f
32 135 0 12 42 244 :b75e2b48c4795fa1b143a279a8f06105bf79f2df848c5db8c5b10417bdc19f7b49a4b1a8a3b674de3c4c31f41aef08dad18d8352b1bd55cfd3c0719232797b60fd4efd3db0eedfe93403cebc0d4f695242a0f25ef1c9c9e4e11f5453bbc8337ca191eb11a864f3671dde14f05ce7317ba0575f46ff4f6b2c90097d9c6b852a22f5079d8dfb17ee
32 136 0 12 41 244 :49ba9dca073d758689029a738cd759b39e8c6bf38e9e1be4edd4febeb4a6b6c1547cc8c9ab69a50980cc99144df2897f25691cab67978915fa09c2ed8ebbc83fb675cbf8e313a2f1da461dc26ab7c88b5c348e2640a8cdb44fa9af892d86c87dd3ee4d6e9c8df5bd7e5119242c5e738d968c89a4cf5d27ab4ff123a2c77852a84e0c61cf2c2db6b4
32 137 0 12 39 244 :baa6b45c165024fc367109792e5bfce1a63c5a91c17cbfb381e2673de2e61ea77320ac039775e61aa56bd34e662916677c3312423a3a3d9618367843a8ea79282bf0875e76135b8cecbeb426356c4ab45533b3e0f54be3f2e97e1cd0a7ae30fffb6d0b1ca9a16f4707bfa63f43b01860b8e85b7ac4479449a0c234cd632dc471643c70361bb9610715
32 138 0 12 39 244 :30d432da097ee381fb3812fbfced65f802121c3ec1bcf6a59a9c39b0f5ff3eb81ebb799964e6c836743623abcfaedefd307d60f099560ca04b4467539c676aad8d49961eb080eb1c9f5ce04865d0070c07db0d41a007dbdd228b4042259a6071b1fc70f5f5145c759d170d3dd1365c01ebea2b492de6df87333bb673569146fca15a80dc822d42c5771e
32 139 0 12 39 248 :48a00ad7e6eb014ea717327d8c8f0daba90f042c7b3d0e5721ed7c429923ca5c5fee38c46b6b349d939a76bc9794b1707545cd56d05bc840a43c9184702bf3d05059172ae445542844aab5f494230891439ccb5df28b810821899f8b3c26522d9834279c486b90bca6b0aa84245e6d921d57257458e942d9067800c6411516c0d92cad0444d4edd6f21e7c
32 140 0 12 42 244 :509b6f91481dc3f8dca5aa6ef0a61ebce81d3916eb6c286b71752f427bda2b7b45de9b1e73c7f016f34904026d7b2bfcb70056cb1694cf8176a809f73a235f49de2c9262cd80a61b5f3afa81751d4b36b99dce0d5a5506c574c5220cf2e9e6848df28f57007db2ae3123093c893823b17c5ef9537f900315aec4a3020b32bb31a0d780fa93892a6740501c7a
32 141 0 12 41 248 :7a1de267387a4818ef669eb42a4be08da5f1af64f78ac264b4d5e3abd5e85effcd51b3b5a4e683bb56d1118b56df5b5eaeb0dc64cca9ae8bbe3f665120245640851103955fadba80decb996eb6cf1c70cbbfa1c65c0071783e7d128de241df217d1324c910ac0702649c7bd35910eb648ec3a204aa266676c367b5c2bd4a3caa8b83ba929d7a21fb5f1907ec4b
32 142 0 12 39 244 :6725abf7bfcaf410aaa5570ab17077b5de1b968b5d2ff7a73e68b5dee2526bae6ef1cab08b1ae37dfa2d4aa5a406126e3eb8bf63f7ab4705ee3ce3effb980c3b6e7357d0465a23307d7f8784ac3aa03c412ffe34cfbbc3b15efd68267f92b5e0ed2371c235af03ec700c4667079a74e0ee22ae0b6b20bebb84e18172442572b94f260d7860022d960311e636f401
32 143 0 12 42 244 :3addfd05eebd0dcd80afd983d3c7c5089a6a750d018af9797c86ede35f9e057cb2461ad833e538c4a10727630390a74888c57d1a8415f90ac9c0737bc2e302d1871b5b76d3b388004300e2357cf794f3a67b2c27f3965a4667077ff6dd65585280a7026c3d9121aa2de5a573b50b8b9fe46f0dc0d97295c7fabee268d48c01a72b58a62bfde30f24b85f6f7733059c
32 144 0 12 41 244 :00aa35f353b18bb4df2d41145330d2da038cdc886441ca3a55119c59f1eaa05c2d9567fbd57c500ec15558f9959b9349b18a7820c587beea5b4baefaf79e5ae0a776c698627e53b4c0b749257bc4cd43ab0b5b3314cce02f0acea9481ad15f80e997b61b3abd06c580d4320e82033fdfda99678a141899b0bc4946876f47e26b025af71852be8f4c05f3118391ef41f0
32 145 0 12 41 244 :c44d77243af2cc8dee11584dbd39b0cbb0cd48e08ad7e46b1f7c3386efb9fda93bdc3cf64ed41db2e38899f22e1083152b71ae19e651a6f5f7f60e209d6f9500945ca3319f484da894db8bfc43e321f5ee56697a094f98beddcfe120e7da395b597ef002acf7b0b76339c07335cd55b6f38479539f675905bc34f8cc61f09eb7c57217144cc6252497248a253545c1bec4
32 146 0 12 42 248 :69233cd15c62e10b773fd817aa705ac526461a5d2533c209817f5ff0b9d96d88be019f2cc7a8e3a93c1f224348abbb0847e0945d436cd4120387c51cddd43419b59c8c1af48377e2312699a258e7268949fa10fc18a0cc0d4787063e176f0296be4300e22bfe921038eb1b87cafd27a18f2b3b2a675bdc2302cd657f98d8cdfd8fbef0fbab9ec02761ed43f7e6280b8c123f
32 147 0 12 40 248 :44ffb35d0ae82d3dda163cfad42f4487d34980f372b78fbf789358bbcac6b3622cdb6af1f3f36c8067e98c5373ea8e0497eda47791ee93c5ac93767f8840de3f6881142661b77d0e401654ad1040484acf36dc2eb330444231906e56e9ce13688f2d5a92ef6bc3ff73b9242073b5330a0a87c82e176511916aab9adff1d92795cc9951161f320ba92f558d8de2f3b629893b4d
32 148 0 12 40 248 :4f54950863ef7dae592aba4bda6cf9dc942f7c3f38b710776f78de84c0f6fb96ba4bddc3c285826dacc24678d33780d0776be83e104217467fabe15d2739dc2cd8801b646873c40cefef26fd1980b729fffe19da08bd2f9918c213f84785eb03d63dc2fb1d1ff6a38fc00eb5a09271b250bb83cc91d103ee9af0766e02152a3c87d221cdf810236b97dcb9d0fd4d3b3a3b119f37
32 149 0 12 42 244 :bab830524711bdd8811cfcacee8083177bf4abc0ba261fd64f8a910d78ce73576b348e7f8ae8dab0eae01dafef82d6cf32a570c8b7123b3334cdb7bbe0ef6d97d6c0ca82627accec0548c02f18134cf719c9b85683f7ae16c5439259595c91722e976a7750208f62b904b7095bbc37c4cf7556935a6552f2957d0411b802784621f223fcf99534dfeb5b24649949a9e738add9ef43
32 150 0 12 40 244 :b5e1c40ebfee3cfcbdd77c521198a296b6eddbdf8b89066e941fbe39e93450e5df23ca4073f747e5c05bba5f81a3e4d01cd88012ad1991d44dab802da7ccf2113a1b0d9713b819fbc096a25dacb830a890f42e1785018d6cc21b3fa20f5adff762253c92880c87fa56529549a02b0131b42abb67f1045dc1910875d62b085832947142e679cabf995d3a4175a25e61ff0faefdd5fc4d
32 151 0 12 40 248 :00cfd2f1917c8c934624284c014ed23b853930ebd6d30056239091bc85bab2e8bb0ef36c7ed7c8737c743d87d5a00dbb2022b9c2aa95ad2fd3b89df6105232efd730de08fa22753569785131821fc2ff89beb4f4b707e4cdc935007814323822ecc5c1567f76794230bcf2bf406bc64038547e4dfe11f7b5d3fa0cf028ef45c9a04f6dd03e01a4bb5a4877e11bd4c0251d610f0e08f8cd
32 152 0 12 42 244 :f3b1fbf6642d261eecfd9c83394b8ec3cdf6b39d2a3f2329d4d7992da7e9237ba79343069e9360cded5af52b0beb6dc42e30c5132f4b1e1b4cd6f3b8f25b4937cb36f604df1c8bafcb06d6664091c0ea4592092e0993bc5437c13d91ecb63ce1c02190169e03b7afaec04f9b62dcba0c9fe1f3057af6b476748f11d4959518d07202c08c0d476e107222cbf949ff2a925caa087c65b78eaf
32 153 0 12 40 248 :5c9c2467173ab709d806eb7e136ee5585d173df57c5378d48e71c9e78d700936e8c1029cbcfdbe65e32d6b0b7f450abd7391fc38cc5a3ab68df1bd655bc0c8d27a04bd0fb340e62a8b2c2dc41b7a45a9eedaa1b8cfa3c91c8291ac8a08356766d424e400c9553be538c5502a7bf08a58e4f55fde84dc4ec5fd12517eac6d354249cc35951f0c11c7ef4e1aa8f7d28efa42949782e1c193780a
32 154 0 12 42 244 :5b54301c1d97ba14ade473a5a10bbd4923a3e947a8d14d87914ef773a54b5fe525ed9dc18ff12ad16f349b5bd92814ffdb3c939a2db20b689dd211fb0e7f1f06d8b403e1c52f0aec8360b7fd8d9cc4ec90ab7cd5b180254d611d48793100cff2ce0ba34c2eb83aff7b53e60259cd7185579e9813abdf97cc0a5eaf400658ba2dd2d6ce7344f8423a9c9a68d3ed999c0b54cee9fd53b7bb2f711f
32 155 0 12 41 248 :fb9601e971dedee75876cb8d70809bf50127da37404ce97070a386b755e30930cfd7add2f734d608444b3fbc03f267e4e4d18f0f437ba93d0002f82ca2d395808fdc255b750a1110fa6682102fc89fb9c63b12fa82da901ed62de8c8e2f603eeec1f8ee977c68a73c26039042c1c311c74e707223c1d7246d8b4e28b0468f8d6e24e16f73076d669c346520fd31e99fbe1a7613e15a8207b361e94
32 156 0 12 42 248 :f50919307a8e0c573035a1c11b42ef93734091ea8a41513621d690898373a7af16bf15935650f1bf77592201b320e976498d656cf95084a87e79456a52b0fff820382177664b4bac788cb2adb0a0527c401003d43d9d682265121bad920172af2c614391b8f6d5360d7a5240ea4cec613beb6cefc468840a2e642a7cdca8fdd87db89faec690ab78feb3b4b11e5878499d75a629930abd9e1e1f55e3
32 157 0 12 40 244 :53185579c65290c57038b42e9b159380c3f524f39eeafa99254c9697ac2321f100992ec7f508935f7ab5c5735e1dd29145e4e1792ceb1dc196dd809c24c8f38d9d4370d3a739e632f315488ba62a58626bd4b229ddf4b31eb9e0f100828b171b7d5a00878b74d57573a50357b4953311050a3076c55bf90772317f5a4de59829dcbf636ebfe95529df01c76d891c3cb11d288e93e2e647c4131bd06346
32 158 0 12 40 244 :6f5a4c07fe151a2282db5a6c8ca18365996675c2beda699181fc5f71c6da84bd8467a5325459614b5c843c80df69a7df462c2d098035fe0f1aa857a1070a4274b8d055de1587629150b1c89fa7061978e95fb42c46bfc77297361ad44411e159782e6ad17f83d7f4d6511ea6da9829aab0cc6536314d4daf2f741859da743789e067e7bdd0313f26cfa994ed23a4008dc8525883ee5fb356e8f55fe31a25
32 159 0 12 42 248 :3c0eb8da9873927dc6c9464e5d51b9ce81b05b4e3a63414c16881be7ef6bbfccbb0afab5ca533091b6fd4e37b39cc720196a697c78ee9cdb33359ace2c1560ae57f54274af3da89b40b5908d2ce458f5f74ccec27edfd2066993768e572cade75ebe2a94070ecdfcb89ea77f5b69219d8192c73aec9acb76a83ae3937da71f3ffda620b73e32e6d3c29dd92801b7050c88b5de90c92f979cd4e00f1fdc3ce3
32 160 0 12 40 244 :4dc6bc5e461abb7ad7411837c633c5290ccffb0407c8ff57b3ece74d324f608137109a06e9f2ca33fbc98b50e1d1b58dd4bdc3c38c1ed62963a8045734704609cb6458da2fc1396bab35a9d00a66b05437ffd86d1ca720dd3b944929e7b86b631e11bcdb40b1698670696fc763d8f61950afbeb32e36330f0ebfa2d06fb83e258c19ba35d4675c02df928f78118fadb2e45f388df05d2d9006da57687d15a45e
32 161 0 12 40 248 :03c735ae46924367ebcc107ae7b1f53ef1fa15fa56db3ab9e5403b7f8fcb2b62e263ca7bca964f59d3f693f23377a14d5d7ef724ca256640fc5ba9354ca5eefc26ea7c9b2c4b1028b4ff46bbee1b8ca10f7a61f7eeee45e0809dc9e5d01cbd4b911409411860aecb82d61f17fbacdd859f0d4f5f350939814d5b6ddb7f3e844e5ad96b86118e5bca4fb5448e16e6d47658f9d1b4db7b67b52e6edd6f93fc42ed95
32 162 0 12 43 244 :48f55ed0b96da0000edf884360d6f027414d501aedb0420a2e04fe66645012e480b516cbf407f1caa018486bd07ef023c0b74c71658845afce493fc823312c106644885a484feec58a8a528f0d2701004d5e394ac2a0f83fdcc707cbf23fba72b2ab561cce52fa5506c88c74e67119a9cd6f900ea073bbd0f83c82b7f1c7a1c71868dff68e1fce14259e248d515b64a8291e039f17a6027271d7122809a02b58e843
32 163 0 12 41 248 :63d792ca2ed20ad15963a3f392c13bb0251f0c7168082735d9d5b5066b0857510c8b0311b5464121375d235744bfc57b404eccd8fdaa4c93580128d9ec189027a7c8682d7e2d740c8657bf9d0558dc5ac5ceb8326241aacabafa3a34f22b54366bbfdffe0db7afd0c6cba03858f001ab04a37f5081eb6d1f6c00679c1b66e6070f66ac6923b90050d5b06cbdaec59d365288ed92801031894cb3d896daaed39197acd4
32 164 0 12 42 248 :44db5f65d09723aaf7206a5f58d9d248ef273b3b5d8589e8dd7a7cb891f67f93a1738f500248afb49da2098833ae53ca7c8e8bd50fbde35126ffd579f2063232ef8821787933e366e82bdb11f812cb95694ef8337e62e0e9488089fd9c6b2c6dd3637372637b18a3a3252b38512c4bc055d5b9d001f961ba3da6d42560d3abb11dc8c3ff542f4b1655c331d9892ebbc3cfbf8d3d348b8d0adc30e13aba4be6ebdf56250b
32 165 0 12 40 248 :97041eb368c119cc49360293dbf3600a25c84d6b329fb02adba2e131d512f98151adfbfe1a76f6dd8925ed766eb66a2903f635fa1e386068a5a69f1f80958983369fba6d600e8a844351cf7303d3813f2ec19d15c7a3b70909e634c7b8b0cea0019f8c18b625f3561c56ff07b8258b23fd352664b9fd6738ab19f04e9c7816d5436c062d55270f05d8094db8d8adb3fc70928c055e373d1ffdbc3fbf961eae683178d8c543
32 166 0 12 40 248 :149003cd4be21e2ae91a6a8885f25d3622e3a3eb311a4264ab1330240f7460da6bf3b03881c0cc8e100086921e08c4f5f9e890fdab4f3a4169f0e992328068b9c3b60a35902dea3192f94df6985896b5ab76efeec7378394f6bd0083cb01f65ee2aa9f00e1d70a945945078c75880f7ed7cd99354f3d28f46cc3d2ed1a7b890a82116d6b72c9bbdc98cc29966142a9eb51f3a4ef3a7bed2ebd2b4a7dc2473f0fe4712ec4babf
32 167 0 12 42 244 :2d133cb7a0284a666ded3d5f67f8ac7acb89b040fbe0c2ec0e48fdce8a49001f82c43e134c79c71dab53a6df16f187db0f482c7568624c00e946ed1637173c3445edcef65c566a3fece5fccb907094de913c3175c3e9451e224387283fbf00aeddd99b398afb3cd6fa60d25a626d760d2f82867551dafb78a57a129a27b7468db8651a29905a1dcf4d7fcc67e8f1cc44635cde9a2ee0fd4653fafd1415d018677e8386b0708268
32 168 0 12 43 244 :12bf1b188dc85c4e2624929cf0100827edc9527569d7f707b095add5ac44231497fe1cacb023de25faf9e6cbd24bd0e813ddf001f504daa18b06bad6f2ba2678971a0f32e9f3f192b26fee7ef2721b4d22309c39c4e0b2c27ba602057abec2fdf95fdd4d00ecfe14324c72b3834cc013da78df24cfd7879dd713a5caa0f28b22ab04a133da273d5e17153c9ef7fbc1f3fb88caec208eff4a8aa472394ed460584f74971a86777b68
32 169 0 12 40 248 :e96aa62bd97720051ffa227092e5266f5ad9da131d3e24b5d5b0c3cd32a8421221efb4a739f179528c65950f25c31cbbdaf59a90c0e088947a61c83ec3e8194c3d0412e2804871e50d1078c8912063e524a94b256d1adb9ea16c0e4663a239b54a6f3f78e12cffd4633b9b157e44ed83a6516297a69e08a649b370cd37e57a621d191f944747cd4e1025547afdf85707246f567548a9ead1dbccbf86e13f604910cb925d654c189984
32 170 0 12 41 244 :924374cf25d82ab8829873706ad5005e463e15dbc952cb393cff7f6b31f2fa8ccad598e7f9c69703c18609c34874afdb8e4ca376a24ba80c7d32d8bd76befc52b706d1d8123fec08ac22db35d537016cd3b310d2edf1c47d7739c96c2d9df069aff03557f27e793e3abbd09d0efec4ec0635f43ebef16e6a877d4bd3b607c77bc55436de24b3e5c7d23a7b65b1fef9c4cdcbe99a5b200b8b37da77f4d1693214fd82b2d9b19be8a67b28
32 171 0 12 42 248 :2781046e686ba14eac6f75832cd9fc51d2db749818cf575e217d6793a87b8c6ffb263d752dcc50e63d7d23bb27dc71f30a6cbdf78966e8d67d8202175464ed1b51d249d7d526252b91dc27c8d7b1aeac58ad605dbe7ae8da6c7b649cead0da3e9c98b41d32be42826b8cbb835ad208ef6ca85d1146e32e911d9ab62d8c9cd007221264af8fc80675e951fdb351898e63fa10399d3f85c820ea345ab156d79a9e15a84de4b26717e9fde8c1
32 172 0 12 40 248 :931ffcbc208584ffa7cdfffd07429a0f1caf41e9a4b8e4946cdbcf22a58920b57339c01f1504ad37d21e6e31ca43c627f69a4e02337a82955b0bad91e09a170c9fcc596caf5975ed01fc6fb28b02776f1507bfdcfbabe2575fab764a4a94d2175afd4eaf8cbdd1cb2d0c9dbd9ecfac59eb2c3eea150fcc6eaaf06857204659d5e2283240db0f28ef87e8ca1991144679c3a76b2eb1f027e7ebd06a9ca633e2d81dff89979c22bc3a766c2dfa
32 173 0 12 40 248 :6391c8a80548f7fb77ffe3981225ae0020f92a2c5d75431a6d9eda27b1d334c9a262598e90d17d06027be3486c8960e59e04f5daaf51fe8a7ca814219c580cc291bd893305930ed0786734ff32d81d2071afec94083a8bbff59bc18f5f27bc160be70df1558bcf69d247312392234ad9235533cf4af622e67d1610c8eb54073fe76d47ca0ace52be074a4544ff3d8a3ec71c42c555e4d91934a48a2204e0b4cf5fe0ff642e0dc5a0769dd98df3
32 174 0 12 40 244 :9915541693a2a0768a343611509054987633a8fa64cd1fe8702cca8dc638135fa755127a6d2e140da5867d8c884ad771ee92846802c9321f4ae9175960f2f7880571562efada819c43150d69a35aba2e362e66ec8d88e2bd82a4ccc4e80f2877ef91216a17a80f9bdbb1bf85b4c868696ea268f6911402abaf4920ee85e69c701eb0d1db5926b80ebfdcc82aba6fa9fa80932eb744cafdd16fbe6817c1b71a21a05e7551d0c4dcad2aa9aa904673
32 175 0 12 40 248 :2dd6726aef1649613658682434e3f20352b79871bf20c0dd4a1f924fab7daa78d7d7a3b774d77bfb9467331f8568c11ca51241edb19b07224588d149394d11594f9d8b9a3e201b30d384ac6ccdb43d661d7325cca1a1a4e8c9fce31c573b0369675bff3b57c58770b7c9daaf45079cf0d47b251203de6be49acc3ee0145c8006e0348fe69248bb580da4099fd3900c4c254d59201f97b30eace3da0a138877c35d1c847d521f32f4db2ab4864c4c11
32 176 0 12 40 248 :884035254642d9757be3d91576eb2d92bad1898033b7bed3f3e04442ffe6cd14b3c43912acf81cb2e78276f74366ea7dd9d3aa540eef591dc88703f3e7fca1b239bb20f4f86a926f98c6792f09effb568227dc45c2dc555a6e223195419463d9199558963b11e46fadaecad25fc38a3833a801b22d25023145beebf2194f1cbec6f227c62db8b07392ef8154e71e254ae067fc50826d4f599c02f4723e7eb34a37b994dcba39c946906cc5320a67698b
32 177 0 12 42 244 :6710a549794615e345c73938d78b6a224b3f664b5503de2460c3415531689d025126e653ae0443f3553856b0a73295c083561884ca913b778e8cb8e95293cc9de74dda46ef7fd70677ed46c7f29ff52a4a1000992ce810451d25cb124482e65586029147ecc228f29be68d7dcc395710a79ba355c64939aea8a0ff470d2de07bb10653a6e12f5bc988df66532ed3d550aa48d6f338d178c5668e7d937b52a3ac69f9e96c05323e3c3a18260b0bdc97c249
32 178 0 12 41 248 :23bf795d1b5c7dd4a1e28be0467ee40f5148c9935ba6303dfda8295dcdc3ffc4ffa81da09bb02a60b58edceecd72bf59b6fc151bc22c8cac88115bd22f3f4961de1a17ea015cd7704b04ca47db78436e45f59d5bfc86275df7fb2e2789e806f16be03ac997f64c69b3f88381bf53a0d10f694fe1bd7935baeb16d40589be2e02a872667cf98971c6d29c7cace3a8b5c53109748bdc21add06afb460c1f1f6c27b35195258096cf27274f84c54422af807d6c
32 179 0 12 40 244 :1a113d4b0b62e6aed8cccbcb328ec95a111f6e3cbb2251fbfa5faf0f1beb7ad112be52d9c238fe23823bc9af68b0699ba3b55222995051bb83ca74b5e5bf7faa4d3818c16dc006a71ef7baea432d1292dad870c019365f1ec9ea82cdec0412dc0a689690cc0d19d88a21e6679ecc349e0dfee7b72744e9b3f09dbb2854caaacef44b6c7d8f64472f1f66b23e43e794060fc67cddc3202f378d6c7805b509124bff414e7d1d2c91765f945b31b332905cac5135
32 180 0 12 40 244 :cb160dfa7c1cadc3d64531b8be6352f1009ebdedc8677d92a12fbad8af86a32a7572e501345e5d13c3140fb500a587afa5bf30e31cc483bb783434c3b1e61b5c89a9d715ae69f13299fdaf953fbfa5877d23149605cd3d63d258f3d6a6a50f7152130b107eefba52ee01c72a8036dab8fe678e96aaa36ac49b933da0f40f592d67e8f81e87553a204983d0cd281872a67e73cb2f6b89838c972410c3ed95ef221d173fce52e824c5e22dfce63f26434b399e3b97
32 181 0 12 42 248 :d25572c5b008feef9c08616320b5d336e2dbb91e81ae8d7e801660890e6aa4394ba7535925428dec9cc494722eb3dd47ba6213fdb583794f81d2f84cb02f3eb1cc73e547f509a5d463a7aa30b12495c46c00511b11ef7ee41695b1bed391eff0d89b4d7752f54bfc0457028cbc809aa6ff2e1a93a82694f0b778be3d3dd3f21f7047968b41a49d86f9af3502c58888f687bc2c234cd49afc7de16a5d4489c6dd80ca952924aa06b271a26607a2cfb913acf48d36c1
32 182 0 12 40 244 :a6a39d637ecb1fc78c5c6bcabe10ecedb55feeb67afb13ff78ddcf40dddc61aa3b23604c1525712b54cf0a38a29cd7a3bd29daac67621c7d39ebd4192d4e1673f5e50b601566c35eadd62bbb52e4a4a1240f65c8f5a8c3804713a1e9b18572fb5c166ad0dbf7a5fbbf41b2e0c40bd2a7063f2881a67026a1e9770912e3f7ba1a6599c553acdc9c9e7a5daf914360d8188180b16a91361b8be87a618e6ec4ec0b46553310954cec391c78013bdb39fa2899b6ed9fd53a
32 183 0 12 40 248 :209c6930e77aedcc2ef4f0fd821a5c3400ba83bdf0c8a3e0ba08dc996f3b7df27da9a67c80ffc3abc1f5fa701e038dbfb25006f14ad4d296b43c0e46474e4ddf32f92d1a01aaa94d1c93d6f6b440bb2f6bd71b6f049639a9bafd9bf68a2ea1575a7adaf5da7a4a3e951fff8a669288fcfe2162bd70b36cfe4d4cae365fcadccea5d91124b63fbf7a94003b5bdf0158cbca036beac7f95d0a876dcbce90c4755b2dca6ac1e0438a99c7500dc8d0a2d9082effccbe4221fc
32 184 0 12 42 244 :820c24643c3540bb960d64fe57958280d8ef673a057fa0fb9c27fc899c7e96bf07bf1eea48ae48792d9acb777f83a354b8b89ea19c3b0803256ccdf71be0c75082017a3fface700d6d1013d7934cd6259237391cbdd469658f295887fbf1ec675d2404e630b4575a03c401e3cafa6bc092d3aa8667520a760268fb76947c21fdae27e5354bd267759c24ba6c993fff2f982512bf2c10cc0eb192bae9f5d7cd6b155997ad312ceb03ccb92a928aa86be38fcfbe012b0d95a8
32 185 0 12 40 244 :107f87739677ae417d81aa6f84c78af08287f71d661a033d5d1c3f59239f82e816923b60b56fa776f6825a8080e6c9184a8b9b3c37e01954d50a66a0a117cade61f7947d988979591ea180929bfb72baed717dd3ec2de0db80db5be926faa8cd610931618037a1a9445ec1d6722869762252d32b3c5adbcd75a193bfd78090295a70db80613ffa93699d933ea235c88713a50aeffcbb2204051e2997ed88fd7ba5b6ad717963687a96d8749678e61d6eefe113ba4958bfa0ed
32 186 0 12 42 248 :6afcd5b27123058f48601456f6830452bbe9b295127bf25f1f05bac5e4577b6e6ce503d9a3912b950a9555da8ef0494f94c4e29378f2023d8160218307bcdd9b0e23b5c48f1dac70fe594980d46798766bd352544bf5e68e12bcedb9e7c99fb84b7b184f1be60ba9e1e011d1dc6785d28a557bdf8b37abc198fed36a439b5aba0b7b450993692d32fc61e12511506c60765aee4f89e533617143c58b03539ddf298c2da940430403acdd0ff0f301193c2e01a204167d758e3367
32 187 0 12 40 248 :0ddaf145d32ceb421d408c7a073b124eca22eaa15b71786173405b0b8d172be1196f6c6d64dcddadd06e77ae38a3b23d02e77a2ba7ee7b157e79f18df6956966ac2a5871b1d580bbfeefea40c4883ce0463201be3edb651a94f21a5ef8861ce74ba35712557beda458b401cf584a8a215cd11d5d6f535672cbc765ae2b1211e9e98abfae6a688da5713eb534ae9e6ad5716871a11ffb50310355e0be40973858f801231d57b3b3b56b7c8edd6058ef5898b07d9f402aba1344ed0a
32 188 0 12 40 248 :01df888855c84823eaa7b254ef0d2496c362e46414c16645b714bbe25e727facf6e77999f009dd8a3d6366d4211d7dbe5fcc48030a422aba1781ddb2695272376364519814ee482c1b897ae79586adb3172574ac7d206a55bc50224bc7dcd1d58969b5e1d53592157d6123c035b223cfa285f513b6f9d5624b494762af0ae0ee7e82e86ea9ef2b0b5011672b60fbb5a9b72e1b77427aa03d48d1993d954a35512797a1f28fcdd53d1de618537e62f317f927391cfcc72f14695379ae
32 189 0 12 42 248 :6f22528ffc0380257d46a3cc5c02a93d81785a185128b79e674b44bd486e59b7e9a4237dfe1e27d5a3828a85791e5989fa8bbadd2222f2726e33d2c0d529e5226ddcfaad6cc8b608fc3e6fc684aa4047b7c24f7d2f45e15d0b0b3c3ac3e7d280561581bcecae412900275a148cbffd3335bb62ef61e979d1af889137c31ace912395d2761903877c0c334c51410c3c532e6da047ee6723c51e82e0b46e76e93bf3dfb12cd6661c3719c1cf9e057edf57633ec2eed28d6944cbd0515952
32 190 0 12 40 244 :800080f5635af2e3f6ec60997c7db6d308dcaa2b544d49096d299003f9c4e7eba6a3eb006687d05c664e36cdb2c24f91a038a4cc14ac48e83d39009df52358447f482609205902721851eb899f7def8efe532a842c0cfa39def2ca92e73c0a0b9d75997a2c55b9a6a0d6d56682fc05d1aff4e824afaf95e2b91ebddc9857c2cfd89b4fa72fbfaf342b6e7b2e2f99286d851c5fc4949737cc8a17bc5971853fbab6bd3e07db15a2e19ad80d2bd5f7e26c7ea842af1a17808e39f6452ed454
32 191 0 12 40 248 :1485c66d1b96a968e308b7d9863785691783e96a5d8cda7566116ff14e81d3c2864396743e3198e1babfe61f6ca791c52ee2f1029b8b29a22414dfa287c2d8c9bba49b4a0ba5529e6594f11f6da63bf3a7b4e25eb442d014565c55eb229e0146f25584c458ee4fc30920ec0f911b2e57ef754b7745c7d9f47d9d69da7af12516cdb6cceaf49ed0859466760793b4a85ed720615750065d670cd8cd09889cdd4d9a9c8d53386c6b3bc0724c9321a518fc993b525eec7ed48a5fa11f95b0eb8e
32 192 0 12 42 248 :514c217da6bcf54f19b63e056fc3f7a666e7115e90019bec961492ecd36b8ff722bf4894764538da7c824f064ac97ecffa6cc06db3fd2df54fecadd3f97cdfca0f39eebd82334d9e0e6d5a52ff44785964a6fc72a6bc079fc71fcb9a7e0fc2e3286fc22b549b7215b91d08c312b459ed1214a8ceffa62c9b7b71cbd4e642fe30cd76b6250770c370595acbefd2e576bb39a8965384b0c1b727b0c1b423b1f88066708174c77efb404c0d11c62813042c9a53447772fe3eb1cfeb777c97841f8e
32 193 0 12 40 244 :923f95c6fbe163a9e7d2ae0cee0139040f72af13fa8a933916f098beb404041aed809cf2c290dd57ecd3838856629ed13951bb336f79e12f7deb5641a79ec4fe2d67b9eb8e5bee6f4d16be600e2c57b8eed192c3e788ccacb094758efd7ce623828ad9ea10b405e6af4623ab00a963393ac1baf7e4562b0e07cca40a0bcdc405172baef0226d378b562664b89e871f61f864695d26ca4609c6ab243134643eb96949d69b82fe5d851021db9d8a2c04f98d0c0fc4490fed444cba360c9da34e7889
32 194 0 12 41 244 :6fe5d1c1dd19110c21832b6a52138fe7f1ced3d664ec5d67b76150769165251297a552c6296bbde14203da06c4b81dc6291150ba2dfd4731c315e828cab209b973db6b793c9a1148e71c79e168b99d00a5be68cfb958b890fc5e75a965692456c899242ee87fed018d1bf39a9535265593183ca346146ff507c252ce3724e6c40ba72630025bba338e99ed3c32d51011c7e2474cface93b35284d12abc587e36258dc1f2aee5e3b5cb2ef548590b19f431e75a9316346b2a8c9adf14af686e30cab3
32 195 0 12 42 248 :3ac8801033f359ee4453d2c3d48362e3cbac08206755e7d4df5d80b932dc63e5db1f05a5adc89eb17abb2ff4140ba1219d81e59575a8002f1d2d15d2b0873ea32a0c059038eaf848926c9493738d883ae9057a66ba024166245fd7215306463df31abea0f5cea43c6208346a1ed8747801a25f400893255383da57124ea42ec58b27cc6e6f659c907683b19e8714e23acd5a96c819f6bfbf9806b69604903e7a4eadb5ff7c1d309e6e5cb6c5a450f8b133538eb69658c0c618d86209084b9b24a1649e
32 196 0 12 40 248 :e9dd0c88bd0a385bfe9c5998c4bd04d0a0c04375cf98d5276d7328b95f94abd562d8232b00e341532f676c19aaa57de31bfa0c8e4d8afcc1325c6760e17beed5009f3b0fd1ebcb72f07c770927c7c14b9ff35ab98b8fff06bed3215d3d128532a1a17d0121310298fcbfc8d8cadb551de5f4e69c945099144740b4bdaabf981638a8af540032e81b1ce003f635dc0c8253e30c8076115507a5194483b983912996e6564091aba4ca592287a0649537e8923b946fed651440868cb75cbcafe5d8bc650c38
32 197 0 12 40 248 :5bd8da28e87c47376ba2cfc02bd61764f11658f835b3c3177a3578ba971039aff641fba5bcc9680f6df0474b7a1ac3e7e1c8fb14b6517c8d7efcc6adcdc09c8449264f167f9e18be6cc1677b776167988496d6307274c8531915c7d671b8e4fc9869d5d607d097814143a250f73f680c1df560bea9408612de0705c7c780c58c8a3eec7ca17af5cfdbef5079c1b21e5fa14961cf3b6d41ea1400e592830ac5a3f23e3b86560a751babffdcda8cd3d9a23150a08d8f7c5aa5f59b263f4935d87eb8b85fc80f
32 198 0 12 40 244 :53ecd68f2aaa45b87929b4e14806b25f4676d7768ef0322716df8197b53d1edaaeadcd897f9d8d827b378f47d070842a5cf56232b7a2d8e4a00a680a0fa371f1c5bbba81bb31161b10fda7af35640e120eac32ac31f5f5b5634fd7bdfa1dac974d7713965d526b52746d1ef4c164dd980403a2865916b62a9c2568452035a5c4ac1e0478a968e96c6806046a79f3d7757a86ed003a8439973027c3f65cea46e5232cea50c2a1466be015b7e8c65660c73c996bb4451762d20add1bf173ebdefe95d7a6cf4e62
32 199 0 12 43 248 :cd05ae5b9b77d8092d1a6d5b7e3b7f490ad51c285bf8b04618db4d689c1155665adb5db5d76b4bb22ed027c5522288e8a589f1a15f35fc8047425b8c18860c1a3e89f217c19cf2fd45b131a5cf5865946156542b9512f1e8b3392c39266c7afe33f8a6bbf1e8922b1c99dd1f71efcc3f39551720d205510cefe11b7554cfaa51ac480848c12c0c21ca2ed5e1161c602167be73cd9dc63dd6dc85c1367b528802ca90fd1acbe2a36cd37edd6404c0b357547a2fff0ffb714530e6474812dbf027282a37dfcb91ee
32 200 0 12 40 248 :8e8611e95fd39445372165a64aaae366a0e54b998041dd8984a0515ab505897ca19a4a0a695e7baa7b0934b521a0b69a1238f60a7c524aff6710d252b41e3185ca2f2afd9180b93d3c055ffc72ad77c71b88caa45deb94807ae97d03432e3c90d06c532ed46ee3bdc5697ab7b08ab77bb372a40a32ef730d50e7dd02b05940e37d3dc5f9a9e32e5ea0f6e1045fd15ea89c9a3df8e4401e6cfcd5b58636ca12a2e90b0476a7a7a517d62ef0f7317ebe4f24c47142ca8e78ae57773eeca747fd3843af6e2376d343bc
32 201 0 12 40 244 :6270c54f65b390897f826ba94c574094f34aa27858e045544e02275f9f0786c27b536fa0cfde48cf592f424aba09139a1c2df232592d4e42761431c5f32f74a494cabc5205e05727e162d400282a12aece27987ade61dbb923bf78f559455bdc722f3aefd2d6221ec5ef833318c4b5d58e51797f013b56c93f61794b7da628631a02b2244d7865029be8198426ae4164132289afe42678cadf7fb786c86b7e51f2a6b6706450de8e299e92d72f315f5bc1e88a12295b28e995cc118de244153e25dabc98652c983c65
32 202 0 12 40 248 :de229e70cfd491d5c5053f3fd5873d8f938cfcc8a72a359385d3145acecec8ae560b329d1ff1059de0f185d84a71350ffe351409fbbfa65cbd8c2a2f559170e500270a94e72b4b6c5ede2de8fce90579dd7ab7177b05a040dc280c387d7ca4d215a253de88b7458ffc53738621fbe3292be608bc5e742a1e3707f3f6fce4dd9b642cfdbd426e8d68a6af29f5c574d72ca5ff18298f6d35f7c4a00dcd41d2da36a3fd5f4ec13d80dba577cda09aa0b074ad6cf9da94cae78bc982da9e1f09848d5b7ed2b143e32a09ed5a
32 203 0 12 39 248 :98db3e649578837952d47238a46cea736a3980baaf2ff5cfee4cd6fcec7520a2d06bcb8fb13bbb0118be71e025cc781039ebf3e5c87fa2c68e84bcf9831224a4d6e88b2aabf5cc8f7ddd66d1b1b9c174d299d66307a2b161b2f37d58465dbc098dbdb3fd626e34ad401937bb7a6440b805f3ef121858f329cb97102035a1dc6341dbe5b0692f2aea75979f24b98e23e1975644c082fad4109dbb62a4a60672a85aadf483eae5a2b95b3d05fc721c3592b98c25decaaba8a0a00f4b41c2901ee52adb5298903cc9ca0c09d9
32 204 0 12 40 248 :0a421a792feaacaba29f77754276bade002a5acc08813b955262603e66751c725cb57a5cd1f7a55a2247f9533232b889cb399679c039a6138e8da12d97fd20451e532c6400f0db9f340400cfc3bc0c2d21884de5d83385b026449435d7fe3905987d4474be0677df7d09eb0f48cc9743156ba8de7d11295a4c68561519382c88d056606fc98f62d199ed66c714a609ce40c275dbd2ec6743c6dab082100e92c86f2a7a4ee1670523ea07f0c44da4644049add7d87edba15a0af65b7ab2467db5f0d51a896d9453836b139e0c
32 205 0 12 39 248 :86b13402bbf7b29c4462ec023e539de2dc0ad53b51dec7d35470658182d114007200a106ecf60e862ed9b554752b6e89c7e4372425cf66dc095b35f82ea6dee21c8290d3c5c66baf0d2eb4ed94d5a3f30eb00ead492a46c566b086019e28520de80875c6f24d2754ed5b0c74c4dd4a24c874fca903b6b0cd00f92c92b0e2867c8ea05de29487f3aed49ee983730e945b184840b9ae5d483355e79c1177635dff59cb81a44a26019ecf4632f455a4e26a901bb6f4b5c62b40d8fa812644bbc033b550da397ae8574879893f355c
32 206 0 12 40 248 :035cc2a0ba1938547738738ac1e9d7dd069efc77cc9dba7fb07536257b74ccc98f073f0bf064f34ddff929c515ad73c05da4eafc135a518c0d122d224a39ded1b16c84463cffd24967da75a541a4c4163363a5ca7a6b2a34260195d3398de5555992bc8d2b882f918c1cc156e724fd07f3305c42efba4fb70ed830c01d273cf220785520a12bbb999de96dd49f27642865b97c97965576c70bfaceebf3762fb8377aedeb446c4b6d6583745693dc0230dd7e63708c63d30c0a68fd23fbfb3cb368c533dc92fd78793ced80448e52
32 207 0 12 39 248 :533537d9791a66beaaf771aa31888ed348fb153c0ecc44e5f9d7550c0c2aba913f26b36bfc50395360a26e91f2fc6752037cd861b0940dd84a73cb8298d365673aee4967438c710a3b79fb23fc8427f24f50b400946d276a4ede50ae84ad6a61b1a4f6d3e1b709849c22a2b1699281d5d37ab867ea2eb99b7ae90bafa63aa10d463dc0e578e1661efbfb5a8caa0c8533c80c7a1e78fef625c1ae7c0a6a0d6ea6f4debf8127b036151f8bb020c288c9a03bf20aa1b6aa5f6e61ea34087fb14cd984310970be7c7fbdbb290a4e75d80c
32 208 0 12 40 244 :93446eeebea3fe14b22422cff66aeeda897dc6f33d71c5be668bf9be5aec67b00377522a370eb91b850842d11e75fb6ecaee72ad56598ed660964626ce148beab96c9add4b18086558585185a530d505b27302e85cc20bbdfeaba8156adc6349ef380218c72eb3eb21a9d986233377577e29435a0543e80358945056cbf5facc9439a388fb88167e81201422944fa710190c1b01c7bab209bebfd1a0825e6b8c2195f05d53f302d9462f4ae6be30b27b7fb9ef0ab3231d310a34c1c5d2c5e529a8b204e66ee89674464d3d5ec562591c
32 209 0 12 39 248 :aff3ca7fbf1380884a0d75f3138f04740d71be369d66d859e05704457f1a0fcbb0cbe3c6aa2e0a069be29cba5d1fbf1142f32be60a85b776c7417645178a2b51615bffc3d2f37d6839ab20954aa755e2611096b42f5a16906e9d719457f01a70f3d1d6edf0a4fab2f021fca03fc469d7f6b61ec5ea0af56081a6224149a9ee6d14a5f9edda647bb77c8c5e64ae9cb21ef74b30a54d88d8ada5d33ea465aa9c3f34fa9bc49cefff186fce5e85c6ddbd1eddf1e70bc52d1aedfeeed45a9a448d99cd1321481c0218c2b4b25327d61cd2eba4
32 210 0 12 40 248 :89acb77c421149d76cf73119317b0185e22dd202da0a69d54afb7b4c99de41232f8818baec14cbd9759d6608745f95c60d520f3593395b1d7a73e09896227441f4e26e9a54a104b820fac2bdab76170b864532a9c9ea8a7ac2f9977a6ed2bf6264948f32a0b80eb410b73d7fe4ed8016e424f21bef210aa78e75bac5f8b46ee30be1a421ec32d1e9c5d4a62ea515d36d05018a68494607c3ee84682cdfde236bc0e0010afe2d1e4abb161529292834e3cd69ac4370dd481d8e73dcd08f1130f67dfde1ead27ee43e81788a828262f5e74052
32 211 0 12 40 244 :1eb941a0dcc5ce31bad85cc31bbfd5a18e0033bc2ae42c292b1fa91b8ecb5e00d42d45c337d3de3f07484c236407c8e4a036265667503fc19c0a136356117a4ed126c94198c9cc846aa6e804b50f0b568ebd37c13a65b52788fe25fe3b3a491634eaf31cccd7893d85d51f1a12314ec9f5542f8351e16c749644746a116a901d2bcb56f621d7958c3cace6883e27a0ceaae49eba7eb57517e620584d832c9e6fcb0256267032aa472bb7c40063a8468d06107eabc361c38ebd868f0fdca4728f360ea77fed12fc359aca9c8fb612dbcd41855a
32 212 0 12 44 244 :b315140228ffdada6753988a3fb8a48180b2179d2aaf25858e696f238b2bef2ea7d4244e9d04617cb83ab83851001eee3a727a60ea5f1cec2605695917471a43bd03787d3331a3192f6cbd4765d014f33078a8b379e6d41d5e2b137d951640a66808c012c42ed079741bc1b5dcdd7a2387ac6279eff83b861b887afb8b1606429c61e3b38ef895d289e2b448a3e8e7b48f411cdee710d4cca719be5ff4299b7f8339917907b92187436e72e55f5fc811a7e02722283e97b35279a6dd03eaa3907acb42cc1c34e9ef5005d15d13bd07918fe2cb6c
32 213 0 12 42 248 :6ad08f08dac67b2f50b41721926501fa80bfe72cb36500d35d7394f45b5ff7ef13f7cec993e06eaf5b03a930fa4b5243b6ffe299e5cb615297af4227066186d32f1aa95d5ea2251e9a3379f271e666688991ddcca0df88e11d27047b3af58af9d944f2512d102d890a9366e29fdb34edfbd003f04888a338f8fc72c8f38b0e658ab092e2c36b5bb4cffe70217b1cc5945a1d1969655fd2979a0b323cb7f6f24a0cc4cd70402a255a18978191dbbab7d225388c842f50042ee83341e08edbda4b97cd96d0db3a3d033df83c8a77e8ae07192ed7d4d3
32 214 0 12 40 248 :4a04dbd4d8cb9649126c7a756fd57f13906906378cdbcabc82835019d8f826753562309372c53e1e98d99995736af1d941749d915c1de2db0a9bafa37c39acdd13ae07891f3e43ee8f7a5ea49732f25e5e2b0874e4b280b8d78716c8030c70317cefb259d9b4f93c3930d9d573c54bba4e5149883268567dd7542139397fd3021629ee6d253759fc723b08b225f85f358124a80ddd16ee8d2c1fc60c4cdb069f410f955533e88d94fdc236f74a63ecfbabba093c6c2e861ffdcf8e4b968749170385750db94309656a3b6a4e9c1bcda407c2881d5cb4
32 215 0 12 43 244 :90de91c0572ae2a75fd09cc89a9575dc50e4acd5b1fe323c99b6d4258fa7812a284dca1b97a1639c58751275103a762abdd5c20e622554984b36d6db38685c9345d6f838fff657567d4c9cfa81b5df169692fb9d0c209036ed3ba1dd38cd4a29bf5fcce0846409f5884795938e161f47fbd9b1090d0ff29a8c1517713942349cc14739235d00f388d21daba91aae28b76bb12fdf320bb76714dafd804e66958ec9d48e2c31249aaa7f82cb69e4312f0102408c5220a161927996255c08c0e3569d5145edaffb68767dea84e489afd659bb773d88e1fb7b
32 216 0 12 41 248 :2e9a0be3307cbbecd2204615627f12ae3706d50b3aed5eac1b9560ccff0d776dfe9dc0f29c1aaebe30c73fa868e7d0914295b77d4f59f73f0254ca1196824ae400d1f7482555fc721e518bb89e921d00b9a62e6b373a8267ead249ff8c4c889806e9bddd7f73d2ff694e3dbd191c3aa37b367431bf212c3b35f06ca7fb4c77b17e0fb4d9b69e599326614f55da257f26bb7ce1b1bf46a4185dece37e2f72b3188a4214147a737dca1787490e9c48cbf72bcfe4e3e701ee2ce118386fe273094f880504c9649446e28f5fe77e00c4744a02969452624353fb
32 217 0 12 42 244 :e65794812524965d9b43fef3d5d6553448e7f8edaa5db6f198337815208f8103c24bb70a0af6e28e7f49614dab39a6f28eef97a7a9e31442abf327b79e735c006227fb6cbe6373bb5b8ac9b5e66535e4ea4b27cf00f55b7ad73115c3a7a7c6d446a28a844c4e0347ca14e3d3cfacaac5eedf0f1590026ad1fbb3810d179dee884e9a92d06301c7b144c06c6a0e7edb56fe796c7056fcb5b5c620a9408820860afacb4d7e484e65a1dca6d30da2ac73beb92465147323ab8057077ea517a73838a525dc391d39eec76a55c3c682a32bf5882caf35e9ed2955e8
32 218 0 12 40 248 :d8bcf014631bbb739e6b482c1dcad9dc16953aa4db012fa132325bed706da9f808a4c7cdcdc7c4c6c684da822f7aa55384102c5644426c14fe45e6d5da6c7fae81fa35501def7729a012ae30371a78a60f6026fc7cad6a23074455e74fa137af79bec5db245b38c4469f1395d4b300d58987f9dd4daddb68e6d07860b87c4ca4b39fd5f30e032f0094d3f9d3f7b5cf2ec8ba8f0bfe6d89ef3c2aa4ac0324def38a9176dcafb88ba62e5ae6af5b02d7786ef82515ccc72349cd9a8fd08958b55f77355e3925b57ad515c1ac51aabfe4ece7ee1634be225b7e2e8f
32 219 0 12 40 244 :e4b7594579172cd15767c36ca9cc53da19f8bae266cc8add6212479088671f6e1e1a1031c1053184d45c23851ec1a7e41b695cdb887793ed0d9dc27c6b360eed51594ec46854c63bca8a4a0ee6fd4df2335dad48185328fa6e6295b97a1081c0b386e01cd6cb810af630059dbb5ba1960ec94da17c3c5439b8dea5efa5b1e6a9f2cfff3366425f06be0555238d8e1956492a0a710253d0f4900cbf54a218dab2ba5c3e5f7da2e3521fc81cab9103b2e71784534e6d814ddfb9c17a14c5b8abf09fac0f980d632634eb7e240ac2dc3d5d62918e32b3ad18b0209575
32 220 0 12 40 244 :86e58f1dbf2576a8f128811e5988c959661743446252cfbcc4649fa18f9100c73f7a95c3bef531072eb2e646762f23b8b9f8f839002fed004244bc9e1bf09f4c068dfe010bd98b5441db7f3a8a1b0f16ec60d7023f366dfa45855c9424794514c4dcdac5ff0c510c0a4fd0376ed18103ab415035c931d0c00ee7deccc5778dbb28457f48ec50e7a00cb35086d6d5e0cd956552a02d52891d545706135ae97f79ddba632122bd52b654ff486a2a9ca56becc07f85fc90632ff0d9a314ff89425e85a24fc5de4e1d69fab906ca07a8f30b361749fed34156d84543db96
32 221 0 12 43 248 :6232e93f63aeb0200e34a54c22e29ff7173e6865210f3887dd26c60aeec66a92762d6d25b594169e599d870da542ceb2c185821f2304d5aec6254f605b7d64e659c0bf5a921b721364e8468e6552266537f673dd1ca0e963c6556acec6a99c565bb2345194ba1016d1ae0c4d5e65bd24681976ebf3c25a26e16987ab48aa521ae3db59d434937823d7a473e8bddb22e0bf14a743c2f557ac92a350876988f7ff3cc8a4f5d7305e62a88853c489bdd759c3b34a3e41a89454d028246309069acf8896ba1db27fa7606f8652af21504421e9a266a979563b10cd3de6dd0d
32 222 0 12 40 244 :e477a17e5862e251eb61e31183da6225949fdc07da38015b6cac1796403117e7335fd3f3927960105509db07cee02e613cad677a65307a720e3697c6aa7a578d56f27dd0cee6b4f322589999a55fa56b8a5e3ddf697289a78556e9151f5e38afedd6825f4fba215029a983731cdda48831de502d52775a340141a9f1707bb6ec03ff4ac251733647861681ed288cb2fdc3b44baa46de2a0161c038ebb49665c0206a1d07e255023881eb65e0c0ac9c99392e75dd9c9c39efbea228f53a0aaf626d8c10f1187bf73442035ad135f908281aacaf00cd44152a0ea838648fd2
32 223 0 12 40 244 :c7803eea642376f26fceb07c18400aad41c027ec1a12f422c85091a3915dba0b9b112c65a2dcfc0edda35fcefa500128a29ff5bfa165fb77fc5ed7f5f85aae7c9cf44cd83095fd4be40643c62b3dda57bf80fcb754b29639c3366ef3608dbf533e746e2958daea816b5c2d76fa7d5aeb3b46f24ec6952e150e969dd2c1869cd1dde94db3e5843c45d192ae6cfc73f4053a85717966b76901ecf36778d81711a7116b21f8d989e4e9519ae90af71159948f36c96706665a077d85124cb6868acc38e4cb26a96221d028f344c261b9f388853a82cd0ec8ca48446a1540675087
32 224 0 12 42 244 :9c6924ff0a8a6126e619b8fafeb3855bc18553eaa92364cf96e4478718ed070a2babaa77383f2e86e325d2ea669e08457de5557093b9fa6a1a339adbdd263cbf80658a3ea21de209e1a54be711e8f1e9d0bfca81bae9139387cc34879e83171d7c341879eaf0b6f9a96908e549ddeae476f2594697c34263eef4876362506f6f02afebc06b9ed020a276a8feb1120dcb768f066c47f06cab845fd3f5659b0d39e4338631ee151bf9508467702d21e3be99f3103ef9d9c58adc137a464a8567c5078b330f0990c76bf276decf9247bb535964f0713c8966a107ca8d5476ea6417
32 225 0 12 40 248 :aed380928f614e0f6b82c08b7e5872195a47c1deea5594f04464eb2f272cfaaaa64fdce81ce45ee82e8aea9f25870149461a2022add3b21321f7fed8dae81efa44d4c901cc32b7f6c406f981a11154f3f5602c50e22d4dbb39eb91be72762f081c1702cba4703ee58e1e777d0ec10ad31987004db69437e7ea310785d460e9e72c48ddbd550e43ca0fbdfb84c5cebc747a18f3779123627f0e382bc649e53b7387f44cdf5bd8e2a65cd8039a227725c2852edaaca3fef8dd5ddae731d1104aa9571ac2ed85e4b9b60212127c28a42b7bff2043d80a3e48295c4968660befce95cb
32 226 0 12 40 248 :55bed335a4d6ee2425f1b1db1056f31e81ba13f386181d31d336f3a8039f9f1ce4d27e00e31f2398d290eaef3128c46b086129992ca0deaf3b2c257553ffee425d096204a08a3877501f7325cf9cf42f51574305084ae5c4134ed96016c991d14f6562737e74cac9fb0cea1a48b432c02de0ddf3bccec6c9811700f43aa483a1ef934f04ef4d2ca75dbde8ca6f48b409cd42773d98240532e39535c28bceb0a29959dca686efcf92fc2ce9335c7ab1158ec55096c5aeb93d217dd61feb66245592cfc9cf876b0a26827302cf05b7ce1e43d95f5528735e3bb806896d23a3090b39b7
32 227 0 12 40 244 :62ae210e6f7e1db6351e39d71a01ac5237f504ce56ab3053f046e7b59558f3b2f69585cd71bbb0a118d9c22ad044ed25828efe37606e67afdc7bbc206b21e3c1d5e42b2d6fe137dc1c52ba922eee4a0de4f3daf7a2e1fdafb791a24d73595b52f54b214e6b77341226ec19d267d7aa21c816173576ef53069082e0f3550f7ea023e0d59d48d6b5d8ea678389ca18f6f39e38d398aa33f5d26bc6c4e7b47da1c2d511cf32e6b3b658f1a84ebf357d511db3068c0def762f8b852df49efea21cbd13d80139bda052812f397015c6778833ddc4182a9df387bf9661a02f5861dc6b27358a
32 228 0 12 43 244 :b82f58b0ee419bd55e9af6d605fc910a769c74f26f71b4bb432085ea4f136bfa61dae800ca91083094a78d28c482bc71542a20e7fe83dec53c6219b36f76e4ede7599fa8b54a28c82b7661208ff2444beb1ec32565b79640d40cdec79e9d6a8b13ff0dca8e19d96455616f00c1e29d69328aad7ddc31d21bf1d843ca9d3500633db33ce2780a403e2af3300102ebb82195c884141074654c7b25dd2869b68f9307ddb129cc92cecef1d268d74935d97c76a5f22bf0ea7b6864a41d527182ce1e9082b38d3c1095b7a6bce0d75c08149a693e1d8240ed14c8a6dac576c52c7f41ded90693
32 229 0 12 40 244 :1fc557032e82417bf10e2bc835e6ba97ce69862c2f97cff40a37a87fb3c2ce0de2d3c4e342b45146cb5c4acfc9eaa45341809bc4d533125c4bfd219ed2e77952a65c8d6ee53c798dbbda9d4818a7a57636f6c446b9b23a7c7e04def61592bb82e4c339e74be55fd52e332fabd6bd9491cbf9f0cbf16c536b51e2c8e4ef24c80ab8d0286ff9a00e4a05a16920c7bbc9930842f613c8a526be070e56057a8810661bb106af85f695e276a9a491ecc03e5f578d9a8dcd5f286231c231bb82689312c88d6d14cddf8d46b380e8a2d856672ff22617b0ddd3ca36b09c406d31de24ecffb0dc0d3f
32 230 0 12 40 244 :b837538306ce2b15f269d21d0e9b4cfbdfdc22de73e40237dc40ed49df522361d6cf7c9c4f48c78826a8aff0555624ef665c95074c143abd131e2b44b8aa2905416919fb8fc64ed58e8f51ebcc9d1d69cbd08127d4c01e4f94c153b9b43b99a1d6553f122c894be0f38ca81c7d45f1d5ae709b3b8a44479be7f655743777a4b77fa289b2d32a8371671b9d5410b85f90498fb36c711e77d27563353355798a241db763bdf488cc1a6a40125134a0413e7845ab716bb9c1e4ac39da11630958164b3585f62e0f6b7c2a40fb3f95415d90668ca22ec341d9fae2b835fcc6cf68746068234a5761
32 231 0 12 42 248 :3d06419eec25e5ffcff64895f22ad4e64a6899bf768acc5cff750c2566eaaf9c594934d241faad3cbc5e4350612599fc2f000d63fb04173ac4582c1c1debbe394d1d824fefd58a24fb62b419282138f69f237282277e3cde851f2e388c99732bef4a3eb3b8c1bfee03d6e261b70e2dc06a4b5be1e4624d0d4d7005606be038e8435e4a1f3c6a95c5c948f8a1095996036a3a1f119d7d57ede9687ee0a77be7bf7b76f994ed2ceb1e8057e8786fe491ed2b974a925671e397d5a18f02ab869ce805db1cc9456424cae14b9014c7f3d3195d538b26d3e8f658120a8075372f67ead939edd0606339
32 232 0 12 40 248 :49c11d286ba5f5c4f72efdb0d7b1352a9949d211763cca5e6a4d84fe76a841b77c1bd24dc3cd87083b36bd03acadd03c959921fa789b59b0ceb78e6dc180386d5236902d2187eaaa1ee03e24d04ced2687042a78ffb15c4dd81f75b2ee7638ab81f5832885b6a8a27206d25e90f6e7ac86d740943ba27be8b3785eda2d05693ee4dfc48dbba6daa5afad33df1109a22045f49db01722d2ace728b6b51834f750ac70ad5e1c40547f198bf10267a6d706dfba85cd61e4351010190587df7c2a553121e4f7116d7f173764e860ace3f6a114e5617669b0c3dac768ba082e9a384743d0670de8e732b3
32 233 0 12 40 248 :18b1f7be29cd4d3a19dfb05d4eb0b053cd77972ed2055019494578e9953cfa8981c104bdf4d1861ba2873ce3e5721b2127259e69901646badaa038d10f688aa7000359e637f5e78f4363a9d1b4173f7d86f4b1e10cec01d0928fb5304b62a761d4e215d81101a19cc3629a23de1bf5c18ea6df1946679ce8e719cf6732d976aa5f5b2e2d2addeba15ebe6b9e7f41d6f38858615020813fa3ea9b228a732d0e043d68bd52ea04fd7745eb0adcb0c15f28fb4e2a8cde131304a8ab6291224e80a4668b3a67cb8aec12d65058f6c3afe9febfee664542ac8b3265d20fda238cc500b558db63280fcea3e0
32 234 0 12 39 244 :8314322a721e5d7203c5939129424aa63858069860c10203ef9e30e290ecc5eb8699c2fd80f06072d12cea0b4cdfd4dd5e37c2f4629396d56035a4840bc3e6e02011db7456af199e84b1439bf4f844b2ec043323adbe42b06dc9d71060034ad06174034fb282d9fe5df74a039b7035855c779d68ceccbb12ab9ff5bfd436c2e2c5e96aeaf7e04f1362ca99bcee8e24446ac4ec2f8fa8d0e9775a6acd88abc22675e3c4bffcdb4dadf8fbb27f55f9fa2f53f44ea04f74cbeb3300497ca37f8234267ed592fa536cffcace012a952f465ac926fcdd36786aa510c6043654bddb9fc2f734e35321399cd125
32 235 0 12 39 248 :942f1f609aa3dd248114b03a9de55a446076fc8a9d13daf2376f09b769966e73d1beecb6efa1ee83d4077a9ba857f2dece5fa141f4218a34a2569d97093ccbcf88c5a940bf2c4f95a352b39ccc813538796981e7dcbd59e1b9323b435a855ff3da1ef730f779e4d505acc78ffc82b49cb84f62942b2fd9e3cddc8005f39df4691358a21860b26a79631b1a8c92a47f5307d2af2702e79273bfcd7404837501d826fc21e4b7ab6feb581862b43b6b4b39fad83f3c1770ea58f4279dbf27eb23de935aa427cc766fad20964da443556d4aed2499f2ea7868c1523f8bb557090a179aef2ce71db047bdeba6f0
32 236 0 12 39 248 :45616a53ac51be631467f9b7221a628beb214a2d84d8425fe29293626bb8e4e8a7521932e4d0f510da4b46f1054a58097ba519ef9f0689725bfde2ccd616845eddc2ee84dcc5c0367240a434c14eb8cb4cd5cbe63551e5c06ae6460d17f4b767139341378d503ff299bc5fd999ee9b76e62f0345042a2d1b342e67768ef3225793704a5b7f01dce73885fe05778b13f89f0726906a1509e5cf82882a07154361825c16884ba6cdd76b44ab1684b2faed9e8f182fc984a3b105b08de00f144d46a4655c091ccf89c5a5937609b19d3ed394fd93d044f3c3c7d808d3173c1ff8cfa83086d7260d5d18069070bd
32 237 0 12 39 244 :2c9f443c825196229fa352770ba1ae592c76db261947ad847a5d7d205b7f6e65192175e2878721ee05748a219dd28d4c7efbb08bca090785f8d353db6ca08d8022547e3458f6993f30d09aee7f2f0efc93878cb22140db55d1a0e7b373aa07377984c7c77bebcee169334376971386317dbcd9336be2f012dccc6704abd0e24c5b881cda8f60c30ea04520968a2399767c39533ebad2a23d61e07ad53717fdbba5d4dbad6903fa83d034af03001d9b4aac85a0470b1418c22e4a5811f4ea06795c2390f33c3b958fd44a4b7ca35f4951054f81544c7ac572c7cad4b0e22d5fa04ccf23582143163d2e84485032
32 238 0 12 39 248 :2ab6abd0144ad5be893bce6384d194b1a44cce74a30d4a63c0d0763b55f7ad22c215eca1d55d86c30d93815b723f390b6faabb65f7a1f045c06e34c09bcb838a416c2fcc19b88339151b5598e7a5bc6516626e47f3f7be1b4ed3e93c95e54c5ab1ad25cc7849663624cc63783db1fd2b0b960dd50f90aa1ee735f4b83f6a4fa5a1dc6401d08bb7570d4bdb8ab463fa8bf171faff34bfda80a218c87a208ca765a7c2ed9bb008f462799e938275c2e21d4fb182f25fd2213b11cd6e923f217736b8aad7a22c6f986ece51f021c483d6fe2a08c1161efedf64c83ad7dd70ae01a0d10d3ded36dcf6e461b2e2bd3c14
32 239 0 12 40 248 :8685d12eaf56cbd53a5ebd6701304af408944cf8a2e685e6a926df0f2c59eae847af0b7c2ce6d6380e579e4596471bef023b5a9bb0888e916c8bd677861e491d857b8f3722b8666c23c8f9ca3317c8589dfbd0d0c45a72dbab9eb200cb27d481b63bda6da3b58c0ae1b837d824ca13655331657423f57e5e42c1deffe66b764da6aaca0d78e70426edf133eabb3485b8fbc055583a10ccb470028a6488961a344be0878ff9f4b786101c2b3e02ae8a5409b8d2492918af6bf9f723f5067a2af635b7ae808a716a5338405dd45119e3738a854651541ac7ff15925a50a21dcd9331ca2e90867f07bc9822c6d63e7122
32 240 0 12 40 244 :445ef2206389c9ec4af6d864cec2329614b6e74a99c856bc05cdb516b93afa6272564f25477b450291cb6fd9ab4a400932981f63bdf5a70cbfcf299c781f3eaab25e632159113963ca1c87972d96b46b7f4267f88625f5466eda51cab44d32942c43645a43661795a1d70aff94654e27cd6b617f74343790557b42b0883fc4c0703388376a57d4237597d2a342db915a6924ede76c42aa91a08b80b30b6e14b68a28b209d6bc61775a7b11ab0e7bd41074c2e2b29a810d69d172ebd5cd12f8163943ade3328a6631de777ed066c6b7c8db42632930eecfaa92f10cb3dceeeca1585665680c85dfab61a40f7bc4ad33e4
32 241 0 12 40 244 :266fed7c32e90bef14d03961211a12c605299541b5598bbf8cc9393d70178b12a0881229fca7119748ee0392d49b6722d7eb16c8ea7aa921a5e085cd994ca3e7319691cb0e4d45a34f27f1a0b42fffc421a595f6d10aea8d03d2b35c72a03109da0bad7a2d7e730514ee738a6475a41ad46a70c37473cdbc369681d1295ca9dbfd90dfd15d1190a4a4eb426048a31e3453f8729f37ce4f0f63f4306935d5f7da5d5f5b1193e714686e2f292e45409e8cf946f1665063c71bbf3704fb16c33af5fcdb86b62569f440e9d2688564f4a44b1ab40ce2101de4f81d54232747b828f9d9aa8267684ee26bb9963f65b956d4d1be
32 242 0 12 42 248 :e2fdd80a2bf143ae77e03780c3eb99c9ea8efc5c696e0d547490aeabedf44e76fcb32c5b722f370971d4a2b7a2af94a3ba70cfdb27622f324fe4c7a62fc52d4f52f660479e5e7125b9fe0ee33f1ab952ab27099dbb005f579b1b59f22831c9c8334f8057d2a491e357a04dae3c4071a7f093be9674431ba96c992e9f4a126a765316a7dcc7008a855b1c22ae8a977357882332e443d4e2cd97c0f7d16643a580264dd4bf60fca4243be7cd883f7eea7e547b14bf233c6e6daf0580c3ab4295f7e3e47eb97d7eddc0eb0d67d8b5ccabb1f242729ec6e4eb3f9b22d8b344ea433427f2d5e6f75626ab314187ce2a82e7a128f2
32 243 0 12 41 244 :7a36ca164de4e91d178ce33f1ec7cbe8d720fb5fa2537f74d45b5b9a41c1443ce039a21ef1bf2c1125cefa0369e0ef7fd8e921ebacda0ee39f73c7a3f4f469405dc44bdc205694163f49807acbb75cf44d6619ea7e159b97e70efb99958c4c3661062f9d7333a2b1f3f7f12942ad1d320e9326b421e8d09a6af4199503ec09da230f849daa1019f4c3ca43d916bcafe5b75a449e5d2502976d073b9e76d2a5b1f36080d3de7df9623af57329df8d8cd05128b31cc4600603e2ee285ddd2d9b83acb9992a26292f440e4dc19cf998251cd36c626d3efaa31e10d58690af4939976623ae6ebbfbd578b52c1c803e54f16ed7400a
32 244 0 12 42 248 :286af6d464f6bebbc618c4d25084f58ff39aa0d25aaa220ea0a6167d080687a431394c59aca16f53458c6410a5d12c5e06643fed41a76be5a947c0248abf777978cf41fe13a51bbc55189ecaa2a1dc7497a949c7cacfa28d375cc3741501ab67bab107c21ae6d1e033be8703ace568ca48ead93dbb36b2103b1c22557ce3cbb7ffe942cba2030c4daa25432ad33922a54fe31528336b9092929f9d4b65de3eede8a20af67fd223dc4920a9703737119422dfa8c56e4b6015d2fc4a273251d28882e5a04c668c43e3bc784da7e3096c05b233d29e07df4b9c3b1e4f6c0b0b7fdc7a4b603d3c3b3ff22fe6d75fb80ec0c08337a0c0
32 245 0 12 40 244 :f320075602ab2d0e883e3b21f0bae9b2af5ecd8747edde4462dabfc5985e4472d484e76d2747a62c9c318571c2add9b20add66670243d81f9309436b3fa1af54a615d20ec64dcfadd3a121dff6976551f9b8278cf6f560213daba77a61998ba4ca723e202b9721a7758f0f4673d29f2ed67283c2fe960dc75ef9607c6902dc29c0a44e8d5fe84f8c4d0f4e469d2ea2331990003801f9024df6f4007c48677f2cee5ef9d1163d2a8642818a5e08d45ac5d2b99fa9935b291896621e8112dac83a0de6a47bb471607f9185bc700d31aba312a9b7e0202f9f2e68ca52886dadf920ea557eb033adcb8382121c5ac21f79ca7974d474dd
32 246 0 12 40 244 :af3cd43185f9bded90b002b4aa97527538a6912109fe8a8a82f2d2a295513e148ad9c210586bd1c63459b592f47330b19f75193045570d83433c50923ea4052cb327a790355db4b1871cd96f3d45e16e3d3060869675caf48f700b5e0348d7d0517fb47f419f3595a0485971fde985d4ca47b16485e58f5759a341109dfde208288d6a014c5e0622310cbcfef5646ed61b518a92c2d05de974feb49a3ed2aa26b24a70a9a2d2973923ba22208784e8eb4b720dcdab1317d94476cd355eefb2cf79628933f8b348f30038dd64b0215d679109f41143ad13e52eaba028436589178c84b4a4c0495b67b57f02160f3368983bc29d3c8fdf
32 247 0 12 42 244 :76b15d0384762a3581169f63f280e5e8937b60d637e7105ebbb0a5327ec957e727fe29cb2c2a6078e6c5f7ce0ddaf9111ef6952c80048ac095d98b6093f0d4ca4e737a99c9cb84c6e426e9c61be557f7b727982f31f2b58de08d278d762787d9d37bbdec038166f36e55003dae5460a7dbd069b9b9461701acadf306d826ef72f12b7780b82ac0a3602f34bd6f6a635b8464506dbddb6866b2d4418f7c46d8f4761d2e0f011da10705c471812fd15bef9a51a18b7d1e2ef06a5adb285b3d5f3874db7b79219c7b5958f70012dcb1ab039afa3d5fc2ba6e1bb43ae8584584f25a0c20055896ef9e184fa11352dc92f10fbadc79c6773ac0
32 248 0 12 40 244 :dd60f1518512c7e381097ac538b354516080b0b1051ebd1d0b1a56e051360b71bef99a3d596b34f224c0fd012ccb0e686a629cd0da3f5a0df7d921c1c7097cb9184decd370109aebdc0d607f77b804747c96d149e6886df57efd16e2c85f8cd98a16fde4c038b792fa387283b9f7ced13cd02df089707dbc6d2d1d2d0e60fb58870a1c9a4c476ec75e92cc534387d54d2674b5adb9700c7812b894e0fc747d1f9488a9e9710cdbbf2fa6259a20943fe51306d1e8c6ccebaa22b8e96d0fd76395fdff7f21eb857ac3ae59d80b572054c271c40d5a7e40459508a6cf0f2b11addfa06d08de66ee732b589103fd05bc58467e8c9f25f25a526a
32 249 0 12 40 244 :d83a43c85ff9ef1f4da5d751462a2589a4439bbc39934af7215bae418621f3a43693f93a541e953c72365d61eea37e58a92855a7078b7ad40f401af35b4896e1df9711f5c1a41b84580d2d0f55b43b1def363f9b96a4fcc974dd0e1f1dd095bfb3999ab6858ba502646e15e28681fb651df3ecac55823f790375685a4dba709032d53a1399f188a278bcd24025807908e740a4c9cf086de79878d27d8788212ab0e901d0892d6737ab96bf6501687f25e0bb75598573828fc250a11834821372ba47ce03c4419b90988b8cb938a050673bec5a8e291dd26a3e052b1e59ad43f0eedf878ddc0a44b05819abf070e0868e6db7b59ca4c267e27d
32 250 0 12 40 244 :cf1668a8b4a12694771c4d33194efb3a8c7b0e2e703d1b914dbbfceab635d4501b252d9017a4842d73ada9509b1d51e0c49c22542bc5dcfdbb8c5ea340be074ff9edb326806c069517f02c3536f4991ef9e6c71c4f4f9ad73f17a56b35d53dddf2c839fdee7adae130c5719e113f9ef69ac9dbc61064641afb520fdf8e0e2da0cc5e12a84b8cb98a3719d1a46ad9cd45ceb47529fb241df57504647dbbbf29b8f04333d022414d75ccfb9758d2cee652d0040534cf661367356c8dc530f94e47f7945886076c7ae6aa537bb71302be73bc9887c34140900d46a541e40d6752c1c7291a28e1c22ecd46bb825d57ea3367718a88b76bc930658adc
32 251 0 12 42 248 :09b4889ecd8b11553ba0323bea4f7badc9ccc9d157647bf6408384678d2b9edc030075a0ba71e7577c71e91ec8bcc0b4a610681ca9174ddd2e1cba3c8ada298fcc52d6aa68135a34c1efa96a5e28ef261cd33d27da4f5526e6044966084b4c90651b3d5962de348e845ca0ad3f6630c680711d813ddf2741711ffe5d1ccbcccc29147d53cb6aa1f9e3fab211848ae0b730a17399d0522711663257056d8f860382716e8897e10d804dbadb5d2e9db4d2619ee49d5804992c8dd23e765fb3280c9d207708d0630a02a71cf96adbcd646994afc59e0600299776c066f3a3164258478a41f3870fbad5343e897b13f118b5aabc44b3c30d74f2f04951
32 252 0 12 43 248 :6959a47c605e729afd0ffff695d34635642b96b769a1b553ea8eb38fc2a4a3725d7c4e511a6275148665392e3433131aba6ee77558b933edc10b381ced071cd283d4122b6dd4b4451e2f13e88d42186eb53ce47aa2f5f643225adb6ca9204921fd1396242136fd891756657a4dfe8aa25d2205084920121fccf9915598d01a46aed84ad87f9d3d0ec4fb96a9c9ce36478c8f4db5e1ce40b19ce1234414f43e530f9050203fff2d51b5b3065b1bb0621625a32c1a3225017c7056dc1cd3a1eae06c7a548ec600a10f977c6dab73cf362bd2a5063c7da7849c2d4b9455de1f66d510f30fde9d3fb5f564109a073ba93217e42a7166a52616a5b2c4eba1
32 253 0 12 40 248 :f38eea434fee059978357ac8d3ca506613b02ba8368072830bad74848ca7d68ec3ead7601e7a9f9f7169be2cc55882fde629c1adb99d540329cd081ca43ff9ab60f5b38f1c688cc4826cc44442b2fdbbbaac59272fe3a5527ac93a69d794e0b733eda5c0b75e209c4f2783f98b940ff57ce1a536098e1b02a28bfb7870de2dafbc5333571189f2543a228159e351f885845f22047614d547415cf9592be5713895a4bf58649b571d3f9432c9ad7c540685514f00d56d2389d139405af55f0139f49d5eafaea2e3e591730383b677a47b2f81bf00a1152289bda14c25c26344e8343fe31f4a4efb049cc425f5a07f9615a319eda29d968c2acedeea87bc
32 254 0 12 43 248 :7471ca262a47db03d52a8da6d51983b18c55d6c54d93772a09c7621ec38931fec8828962c547a8a4a2eade2b22d1f526a2c0f187e2366c0ed1139c3515103b74768a822b88be592466af90dacd5df45879796926d33810936dd23958fcca2d3d2482cc1c5c080a0dd66b0775f7c883378179950ee5425f02aa5fb7995dc1cd068c45f8c803e9b53a6a7a221102ce82d69ad0ce6b2433df25b45154b34a4e49d6e64fdb0f688e2cfff2ce06ff9a9d1ffa4ae4c7e593b2b4648096cd1adbd05f51704b39fa2fb890fe4de995e21585bdada8ba86a0bf532850051e79124b0c497beb42b6fb1deefea2bdbaf788a6ac6b58b3161044111fb7272126ca206552
32 255 0 12 40 248 :918121bdbcd80d0a09ca344406457b4666a8635160b7edc3a38a033312539b40647a73ef167dc13aa988c312cf7c1247f07ca0ef6e7be85185d9bd0013250011950824c0aa6d7a0639d33f6d300965b5a4ef770dbc3fb847f3e4385b86028c56c8aa5e783ffee2d528f8162e30b7330e0d9f3be6b2a5bb333216cc7398567ee07f2aef96da764d8ecb598a4a0ba9dcca559ba53287658cd314ddacb64de242d349f0857160a6d1c7a01a50b4a1b741a3e511a99eb1976eb845c0916def98fdcd0a0dc812ac69aedd5cb6276e114a260962c4f3e2831dd18db9fa1250fa6593c6207084c15617b4723094e3f0bd44555d13579acee43d4837a3322f5a0eb598
32 256 0 12 43 244 :d484f5e24b70102ea8f8313c2d09ce09c8a296c0252e04ef9e9e140343f81316a0a48e0fb19ed8a2c049b495b237c09ca64b2420a7dbb433bb4c0656926c91f173411068fa69547df5f52dcb01f1c0588d248d86086bb574018153db3414ff77ef43300663e6b19a56e5b764f81ef8e81691cb91c7e3e129b98d379caa4ae07b49926d40fea63e21b1c84b5f6654cbbfaf0547353a177c005f9f9634a136d2436fa829d78dc647f91f558b69a932c4f8b1886c922f7d25a948bdc8b057e2eeb6233656629a7318aa60a6e4a25bd8ae2d6daf13913bad3d516298883b0cdf329136ca82ffb9d31e96bc6256d881ba24f3cb91c95649d8336b2c8740ceaa74321e
32 257 0 12 41 248 :edb37b9b842ad46b0c83d508e61641423104f2a17d4de94bb66416feb0645179b96a2f5dcffcf3f7bc861547ceefbe06c1ed36f39b1ef89be89e5ebcab54c8e520734ae7af5c6e4e15d95a146650b59d09c69c4f02f3fdf6744d3a6d96fd44f6002e9d42fe3d585aed3df1fbbf56f893a935c46c8a7f1dded8379cbebcb1f1bf184d7054d84f2fe903ba8734dc106d1fcebbc9cb7e8d617a5bdb389bc680b0e998356173a55b4bc16e3269ee8e683c6af9227d47c8091befda660931831deee7309ae07f3d09792809cfdfb6d604c4e0c82dc57fdf6329c790ccc40fddf708f9d2bf12b995e46f424e61b4283bbd4f9d854df1fac83d8759c0347cf164f0893ed8
32 258 0 12 42 244 :dcac04c991f1348bd6fde1b0be88c49005fdd94173a4f2f072ba2be1fb06c5ef6fed78cdb678fb82e88b8828ab1e67f550c73bea4bb8e0af9ca1761bfd20f949612d8c6f96d6d2a72bc537fee25104d51e82435e0252d1d683b90519881b988fe5e06dda2135ce817bfee67a06940d3b658331872e2012aa37c2a881795423072b1f260ddbbb3b7b2ba043f60575a4728243ee899fa1f775136fe502c35799a506c16de280eae161db34d7c8f14dee0a4187e677be7b5e48a0b9f99b1588bec6f5ef86d161767d5fd90b94774fd609aaddb76c68420a24aac0b3d011a62a9c7d3fac837a5395116f8a438b9b3b5b5d586fcfda5a19f423974ba15c4de562bff30777
32 259 0 12 40 244 :d890da9068e8b3da7f5f4be63e1baea188e51b756e48ef4a750eb8a042e7da3b3efc09780072f19682a7bc2dff4198989e59537f9a2a1fd76f805f2cf308a6201303e2fb5cc9733c03c1433f74277d486d89acf3b5e0a201305cb48b7b3ae0859d4107e00ace80932385c292dcfe37113a0e39cd4c1e62ed96933e31efdaf741967820119ed984420f4df2e11751485d2a125b14620e39d4ec254af205a73e59f091cab92194371641f3325b0f83100addf115a505b3546c4a9479ffa7f92a27b827c6e3d10dabf7cb1f71d28d3bd6543112c5d90ce11eb7a86a421046a4a4bfa94299ba511f88c7ae5f92c200dd1bcfd4f2319a385944a2e543222d9a226fff0daecd
32 260 0 12 43 244 :fe5b0f3636f7415798e0756121c55e404a6c8e7359bce1a3bc90fc6b7fee881367c054cb1e679c8e356fa91901441aa70731fca5743ca0c877e6d33e40c2dd0a2117269591e89449c9a5f22d7483f0108a54a6c549eceb5608999f985ed321a3dfd30612e4204a00e191ebc47ca4faa731127ff596a5f6f3550d08c64bf2d4dbe7d9598fe44c27c07317a7ad9afdb7e45ba1b3c67148d43805dbd6dcbe8ae76664a41e195a850c51d957bc8d4cc5c3a1d7a54867fa1a6b76e932bbcdda40af3a876251e1d88cd12fb098926bf4681f57c603e23519597d240bd6a9caf3fb92dbe766718c0978203b32b7adf46fea1084ab19bc93b450f1398ebc62c935c779283c7ea0d1
32 261 0 12 40 244 :474fab8f9d2eaa551ace133bdd5eb986abfff2fd1d532bb6fbf079f1410fe06e83091baecee90517102bafb3129272b77a7f8ac3923e33bea519196580716914f57b9b2ed0edc228fe64d22e37464a3fe706d8532d092b5dcde7479f29b23ad53ca8440c83240c57ccbe789c2ab1a34a204e452fbb4b3fde3b03a17d1b61e953b5f9e882a3362f6347a4316f05c6253838fb06c05469ac785971ea4d231be51af7846f10fb48d4c387df5de1dc2e682cdaef8ca7517b4b8121c0c822d34693c019490edf2b75f24d56a8ca342a669de29956fc4b9dc1ea9d1a29481903820db62d5a7f0242b3ff38f82dda2380b496962bc580ea5ebc126fc110d686f237e4314b181426e2
32 262 0 12 40 244 :af1d24c6b58221a52a1eab913377f1af3d61e37a60b48973f63a5c4c7b9566d088d7df52ef100aefc684a5733715e9f23b87fae24422a0da0c9f3c12a6356bb6b6e6207cc5e58aaa82c802e6ba3a68e7fabfa2be84b7d438f52d910e8a0fe8f5e8a96cbcea574d95f20ea3ea294691dc6c0c97a08e58ea4c6e55f4fd162f5e3c3a45ac56e32210e532ff55e2fc9afd69ad7a856aa0a35618b05acbfbb2c17f94e2a6f36594f90ff172467abc04c9d0bfd62ca0712d03ededf9ab9f2f920bb25520a066c7e72996fe23761651bacc38f9c672424e6bf5b10224e9aabb555b0a0a1e7e16cb021f6b31ad81ca5611b77aa93c32acbd4464201f59de818c5ec6d76585ae9b5f74ea
32 263 0 12 40 244 :02fbc0f34972f5a3f36dd82e57d339ee71d5f2f44edfa2c2a36c15a5ee212ed872f11d6799ea5eef1437cf4cf04f6a131ad3c3d60f86606158073ac4e9a07be309e3b1f378f3683165c3a5442ae1ff5fe87cb504d2fe0e9319a4ad6bf71b2293f8121f175d5a9ef3a9382873790cc0b05d72f80e6b443310c6758dfd999b584a565d556410d7803cd33a6aeed5f44a5e73c460eb6f48f951376c6a585aae16aca097e15994e0ad58f26c05154f7478b9c400d1fabde4d345c158caa925ae3192ea9118b3ef4c303d2f1fd8d258ca02676f78be923222c0f4baf152f442550b8a4b1b26dd5ee47ce6e93fd795c4fc2c7eaaf03559e1ec68810c7daa9f0fcebbf777740ad424082c
32 264 0 12 41 248 :8851741cdc91b93495eda55196ab2c5697c9d3339037f660eb0ec5d9241c4619f1f9386811f5aa30e8beb14b1f373eb71a141105f845ab6b815c60ec2ce4435a0c3d61e44b4935bb82dfe6e8753983367a98e1f2137aba7f8d7b8c1c312599d281f7bf2ddf52be13a3ff4fcb6e7698c3ac81380a87368fea78f3fab067a5bd01e2d36b8fe26c4815a15f5d36dd62869c5c3d52ac657935d86752bc565e950c9b6d1db1dcfd94e2c2e32fb0b0b2695789ab5600fba177ae82eaba7af7aa55b64d5b4ecd16b856e3e6851d6e93735676c48ebc8eb2d4d6d997f8a076c213dcd2d788a2b2a06a3b42fa130b5cbd81c3cf97c89585463781a56ba04d1198aadc43c3055d77ed86cae2c0
32 265 0 12 42 248 :5ff92ae0dd000be65a789d4393ea2d592c01ffc2f590749d8db638055a5d5e1703d61eef6869bbe65bd1f4c29c2865bcea4573963cdd7ea4aab7ca8dd9b760d36340381340174575a7add1e62b8132142030dc241e5385fbd568bb70d91adaa58640076fbe4bf84068b91236ae275143959abd40297570d1f9d71eeef03ba9317d2b32471c232604bd2ee319fabdbd290e9aba7b8e7b841437f5cf45cc423437498cb2bf421d198c6ce3cb3e67a05643d278e38c1a3e701e921b8470addb217420bcb780a80325319d725dd8b2b132e7a03d5d32bc936a0e501d440e0e6c535c2c936af53cf7d31eb7b59b5bc6e662273a06d55ba185720fed7cbd03143ebc1c919c6e68c52c1e69d1
32 266 0 12 40 244 :8a8b7ceae097331b7a96027ccd2d1715715710d99c8db1daf431004c2990a4c4482bf392e30344780e23ed6d8d85c403cac8ca3ff36c136396dcfed1081635291cf66434fd7328870a128bf41f7dad9b2af0d8ce126c6d613ec3838946fd337d37db492de825027e169b598cd187e906c3827db7f4500be5a22e38a9a85154eddad62cef9cf572582832a2db460c62d029c1c84aa7fb7493905893539f9d5272a61a7b48cf41732d621dece6b204016474faf126bddd1e6d797a477e193665677ad29b71aed35981df999ca2e6afe130e1982c46caa61c2695a1fd23188a62e5fd85130340fc3cddc6972323ab436beb39040b9882d3d98e48a69f78b0ef065e86798de296209de8ef16
32 267 0 12 42 248 :f47eca5cea96f0c6b9780abfe01bd53e245aa4b53976aeb1c90f53eef4edf3789986c831b4a1e047cd8c07795af58a60c578164db8be19d67214f25f8c90bb37821c72648ae6a554d7740b127a52f4fa15db90186652696b1400edbbf89e925ac281b08cf7f363994fc866e7353b6466f641b451a8bebaf80fe35301e46ad03c741ea04156d5b491a8074d1986614d5b756954b04b53c35fc870def2fdfa93584074c41e56b887e4cff94508c87d371aa507ca0d2151285140b0a9f69d0bed1dd9fe02eb79fd7e1c62e0d979604664047f82382d581df02e8183a825c1d9b9bbb436fec9b7a1d27e11ce14d1d56cfe585bbd3d16dd5349d341b9ada1e9385df434fefe228490ba3966d05b
32 268 0 12 40 244 :f5fa0354e9a7acccf090925626545f9cf720f640ba6b0f1031161df12f2c60cf644128e1ecc1632ec5aff6da9cdbdd8a79de4fbba2d94d3ed29afc0b1491052920961949fd1df82b54f1b7caf07b87d205a3ee11d06e53a302696445784968fdb23aac0ad36a051e2d24a0b234216f502a65e27e6f012a39bd08111a9c8b80e47135bfa484cca258df44f666ec2ddc9f9a56ce70e203a4db06eef284ae546f5969e0a2aa9f018d8d160b858b379d1272bd4352796231f1a82a817c18632ad7e01822729914904780d84e73e01c7785588d067900d7e0313d9f79d9ceeb4460b5f71ff374e51f64cffc08c1caa47525a7413d2fa2f189a6f595f40423dc88d8a1585dd7213356708de8b383c8
32 269 0 12 40 244 :53960c1c89736a094aa9fb2d8a7271d142f08638c1cb176b6cf22591712ae350d8d4e64f68874d035f1f165ff7d0d4088cf68911eeb2f2f278ffa5aa0de533d9749eab5df6f89fc56ab97a8e3d7e387b5706c628979eb692859b774216a4f10103883d97dc5204a74abae3c5bf8c3f4d79bc9b9c7fb83a1355f44ba7cb99ee7948c434acd5bc356755ed7389ad23c50741469659feb832992aefe1f444ae3e4c235dd5404a3285166f5da6f21c037cd3f608049e2b6013dbbd0abacd2173a5c8e267976b754c5cb312accc4f4639bf2ffa391df0fcb4bad7bb1ed21c954024ed1ed7485298d70651fc7bddb4638b83b92dcd83f36494e68ac6ee062778392d25eda586add5dd1cd5c2b2a70091
32 270 0 12 42 248 :e1d53aa57fd3c76c042caeae6e014c0f5b5e9fffe3b23e187caf432a415c7ee63a3623084e3a1a1f07caa6e611e208ee500f954fbf6ef06f98c8bce2af1ea18c08eff0e807f6bc7854c2de68379a554f0a4c041809583ffebc6f6e5588b4a4740a8222d7b3280743318abd682e3cc2036e49b25860ccfa93f111f6933a4b0605da1042fdf6e315943e4c5a7ddd32a1116add6ea6e1d1c1b9b5b50cac3572e5f4c85e54031ee632196380c19c9a269415728ab4e2fbaaf134588642cfc870be4fa371a7ab376d60a8cd8717aea9a19cf11b5ff1baae7715647e7f79a08d02ba363f62bcbf5fd7fc75edebd8727fca8732f829c5dccfe0ca135122cedc084c0926eade293d4dcde8d77c2cab12d28f
32 271 0 12 40 248 :441d2599c4a7bd35c204e45329b9a5c3e2ea645a4a1bf74d80c6fb4bc5663b39b3d5f0cf2028c04dfe1bbdffc92c31e9e0c171c97c4c57f0e291c97588c94b951d3e4469f11be80e32231e40d2afcde926aa8de850704d3e9e51f4f38cacb5a42cc208222ecae15c88f4fc806f1443c47d8c28d69f28497d4d2a134769feb52ba94c80767b397ca7e63728207eae0a23405b53da23c41be4c91972bc1198ecc12a079db37c35ae2557ddf60f8127320b09323619d436e4c8866a44ea8665b7379700f815203e6f1abaac28e43cd9790d56382fb99ecfc8127b954e507a944dbec67e05be92ae1b827d1fc7568950e69bb924f4fb47a9430a60bfd3e0c5176264c5666264c96d44a0ef095f12ccf722
32 272 0 12 40 248 :b528090675771b1cb01bcb5f21e181ee53016500a69091273e351c0be63ee3ec29eb256006d8c71664f732e84fff4b9ac2bfe6f8e21cfb8da922869e14d88ee097bac3d5aace016bf5bf01d5179662c7886e0f78bf7805ff68db394692b80d5583620cc1bfd523adcea94c712d01b25b41d79f268292980668c508d949dc2640b024c3e7ca8319fbe3aff5353dbb8faefdf91976b52641fa503c1e2d277ffe722f132b45af7174ba7b99b54771bdabbb686b9a15eb60e3ee5a6cc9e64e7c3ef5130d6a726fa41817b1285579bf659c5953f00a82a0293bd42a4940d81b03c8846d5554afb2f32e89ddab68f70310ec50098851c24d501660c0852a0ddb2a094bd50508d7cba2d1aa76b43089219288ea
32 273 0 12 42 248 :9ecaa8f659d40490f3902f74b183b7f55eac26a69251f7204f500ca3297401b1fcf0cc41e4396eafe648b6ddeed8953631207fde65a7cd75cb9713a00763fc59ebd5e2bd827d1a72774184d4b0e392d1253896a7e4052a287df60011f3363d85ad660f350ddc51f9b21136a79f2dd3c7857633ea6fb2999acaa07a79614ed94e4f335209acf218a99b9869324c54cf66e2e027ebc7df7bad3b6496bad29834804b81dff01156eb14bc8a16c0bcf9ab98d842fa0a438dced66b8a85a3bfe05abfeccb95d8612321b9069f7f2c9e7599755cb1afd4c63064eee9deb260f96ac74325745d804873a9d0a02fa8d34442f948a1d9e422a2b478c1a817295258c8910f9ef796771fe960aeb5a1da4d9714643fe1
32 274 0 12 40 248 :4dbb77ef5bb213ae52ba5571668b40a157f63055d9b82887ab69dddb2e300055e453e5ec0bd838792e88f22999312db3820e69d6226a7bc0e46ebd92c4354d466f83dbbe4ba3c34438be69fbef5cf90572980efa215d56f4ad78ac9c106253a00e5dd48c097192c0ad812be3f59f204b25bba586519086618d60348f6e09f9a065ea4ca6003c1e8e754a78c9bc69969e6747b01da8c606496de1e852d4322f11364ac3be2db9d7f296e5b7f3218543849b9d26d657b15cba43b3006bad81ab49aee77450c1286e7c6c16671f87f60327ee3a7f96b9b1acd7e7ce9d168651798b85460c5fc1170fa072617ec7468f065dcceffc8cc89604a211ff50e3c2c7c6ed0a89111561b1e802a8f58b79b74e959e4e27
32 275 0 12 40 244 :8d41c88570234720eda93b8d1cb7854243dddbb66ed5b6837255ceb0c08569607544ea5711f462cf30609adc3d1b53b4d1fd09ec4c9ce3589e890c8324af6d96b215cc7f90c432944ea0f377a2a841b9919f16ff63963b4cd49d4437eb5d018071f107ec8cf86016392619266520252b2b90e650efe99d510b8a8723ef3942719ed86efd1d05f649a71563a411d91713861c74cd8b058c7f3cd978bc97d25a0ec364a42475b7e8afc0a4284a519c8ee4cb79927ddfb9c588ce34a35459a350780f34d1be99ca50113e3febe09e31688f4c56634a69c285f2ec83c48b2b94d235f6a1b2cad548a19bb821806688a0040da33956301ae98875b9a4d4efd57c1504df8e116a184c148fb28434d0af6b8bf5e8eea7
32 276 0 12 42 248 :3fac8bd078c127e0f4327742db417b187dfde8926b3e28717b340ba68bf99e54ca518f12437c01de787de26a25e498baad50493f07f57bd4fdec8f5aede7f309fd5630235e82d9aebb2b0ec28977d90c165cfc20750f91ae1576fc6a27ab55d12751dee77778061fc41df2f8549de8f29c63d4235341e3265582bcc8d4da9f4b703f4b43b0b6eb07c03d5c3b06589f3f1de3e0c82db7802a091f4629736354454030d9eaad7e0fe186c3e13b291762a7ccf4383ec94b3bd0a84b109abf17012632bda5a3a61d7db43630b81f30aa89713513b5f2a478535df870630de0dc1bd288ba8842299a6c1735f881777782a8a5f23fb8bfcfa129699970c8d599964c6238f92f8a9007045d8e0c0da74908177382a443ff
32 277 0 12 40 248 :7ddadcf765044b6d8386c610a9ca04737f4419a6d0f87d6e735dd9a00bff7db22c528a91a948647beb46306e2b8319a98642baf2e0216dbf387313c42948b487f86d2f8df0bad099508022f0539f6deb2613c06778e147eb00866cec11970662077f0d31c4321552865ceff50d7de8f8010c223231125be677ae169ddd62d7f89747e31d34f92e7e9412913803095f5679997b2c428e53c757b1650a6428a0c17a9f9eae52ee04881d46318a9d27dbc9b1fd1dcbb3eb0d6e23576ef882a2f9aa9b39607af40eaa4628abed0ee1b08ad1e3eb4b4931953cdaf50d9b8e59452a18cb94b58955fb9b5909aeea197d268dfc303058f7d36c1e614bfa4f12ba7f611cf4b6d0e8af6caeb57e1b0e4f4d574e058be16d937e
32 278 0 12 42 244 :984754118a61f538cfe4bb770052ad32ea35b3ae6177f0ac836f1bd95cd5e9bd3779130a8ee59dae03cd34e58152a9622b26fe265283a962042bd3dac22207f4f4cac86585995915cc81d615f6cd356a8de2dca85ceebefb90be388bed9fba73e6b98fbaeb059266fea81631f0b5659c1ac5c6011937d8359736e6b7a1a054b7e9bb8e8f4e3ba0579f4119be97d219fda648f26c8d55eba2166d8ae34b015bb4316560cc9b7807622a1c5645265e5533f134ca56d3ce08fbd8f2df6c0f3b51d31aa8cdb9ee6af47d98a55ea199391255a2f79c6304b749f29a6d80464f822e3c3641255a6282aa8393aa0277ba8a7036f559a68bb8cd57fbd4f6afb807ffde88ecd848410f13e51c313866cbae9fd0a09c228b8ccd82
32 279 0 12 40 244 :5e933b86e86f93b711d885ecb23143d3de1c24d04ec6a424454a8dfcf77e67e987d224b2dec1dbf816337a9e3061f77161ecd2b799bec5f2f2da6176b552dd4fc768a76eddfa3e223c39c293fa6bd1f6a0521c4b38800100308cfa75b7c5e4bd42646c7ee5f7870257898b3ab56b58ae9f35747c22411a81e392ee9470fb3c10e27dadfc35de08f6ad5d2836915e5410273f6f26a3a720cf5635b20883057cdf39a3f9359b76fc98f9db6109de31e4645d17c5679a24434969c6a45cddb23674ccf0e9935648110a05c1a0f6dd1edbb6bca1a8030adaf9161972735edf63b9160cd6a53993816863aea816de7386ccc7bfa5d5ae71ecec9eabc0f63c76ec487806b863a6611d921d4b7f61fb7aef6851b63eb1c117262e
32 280 0 12 40 244 :747120233a0afbd30f5cb33e94dc0754de6b0ee9d5840ccba447e2dc187cdd79ef10406b4ac68f5e30503ece15e85356a6893ce0d601a66568bed91b1197473ca21bc31abcd23c2f3acbc4a6f3fdd40535653947b3ad5dd609728d72124e9827d24404fac99125afc907a814ed63522415f2ae46ef7fc1aef82bb082430ffc6ba8c78b6586ba2416a7efbf378bcac0267ebdd60000494e5ee19c21b918bd4279bc00ee7726cedafbca80258268e83147906ede4b9c2fdfe65192bf3069b4dbff1cd13c1384a7bb05570eca228aaea3b6bc8aff90d1860a1e447688d72dfd46bfcd30751d48a953c70d3125356d622246aea26e277555dfcb4af50fc93d680148572b5c059247ece194173e83850c64da842201fe8115cc89
32 281 0 12 42 248 :56f9e0ebdebf0a036fe6cb251c466ebfe016567c348f7c86f31908347cb1a591c13e28e0a2276445b56c355fe1fada002cac9565ee75fc693545dbce3b72f4e09ca358d6f423a56a395cf142e01f303f1728cda5144ce5b805e2b769dc2b155d2a98c5935875a9a0469c196aa01f1bdaf0fecfbf6bc5f49db94de54c0a5722101ac40d2282e13e6e41d22cab7723a983a543a68783d7160eec631613e56960a0353e8a101aaa53f28e47e6b81c0dec96d83de5fb479dbfdfd7e45b740da385ff7abc04a446630e924caccebdc763eaa5ad5f990aa544665a25d9c8e960b8d144ee4533666c354d6e39ea313b9aca242424a12fde80a5dad1a21a681356992fd69a79ed6a6b65f7c7a40b39e799fecd3af464eee917b70efd6c
32 282 0 12 40 248 :502b41e1b86a974a58e9cd03cb2c0ac1ff07bb2184e46d686b6ba6574b9e4d6798b3a3f4712eef03e57c3ba126e2abedce8bf4451f1eb60a39dc4302a8cd2c2137a45ee590e2cb8e1e964d621900cf46161bd3d795f06e2ac66113a0e2c3852c4c08d32913ec234f243a79efca863375e75b94ccb4b147aee6fd9cfc23fc7144e60d40d930b12db9365558574bd9de40ca8ea8adbed64f702ebdd861a88e9582089755459011cdf73d978973455dc51410a5fd51b9a81a6796a94fdfafb0473abc980886fc82176073bb5e53175d63e2ea2115f5cf3e236b70494b5f03c382b5b9c9d0f839bdc94761f0f5f196c1f7c97b852b15e27cac5b4e87a1a88cef3c55895d6b19c7e7ff6e95ef49547b31474334210d423395063796a1
32 283 0 12 40 248 :f70c4e8a0de6fe7495d16363121246cc2c61c9c36e4f5c31e999584613a791ebc8953b3d6ab5b84e50d17ee5a4d8a573e10e396863055bbc0f71e0edcaca094813645faf511f1337958e228575bb9110074f6f036c0217084af43df78202b1285d6c41e4821f0bd7d95b53e85324effc0d83c281aacb273a772e2b7a356437137b877af061ce7a6598560d017a9c2944cb1dbf0d6e08f6768506a69037f15eab8bac8451d156b52a1ebef243ad6f2930126b06c5dcc0e3dd52d6f2753018773f1aa785bc946b7058f000a3466ec75a4803b51fbc5dbd583da9d05f54a9203e2841e35e4f20862c2960097a1438c160e0cd17126add0230fb2b0d900f3ce0e8233243ba9c123662cbf3cc240d1b7b3d2b6ad96074c4227140c10c3f
32 284 0 12 39 244 :888451d2f8d39a5cc0bbb50f728ae2c9a2834c7172d468615ffe2ff3f47016b2ba2623d62b31474c3f611da68d631deb54928f9b60c872d8cb079bd0cfab73a6304130ea0887eb2d1581f6598d36a83eb33189bf512e5e8ed8b2c25aed36859cf0e98a5bf3e91791a2997802ee64787309a270ab9a87276a1cb33bab86cb7926868fc1c120a4132ad092d95a4ab29ad0705e3f37963776d37d4eecfb6e28e013650bc6a583b4e3dda24d1cca358c676458c3c8e03b43519562f177d49a0f351efdb82e68685f2cfab39139fa061ce01ff1e65f78e3d5b1ebecb6c644aba670f4b5ac3ffc8b93b9f1335cd963fa68cc5949ea06344f719b7e766c26677f35df316d3c5d3a0125848e44c2ada25db71a291f22cd471e4057e90cd8b4a0
32 285 0 12 40 248 :de3d12f0fa41d5b06448934c282bb7952611ccd1915753678af1d60dd45900995849a40206a89998b76c2f2b64ef4a75d17326132460ec5a44c14ae300b5dfe5e9d12ac62f9e21607125c1984afc9616e6ad7f4b22fb4a7e5b4a44b09af2740b280ec79ed9ac83b47b34bbe958f52d90144824f4267664ce2c6f41667f6f127634bacf3413b955c2796a3f94b58138e08cc6e2b86a46dd96086681b9f7e95a15e4506c598d36f111f257094a2160d43a576cfacadf1406a88635a8c9153e45088dc65700840670a5a236879cca7aad736814d6921163049393cf0e4448d0e370b46296f97cf30fc696360abf4f8815f370f52bf522cc74c413bbec33cbb451f93458ac5796eb8abf7c6cce1666ce8a83ce9ab89fb1ede24909dfe4970b
32 286 0 12 40 248 :71b7d37e9ff804c0297d9aef8e39dea4be44a6b7bf22dcf4c987dbc026128d20a62a59a50526f4cc9e0d7b9a9dc3c10f470e6404ef79d84c65f6e981641ff2b15e76e57fa74c937f4c46cced7f7f15a52d5ee5cd072e77fc53ad51a91125ccf4e8a137f1c61eaadc53f5e8383ae1d6185197f921cf3f7a2fec89206f30c55e64bc7586e9ce57156defa563a40516c28bb90185d522192930765737cf76a85cf379026bae5a7b5408746ca1001e204d66dfb8d139f303ff940be46af5e335d1008b8e9d25a59e0fd4ff5073c7109e056634cd478d868b79a99f62f615f503719e32d87444b642aa3d1f41ba64e957e142b9678ddcb9e94d9357afca651b2bec977a8b4e8e19419880553a5fc8f732c66fc36d467653b906c36b6870a7635d
32 287 0 12 40 248 :4884741e344ffbc5c158461b350981597e378287ec1f1f69868cd9ff87b1fa0e0d389383c09ea83d6cca6ce8118a956cd01087fcfd8420a193dcc91397d37c25aaee889c090221cda68bd6c6c6fb9d55ab68fe8c91e3d30328c3d643fc775af8613ca033127fd6b795cf4812ad1477b2eccb7d403f07d86a86854e1b0a3deb7b0183f45c4f200086a1ce52a0558044bec248adf41b2b5d0389328c02f9331d2f2018aea532487bbefde1bbaf198d890487faeab1098ffe4a7fa01925d0818b0e5103daed0424776fe82713ff4bdda91c0a5b9385803f842353436995449f1761c106de61c5baf701a30698ee6bd4e998f9285c0f973a38e193ad50e4d850e328eb33e062bb0e859da343ef3ddb5c80fdd1a86b6983e95e8fcb55ff29f2f195
32 288 0 12 42 248 :b77e7b252db48df87e1fd208fc26f6bf18373039dea21f4e1c48464fa4577be10eb65bde775d9e7f5e46505a034ff00892d95fe314cbe8829ca5e7061b825549a88da0e9a597f2fee3bc14a1eca7f104d0de1eacd9c37d809fbf74b37e148a95937935d6aa05a136349aa0be2e7a81ec55ba2952d88bfba6d833bb5877c485868a6381ddcd68549055ae2e9b5806aacd76539953f576bea5b4dbfab15f70e6137a65727d6e45ccb8f4853a07da8a268a77d9c97093506ce93917b5dbe11316f8d69b29ca9f9fec00c6165b991bbc2f0051242fb39e480fc7d36baee5ab608b95d9bc3bd79b025147c8649473e9782507bcdd7d6f3e51a39db4ea3876b54e4332f3d7f8ee3e0116e10fe66c0d7d1feb6db831ed5462a4a86858cb5407e1b4fed5
32 289 0 12 40 244 :3c36c3785de5c4ec2620f3466da1759fd4fc47af66b6d7a2234bd5abfced39f8c851dd327764c777ef0c1cef6446b8a10f43f5d122b489c4308347dec6b9c2a4c7abf51edc9cf49eae4f6738920596df15cbc691f635585444e1706b726fee7f07512d192307a9f80ba3d4c561108b35416a039c3e5e54068bf4f08bf6a10f6fe6603b0d5a0bd9986c4fbb77589a0fc13a44f1e4b4382da4ff1ec366d659814fa7d4ae6236b09412d8b5ae762c854c50b47e70f17bd94ba844b856e7cb2964a46e5b7ac1d9bfacd7513d15f00509e09815ab81c5e1144c9343ce073dcec44e8fab10a56fd2a1f79354c0273c9966ce071b218020c754375b9a627ba46b707ec01a30dce6e436d1eef1d6021b242956477c4158c6857904aab22da205e027640428
32 290 0 12 40 248 :b1371af818c96d3de4734064bca71f9d9ee411d7ba2ce35003a21270a18be3ca7553997ab54db1a2e71f78bbe75b105e0f2b58bee5be605a20690d3ea8b3ee23a7a8f811130d5e4ed562293ea16d06a51326f2f0a97fca67b86e05e8ce85d36901e21c383ac2274f63b67cae2fa7178bc2185166c200ae74d761718eec8f4845f4c7430a15cee51ef00133485a3215e4cab502d5b901175e3f57af1cbce3d97cfb112bc6e686eb84866658e173d0053ca36d07a650a81a3ea9ddc3c027bab84a090d0454b5791b76e9981b463e02c1b064e0a2deabe09596a13a7db3ea70edcfe3371bc1818fa8bd5611729c2a489ffba2e66db0505389e71e62cc7e9aa662564a270ed1010c03d713e0a241cdf829a81017aba5b35f1a665562ebf537e8f5d323d1
32 291 0 12 40 248 :c97eb8d1a7deea8a058b49f13caa7bd0f3e3d255a3801aaf7879fcd40c9fdf6e7033c8bd63084a2e95388fe62038d5b010fd677bfe44124154c39be0e67cefc3b022476478046b2e857fbcde94cd492590cf6a72ad8edfdd309b2d63b42828734edcd1aa6188f9ac41902ee9849933c72acead3c7eaa1b3bd4c5cb1a2185f4ce10dd88327f88059a89378affff3f2e92e4bf83f3d7aabdce1427882c28abd4ac51cc29a2ac461bc643b5ab8b45723fb2250d6c46a766c86e1eda063e602a8042b5da2a1809794b9c4ca66cc138906e22992a0a58766b796603d468137183dcdc8afceab1b1de7761dba654b5a083a57bdd49c0b8c987b237eb15aa141b6a5594a875cb9dbe2b46868eb6e8568fa3f3a9f4d93a5454b5cd3139e82dee4c27e5bb20cf96
32 292 0 12 39 248 :e415f13be56cf03e85c2a93c749cca39fc066874c6d6ebcafe3db787b9beda2fa211f2e41bddd721cf085469f2c03a3cd1b998bdef5a50ef186c27e96ddac415d0beafcc222429b888ea7c5ac4273417d541d4efa984276b5c00f923530baafdbf4bfe72c01a6b5eab2477d8194819f22b369fee1eb1c7957013fa7c0bc36bb87786f8bc9d2dcfa47aeb63e47a43ef69ad0cc742987fd5869db9847a845447468a7cb64471dd6a3df25f21f29bae060e238d9aaf93ceb264f40418c0647e905d36418bfb81695f25245fbbc4c3b706892b7dafd39e523415545d214942a141ba64db701cf910e0099d21afc285a4b1f6d25a1033ebdbd3d09dd8a9b1883c87d1b43b21d0d3f4e9daa0ba1ce3b6cd195d81f71fb5f4b91bfa143906c82b85d4e55e290d6c
32 293 0 12 39 244 :4fc80c17110c686b3c5092c558fc4120997f8358893e9f4b1e8d29e2048a8f48f741957f7d4e7beb549d0f5630419ae92a6dd8b4161e3c8f59299cc83cedd191ed6e514e6097546906d0241edfbe8d8c7611a90ff1fcd032ee031cd8541e65520d79556ce2de0e935eec07fac3ada887c097f7c0545fcfe057ef3c4b91b318f57c209d5274412eb0adc20044e7c0e8595575944fd79428cd4b1473d3564305d21c423d5d189cddf240b14390d8f198c816a8ef90fb72dedcc18bd014c3fe76966feb0d83ed9ebe6fedf96680538d56b19504e79ccc5ed1f68014eb83abdb529c1880faf92df7a952c77952d8cd96fff37bdccee00c1e7df1c9b52a263076a1c555b25d760ddeb8a6bb7cfe72cc3e59ed9c93f78c2fea78eb09f5fe86aa14869be18e10ef31
32 294 0 12 39 244 :3c29c783bd126b48f26affdb5601e5c6667646cc1f7feb13b04e19f39d67c293d501bfbbcba15772dd453794d29cc011e569d33d3c9638eeaad10933ec2162ebe5fea2beb6a5c85b3c8d65f90ff69f265222a9ea1df69ff2098a59e6c1ccceaca36c89ab1c4b129f91fcfd43865730315550fccb1b450f20df5d7c12a472e68963ac06eac3a53f6d8e76045e3444b4968979c0386d44785441792ee8bf5b15c86c18abbbe04a8eaee029a37d52ab159d366e630589e0b0029f45abe88563a7a4923a427d4a057022fa5da6625a3af64577b5d876a059c40a20ebf03941a398cf62ace90c93911a869230565c8e69bd56c4e4ca77c8aec370f1275203009cdbb21049a13b5ef04b7abb5327cbdc33221679ec014248ed613665dd0403f0d2c25724c8b2c18aed
32 295 0 12 40 248 :f8c9285274ec8302a2b8accef6cffa5f4fa2917ee61d9fe85ca2455def0623d8cfc384e9a76238a942cd4c385ce3086faa0a4b17bf193a63d37e70edae4a03eb957a0b18a7492951e31f01822cd505a67e68500ffe0320e765ba22f77f24f495b7b7f9ebbfd8000f9b86fd0cb37e39e42f826eec3539df7df90f2d9d3f6f5a030e92f407907c98a4454a9a74afeaad20950898a7804a27e3574ba81f6c85e9b1414c1d990149f45c974eb5ef52e4903a8522e95e34285cc7474fea0c269b02b78738a8dab1834d010eba68b71a55112247e09fb02daf0edd051aa5dd2f5b342df06ccc3767ee02db759dccb557bc2a067a84a32ac8554f3e93714805d8b63a56580319b433125c650de0c68b8a4cf5a13a761c00697f69305711c3ca4c4baaa74eb950a32bb75f
32 296 0 12 42 244 :6d194678f253d44dbf1e9437cb9d5b707a8cde0aa6c37a37d0e2292ad5986b290447c0337fef6f103114c3870c3a56bd75e534ba3798352ff379781ca683d182161f39284f02ef1bd93ed816622f165091b402cbd30688d944c0f2ab112dec713f5c611f71d3b86373539d62eb0c25fa8d1d25d09333ea7eaa3f9ba17e768957b83ae520e4dc3d2ba05bc0742c9e63e38ba6aae00075fd02daa7cd64e7a5304effdc6acb425ecb83959058264b425a070cc841d3b18325d219e0d94c1a9bd149c294685744e626e0c0f0477e5595920e1ae641f864f2a311fbc7fc24055ba5d26b7b83bedf8b2569e3477b027bccedcd36d2f5758e601261356c270f400377f714cb713a8ab909fce73cfecdac3b9de2247cca98a5622860f4b68327c30e889d8be8b6e5a6a7a1ed
32 297 0 12 40 244 :5ff23a2bb260e7d468b05c1f45b0ba5ae21c8d3b0cd4d0d9a9038dad3fc5ac56e76580bef2226126a71a4032ebe6e18d39d8b95cacc5f15d4afd91d8b5d1d7bb19bf3cacda66446f0da0412010fa9f7a14f423122aab186c7f78ee31ffb145e36e97d7ce5d24d87d7137079986b38afad9e609235c33cdeb0f478cbe44e04bd0a58c90bff99e9ab0233926f17b27f4d3a61f9af5ab82d36aa2c4663b234b363c9ed4c0899219e385e774711b0a16a47dc768be99726daf0afe047e8910b1517418da33bbfe9e8fa80760f63d10167255a6c44be23dfcd8e3c3e5c24d81ae6e27be5b8ae6d9a7b967bc22f5dbb3cbc022dbde44b93296803dbc0e5f1a4a8a743e1b3df2f65848f7c578749076a7e989f059c56676a5d8702a55b2b46bb57eab6eb4ac5f25c5602d6e4f
32 298 0 12 40 248 :1b3d5241aa054428873932027903806b1f963e6aeecf6480eb2ce371893ddc96c6d334ee368a24af7f8f6dc28ac0ea60d9ba814a15e1e30abe9826a7cac902d6e21e8240a404c2fa81deb83754452e931682304e1cfa7436ec9180183f16d3fd490d694cef334dfce1dd65ede26d140caa0e427f6f5c49a71d012089bfb6cb0cba2bbbd6f603a4fcbab44fc72fa70cfa95208327f0192fc6b8da9cf15551a5f877c7d3358d6d62627471f1bc04017771b3e2308198afa539d6a3ee9be59d26db1f1e89d1d67dbb540b3c2641fc1b2fab6896a8fe394a7b6129d8615b19752e8e4c818f21818272e6ffa8ec93601e19b9424b19a695a4c87db9ee3f364b53e29f2a67e8b45ef5cb94197afc751fc16f3b54b8ad94b952fc900d3c3d1b4def7e600092591bf6ec2e6882ea
32 299 0 12 39 248 :13f5baedbd43f8caa8cd737755b55488fb7f53af3ea01b05fd2aa4dad5a014bf1a1774e199f67ad9e3dc19131d2259c8b8edb6e23312de8123f9db90bc3861845630dbc437c07d3a7f673fc1b95cf902da53d15d893e2afdb65c26960f2938367635adb453b6286000591e2cd64dfccdb3c39b86584561e2ee8b294cd2fca901f53e1d81ed91370c1153d7c5ab240210579e2e0bd646fa32a491e5211b8cc8118b87b8793b283a9f2668f6bf9663c259f7b1318f04e4e89e462602d6be2a770f069bb54abd5226b8fedea7c13be3993b74cb323fff39ba272b4dfd10e3f6de7988ba0547e13fa3ca1c009a5014e448e92121a2fc7ec9bf7cb9f00058bb9a1cb31eb162516b5cd48d642e16a48c7153dfc3836b53d7b1d74c79ef7f013b44a188f26d14eff8f8e8c70cdee6
32 300 0 12 39 244 :c9eba01d55083cfb278a7785b39e47466e8868e622e190f0766295834186a984537b23d76fc76722b4bc8d8c134af640eb75f539ea8cfa2238d1613bd47cbffc748b42ab32bf523559229c6950332b66fe30ba7c18cb541ea9fc41d6720b59ae698b39cbd137eb6d91618798bb26e1afc1af17e48284b618337cfba07f3ef92be0b49106e0bc91bdeda684393710b12359f629364e7932ae7ab93ec601f7142a859f11c37362b5d75b826e49d5ff199977734ccab5c8776646f37a90383bfcb79f57d332f6389e6393352e39c483b928ac9526946ce96d64c382c9b05926c10a71ff75c323c682ef7b0d5d5c3ed745b49268686f96acd18488d9ce4bac41795db0c03cab9d3713707806ee8d0dfe0b51e2980e084d7662d44d1412a62ba16d1bbd58e190da28b6eebde25e22
