# in_len out_len m_cost t_cost time[ms] memory[kB]
32 1 10 10 47 8176 :7f
32 2 10 10 44 8180 :b335
32 3 10 10 46 8180 :ac54c8
32 4 10 10 45 8176 :a812f846
32 5 10 10 46 8180 :765a5a005f
32 6 10 10 46 8180 :ad75d9a32572
32 7 10 10 46 8176 :a8bf257311c64d
32 8 10 10 44 8180 :b92c32830d43509d
32 9 10 10 44 8180 :5063d23a3d7bbf9f83
32 10 10 10 46 8180 :c64f7e41bd2857222adc
32 11 10 10 47 8180 :66afcd385ba9b9ec57db5c
32 12 10 10 46 8180 :03c67071728db7a19d94f721
32 13 10 10 46 8176 :d35dc114a0e64394e5c06ff5aa
32 14 10 10 47 8180 :5bba1cebbce02c76e872493dda01
32 15 10 10 45 8180 :78cb611978a204f5e002d81c8a12a4
32 16 10 10 44 8180 :a5338a0a39ab1a82b2a09c63b7ff1bd4
32 17 10 10 46 8176 :4860cab85f89b8bf1474e4d3df9e1e6768
32 18 10 10 45 8180 :826455073ee91f1c3be18e293ce9629f59c2
32 19 10 10 44 8176 :af540da8777d0359ad8c4b8b712ec9a597a6fb
32 20 10 10 46 8176 :c58584d3401162dbbe9bc70924bc47f4d96d629a
32 21 10 10 45 8180 :5bf8bbce7263a1e871b1bf05dca55b09a1378c5b48
32 22 10 10 46 8180 :bec6afa5026d95a6065cdc3fc36ff0406d22fff0c0d3
32 23 10 10 45 8180 :609f38bf8f68806c88225ac1dbf6b0dd6451e94d9ec203
32 24 10 10 46 8180 :f6eeeb2ab2789d1393c251f11b17e24e49007741cca5a147
32 25 10 10 45 8180 :691d7319a8822d3fa2fe065256a792b6894a0755bf0c9e203c
32 26 10 10 44 8180 :3c9d9e76d299103c9a8faa502b044b7e3c16cf7c10b4a899e4a4
32 27 10 10 46 8180 :1423bc52456ab24cbaf39fc6e4bdce8e6fe6184d01bba18162cded
32 28 10 10 45 8180 :5ff0a4fff19050c6335445ff6ecb3dfa649243b95ce5d384b3f76b0e
32 29 10 10 44 8180 :6d8e8c35c46e5182a82625ba2d03d51a90ab985f5ac11d6259b833e011
32 30 10 10 47 8176 :c3084e11617cb155e20fa350336aa68cbe2467a356859fd9382f3c63130b
32 31 10 10 44 8180 :bfb72803b88ea2cea53d78f2e10e2a1b528110f2676430fbc7cb41c9427aed
32 32 10 10 46 8176 :82569fff33f6b3c5d9c3db71890eec1fc88dcbedfdff3355b8d59c160f0eb823
32 33 10 10 46 8180 :49d4d696b67a484cd8a78c402fd3c956b09f470df95b094cb69cffbb7fc70152ef
32 34 10 10 49 8180 :4e45e765d7c41a7cdbd9d98eb8a5aa06c5d7f593508b2c0d4432f76c1d6a5ca2e89d
32 35 10 10 45 8180 :fe22ba5803490d270e14044bcf8e8509ce954ed784fe7f2a47b3207aed4c8f7baf3061
32 36 10 10 44 8176 :75876b915b9e273bb442dc3cf4eed78527502754f45bb2be73e4ee897344688485cd2a4f
32 37 10 10 46 8180 :d0ada3b11d0feed0ee5c17a8591096f8770eef518ad5d3cc300ee021ac3557b7f74ba05385
32 38 10 10 45 8180 :009bafa30af651c2c5feefb167e0284361b3de12a7bab863d82ae5db06e4ccbfcd2c5819c056
32 39 10 10 46 8176 :569679455df1b2c8c3ec9079381b497a40d9be9d235505255bd7e511cd17228cbbab4a47ee0235
32 40 10 10 46 8180 :f947edf5ad5734d61b2d797c2013c8a09111d9e32dd1e9c32f2e086342616f851109139b7a6c4418
32 41 10 10 46 8176 :88cffff1c8ff6608f636778e364612d0f6f5d7578e43d3abc75a0b4df219b11303949d2b643fca030c
32 42 10 10 49 8180 :f9ba2bc953ed22134528f9512299f68596148769585e5be2582af2c7bfb9a598069f4df3339f3713477a
32 43 10 10 47 8180 :c42cc35f3d4d8c190ff589fa4f5cc6d465497d31558271f772a68885b54a5e81d164eba734ba9e8bdf2f83
32 44 10 10 44 8180 :838aa33cfb7700be5551a1da750172f93462dd5d90e5448d561c65598267a5b1e35aea5eb1ed397575ff192f
32 45 10 10 48 8176 :95a31deaa6ebf25766d41fae81d3043718e2bf128a2ba6f2fe03d7c97f57a5b44daf625f92c664cdaa01e4cdc8
32 46 10 10 46 8180 :e6d50a47e28b074f207f699bfb24544f824756d00d3822cd2d6b1590564b5a1b6c3fea0dd454904170c607022b4a
32 47 10 10 46 8180 :3e368e56b7003c753b71e6498144897203ae6db4c1dd1dfde55103c0e436698f4f64b96965bf31851023af8fb08a03
32 48 10 10 45 8180 :bfee0dabd5316ccf8bcbd71650bf02a22db671ea36020dca42a9933e2585bb3ee032577d0dc3417bff7b722ffe6e0b6c
32 49 10 10 44 8176 :0f1983425c78079a077b46e692854846393eb0c3aa9621a2955589f9b0282cadf6cc102f173a1ebc01f9b2617bec6bc970
32 50 10 10 49 8180 :fb4caedb67a415c4c8196eca5f0b4fb3ecaf2820444ee72f4dbc208712f940ff57c7b3e2f1165d0b0c0ee35fc25f80c1b17d
32 51 10 10 46 8176 :f1b219df0b5202d668a7cc7cf2d7b9203e18a10b8e59b611812b531c1c65072241542ffce7a58b2f26b1f0204e091aee84a6b8
32 52 10 10 46 8180 :fbf05eb98c75fa096d78831c3d527e437a57734d3287dac16d27cfb9e16d5121e4099c2a37f90cd9de7b143bc029fdffbff4d9a0
32 53 10 10 45 8176 :973c93ccd0147cfce02693d37e3b4fc7f5999181ba16c2815b1069626bc7a878593f8bbc74cce2f0ce1a418663745abf9c50f6583b
32 54 10 10 44 8176 :6deff4d283290ff719ecbc6e1ac7761511734ae1a9de080657316e166ab4dc2bf29f82366c994051c18aff67d4b38e5eeccb7688df24
32 55 10 10 47 8180 :6936fd664603498b093a13702838ec6c41a526109ce83c7a5c15a96af5723d428e03c1512ab147e4ff3ed2dd15ca98b5368a5b199b61ae
32 56 10 10 47 8180 :f7302f04555122d50a685aa9e4daddc79bf56ff7ab20c87e1e382803d20c75aa9a34a8dba4af9df1fcfc488adcf76b31140a5a9508857908
32 57 10 10 47 8180 :7bde82d780c48c2569de104b7410a6eb0f3861543ca51013bc0ad70a8e8e8ed30dbf1f9f0a2bd7a82b6f5a7fd9d2cbf0de24f4407f55fd2691
32 58 10 10 46 8180 :3e547073da745c0759d512c5c6b814ec580b23571d06b595d3a0f739d099247be115f4e24b9f089a8c6bfa9043b3835680b1fc1bd6f95537f715
32 59 10 10 47 8180 :7606213f68ae1b8ca337168f7de0974b6480c779d2fc337a57d7633e9062614ff96876783b5dccdb25989911d3ac241a5af260d0fa7424981186dc
32 60 10 10 44 8180 :1a478d71625ec3bf7d97e20fd186c0ff8bcee3fcdc30f5867761b26029c06b133c9d4789fcbe5753d55b26395029a1cb18d6992385238481bf145ffb
32 61 10 10 46 8180 :8243cca33d35021a6b5d233476e6623b699be49f0592465e642f0371784c3d18ea3e846c1b5d6833f90a4bb6e59011e6f9d753efdcc9f1e5791e5b5dca
32 62 10 10 45 8176 :1bf4280df398a5a869466a2443e9fb4d033da31a72f33b17564073c8c1532f9efd26b1e917a90e7f2cff1b7783967d52840bc6c734cf628e54470ccc473d
32 63 10 10 44 8180 :6eae25f4271399a5a6c8f25e2a958e530e7356a58d97a05960e9e63f3173e09ea0c3aef575b2ca1b91c644a74a9a9c63deab4725b3bd8ef781dab3822697bd
32 64 10 10 46 8180 :fdb6e3cd0c25930e41e6401e75bc48d647f74806529f86ccaf878e61f5f2fb6cac1015910b00f9fd04c19b92fd8efc086c9fee982e0cb46189b24131ac529e4f
32 65 10 10 45 8180 :555e88c5b126ba0750544ee9dc27faabdd008d34f3a696b1b0cbc84ccee3f1127ec4b06db924a03800de7b684d81764a2eede0764ce6aa91e2b18b5f8db3047ae7
32 66 10 10 44 8180 :f9a63267eb052baca78fce415aa967df4cec2d951800c17ca7629a6e91d2760fbec96aaaad044ee6db3df21a758ccb97990d6019b785a4bfc0162875454c5f6873c3
32 67 10 10 46 8176 :eab113173602ae607c490ebaba2b64dd5b727c24444af343a460b967a6c5b587a86886cd7ea7468f897a47385afc9f0f6a98826076f42d703cb058b312ae5691939bdf
32 68 10 10 45 8180 :b9a2d0964b6f9730022d18b544caec6f43057c6715ad826fd32af83ac2076d7dd0f877bf775b2bdb14d688bd123cd58cc0622daa9ede8313d85cc939040afe0a3fc45bc9
32 69 10 10 44 8180 :661fd0da1c3b7b156616c2ae2871a7cb9d26a05a2bfaca7a3c887c1e8bb82b5d1b379a7a0db1bfbed1954987e59ed69be69e7ab08cbbac0ea2b70c7b5801b9874489053af2
32 70 10 10 46 8176 :9833b75a45684d416c969110375f4633dcb3d299aa30f7a5788d70413e599a18f56003f930d4edac89cf67a8b957137449c4120cf1384ae85371d920ffee910dc35decd9d9f2
32 71 10 10 44 8180 :cc6f0c4586ca9dc4fa253035ac95d7e706f4bd060b2923f3b7c9c981829d3a5fdbdc42faa4385d561eb6eaee0d17ecd43dda3b15a70d880558c371b09afab960908d89c98ee1bd
32 72 10 10 46 8180 :ad3f8b5a010c8bd6274d4029a557e3c676de9e54468dbaddd6813a94c00fa648cefd70e6e606110f034d68aba78debb0ec993f5192b21ef5f569c7c1af7b67c287adac424d48cac5
32 73 10 10 45 8180 :b1898f916f8fa370f7bb6537638a2fb2f8f12fef74d3a38cdefa3646702298d1877da6fcc4097ac47dc84d115accde83464d681cc92eca6e9e25fc9918c2f20035ce82e8768e9768f9
32 74 10 10 44 8176 :1d835c12b1e171a8704febb42592d6f1ba59d8eac51d96ad5b0c98c0fada73a78755435cbad5210db7b8f9e4f13b143c13e2e2989bc407f4830882c400cd6683a8b1b854f3b87bf6f239
32 75 10 10 46 8180 :40b2e1ad601b3b9f0e737986599b7678e7111f2bd9176b8361b3371b2feae7587144ed5ce3101ddedf7be59bf42979b838a5b16e3780502e09252d49ca1ddc1975c53e1bf10e08d04ea5b7
32 76 10 10 45 8176 :577faa44d7afddc984bc72baa2e619f994eed120379296159a840dcbd78bea168f6033640e6611e4bb88efd83eef1e8265c4adad7f44d06e9fc72ef2e5a06fea2753e32e1405cde7e3ea8644
32 77 10 10 44 8180 :0523178204aefa517bb766a3080120e3e4e7484f4f41379f37f851c54d28fb77537ff285bd07f99e30abff026dbed6a2fe1f27dc6de6e42c3874c420fca9b66d8ba72d450ba8ad29200f2c3cb8
32 78 10 10 46 8180 :e4286344972e7387fe127414dfc312b78220971204b5df7cb62a8ce0dfaf3acf8e92c8683d7a0ca6398d67a92f466fd8f776ed44e2d144c8b4f826706f0f48a21ce19979750c76d0d1ec57e4d1a3
32 79 10 10 45 8176 :e59919e014f2d1ae46478ff0d945ca57893337c812f2a050b7830cb81e3d44cbc91760887f0435c766e9598c520442d802df5d9c00a7c658ca5406f1997151045bcb5b350d396cad20d519194ece30
32 80 10 10 44 8180 :f5d79e764d42ac615d7c411f0dbc72ce6b4b2bc1682e81603934d9bee44762d289c79c4f4cb0d7b39bea78632b65e37278bb0f1eac5ce165d4aac8765d7c9efe638d322dfd7a45eb694d5e8ca7794a6d
32 81 10 10 46 8180 :b22edada710650b48532462cb1384f0e605cb9426699453f08e5a4f05c3fd54f0332bc4ede5965797220f0ec24089106a027b57a30bda7c9d3e57213e1ace2cb714e4d6a9f2d7d84375d46eed6dbb10b9a
32 82 10 10 45 8180 :0d274564b33ba54ea0f7917c8f04aba64df6337e30f451173a0e68c6f00c1e899d04ff40d92c984808ad97ec0542e38e542e3e2fc79b5a7caa95202ed87e338dea7f165926fe9e155f2c425652640b6abfaa
32 83 10 10 44 8180 :01c47916c241ee95a433a9ea81bb9a75bb97adbc7e7a5ffa2612d786129bd01b62eea5d234b92aba25961d0f4dee4aaaa36a69157e644edd980fb43ca1c1ed4f462b8550bb1a7afcb9af1627e6318c591da2a7
32 84 10 10 46 8176 :da7e65752a2cbd327a26d350b77b265eff9db08b317850e7fd344b2c93a86a97c80336859667e900a0ea8b71d9fd3966accbaf8367b6205c903628f414c4f9bfd3071ff8a6ddd928b3e0a80c6d0904f677a0861e
32 85 10 10 47 8176 :c23665c561193c825d5111307742c233594aeda66fb54b4c6e45d2c0b7ebaafb54de33a2c233f73ff41181c331b9e5b9dd457b71e864a9846d1306870420e88335b5e1eb6ef01d5c82494b4fb19c8b6b13da7581b2
32 86 10 10 45 8180 :6e294e4933eb5fd15dfb00ed6a84e67839386681dfae67608482db190dadfc39faa60dc537b6e99291f16d5854163bae4879aa24f8516cf8f312d3473acfcbdd972cca87e47d51fc6d0563d18a86124681ef8b0689fc
32 87 10 10 44 8180 :be8e6f33b29cc4a7b94da40003da924dfdf3c43d7ee8774a7ed6401912c938e98fc7d67afac42924cdf22b4a7887894a0d0cd09df387ab75a1f6b914626ce1c0f1c13d4ece4aef34deb6067db0b0845f8884992dbe9a68
32 88 10 10 46 8180 :5d80cd8dfc8efa3c34d8bb382dd6fb493cebdeee57a4b96a68ad2e223eea55612e988cd177ec99f4f05d9d8c8d5ed1eb747a8985e6d4f9f54eb9a0c70b4f74bb2adfd69d63e1b1d97cb59f93b4515b932bae1bc19a5a94bd
32 89 10 10 45 8176 :7abec7c318a19cbe2f1f44e7bc3bb74d4ff3f6f39dba9baf7306df7db961dc85d3a4d1f3ff03a87ad3fb628e6a7c08503cfe9c12c09abf8f463889771d728f46451bd022200112b95a68c038973a64a5df1089c66f3982c55b
32 90 10 10 49 8176 :5ab54c6b6830d57a1ed33b6d4e072ac998fcfe4d628ad1c10fd21979717c712b7be124d3c7127cd58241480f73bd2d319ccc7842e600eaaffe699468cbc98219ea173b02189148fce5aebaed8f5aa4805aa215f7d6f85e0973c5
32 91 10 10 45 8180 :34b5c50a3ff6b7795e0083c63c2a376fce59bdb8f8018486bd05e054a989bca77fba37988854f65ab104b0b97c930f640908ffd238582aa77c1047b6f5dfd35ad958a96e8e132b35e09d68925af50176f29b8f7d5dfe48519b127d
32 92 10 10 44 8176 :c48624bf623c7e193a61f36daee12cbd4608e83e14a77352ec8693f6b483a762f14bdb5a4a29fb92a73f8fdc7504bf72181a395d602eeb176d29652a849f71eb0392a159c9124f0c7225ea22e8e64f6bb9a65c567f4d020913bbf0fb
32 93 10 10 48 8176 :54725087b995a4c2ea688fa03ecc5593ddb3130b2043ce6d6b8c00af85a6a2afcece47a130cad6662358324ae4646ec9fae7836738aa7da9740051c9b71856b44bac75296b1f4a8cd83c14733cdb1b8d8254c567ad5cc77d13032bffde
32 94 10 10 46 8180 :3037e5847e8350b00523808622154cdaee753567538e44c5893dcdc3b0a6dd154c4dd445a6f9c810db282b4a8d649b86ec6ccd5e7a8b319e15173a098e4e8c247485a55c00ad5ff5fd59d43bd6e0d8c43c1749b3b21446fac6f16856988e
32 95 10 10 44 8180 :0fb8b70dba94d9bc75e7126a9f3c72a20fdb15db08a6fa3d05e122b2aeee953ec4c94e32d2cb2f96d14e0baf3d3e7687894ad6ad2ce39bb8d0cc12e1203ec88026b0da6d1f3c09ff2ac9908bce910e6f8290d7dea9cab7c10f1f2352c51016
32 96 10 10 46 8180 :5ecdf4b626f34a06d6b32d7f7e7a023a84f576369e130aac42598bad0324781c1525f7e1385ec5b80147023ff2b77f2fc245ed6c66b83af520773f9dd99b06f55bcb5e1766b01f6cb635bc9ae08841ca04cad067e657115234b7e43a8e0876cd
32 97 10 10 45 8180 :a9e97df80f78b14a4939a25229f3aafc6b9724c6373c1ca60eea72fb96df977434bdf27dda7a7d22ec609c76c358188ae49fc0de81a29a7f51053cf39d047becb3b3ca54878f24cfc93907d0cadca8ec91ffcd5421b1919cb796eff67d3e08e478
32 98 10 10 44 8176 :43dc573d1666770376ecd4eb02999aef36d7502cc069fce9cc3f4ff6d2da39edccb2ae72cda214e294054ed684c79a1023a4f040c4bb52f42616dc90f55fe2da6fade7fa967c432ad6bf2ea7ccf56fa9054e1e0fb5446db070c86d12df59bc9386db
32 99 10 10 46 8176 :747ed124127dd0a58379e65343c74ad3c9a8eb877bdd0b839787b998c9380b9b7bb6b74da12a664867b947f008b16ba6ed1fe574ab3c816dec44c217977bf329974cd8312b1db08bb0a23498cf44c7b34f755a60e4fc9f9363e23c57862f6d95086822
32 100 10 10 44 8180 :123d1d86bf6509fb65f4a6cccb48c3e4b6b366075b6162c96f9540266cf328505885eced11fac15bacdbdd85ca48cf5a9ddc562245dfd1ef2d461ec3a06fd77d3937cf67b46b56a257185b5c08bc29214cdc3ac4bdfb12cab9cf0d5aed7d99adbeeb4476
32 101 10 10 44 8176 :2e3ad584fb0dfd1cfe3475914419f32bccbd153fdeefb4ac5cf323110430f1a71fbf2cd576d2940115065223bfd788e2a11263973c7c2b06c7825138883cd0d3db3a30236924452ae4d3b3423d53112f57182a47f6a4019fdecf93671b944ee07a107c1913
32 102 10 10 46 8180 :a8ab1358499e5b7087102df2e15d8dada6b64ac6bc604eeb464bc393bc4977956d38cd2074494ef1ed394b95ce9b3c89ba3ec03cdc5ab127bb9d308c697e454d5cd1dbdea480e02e9a405c00fef5f61e554071eb3cb53038d73e77e1f783e6a96d4d4440d520
32 103 10 10 45 8180 :6cd513d65479c4f8078cc73a6fe07d2c0e72803fdb98f7dedcf09b99c1b7a482121ea49eefc1d6bef4a3546c7280898b036e646040f331e68e2b4c13baf3eaa065415c8964a183b06d86b94a722f8bcd1cdf24bc7201619cf8fb08c656f2a162ba74060aee1b88
32 104 10 10 44 8180 :368292ef5016bb30cde6a156d12c9d347dfb30069c3a3172496c6e177dc0ffba15f35b778cfd2e70205797d4b964981c8b6b5955d2c2481d9dc4e67c99227d4eb80e6bacec3d3604dd02dbd8806e4a5815006ee1e9db1f6acd0fc81d8232e7c8ae7bc7f627f35274
32 105 10 10 46 8176 :2451db1fbf8d416943e89dc634c4c71a2d26113a030dc14a8236232b8aef6272c3c88afa1d271d0978bc375c096031d42ab9425ac420d795abf97dcf595d9155b3a4324e84fc7403a803c8016699bc9992da184ee95c6c5e2f59c39bb838a59682f5b9f27895c0ffc5
32 106 10 10 45 8180 :84f8399e488931c210c5a64f385d32cdb37b0f82b97a2fe18b7f1ee0251d805619733aa22f7a9187057f8a6477a85db6845aa9612c7aec6f3097e161d399805ebcc8337fb7b1b6273975946e8d2088688e1c1820cb84dfbcd29a0336a20473debebfd3f7c4ae11ad0760
32 107 10 10 44 8180 :717864836bf4d1830aa7de0313ebff7a1fd5f91d86d4c4e1800a90abff83b5dd049335a3e6f081e3561e9df1d55e445c6f080f6b3fe2965fa85ae0885ef7b8e3c1ae73d2033ce4ef37df6482e99026510ba0ffddd66005bb716745a25fa1bf8dafbb52ed1067cf2dd451d9
32 108 10 10 46 8180 :5659ddce396f0c869029ff231ea64eb43c97e22e8a40ee115a4eec57fcbc66699b9e7bd91a724d356929b34b6e237b2ee96377297c6e6450e3f9dec66e1114745dc5df0654919174e4939d6e845b99ac1dcd1af59f7ff225dde66b9c2feed32909d8d5ceba5dce84c10f546f
32 109 10 10 45 8180 :247f02354e93c6e1959fcfee752a71b2bad4b78905a78a2256225993acc3064113bd45a75cbce53d49bcf43c9985b9db31159da8c75e22e5eb635078b8ff5fe873378749e17cd1530c009aca00d9321676a81d2463a1d33c3455f20dd36cdb6c6b9123cb0f6d71e56ca4678540
32 110 10 10 44 8176 :3a1b1519fbd2393a45ca42cb4b971d1470208e3df05268d6ef1a5fbb2260472550f55f8d1c2c7f917c3d28f6663ddc429059c6bcb9ce972295f00a899c97c30565f3477184ec8a026c7938ad3aaadbd314f3b129c2f29271c1062a3f7862bad19d678f849ab7454d85b28b1f5c15
32 111 10 10 46 8180 :02646731a3a3d22cb7d7be8361b67e62a41ad5917882d4e62a380ae8377463ee57ce05b5bc4441b5eebfe8f27d38a85e2d25eda0bc787c999c6e39271ba0be48777a78c56c476ba9ee53eb7393cfc835042344305700dc3949a8650de4f656af76be0b37143b3214725a6fffbab9ed
32 112 10 10 45 8176 :f567e23451dabb549cb06b084d7f1007674478d2fbc470de0c720e9eff54f9f3fe476ed6988109044c344ce3e1e5c14f1e763a6a88f9dd452a51751731643be21dc2fce449c39fc1250da74ccfe553e1ff71e91b23aa8413e344ea5d3452690b5790f5642910ec65a21d535ece88b8e1
32 113 10 10 44 8180 :ef04b536bded6bf02e55fce772b4cb0c555ad32dbb27159b468ec768fabfc71f054468e44e0de64083c3021efa11bc4dd203f20819933b1df3f8e2fa25ef636c9bf16fa67ddaad1e028b63ff10a3967afd949e4fc951ee73b472a0729f594ffa10a19a52ccf1132b1446a326f976b9c2d5
32 114 10 10 46 8180 :5ac3847b912187da2c21b056cf4540cb5d88feabd80ccf004280367856397c97ed1ba09cda3682c9affe08bc7b9c912a0742c62561cc89e6d18350d71377348075ce52140b8010f0a99b21ec58f1abbe17f174c8eda1f1d681f800d10daf0446d12f9372f2bf25f9801c0944618c7440a89c
32 115 10 10 44 8176 :41f158abeb321bb64fea5822b6efbb05be36dfd06d14b5371461b9a5502fb850d7f4894d49519b26da4d691224c6c714f94d1c52200969e511fc03570abc278fe09a112d65232f3dab7cc775e14d6cf84f2f6882cbc9fad3cb0eed050376efcb21efcbe847903a3667e995cf2934e1b24dae34
32 116 10 10 44 8176 :57680c9e8847a6eb03317ee5a8ebcbd92316c8b2da84921589a15e1b4c8dd6e058f407e49540b99852bbd7eb40fd81f5f6fb0047957c434fe643912de57021c22db0239e6a1dd964051dcd299f18068ba746c2b003c813627c23da7c1c6687f72eaf9b448f8d9d65cd2ce81b36da376d40430ce2
32 117 10 10 46 8176 :59ae4fc20f5c671f1f935e6e986b51e8f55eee784d96bbc70ba50db90135c1bb6e33d077eb7cee95519dc6cf7d7f22238824e3e6a937abe5b92fb8c4a1f87e1c5d5eb1ce720de3027c63c905039931d75978cacf871024f6c3e870173f7fd2c10e5f16b7180ef2b02a7fa36bf3d7685d5a644cbf44
32 118 10 10 45 8180 :3e3e1c400f64b2601548f8942b8d3f47e8aad9149c2f44da652f0a630965fc8c73ef29a6468d6e86faec22832b6c45c22da1b9656bca876fbfcaddfb22aca398fe737ce683c97b294a79e64784f321707cc12c2667a0058dd68531586eb4d1746dab4c324aadc70dff668847e28f888de511745b5e1a
32 119 10 10 44 8180 :e2b3db6d9d7b2639bd063161bbc349809613f6cbe1a244b1a8d0db289e40b5ff60d7834de9b76759926f660bf4a83e8789c14657584a86fcdc96ee955698d0fae81f97b66a19da95a301058a28bfcb0abe1bd3308af6f7e1d6eb391c9da3faef8d1b2f8dbd1a01c6b6909d6fed6eef192d6f1cac71b334
32 120 10 10 46 8176 :b22a00d624f4733609c70edcdfa52e02024c99e0c8f02e9ad02d876855acf8ca67be95f85621d9b7e2e0a550e10fce545b2d1f7a349cb1db8a122433a3bc9e1170594c086acd7b6eac02e1e7b02b578aad26e51c3c2c7bb4067d82604d7755c8276f4347d255e0e29de5449bebb319974c5c99e26b71ccdc
32 121 10 10 44 8180 :116e5624a98963c76308c3dab19d6f7daa38bcb684ee89456bcc8df12786b78d596bd1543f49735b39cfc4e8ea288ca87bfb575bc6dcf967cc24d0e91765f82ffa401d7f971104931a205e3e22b40ac100ef35b85f02c722f27124dd2b83831e74c99a081bb9e67e1fbe64464d4b1f21e37e69219ce67a2f58
32 122 10 10 44 8176 :34b9232594c11c190a1c783a346887fb2152cc421dd76bbe7c30e92f361a004e426b26a2d7e01e5039c71d8caad9a19318cb06e90c40e71892786c1f21330665da7b06067c0404c3344381bab19a75f7bfc89f1af63789194dc2c6490d5245d0f1ca9fb43b8569762cc0d69752682ce63abdb23e559182595830
32 123 10 10 46 8180 :1949ce51ac9a2cf9e268adb57449c4b6000773f85ee3e3bc260980a419f174a140e583b0570c7f78f0ffe6b0e00910690c5d38320b3aa915a2f687f565eb3a1b642c96f12379946f938d834f4fedba6c5de832c4686b68eb151af1372d352f9881da00324343625de0259de1b1bb21ebf9271f36416bd6dba17ece
32 124 10 10 43 8176 :03507d497a26eaf94c0c54927584ce4afd7214e833c80b9bcba533398bf9b692123d1467007034bf411941cc4d9646a9ddbce7d846e9483f7c50d2284612ca23aa847b98bdea252c63f14eedd4128521db9e9df442afa461acb7d56500a708124f2f88f746c17a1c1c11a8376c2c73ee94986d8cdad89de67c85494b
32 125 10 10 46 8180 :643f7efea8f68eecdfdab295c892e3dc13e362f1fb16b4b40f356557eaf602b279cdf2c845ab7a70a8cbc3e94f1a23bbc01781d4f1bd1d418080895fa512e47246f7202477f5f359761b40e3a7382d406c0b0d9f6911ac51dbf5c07c592d2ecb3d5288ed6a695751f6ce8c9259097dc9cfe6b98be007269f252d7b2883
32 126 10 10 46 8180 :bf76a70cf641d967a16441fcd0b780fea9c788d7d95459e389be630672e254a2d96f3ef826833132eaa576d6b1c8e7b5cbcabf75da60d126a85fefe3b028c87eadcce279dab5f8bcb3ae1c479300718ea7300cc28f0ca39207fccb9f9b5ee4f615dc13e183616fabbd211040e6064e8ecb16d669d0c08ca9436daeda194b
32 127 10 10 44 8180 :1bd93708fa3b95a73964c17e17c2822d040782e1cfa0653908cbce036bacfbd12822c7700a8986d78d2bf83cff9c02b24b7af4787259b40af027c635aebd3558431bc50e59f89e7e25e5123e84f94a811b7f349665cb11f0de610f9e97ed2b65023eaa9ab4afd3a9991bdaa447c5fb356d90c8d88e73047216d9e8decccc84
32 128 10 10 46 8176 :e235f760e14e3a3190ce8adf1b06b58fbd45b964a6ab3d703aebd720d2d5e5eb8a9388e52dd7f7dbcc5b4c5ad3d78c5065abf913d1cd0651b470b578203319ad29e4d9fdc8f85818b5e149a3c825c66c9485b27394def57a1ec0881bbb73bd26bb54cc5939e4781a1cc6e211ed91778fe3f82021d064c1c4ebd81d988b6ec64d
32 129 10 10 45 8180 :77056b1f0cf2276a2154c71bd994fb2380d038c677d40819040cb43c856607bcc728091639deb241fa2e8b0964ed5fd909d4bec8654f7fe071aadd92b2c048bf050c146c60852253047ccfe15771bf01bfdbd75652dae8a9b7a44638b6de79dcfcc0ceb9dcf2d8e1032caf3cb5a157f14c961bc9bf45a6c846039e090aba511106
32 130 10 10 44 8176 :54c92a4b849919758dfdb18bcde118535bfcfd3ce8d28a082df3206d64ad7777423351bab3ee512d2de4e84767511ba4220a85e7297b66a3094011f88ab30aa80dd3f350aa12458022e71335d71af0a3be97c9cc9bbc7f56a217d8340514444383382a265d729777773de189fad91a6dfd98ec9467b8f3ad268687ede78e79d3ac1a
32 131 10 10 46 8180 :f4a6d51c1fb4776c88f5fad51d8f3c534156b835f78c84b208bb0e5730fc212fe370212062dd801190bd7719105ea95e4ca239f4c12eba0b4204017f498dd9ef0731710c7dd175b679bb05c3d761ea9d358e163bd25dae77889438c67c0115776cd0306ae0ed8a02ebdc886abeccf74d5df1c6ae609e601f7a0e75f21d7b848952b07a
32 132 10 10 44 8180 :50bcd37161b8ea107a7c9482431f149d3c254aae398d657a6b9c74ea479045a9efdf5e0c500d930b3f36711086657f310fd3e052f2b39bb16be3228c3e9f178364291647316a83917ed8b92e39afcd10aeeb11bab02b039826a6ed49e2b7ea6447214cbd5f7806191290d7d63305dd8a4c7d870a0d751e9f979311f1095efdac5672a8ed
32 133 10 10 44 8176 :4faf64002be5833d792cd405d54cbfb4897a4b669192ef062f364f6697ae71ffc903a61d412aad2316ba154b6faaf1a3e25cf56cb610a2514e19ea2738c96bc4fa821aeabedf86546837ecea9c70e18c6830ca365f7083fe7060c866c8b10a2e50fc3b1e9f325643ab071131d216926a1ebf218441e83b4f517497c06699ccd5cee8659095
32 134 10 10 46 8176 :b381ab909c54a0e8d8b49eefaaa3283f233e392b69a31a4ee48c50737b3715155b609760b4d1bf973c9d7abd0125938d09502cc113355a10de1f799a9b61283b7c2cfdc43d28a3ce673d560d594ed456364b27808f0dd9439e40b0577f7834307cf350539ec71a33776ddf83919555b7cae534df3b8cf3c66b75e061e0f8bb7dfc89edf78cd0
32 135 10 10 45 8180 :a5aba4fc55f562c8731cc300f2ba3ab6e0c87d70f222dfbf969e7163d37ae78671d6b1a2c07f4e0279cf97dd09246342d3c8ad3663fe3a846565d0c1d822840519f17799e615d770d2d8560812a471b0c4ce2abd537e0abc5248c12aaa1c57762c29b2b0f41b0f75801760e59c3d937e79da90a6af0cf5c3ce0080ff3a7ec852649c2ac0b24872
32 136 10 10 44 8180 :38a8415ddec5b8914dcbe24ca2d896f9577d43558b5e38ba18442ea9c8feb59f3cce8a12105e6cc06e9c1b0d05adf4640eec637eec197d3246a4053a7e89f05b4980173ba6e79f4e76d20442f895afae51586f14f84192772342fb7057cda50639f08994063f81e5805731e19e62d0e67b43f732fc5f0b8bceb110124a220c94ea58e46bdd77f3e7
32 137 10 10 48 8176 :6a0612ac0de4282a3fe1497571e338e2c643ca27cc9b7eeccfb01641f35db41f6539d06aedd766ce1591508fb18f8dbd62a8a25008a8d70d9dbf7ac40f2fe59cdd944d16a74059bba9680fe4aa35da1e86712ccee830e1f1b9497fd3d3f5aceff6b6dc4607328affd6b6a948e7bf557932fdb2f7d5aeccb86a13f3dcdbc11e55751000da005db55311
32 138 10 10 46 8180 :e9d34f69e4c02af1267f5e03a657ec4edda28c4706fba0aece1e088d373ee941e4eb0b075d459884afbc7ba0cbd50a268b68c6f05d55c334c45f048e19f287b3258d7fc058387235b5932f772859043e2c8cf3f79a6dbaddec27bf384048059a8df7c528b0993a33c68e5769ba9618d0e4beba0a6559ca4ab79e6ce5441283903d602cfe32bcd72da176
32 139 10 10 46 8180 :735bbcc9ab95cadc6f7064362d85188d4f80d232add5296eab3504049be8e13a20cb9fa2560200c80982ed00ffd2c897781e4478fe80562da8a001df81e76f81f14d96d4e19314e0809fde885106c5c340bd5294cd5e1021de14a9bb3155881aa2881047eac43d82562476b80ed3a850b0ffb2feb24fee98e7d567e3c6d3f994c141abdba0db8a6e8bae68
32 140 10 10 45 8180 :57fd89187d048fbbd1d7cd7c378c2f5ed44eeb42d1c847b1acb22025b685b29e2448e808dcfdaad6a5ce86ce5572bb7ac1efaaebdc82fcc71f855cd60446d5783fced763193983d8e78b26c34bc32d3958e7c8bdcc95eef5ad2216224faad0ee968a4c18eee8c8d5665ba6aa2e4610646debc5bf16108ae21606c192b7b24333ad65514f72f30c8dfb6cfd38
32 141 10 10 44 8180 :7819e751c2b27d61e7a61e4293732c8647d107ecd2b0ce2e93871263f93cad59179613ce64d5bb296bd7b9722b81911a3451b7c287bcc7ad3e22bdd6a3679d1677544f23a43002f53c840d2cf3e3d4975358243ace6347142b5fa4173a8883477fd6d18fd1acdb1e74a3b880f6857645427b049acc044a0d28bc19e5cff8bf1763e1ecb9d535d9b954050f786a
32 142 10 10 46 8176 :70dafabc229bf0667c8c8d2ba02a908241f870877cd16058aa66b6756fee9953c5d7bc9d02e0b7f8e5b00afce7b8b56786b8fdd546874b51134df8d0ed3199efce38fa9070b4a9ad9539dc7f22b331f01b5ca1626f5222d2d8bc7caef1ccc7e06011aecb3cd7bf2e235d2b1336ab3c05e492abbf3634275c39cb0282d825cafa85f3c81ffa44ddd6600b10cbaa59
32 143 10 10 45 8180 :52c3d98b7114e9f4e9c14e59c096b2449baf16c709d969c39d65160afa2b4a36742243c3a3b986025bfde989492a0d5c38068e0f2db8ba1f3eda86a5633c95965f7b8582ec8a0998a561652c41c15031cee55e83f89d514afa39fac7dc1092e9d8037667c3c0f2b0e3aa528dafc4b97d732448306fbb35fe8467e0b5af7029720351e25509dd72a40903dd9270199b
32 144 10 10 44 8176 :f00b9b8ab9b3f8fad7413461a89217c4654f0578fedc1b37202c8502f96bdaaf67412d19907ed3ade5b7135754e815b39bcab3212fe27b526dbe64a1c719c0212d3bf6a090fbdbb6fc0bd2ad52489521590c41da902e8f329b27f7e1cc8058c14af22a312f605b3a18d319de683c9a947e342d788abab50eaa319b8fa2b4dd5e95cd8733eb289df7c56d2969b34ba3bf
32 145 10 10 49 8176 :00578201305c3090976ec2f9745778d939e35a065f4bc4669362fbe67704aa7c340b472c775b468820431db92cb2da5b38204c88166df41261c8bd850da476282d4e6f67e924ba74263699f9f6f59ae2cb642c96833069f0c7d6388aa11b8671e1f054daf920831fd5ef06e3d1736141f6bb7b29068aa1945becb652b6e7de50679368928cedc998b8f52ec116fd4b8e8c
32 146 10 10 46 8180 :8728b83084eed209b75913ddcf40d4fc85f6c78b4bf191ce46dbe42b885054b514bb043cc336141b03e892c60e59ff2a68a5bb77f88f565403df7d00a7294e63ebad63ea421aa1a058cdbc8ddfa994790e896393af9c0f6f8138de3f11634787b6ecde83f690a646ce4df944d4da0a0e095fde07652f195311182b248d6cecb4341bcb4b9c5498cc3c1fe6e8c88026ed65da
32 147 10 10 46 8180 :9270da722929d2100b3d46debad563be12f3438e67f930d8325f5ea372b319ff49808523878ca5037e40c1bd28de0db68dfdaab50a196ee3289d60093dcc850c0f5cc61255722da4856a693e5f3d629b2023a03e2d795074fe8277775562b5a950e432d20c610e882e2d69440582d0791a881f8dfa377bacdd5d6acf26b50a13dea857784bf77dd775dd6f95cdcc5a6a86d579
32 148 10 10 44 8180 :57388825cbceb6a975525ae049596a625cf04aafa03bdf5381db98be677511e33ff149440693342cccb58551251f6599299aac2ac91ba193618715bd7a2402b0441854ae5c8a2c9630de4d18e634b2ddbfb91a94fc3f3f52d4d44b7f7b80227fd136a6fe9dee1805a44b4a28d605d1f9dda517d654e931a152f43e5f25514f00616632b64ff7534d7cec684e07cae93cbce2ad31
32 149 10 10 44 8180 :cb9eaa801a6a72000fa173e1a885fe8c545327b58cf4cf9afe0c2691c1b134de847a8070c69519bb1a40a3c1e524c4a9bcbad26b43d2e1d21feea58c511bd804897c53fd89e54ef22fc9d16ff02a426e7697a31436343c07c2400045d9e12025a47e398330a97cc5b54f4d298d1299ee9ac5f4545594d14b86cf1c74ed12c3c861281329100dac10c0acc0f2518c8c22e29df7b78a
32 150 10 10 46 8176 :6384862413e818a1a2a28d35516d5ca01c05d077a2af1c5f45a94dc81b9e288c578b7888b3f0b0cf23604874663e163d1cc2020e8ce00b4aad47331725f635f9ee9ddf5d1f24e9029766ad7f422757a35e449c4fd4fbdfcb181480229d9ac27076fba2eb49a5b654c1ce172cdc2b267675c1afc367e5ef380cad3732fbd5dda5c97db3d6a1e23758dcb55280ebe1faef6fdd124e0ed2
32 151 10 10 45 8180 :daabce9aa30358bf5ed7284e12f117cc5a5fd74603c1057209119b04ba0db1d38b5331f809d2ffe987334c7942fa4624675e2873b2e991154b942100bbca9c4457643f4b2578a57c9ce2998610a56d78f0f4849cb96dbf25e4a3a01b8323a9fcf3c930fb895042d14e123e2ec0dacee229b9c5986dfce1bd6e51a566d3c9585ab0b7773f456de4756d49828ba922841026ba878477c0f1
32 152 10 10 46 8176 :a75a668ed82cf0d9cd793696a3fd03fd486ebb2b24e73dfbe7d88280a72bb6f982f4b6f6c6199e052ddd8bcba363e5521c91a102499d68e3f91d0c8379c6b66fda1bfbb9127fd5c6f7c286eb86569f370398ed7042b3229b2af6f6430a403ec8278727b438bf53e6fb391e21c8a243c0dfca44f0405f2f5a8dfaf9f2652f3d819dd8545a56a484da05a5423a0ea81fb79723b2ba707f0bee
32 153 10 10 45 8180 :c97767c7015b51b57f534be08c3d825f554a41e747134ab6ba10227f8cef9ba91f7b971108c242b0be13e357f2d902d3688ebaa765546618deded1165d6eae9191c166743689ebef9a04e0ccaad82f0c4245d404c9f885e5bccf6ff35cd1d81c5e0738ccde7d31f8556f31c77a15c60f1c0ac3c06beacd661d6aed4242e4fdb81cacb20d5b7e6ef2139742ad33639fb092dc0dde77de73a311
32 154 10 10 44 8180 :c11280b36780018966808973261071363d4417762f058dd73a329547b89f0d4998b3a5890dd2a53f34d7b73104cf84bdf3547dd3b7cddbda6922db5db410e22677be22c839d02fbee70ac2659df45ab885a019bc0034648a3225eb7e6e6df41b3b03a53b8c40c66e8c05c338947de4f6b932af0ad55efd29e94db5bd9779be0b401be7dbeb1aea7b573f584c9328ae0253eb8732e2d1e3bf5d20
32 155 10 10 46 8180 :65330ee7eed9efc76c61a99db66b57d5a5a42612deef8df187dc5161db1486653f8c48dce768574a304f8afd279b833824e99826de95e4f00d51c4a057c91f6daeb61777bdfbeac1e0df229ee2bcedc2576160f8fa471d19a17568d1045d111d44e1ac02dc21f18d52f6792fe55e7ec8e40e237d81118ec211f956dca8ec24eac6ba31d15649ad50ba6b51239bbd8ee99cd09bc5aef2c2d13237d7
32 156 10 10 47 8180 :1df2a1770411058f82b43f64a2d0e7af11a8a16c044257dca12eabdc3c1e34d6c2302c2b2dd0a992ab12fa0a3115244eb52fb9cd6b304cb2a953b5a717bd55361149313be6fff86aefc774c6dbe3f10563b6cc5fc100d606a4be250aa44ffcd689efc6b6e70b3b26708300144e29aa4e6f5e03a25bffd837cb014b467d6625519fbbf0fb509af9a32950c582bf6bff025747263483786fd92f3efba2
32 157 10 10 46 8176 :00f66a3d15ff5e32a6b59a8ff82248ab2f8f3ff6dcb8152904a37aec0ee06fd92485e85d8352313316bab182d810732105a229f0c888b5c18b13b9d180a00e07d6304d3ddc3889168e5ef775440a9062b9ffcaa18bb480b8cb705784de9332c36c237792c3bac5fa9908a885604e64b50b9e830f73785f26f500ff4e89f2845584d803872655be3369b28eb29ec0e52ec0003bad3eb056c4ba171a36a0
32 158 10 10 46 8180 :c61519bdb8f03daafd5cf625d802b541f0be3564814d6efb86cebedde27edf5900f933f42a43e57051fd063293218647debb921b67a5e6002acb9a93029a8721ca5baa429128bdc7ea1ca3f3c5636e860acf44d12e82b9fe47b74fdfca7caea01a0e6b04583ed7756e029df7a99c07f40f9f01743ed83c774f2d44ec1cdf4b3f9869d5b1b92fc310424b724ebe4db51326e77f2d1c824c78387901ffe4f9
32 159 10 10 44 8180 :0061279e18ff5c9a94d79fce0b1666e9cb74c2fe164432386a842a01bf0f25bc3f5c3e3bd921e89ab00b08cba59ae846eb7ce47ce9443f6f2214ae00f068d2e2db8fcf202c8a495df0118d6065876c37e6e232c6e992e19dcd78af656d414a389d3201e7ac826d5d9b190204e8bc4cf607eeebe05ef3a71c6b1cc61c32c8b17526ffea451dfa1d70663b090dd4b74ee4fffba94902aaa6543478c0005b1dab
32 160 10 10 44 8180 :05e3abe9ecb5410d8439e5527d2ba1671205048178bbbdad91eb388be794984726ebd7669b347b0a290e70a65c6f37e28d088f9085753597ff38f41fe1c326646179240efaf5e7020b663b07edc24bf3b753aedc297ff348469afbb5b336d470bc3f6532f800411a233a53712bd82ffb9b193a213ab310d6d50f92e6a9f6da730c11b0b799bf6ff954b8f0e17a51638607057f46aae7a63aec5a765833efc412
32 161 10 10 46 8180 :abe9e7d6d2e84b8a7fe33571e6c2befda857666982e5c8992c8e284fc029cb619a325b560461262e57f715ec8a57c1b1e86b8e7fae08b7f453e27cf315e947abc150a472d117411183705d5b2543b2fc5e9fe48f6bff36a7f1e9b8fe97c2439d25af3e42d899ea6c3668f0a2616ed3f5a0618ca99f51efde82571a4062d286fe23db41e34203d3f9e3a15bb952034411c03933ba74ea9356a46fd7756f6607cdbc
32 162 10 10 44 8180 :12c052e0a101ea76279e6d24de980692b96c1885a14570d38291d2a6f8f21da1d8df9b518e252f3e6c30c04541525303d7aec080d71bd687750397f8be640d4cf6f6ef6ecef02ef71ac1d36d0b4ac521fa66ebd0122717fdccc65b7d60dbadedcf82a527238225c0b8e816a7722dc032a9555a11b36dce9bff9c625705a82f3027278db7db9981668bd914c05e218dbfaa5328795f81cb64994710e2e474e84f755d
32 163 10 10 44 8176 :b43e37f99b5eca0f8b482ee637e99718e3f76a307de19f7edac27e3a2f222e2fc0d9f582014628b379e349a0ee96de663394a33df400863925d180dc9b6592d9a8abdbfa5e5e40326301ec5e68f3aa3ad10eb78e372416d1da7f6cd7c45d33c365b3d8a5ad05a94181aeb92e8694a999fdd7a3d8e82d9726a3e5015fe0fee3a228b139240da4150c01b1d7fce92cd4da2c80e04d9daf1bb5c9fb773df12fa6b8cae253
32 164 10 10 46 8176 :11859c8d5195b89b52b877ad96ec28976bc541c69f5af32e69ca6f6e02b3a7c59c9dd879aa8397e46ca62221637891a63222a80d8e6c2ec88e942fc0927b94076d671637392541d779500bf89f35b37ac1c0379c4461b20018fac075135c7d2aa1095754c32904e21d6e923103bf0cadc8d140f973d6cf56f72de67dd53f2eb6d792789e91d6f31e7d58f8e79a5c4051b5ce4797e8b884ec13ccd17bc4a984fe328885ed
32 165 10 10 44 8180 :b133e6ca00f5070d6a44131c360e0aadcb8c833cb0fdbba128a0f23829867d43d8e984d183e93c3f2867b0a707c206aa5af344402419574382c7f577110edb82d7cd05a02f812c6150076361db4705227c719f5ff8607fe785bfe2bc93bb80e85cc35b5a7f5248dc7441cd26c050e668cb4f48d2172863c3efbd2b0b53401e698d217fc5bda010ef871cbba0efac342de7fc69373451f5b1476b356c404423a2427e50acaf
32 166 10 10 44 8176 :66c99229e4e7584acfa02511c3a916d3f32a0c7b0b56b1f39395d6653f8ae8f98c50bec00fbb28725b07425540c06932ae3bc99fff009721d2271de7171e34a530e8a1391cc3894300d9bdb35f08b8ea9a185b5a955b3cfcd37f40bada09baec77bb49662c9a1b865ddb3b89f6584b7f89bc7207c7a6752230ddc64b07544f99549630e1cb17feed2a803d1eac77621336c5e329a04280612883ff85acc57a13df209a47171f
32 167 10 10 46 8180 :d2b8b8db45a11c11ec8e8d062fc6ebe2e1ddbdadd8b8ef157be5701457c311339e951ca5612fb1e35d45c8bac8fbd97ecc9220c4de8b5ee0909a25f34936825b85fe078def5a6648d88d3ee54910868e23dc0446c4a50383ee58b38fe5df05f49d02b2c4bf09b9b1ca01067b728f2f67ce681a31b4ddcb55a3e2f1bb536680bb86e93281eb99dfb49f6d8525b274579c2ec5fe3abb08f8bc38d22f8ad98d5090782dfe35093e0b
32 168 10 10 44 8176 :57b27412ff5b4c37c8b06c5cf0613c96daa889e68ab6e5fff1307e3cffc5de705b9f638f84ec2e3aad084912f6a0cd960b254d14e781d791d4edf17246848c8321091d4226fc2c68a50a083a43633c53425ec063f429fd64f451e2bf3c480239deb3ba30df80eb69e8c4f3d52e25036f68db9528b38fefa62b697b8643d62f4082c214b155453f9bf8f018577a0082689bdab3d2a6c0176b1faff68dafb456ee39548369ece7287c
32 169 10 10 44 8180 :5f5be1819283853a8511495d7ea46d78fef09aeadf74bac092f587f108a74b8eae29fe9a1566262821a473aca0c442fa2e005e670de249462bf41dd8fd531a6d7e7f3c5cfaa9402f39385ca2ab5ebf6e18c0dabbce9a09e2e45d29934d9d415f1e7b6327f3a055b1e8a4a6cab26e69f34eb7db971df55afb296f549fd3c9260f10384ad7de43cee393ada5e8efb70bbe22aab6081c1d9000f6d8b213a805585b1b3d5e270deec5e961
32 170 10 10 46 8180 :a96dd58b892ec62f582649de6b2b26450d6c75f8c748db9bd785dc7a2ddbe4c3e38e909754a5f969716c79efdb178d3937057d0c27f77581c441816b22074e1a1cde2ca09f68e1a0f4d04ad5a0ed9468667820e9f5f4f543a11fce52632d5ecd8c7993ee5df754f3eea5a8a166e4df323f6fa5c3ebbfd1112025442683c4758dcd3b697aab3eec4ee5aea841e9272e505f11f30e0df53ce9a2a0298768f83c9f0b4b9345e4e2116d33b4
32 171 10 10 45 8176 :3f3fdaf508b7d0fe95879141577ccdf7172b8ffb245507e855e692d548733217bd1f36635198540a54795a3c7185359ec7d6563618327fe9d1076e0ae467d35c5e82487334aa84386431b17999fa54cd221fa4c9507d6eaae1d23cfde4f54d11ecac432ce7aed145581ca91d0114a314f0baf693ebfd356b173a144094bf6845960d9f76a188e09c32a0ddcd1fc35157cb04d3423503a610f427225665f26fa06366428297e034970b034a
32 172 10 10 46 8176 :713cca864ab7416d1c943c90139848069b43e27f0733a581b59bd2963ac4eb64afef3289cb9f6a5fcdf11ed0f3fe88fb8cb75d1e1351b789347767efcbc9be69ec47ce03dfb8db032ed2b9314ebd3b97388083c93d137ad10ee4a11c192ffa18aa8ea23c28dba0179c50fe7c6161692b7e6b543d462a98c444d52924d0f552bb68a56ed5de257f87d74ab5e4a71d04f75d30d70f457b04a5584a8d9f2852192ebea0734ccb1aa3769224996d
32 173 10 10 45 8180 :300b0b70cf9978765bb43a6b48758676fd818347fad91954647c4e4307ef0079bebc9ece9074b43dc2c7caad94236d62cef9e7b2593b7796dcf3c1cd5baba087b12b52c13286fe7696195bc547f90c7b7aa7a0dcc6eb84dc1b8acc66a472f85adfd82bf838ceb445f95d7b6994e75d88883096ad7bb4d5af66811561979ef12abdf85e256d5f14998ee34494737aba6b1b788ec857971dfcf32ba814a20158f59b5b2ccaa615970f274813a225
32 174 10 10 46 8176 :af68024f08c6b3d9750bdd47778f881c2575d27bb6e299316edff34ce15f01d136e6db6b37822662ab349e4cbf3f9cdf94487cc9c50279d62e8d21465da6d92086eaea2ce9454c44f6e59ef777379ea3dda510914413ed5f868fb8be1ce77f4a7204904303f2f8767b48dd9f4f00392055f5c8c24646654d809410e6f20571fc7dc0b669b33ac9af71555f0f27ef5380b13e8554f3149af33574b491a02dfc2c5f3bac7e10e904768aab001cc3df
32 175 10 10 45 8180 :9e8b8f742b4e5ad3de173188a855342de8a619900445c3c67b33f3cff3fd8e0ab4d164614700ed49d2a3e9c2e3a438f7d865a27add109da3550e4a24b12f88e4e50127cc417218349ca2f285829cd37bfc23ccdc66af48ee12622a1571ff8d18a7965dba9c3ef1f8922129c95e765be3b404a43abfa240395ecc2a13667ba0282235292572be3b343a6d4d03f5c47ea3a62e1fab1f8ce96e9b498cb83cdc1339c7e5a7686057f51753bda675dd4958
32 176 10 10 46 8180 :70a036ec5acdb56ac014a03a68669768316f13b005908e41e7ddf1fffbc0173af260d6f4ceb37319149815da923a6c406700ee6cd8bc1a05027b9259d38d4bbd043acbb8e201e85ce4e08b0a79c215d570b18187a83d595bf68b3821c27c3644112a6a87357a7b7a66fadfe58ee99e75783545deba7ae41434a799166539875090e6747b0f9cfea0fbb5f4cb74baf60d3f7bd31dcc00434c124a5363e31a70058d1b1cf7484b1d5f1aa4fce4188215bf
32 177 10 10 44 8180 :b32a23b3a001a01f9b9ce0556e73b937ca04a42df75b82942cf555c915db0320036373837d7e2835e7d99e200f306f781ce3afc292b31466b7534eae098c7185d20ffa1d55438f316afc3d33f1dbfea8a0d7df379aa8a14bedb7f89ef2ba9b43e438ffafbadb37d44bf8bb0c5cb9382b2e2552782e4d8d68a852a489048893bdafe1c8bc1cc18dc824a30c310d7298d677818d860ee935d2360a1a30a8e2473de2248d5b406f620d7deb375d471d0ebd08
32 178 10 10 44 8180 :fc59c3d6cd0a7dbce099b88065c0d531c2fededc828c15ed4154c63f0db1728daa0e8488f764a9508d7ef78f0293f1e218522de38999c1b5bbbcccc5ce7bb78868c258fbc157646ebe84351f32b05c7747f2282d9498729046198444533a15575fe6af290cb51fe14ab7586dcb68457b27a6bd80760bdfeb9ee6b0d2b47be9e0c41090f777c81a2b6e9efcbce43f0d95c4d3bb2c73524112d9d917c8ae7b6b5ea36bb8b586560bd4e98a884c0441be72971a
32 179 10 10 46 8180 :a3fbb20c0b7a0ce7efa568ab88e6affea966d8ff048a123e3dee3e06ab84a59ceced930cec111ca31327145ba02bcf2d37641ca3c548367dc3ccfd0fb9b2d0e842a9587606e48fe7d32f82b5327bb8de2829ffae3837071ea57d66d3ab1dac69b7cb3556c135f6567c9c913a798f3642c77da8b07d951f0875161e4cc83152b6a2177df2bfb7781699f2e0f2de6490fb15e028a741435b3ff8cbc900b77490906869f0496f20d218b2dd2673d24789f84ef128
32 180 10 10 48 8176 :7fec81287a25e5031147c879b890e55f5c1dda3e2e6eb6e912f48e88e38277c8c151ba3b7104e541bf5a3ddb9f19dba44069641df8cc031f1bdef36e7b4c574f0e6f10ad46886afe4f6f9cdd802044cfaee49ef98ddd49a492d5d8e9ad263fbd9b782ad7fb46273a3d782498ceaa01fe2ad43781b989f7f2624e951b7e23c841209dba6d25bc0000c5715fb0d28c2e28ead2f176ab96f5ee68ad84700f15d90ea2c8dd9ffa9b320ba4ac4c5e4d2456ade3943dbd
32 181 10 10 47 8180 :6b6b71b7f4451df006dada92b004f605de5b6b36a4591fa3bd13c6e178dfcfd4aa31c75f9cc74f98822d2c0d5fe01e49fdc44ed6dbed40455c1a492b24fdeb6900ca8a786879a95e08c0df137a4a5c49a470ac00d56c3684add4e64b3b49be7323e548d18cb857b94b45efb865e1006e95ba51560b93255123099af3ffb36cf9463a646fd7fadf046eeb367f37667933b18f6c1585e98db3d41d10278473ecc5acfb99225ae67f35c09a79e63652654bdeb25aba05
32 182 10 10 46 8176 :e682deb06ea26cea93cdc849f906cf16601b700e7e357006c910418b4b4261262366ef6920a54323a03c04e04299155d1be594fe603431563801657708bb5e6ff577808eba6dc47540fe9ba90aed186b106d96c8c74ae30470151253a151a4a7d59cb07b64393f1031229caa5b4682b55fa2fa0efaa514f37e28db3b944482ce3bd0e1b2db321de3abf13d0b0046974f7402605a1d023bc17fde6ec1b0783df6c96d05f0b02c39bc1f3c37fcf0239465d2b4fe091024
32 183 10 10 48 8180 :11daeb9e23c47273bd627571edd6d1caa7a3092f0ab0a37e47e5bb8f445ececd2a4492e8ec29f67dae4497f1ce72405236da5d83f412140742cd77ec439a830477f5bff05c22801aa39315665900e0682972f5f3144553cd5753734d5304d3268a34c02a7eac1917d7a55cb3d142e849cfb353157c093836e98806a824f3dfc6685750dcb0e513bab1459635587f2ba6e4643efa426f6de3b5738a2c7ed6b1bed5aa1463cd5ee17607df392ee369a125e2d80bbe32d076
32 184 10 10 48 8176 :a43df37630c350593551a90ff115ed2dc2583a945f8f77093b515839db751b65e59a883ec4e05d675c0bb18f5df34bcedb7cbac9dba464a4d5803c84cb3f1008c7cc529d021ccbee326c32780c522434158b20e9d3b1bfc71004df79217f62d11946ff324ece5865d7b86c90d34ae1548144e956d9ddb90de5c586ff877235c96ab3f7a14722ae00f88286c53398744d212f4e34d42efe85b7d8072fc50013c3cc807c870216e82d0d18c3abfb06c617ca9c92bb7b3104cb
32 185 10 10 46 8180 :baa43d01e0604565b9361ba7d7423e4959558fbe21ba213fca3d8ce7c1175f6962f5968b19bd9c79681c4d01f942096e5f081613df9df8d7ef47c7d28098bdae2e148b493e664d7900a4d4d2e3d904931e662faf36c1112514126c26b24f563e0790f3d04976be93756a6e495cb2ffe32ac7d82d1e86e3ac0625f5164cc5299f5fcd8a7c58aaabe1c5f730fbf665b7acaf49877535e875608bc4775fcb7af43f89dfa8398043b1607dff78d22f6ed2fae1646c53f033bd3fa4
32 186 10 10 46 8180 :96fa7426a5bcefcac8bac1963c0bb5ac6c7c7097b427ea578ddd4c24122278fc042cb6bdcdeba98bc431f6baa0e10c49df672be7087255ca40bbfd8f60fc21a60660bbbaa7afe65d859b21908c8debfc5ab504d55082edb7e6378ce043741846b693e9ea4d8194fd1a1f9f39d344f11da16a6283daf5416ff95c108a7989be19843a026cc5078b103b04eb3ecbea7543feb5fd8686b54cf3bda3728156e25e1049cdcecba26580e1b788767a36212703dd1bef1a6b88b6f4453b
32 187 10 10 44 8176 :988eb4e3f65c7278a345f1abc7e5e0f0c0ebeba800e8df347d716cd723e4897c3693e0f25ed2e4f57d05e856c1629701e7e57c3c2e104d6c8d4427b728bfd2ece371090ea638b8d8a1322db9d7eb375970235cfe3118ea6a5ec6b073fdb85d8c2dfaa5765b7d1c70bf794ec8b135748edb54a6b7a073276514377bdad2e4df5c220585c03829dfabe5ac4a285e80f15aba6762d134506685aed40a0fdaa541f77681b0e9d21a0f8ab8b9269ba71e808251fa22c7f06731bab615dc
32 188 10 10 46 8176 :80c3b5a80c14521010ce8e6041f896ecdd5d7c7f658afc45e5f7b1c307fc84513eee5f10d2e6ca0a4885df23e0e7a585cf2b42e7bc717f34becb9a8c403b3ff72e67410b6af12f79603ec2c42b7a6d7b847b5a08e3823ec4c08f26562e859b1b0450631813b600fbe8ebc7617fff1a73cda7e936d143cd538172857c129cc81a47c4f71f205a0eb0f49937a850ea500ef18f19b198204210c0fd0882c24a8742d18f7e2a8273151efcf06e5b2bb9d560c16fcfe4e9b29dcad7f8550e
32 189 10 10 45 8180 :d039e5581a2e71b1aef6d5d20c211e559fdb703df6e11367fbe03d13b66a1ea21d2691d305a2e4c816a1576889eeb178c5ca3d4917e30b5db7369379a77502c7270866aa2a445d76bb45d0162a67532b36a243d27b34c01d2bbd1fdac9b27325fc51defb762c558982acb854c679f138468da0ebb8e2ced02a8ae98af43d1622c66d3209b788d10258d474dfd8b3b3ea057ae9be5eb756b0fd41212c96a4f4d1c3e23c48c2cbcc890351c81b1540c0c4324b8d71b2683396fda12edc72
32 190 10 10 47 8180 :b4370492522c6dcddf9d6766eaf9456d20567ad8bc8a9f98690f670b369baf051aef9cd9999f33cace8d4fcf2cd55762367ab90b902d9ff64e05479038f354e017ab502969eb32ae48fa0cd44c1e84f6c17f0d62d135167e5b5d4b89463ca8060fdaa6866f4f1cb3860e1b9eef5bfe28e49954b970e78b4bbc2fbb9c53806d0797d81daebbcd150e141ecd86cea63bf9532bf2af0e483bdb1753b064705beb56872c8bf077adaeb6b9c0c75794e495d8a044ec0726d7e46c63515ce0dea3
32 191 10 10 44 8176 :5d6f6ff8b361853d4fdd6d2a54cbe66941abb2d1389378fd0f167fe6ad04eef77b969b8393d9ac418cacc1af6fe190c0de1bd4a1fd5bdc191a26fe6fc90ffe699f7907392464847709531635122b3331fe938031fe72104750d6b5e9a4cc433bf45563452d58c6d4cfbe9ce7cc6af7bd8c2f31ed92f378267b9e89f991075ecacb4ce4e97234dd47b73f0136ec8dae8a133293e2844845b750f6eb826aef62c356b4de0732bca4d32f9c1b429523b0fdabb42d0973f6c86229c94c00ed7ae0
32 192 10 10 46 8180 :538a4ad9b0cacb93fb899ce637a9283ad18a5ac8bd9cc51aaa346655ef9524fc87ca0601b1cf8d1afbc2201fbe8e74f23ac435e03e279458a9fe10cde3319783acd11e9841c8e722851e9856a478afb665cac75ddfddc442d09feeb0d2307a7d75f511226a6c09a63d9779e04594f2d5b36f7883e794e3db4c6a8814d9b6802e41e9a36f579237822a5df43538400afa247305ff6426dba91a25e1a64ebab5da6291ca67fa628e7151bc41b112dfa8881cadecfd1a6d59a42447f8c925b53e02
32 193 10 10 45 8180 :ee388d7cac0765de1103dc0a8c1fc743a495b7e24d51ddcde3d3ec5f4918f9009c44716e4a4c75fccbb0d30e4d26f8d9fba91d5fc53d1c2a8cd2d71f3da01361d2342897a2961992114b5530d0c485e5ce91cc39d8e0df7a9cef7e1bc605808715e65ce32aa9affadab37e5b75f304b1e3f66af3f3f3b6e6bb2943bbf9fccba40809702291cbaa5e35d73b7199820b061756b44084b7eae19d9d6e11587399c80ee7a3e8f72238e52b80458149b7251814303709a1c542d6d2e93ba67008c0bd26
32 194 10 10 44 8176 :e9e846a927d6fd6ffdbb56138756950418ee2000e587308341248afd499d84496a7532d1b16048ed8bdd9f72d78be4b02230b4df05b1755c03872a1c91f62fd02c04d1fde2ffb3032a44c4c8fc600930b938bc6bae093a28d1b1d97b917ca56d0a1137d643fa1729a0707596cff75c1ba353bbb1f42fd984042b545d18842f0b0d43bcff9878bf0eaeb0e69a05d58d6dd7ebcb0062d834f431ba175386b37819abdfe05a32595c4ec556c179fd6863660bea09e916098d3c14c4814a55f78c856589
32 195 10 10 46 8180 :682e31810550bdb25ec3e6ac7e30d02dc8cd764f3c27f3e6b1ec284a1c56dac24e46389448640abed3950902b149a7e2eb361cdd5dac71023a7cca397e8116b9628953b7eb472fa372960fa20e791eceb2bdbceed485e02f1c326eedc2a12af2b8b25e370febe04a3810211884c41c4e443fad07f4b3d97ef48b400ad1b65084965d49716bba51fc22ae3f422a2ea17e2de9850c2c7e614f68b053b9256d494e8a6e86a2d8cd9ddfec609bc2d56d9553647b6ab71eeee20e5880915991d4f71df27ae7
32 196 10 10 45 8180 :eda13cfb323db54fd20c265eb6b4aa946b8ade6b1e2f1d4066fabff06690da905cf3a42ffd71f80560fdbee03c0a1aa1a4ec1c8b568e4244cad4033c048cdb5a31b43e36da4761aca80131544038745cac827981ed43f2e5a7264413f79f6ebce7f40b14d8e3c246f80ddf8b44878337de440d237a7575a4197f43e9e3b0954d48b615bfbdedc667e6d486f901b20a080d361aa625f6c24fe295557e88fb9cabfab4496ebfda0493d9fbee1ddafa1aeaf7e6b860b4cc4eca3f58cb5d9af0b448e646786c
32 197 10 10 44 8180 :206125514fdb3d65e07a281ad7575e43a25090e34c3c2abd197cb6ed9bf0d9364a97d24313d3333e30bf00963d506a33d15cd3a120601509949fcf0065ffab68f58337d418e7e64233182d988a295e55b00c21b32464a9e7268050bf0624844f71abe586ee9dab235a62825bd4168d8d1444cc90405fd7e497051a4a2aa08ea7c95bea256f717b40df3ec0ac0597b9ad1bbffef9f17a03274f9dcc0d6e81ebdc05bf4ce6e560770745fc0ee7a2216b501255f526c0675e9f7213f208f8e664f18d0ee63bbd
32 198 10 10 46 8180 :e3b945c43299afb94e139dfe882aa9e66da23396e19091c21f3cb3d7c095bf29e729f41131bf8365c792f241d0acfe184e05bb37c0c718b2a6c209a6fa49738043c5559e4f1666c9a7e9107479220d37b9261809222f4a43b7939043619003fe260efa4fec199e359a600f5af21e4f3912387679ad908f3c5998fa97658e064b578cab6039d4a6112e252777d4563a864b1d00db109b972f437fe3803af7a221f5cddb62dc18e786806cc348b157e480ffab30aeb7a2ea5ec42e44dea2de38269420bc8b2959
32 199 10 10 44 8176 :369057623ecf9b3297da792b78d9f606d2353b99719631264b34ef67845932fed1a9e4f83efbae59c7b22eff7e9f90c99cd95728a60af9f9339c33472fdb50ac5f0e5eaaa09765e6eec96dc82bd3804f5bbf0b998a5e70f55048254ccca2e7e8d341e4f41d45e79dd7eef60b242b8c97ebbaf812015e354e228ab28e511f3782baeeb17f2260a044594dc386df5483853384f85cc8955bbcb98995e8d57f5be6cc1be224bfd090b3df8fc7335aabb5d06c99e41aae8de1436af9fdd93e95f4e9b622092407e831
32 200 10 10 44 8176 :e8ca912ac92f94fae63a4c969be0f0a0ef6e9465e8e1fadb9fe87b5eb305d96e46c0fbddca852bd4e759efc51d027297a44243a3a03ffed63ea12b6e3117020558d60ab99ae855cb5de6edecb2fb41750f6e6b79841efd14474a8cd4034bc9c273a24a3caeffbc97885e4da30b3ca8f94a0a921575214f8001f6ed1720e35387629ca03adcc54d231dde4ce4404b5a8a8c390be32c7739f5e5e920fa00f4b88ce4896ce81fdcd872705d9e3eec9a2a3c8be126db4cee20236076b05e6a2cff2ff321d20ec494c113
32 201 10 10 46 8180 :c7fcb3e3a91044768aa0d7ed0d6efa5be604c3021aac665025f1129ce13c57fa4d265aec80c06d6a6eb9b233181bede0e7743cc3a085835061b694b540d4703c15b809e6bd7d08e91402e5e82a7235c51943966bc3c18862b07fa2120036d6a43a3dfc297d7001f9cc890fc4db794a398df687f2a9b38554fa2053c59e4cb7cfdd0af508c37c681d2c968833c993fda9400d0655e24475402762df9e893226c436ad69014ec30cef44c54e2d244a210556a94cd76ff6e975f941c06421a4b636e9683577c9fcf187eb
32 202 10 10 44 8180 :477c085d1c63203aa5cefe7ce4c6ec19a4e63a5dad69f9643aa13105eb4d77fcfb6a871ed34be7a7584d82b3bca79520bc355944f0181b290db2c2510d9a88de3d6ae7789f8e34b13aa45f4bf12e98cb6f52cca5304c9f4178cb7923c7a995f55140ca01d411324ee3b46fcf286374a8b80272f6b846dd2e6fc0731e51112befa27357c1e47dd907200ec2e6ba2f3a8b92a7af985455e32f747bd0b47002007ae2d6ae8b04bf100c15dea85f03f0324374373a9aaf9567fcabc7738ba192be90853587bc98f102e3959d
32 203 10 10 44 8176 :cbe57bb995db6087c0e0d0b569e7c96a8d46a7808c0d92e1b9e2a7bf12c05fdb33c413d98037e6990c3c8ee5acddb6b16854805b3e4e1276291523caa6f0d9e2856ff88397bfda387a68f6fa3cdb1a37a464af7d72d32e8a28d89b50715ffbe9054fd9ebbe0e6e729a9830514a7f8844070c952da72398e17d403ebc97a00df713250291af710f1e8dcf1acea481e3f4ae774504cb4204a3c2bc8486426154247ebdcb43afd7f7aab245c31bb3d97caff3d3f572c299b4b19ebce413f665f6fa7a0f6cdd28ad4d3a508acb
32 204 10 10 46 8180 :3fe41a088c3fa07d7b17340031b19be16df2a75e19b700d2738d8625ffa6ddb228f8217e4db48330ce90507ea96448285fe390622b83e0e5ff9e9d05a263fb5812c913654ec0e22404e825512424564a3a1885694a0e30260391718d9849400f2f262589b02ec4613b130a15db80dad0d8e908bd51e7790cc5bc4b5bb94c71951d2c3d939f3e6749f6d5ab861c376ba20fce3958cddab77ca4a692e3ead74cb0e861445db6621b8403987554c8058db3277f34765a9d5f8e6af9962003f543f3f9ecace98042a4332e8d69a6
32 205 10 10 44 8176 :3e5e8062c8b538b1dff56e2809c88ef55287a43e532276a801455722c66472edf234fc36f016692befb2c48508e7b975faeb8680aa0de765280347e7cdb4eb8f72ccb6eb6d52988c903d80d2505a9a053837511091a88cdfb78c308d32c526cb736eb279289b0c5be0fc956da4101ea7b4cef92f457a1d663f9718089c6f3ce53f6edf7d34744f5d7ff6d410786da283592ea47d1e37b4d39bc2a0b089ec237484e10f89c689ce2b5b2d817d7d0f4521875ae3c907ada66c70e87503d54acc508df118f19a6a10286c5dad93f3
32 206 10 10 44 8180 :e8c478786735900d23923a3121d73d91f7bf801bb63e5d38d8396274c24b0f07b787696c46f1eba65094f9e8f96ac27fe70b9887123516047b29d55527ba0d7208e0189dcdec00dd7c4b2f8c9de005178e8f800348d7a6662a7cbaad45bd01f7ae4e96c6a408d9d1426e2cff1b24a4211e9292b12d3e3bc6038d98bd6766bc9507511d71b7df39efc9d215106373c51b7184fd5a67bf55284d60db8f58f73ebd0ca4819ead18e0a8a06231f86f8e32f1dbddb02f3c1130e0bff56ab5a1809c64b7016df532d44a6e81b53b88cd84
32 207 10 10 46 8180 :567163bd315b4bdd967ea7b739d98c5119f107b4d5f8c419d9e201b4a933db46207b29aba58a48f9f3c271785b8dc4c3f3ecf660b1e90ef6b716b32db43e0cfc321b5c37de6441ef785c9633f0b72febadbc1efeabef07c94f362244fe153dde9e53af14cc72171976c56bb106e238a528c5c057edf5769905e2bdced944a4425f541b4cfb7f16af3d43ed2c767c57d205d9bf5c3d3bed47944b74c973227dadf922a6b682723525b9800f11fe59bf2bfe3940f324f9121ee92b79222962f29fc8e21c381483da5e72a5d9001e0889
32 208 10 10 44 8176 :0161f908a5961d7433d0173a2d2d38a43894bfa54bfc2be370c64cef57fc8546b8bc69d774073ec468fb8211c3e7684f306f6be568d42e81efcaa38180d72780f327e1c1d2209a9b66bc8ab548f98a574d3f895cc6d30e66b2f39afca18c93ff519eb709e37b604f5886e732aec5f8e3d551ad65d3259e5a6527875a3731d82f6965734c4c10462a3aedaa11de46c194adb3dd70a5a39eb2b6192a6611a685b1acbd0c1c58a30b58dcf63679eeb8310af5417fbc34fc011433357525b4c6cff738a813902f2372494c699cc7024f4076
32 209 10 10 44 8180 :a4e0145f6742301dc213d3671ed2ed80e39feca27c090eb5543f43d39aabc2f361c484a9c9660bb0784640c9e597d68bd12d2ca93b90e4532d7547cc054b63ff4c08438e598b6e8bf90f67ad754dda245bafc3adaa372590c20e14f0a9da8d2a69578c4c2a3895237c5066edf58e12a8e6151d170d17630c4ab57eef6c6c8497eb534a29beef8f0fb228c3a0206b59c1b7876c97820a285f73d1b948a629e009cbac93b66278cc818cca6a9525a224d9ae0e252101a3f0157dac50c5f21b7ceeb8a6bd8092a2524f3998b54f0e126bd879
32 210 10 10 46 8176 :3acebbd69195ab412fa0610e1a8dad95fc66ed7174a788671885e051eab7d19a6e831fbdd03b281e3172300faea64f34aadac03d0f4dff42aea0284ee30117a8318b39b1a4d845955667e70d37846dc1017b521e34b266da2ceaf6d39fab2c99255b090ca1523391ab852a2d6998f60ab4da3d25943f0aed7a624e0985018cdd932e1669ee874199e33655dcd08dd85dce445c976fdf9f58fa545b0da59181985d7fd64bb4084a14bd33c339cb3953296bdf016f1221f0066f5cecc77e05f6772e2de333c8fbcb397befa9ba8ec9e54d6f30
32 211 10 10 45 8180 :2156b7c042beab0fb8aa2dff0487432dcb95282759c9f24af78159441a9ae45cbafa993168135e65827ea8d394ec1449d3f378a7af6aa1b402aeb9ffb48ef8496212787d6bc2e51e2952755b38476bf31a5c060ab6ee87fba1be5b9e92b36df60e48d58cdaed35a6acb1020661197fb398e4fd9816275c6eabd2fc49945d2a5f36eed23d4ee0a7edb7b41fda8f9ab3e3c6d57ce4f66f6f9e91485a881b08e82b2b6e41a2daa94e31249802e8e3d8a5a3938b6db01cfc84a49cbdd0f1419c6fefae1fbcd7965855cb82381976e5627104096414
32 212 10 10 49 8180 :2bb39c7cdf642b1be927e38b251748c08830fa070f8db1c7ff3b98f980d3c163a66e617a30ead87138ba57b3f7269ba069588f57af070261a008e2370ff69ebce82a0031735e76eea1fb0a6ad2cf485b7560766def4408f49ef4fe7f14cfad6d45877b320201b0d46063eac67d63045b45c41b37b07933b7c7fc30c39b0ae12460e8184fd30865c5ccdef149fc15953ed01e64b7d1ba867f57f5237d9c5798b1f4a85620acfecab82d633647a2eb9de72b3505100237ed27e67af77474e38de01ee9eaab086576b2b4dfa0b78575ef4694211427
32 213 10 10 46 8176 :ea484fba81f3b9583d977e1c8ffbba365b0f76bed9099b53dbc393f371f8095282228102b58eeccbbb5b47314f3715ccea9704a7f0cf4aa7abc566cd51554cfae6d7b701e9fc193f4e2729d4525abbaba4f26529d6f0ee1b3e0095d005ced263a6159a242076bcb78fd0145d01a3a241870b484afd3c8b4266a8dcf5fa6e3a4d8b013f308c91fe46bd180ef457cfd3a2f438c1f58404a2a77c5f07cd7284e2cfcc831267c7a7c96b000e41b7a384aed67551b69c1e489a25789222985e4cf62c8ccae4ef767bf324b6933cc60731f0cde8e6ac61bf
32 214 10 10 46 8180 :b975a1b3fe30934e18ffa0dab4e4565d2569fd94f3fb92666a470d51ac24bd32912c6701885e76b07001e3200a0615d3520dc5dec9f685cace60631da8a611634b3664ca10c1344d5fbd6e70501350335c027db6eb0fce472d6895a7e50ecfd267068378da41b7af4136259b339ee3fd1368d71fc5de55ae7d8901fa3a4466b45be1d487833437b026f8ce816b156bb8fe1a193837e0050bf7c0c107f8240c2205d125f0006a06993b258e33e33942726d6d693dc3c1939af4e1943d5d206919e2ec2c28c58922b73ce4c40c0a994fc04f47a419b0cd
32 215 10 10 45 8180 :493aba9d450f9dcd072aacb0db5c14e8b1ae7487bff70ffc1a3df111df7060359da656cb9003a3e308fb2a60edd0176b1b5364cabb777409559d5e202213c1ba2f1c3328db23fbc5e4f09f4f8af1fe739e3ff84becc4ea67f4854897c3610ea7ff31f2a0e47679c4da0397dc2ed2948aedc79d3296c9db58c938678ed16deb82f8767fcb71b9e9fb9c02cdc79e9ed38d9e951a1c61fd4d6a05dba44159df1efb0d1e612d0370590d1d54bfcba533a16fa3fa77ce5daf7423c3010d8a93d37c18334f08cf0ce84dd46d22f1328706546110c0700587f5db
32 216 10 10 44 8176 :b576fd5014c1af1a51151fd479be44e0a01c50b1cdbe31f583d204d68cde13c718427889c7cfd475bd868fae672e51ada9630c070e0f3f447fe5bbc1ba02f39901903d0a83767c994ac273793a52b7c7050d026317632d2858b2dcec2378e4b583c053c1a001d951791e96f4d5e32aee3e6d97a7793135ed315b773cce94d0754d43b7c2af3d5e0c0473888e9471fadd9fdf6a2ae03f7b52dee88f6a3c686b46fa3007b5654b45ed515b7821a013e73af41d6d09c9f8935bcc39c489b736972ef3b35f98d3253060d633f340cb65013d9f7beee0e3c68d45
32 217 10 10 46 8176 :93444af00356fb0cce763b359f15f0dcef0ff4a7247fd021a6b29c85d18365278eb0f5e3c6fac855bef042576fda9c37cd7b35b4aefc09dd5c7e66b85b185901d271eac94146b4d5f5100d1ee329553d8f6a1a5b7c2c2bdfd89cf927fc8ab559b65a5e15055c6b25f2b7b337e6d3fa09052761031139e1e86afada4905b86b92a7c25337ce048870851d208512f1868bc30605e6855979c070845d0ce5eec7e779ca749871c8bd334ddc66a27f40afa16edc8b46da056db6bf39d87af89824f15b8d520861208fd1d84f86028f11311d3131f111a0d0a106a7
32 218 10 10 44 8180 :35989daf53188af80cc7eca0dcee13cfeb1754363235efffc980fe54226d18b712d96acacfa5ffa1c1994a7f6dcd2edd3e684430f126905e1ae8f156dbe9539378f68132824a8f6b6f4d1cffe69e1421f8eccf20c74e9d7cdcd2cf9cf2d89d890ab9cbac20c9a6b8b3a3aa2c7229ba9b9494d6d191001ab9828b817f1b58eabaa6b74a852b94b4d3ac248934dfd8b3975be7c342795143ed4826faa2122a26415e5aa74248b7611f0657eed1239a3bbef60c68cba62fb31652e4ce8345994b3983cf60bcfe6bd739da081807c3b463850de99e4f1491c20ef5dd
32 219 10 10 47 8180 :33e5cf6ff108e90e889f0f1ed74c90f06279db90c4d13f7b9ed156dfa51f62d0b72890991ea1359cddf10b63444c9e28562889d7dcf5b07b399684d019bdfdab2a515438cec2f3d41560939abd38449ce4b506835bd38ee8c3f19d2e7a8edfd7eb861ead355120ec17f4883e3da15a083eaa7c919a07cb8989e8ac398ede683c614bb423d736a52009fd915d31fd7ffea5f7e22e33998ef2deacb09b7bd595007f9750a44cb5bc69262cbb57ff02284fee3b8b1670c2928d7f33bd4747273f21d30fca19ba72c5ba3c9bda3c95f31e2b2f8600105f2cca00f11375
32 220 10 10 44 8180 :7f7d6ca2dbd98af0f6c0046ac06ccb9ff9447c25003abda919b9c96bc228535b0c97d18325cfbccf94bc553c3ac05bc462091994bbf1dcda7565461479de605ef142bc267d964300bb2563b6fe1e11797ae2fa065ba4e7324fc8cf0e547a0fe72c845d0a6053f09ac3bd39c1703d8ea79387107eb3d53dd428a80e3f7068550f83ef5cbe758192708043b1c86d0eacd9a22423692f91c0247d97c129a7109e94770835cd77f2a17905c036dd6bd99f2dd4fe603646e17b975358bd11525b8c3df4b0d48f269f58d90efb1f8156100c1467c0bab9309509304762efa9
32 221 10 10 46 8180 :06fb73d8b80178228f805625951d4fe6a828c79400d81d79bf76ae60aacd69edbff14f944e0fe8694b805f535dbbd3a36cf2f2ddb99bb430d370b465c2167e7121fe855b95321115c552e1aa3202c93205d34c5bc92326a283b00f2ff7e8174069fe01e3357aecbf505c6409c8b4f6ab6b76aa8b092c054eb0c76bd86c39406e7a31bfef8bce9427df0dd3aa3d2b0a1ef2302428902800e53b484cafc702aeb15af8be274c9bba71fb1ebd969f6abeceb5d934db6d06634361c3a2668a549e1bc977d309621b94b9cc107e2f7ed5bb165d104103ba105080237c900db8
32 222 10 10 45 8180 :647ae32209995b9d9b5d47ca9d8dda231f69f3563918ff0a5243dea51bc88f55e2554b8de3cd5b5405c3845f475c398882bc2b180352424e5a379159b49b709638bfbd55eb21ac2198fa84396d41eeb4467846bd5c9e14699b56e81115378f27ef3d107c1a2f7dbba6b4f2d82909235a3db2afb9e9d2924a201e305a25a413dae1a5f30eee84cc526677fad7f0b326419c14de524406fe50bf6bcb6cd92a995077474f86ec14671ff556a8ae2388991a83048c13690420cf04efc0c4c1ffc4835b9313efed4a486dd7a594e993e50b08d2f801d1735d53ff451713857497
32 223 10 10 44 8180 :91d0d9d91cbc4eadf09c8f24d2d34de0ea3bb1fdde011b0ede8cfcbdb2eaad752ca2f1b8448dc8b9f36d727bfe3f77b72120cddee4f554ae341d99078509912e9233b40501fa5b23f8eba23745a6316324aeea46853b3bba0aa90e82e232726526349b0b79a4dc45bd04c1f49be5c91057ebe58d994ef6923165d62532edb176af75b203ba3866d34bb99292d2fa1387e3072baf43ff037ede56cc18ae96d0680a2c8ae611c59c5db71c11614024d326f5b1db31876c0f681d4001532cfa639a0ec6ca49453efb758fecdc436d6cdf3a9ba8fc761fa3de608fe639df7267c2
32 224 10 10 46 8176 :c4e1d81a683cc642b6228b74e53b75dcad1b6a961408904c8cdfe5f3b0485ffc6e8ea09f25e64377073ee85fc053bb0fd0a89346bf5a54c0968cd50c8c7ee4239f5d9bc45bec0e68e2a87aaed1dd80acd00733260adb0b48e4b4c5e259876f2edcc8d6a3d52f472f8fc4e97d209d99f51499626987f9350ada2531254437d10563b06b0e14774c5a7fe909a873c5f6d245241eccb35d0a549bf87d3588171baef94e741a95429058d46483e0dad73cf16188aaab66ded61c662ee8a198c076dbd2db9612216e0ba66c3e08a39282142feff37a8d8554167f87ad462c5e48e8f7
32 225 10 10 45 8176 :37201dc79ad82d5bd16876d0f1705fbee21c9aad569af8c17a96129138ef40658d513b3fe17775ede6c47d2fe770560834b311ff56b14fa4a2f7b5305ef4bab756f51909d9b4586d226712141457f4e694a4c73c0bf35ccec8730eef757cfdd3bcd8fca1f9ab5bba0ed2daff4c49879feaa8e19f145ec575bb89f51447739ffe7dbdd0783079b6ffb09d036d3b6718f85972f22067d4d35f9cba9faa4f8b910a47b24c28c67f06b3b0d12c133acfdefe41332d6959a1da4b2f59c49bd5c5312d7c777d8f679f4d6f2e8246adaf879dd6c02f8b1c21b5ed5100ebd9439cfbcfbff1
32 226 10 10 46 8180 :d5596493891d413faf627da1052a28b8b7100a39d9a881d2e9e82e0b919b44a5eb2ba5bf08d820db717919ef51c5fcda37008b2f3c639b182e9bd4d66428dca73ff6668f69702ba8a130e48352eb36227b682fa6a6151ba4fa2a642f8d8db017d2208b3a12cc4f3eb3c54c281a257b7627115453958810981edc931c9c0ceb53989910ead9c2c36cf2aff4141cdf3eedb1c3dee66a0f2b990d5773124ac746ae32d1ab6372da14e3f749ef856a412f2dfcd6f65622cbacefd10e5e44f19aedd790be548c9e36550ee71a322e3541eb32aef911cb872ab35e1002a7815ee40b18a668
32 227 10 10 45 8176 :9d06df5563c62f02eb89f064c4d889f6f4a707a7c0da9eb4ea5e339a577707398842bd1031fd9d28383de32eecd065643363c3b6cc0a472f5f8d4399cb34565532172cf881fdb39d4bf3ba727610418ed88849807525e319ee700344c581e7d531740211bbfb96d61d12a783adb22e1aa31dfc2ebaf99ce758528055700cc3da7ef751dc43d06dbf63d5c18504143d055a8b9ac4e4ee6eb977a2990f6dfb3a12d7f5da3b5a1804b124f2727ee4e243fb3a460070ac15f5482169bbfcb5f7a26f2724cc7844ce0d4796970105e63c2ba1cf8276866c5f6bc588100726d9952c2f17808f
32 228 10 10 44 8180 :cb0c26f025c7b554f1a7fd9214e6810eb481c23fc2a07c72d5c6df31c47ba2ab4590539182a95cda6dc99e22cc7d63a952e809d8cc79fd618c1412f66274dd877ce0b6f5db47c54bab8879891fe129d3b4b7e07c935f35b156cca48a0547dca9dda1987b72c2e3e95358130c6dde91e244df4c18998a2c6952460cd337e31eb734370ced79ba36782f8505042b7340af436535aa4aa3020b32fabf478b4b98c190b67aee490ffebee77b0e92a56b853b8cb7e562f85b0948aa5cbb5e05f2b18d71898e49d163f017937cff83b6f76588169f1119df6690fb70499981d3d1c153554a9481
32 229 10 10 46 8176 :3e61736b3ce81622668b442195873058dce643fd0b342f1c859096b43ead9c5d503fc6eb28d0f216584ee841b8b1bd4d79f84003afa2d893691546ae9663f0355943a0587a22518798fa29923bffcf59ada8d3297d261f06e58a383fb75fb06ea3e64c85ea4e6753824bc3bffec9352258e533c2801305478af6216a3a59288f1d02728a1f63f5e78107c69149a136ecee4f372730eb26f5994d9a6692b1dac492fb641ad6174ca3817f33a0f086a1a176e2ff831f54aeb968fb1bd5a8060023b2525c9ba5b57374385a9c23e6522e1592117681821b90ad17e8acb347e999a96d924ccdd4
32 230 10 10 45 8176 :975c6f2bbad4a0c5adb3ffb04f56f1949da7c5b616867efdbad877235eb4a5f7e88019a1ac7065deb13b5e101882837b9dcb42c8f1bf40c575509cc04606db47a18ab2cfe0fbc1a48a260b9fc78ce342892820e9c02c2c1b6b0e409fe26ef917226b85906d5a060dfb7e1001b4039e9bbb6e37b836c97f2483430bc6ae4ebca813c86d8e99e383b3478c05f09a6721db7afbebbebb17e42c2703d0cc2037856f88d9c32ea4da92076796595dd70f47c1e2e4c13b4bf51abec30ffe9c1e9e9a4d0e527fe5c181c5dc66d9d540e5871350cbbdd2003586c1d108265d088c0d152b6943a8375a25
32 231 10 10 47 8180 :bbde1f0879d590f1f8fa517c575a26993830b028e4781b893d765d8c4cdffbe4721ce0031ec478ccd4dfe7cb746f556f2601bf54cb0f01fedb75da2f65e7e478c368275572aaac458a630e4828f491519300be8cbd528699dd736c289f5e8a85e41348b0fe3a453587a0d3e1abfb4858eb84372ccafdf9be511feb001cffe6f95ed27f94818cbd5f7259430b8b81b4798911aee61575773d1932428c7e8de4949b051dbbdf53a1688131e874722a8f7e358b1b96aae23d8921d0d9b29b6cbcf160cfe47f7722c4550de6d2859aaaba836c7d7043865daffac2cab80598856b706136b8535392b2
32 232 10 10 46 8180 :0e610e7eaccde47c366048200fc016f2e92ddce770d90dbf7fff49ff69efc5f06329d7411a49179e7031081450bf61c5a12cc2bc2116bdc33d6231d364e1a91585d76d8c1d04319fcaa56d36f5cbdda583968927e4c9323b44c37e7727e646d0146908ef0cc3aa7327a0ba50b1f6d320a1b0eca375312d8ee633a982bc0f4cca55f9b573010b4fe7f63ac6a1a8bb08681c132018c6e92ebe45d74d7ada1ed4dabc2a1f120b00453424bae43bdabf6995a91f9630dfa873a92aaac46ed329c8418c7691df6ae85b7ca546773a4f1b327fe77dbcfc0f829aa188cd461ec82ce98459dbe739263fd670
32 233 10 10 46 8180 :a3dcc0c5d740180bccca3f9538d78f318e3f8509cc96cccbf65f601dfec55097cd841fb6b7e4e4cbb2c8c10ae5a7d97df1b52b505e0182794be01fc8dbd1b03c6690a8e92e260a4e84af1c8ff38c2808ca1d8daa61ad405d8aa7b53a17ca90049c22b530cfdd10c406ff5417b78194213689a38f54d66b4f09bbef6127668dd5f6a84f881665abcb27c421d21fa33e821e7c1562394faf2ecd2b31e27f67f96d26500eb0488b5bd0c2613feca7c711ecdc8edd98718ca95aa80d802e653c7a8953f1680e361cade0354baa85af2f3e01cbd329431a2c66e18457b1edf1a49146da1afa42e61ea477f6
32 234 10 10 47 8180 :3a45847602865ad6037deaa2491308d418199b61a9997b1027c5be47bab8173d2e589177351853bdb1c8debe828b1b1aac8a28233b7e925b38bb9bccd869eaf830da93ca78cc45748177e79d5211f29619b3b39cdd349f5c0f4da4c904d9030c7b95fa368b9a54602c7827dac03c98ff84d2cfe5b4c195b9d1d3e59d3e263cd38980715ed08a96b3db63aba595db8d063f1076a2b7fb3ca9a085bdfce9692a8030f21c3dd866adfdb968ee122e17b53b98d50de346f7ba31e3843846199ad6cb72c3b1f07f66c3a7acc0daf9bb08b5acd52803b74ea183ce523232ea3aa9059920af27436d8ead980cca
32 235 10 10 44 8176 :2200371d00ae904e556bea39b274e1a1cbe5c80902fa09472aa0c9e98a35b5f94674f823bb3dbb57b81d4e688ead460dab692ae0e543fae63b814e0f57c4a6412adbc80b615b4ce67a5b2b281d8f7690ca8daa6e81df6ae89a75bdb2e8cf00ce3dba384a644dfd045490cc32bedb8a6ebac4d0172e17da170294041c99e6db782cff9931a06cbdaa97644815249106349efb8a2c1676da76ce5577ef98fa93537a58096779c6cdf418c4b0cb3338727254106bbe1c497d3053ebdcc1fcf34ec7835c89d8554ccee87c0d5c12579010a683747097ee6706319daaab73899ef774c62cd439dff0e0e0a986e9
32 236 10 10 46 8176 :d977fb6a4f6eec240d2958afb64685171300b6f48dcda8232bab24156f5f536bef31b857f1df82b7b4ef5a56e5a611dc977050c5b67dbb1858c846321a4227d5d21e2456a370b020fcea1d3c009d108e7375f106aba11c4e1eb65e2f9671516ea98bd4f26fdcc01b7f000874390b68146a7ea323ad9b12670ab504e86ecc948f259afc6a172358bf307b181032c88662f8b9984cd64dd4397bd623aa4e96df89f41367c0562637774a23922ab1d221669c362e4535e82de59c97e4d83abc1fe52bb7b92462074641d700f0bacccc046321e69e9c3e497e78528e84658fd91429b86c56f0daea96e1fcaa79d2
32 237 10 10 45 8180 :8c5dc10e647ca9801b830810bc402023dbf60a285a240845a63760b2ac1402be79e8a83fd66c5855a91516b8b7611de3a9ffe9f788ccde3c0505a1eb64e70c47c2adf6e452f6187abd1d7b43e7abfd47fbece9ceb7b5447ff78bae4b07ddea5b9ea622e375b34fd0595b4a0447a6fae8fd12cbd233c09ca735b8db0fc789244a62bf7a8a4ca6b0f6ffae21cd282ec830f6681a474d1c9ce5ea076712b6b6217cb511572d5df67a6a64b448ee8ca6ae5d6d20f2fa53319d85e67408e1864693a61a5c0c3dfcbb5c95644dcbce13d6fdafd8b3ab869efe2e12e5f843c23630b2a00a4d4cb8882e69701d856d0edb
32 238 10 10 44 8176 :c88d5f9b1703f4e153fceb2e6ae7b9f9d8013c2fd26358b3809c469e89693a31712748363775c27390e16021dc618a3adbb8e7a3fe6d3d4ed0d65fed7a3fc836bfcb3116c0a0b532e5f7ea82c6db19fdf0df96adecd4031d1a28d56419ccc69bb774bfd3981c5980c9b00817791854f48cacdde87192601a4e7b6c67960ac96644ff6dbf6a32b001ed647b34b5bd1dfe9f21f19750e94e6dc473ccc26d71ad21b89c878c9c07c3c2df45e63ac006f34c39f1b54faaed532de99bd29c7368c6311198a5a60e879f1d72c1292705d991e5f8e381c6333c113d05ec92368ed6e7cc2bc4751daa13185a42949339b225
32 239 10 10 46 8180 :3415707eb3875ccd7fe73b78f183397ff85b738fec132a141356f418e27a112ac0aec999d46f097411f273a869f431c9febe403534af9bbebab05d9f9978c29341aa482213fa8f7813a4192b6872f28323d15e6f274a554af5a702254aba7179eb8d602b048504dbadee1802ca1da6af05e3c1c1b38c9b771f64426119049a7b3508d8aa5eddbd31d0e848101ac407a853007c60c118ec26a29bcd721adcc8d39149832956f50bca8356d0a92ca532d0f9348ced26b3e536876db1cc409f293ecca5585b76965ac9c371b4ced26c64a17bedbb29e37fe137fbbe775437f64249969127a2e8fba8bca4f299348567d2
32 240 10 10 45 8180 :00e544a7ab8be59d85695e9468b1ee5f45917aaec9f8251954c0ff5b7a71c68fc8afcb47d59bfa1abcfae6e891cfdf5e26fc0f7834f92cbf9ac20af1900f7a4fd71dca14ad1adfcdf59c5f3cd5b62650df11abd5bb21c7e1854a22f2371dd395a7c92969cfb9d409ecc641e00f7f298f0385809083b305f56e7d522223de10544530796200e6b4f97adf49607fdf59767da725de5cae330ab47fa6001c0abb69d49ebc3f48f976caddfd934c9028bb49b2bd945ec983c0f0cc3987538b64acc83470e35e1e4afc2bb5de20cbd7989a4e46782202ff468af3aeac59f8e6d27e7450deb35ac9cdab3f4eba09649b0b2e44
32 241 10 10 44 8180 :2122cba3ef396798754c993c16f10e464659b2e22b2f6e38b544c8cf472a9f270e7575d03a82e69267e6a2f008927e4aede252b07e0218b617e4f4d4d2601a63d432b3e2809887b01339ee8b7d87ca25e6a895b9dc76779d93ac8a267f263571b213064f494977aeaec341d49057881285b80d7d6e3461fbbf1cb2e7ba73994e71a915148bbb84de180516ac4dc11874bb251f9b279535c43e2934a40af241e52b0363877190c92cce7f8e3a3a192d1292592ff1dbb9ec6995ee36a0ff54884d049ebbfa653485e0d20808807556dbe8f2ce2a4d67ac7f17296f91981b3f4a47d793250a22f0a15ad4315e5e337a8474e2
32 242 10 10 46 8180 :2c698b786b9da0c12991a4c1bf20fc65b5496f0073e3d63b24dd1f4341c8161373ce15c5fc228286c25eb8e51ee3d622d56e70b5b259b5eb3369c8c85aea90a20a4066fc4128ba606a13c664c9e6539f454f74f625d6ca92fa6dacf35a389527b9c333eb9cb75da9e97377d15d8da2b351808a45f8802b221dbc34ac2aa4f70840d028ae8560c9cbae5d4cbc9c0c143d148f4219e1c86b1d4a1471b05746d13d38faf123cbf0335f7c50c206724b41849a8683833ad1c550a51ca5364c807e01b53338d5558fe83e1fa977b2749598a7aed4c41fc2ef4071af5137ae050d1397dd0472444fe06e0ea7c6a4c59b465b727ffd
32 243 10 10 45 8180 :94a63583e04e9815cef1ca65f80d3fdf36bc66af8bbf99b866a735d62d8327c7cace5de3d757cf6bc73369b5aa3d9145d271cd879f288465182e1f1574fe9ad7679cef590b1203825b499cfe515abb074a07334b9cee09c030ce6fb5831f16ba179808abb458702c29b929d32eae171895d1ef68724c211faf798944aee0d8298b90985db41511a84ad60a5c1375917074328fe3f2cb640bb841fa888b835cff38467c4455b3f2cd049131a5dce60d092de0efec6f29879a086f742690105e1ca70c963220bed0e4b44d825bd897498e083fe937ad3bf8d8bde8cec66b69bc1a94965e3ff45ec926c65a3e6477a6cdf601198b
32 244 10 10 44 8180 :1a3e5923046a365ccb9feaae529fdb0d51f192a7871c5f80825f7e9b7109daae9966171724c7cff03c3f295edc6672c1f2e3332ae62da635aff1b12f8cd11bbdad421b6dacbef3b0ddb515a0dd87fd6f677149ef1653c1f4d78efeeab8bbc3edd580079628c564508fa857f2c760c02004a3733c6a7eb5cab8d6b80d820fe66b50fd61288554c09fe2f634fc38ffe27449b1db9c378634cdf642961e3403f8ecc20686d64f9d40511fb12a9804c70ae2e81bb8a2b3012ff38af9865f1f3ee7971399dd7aedd586e14718eb0d384ddda12459c0cafd7492953849f988b862c5ab2ed5428a56cc0b8395a5e4422313240b6f7631f5
32 245 10 10 46 8180 :338cfdd7de3bb686428437ebe76f5741361f4f534ad8156d1212ea2912320d2b3cb991066ad3bbe96d00da76c4be95f6aae4ff5ff1b7ef95d5e2e5fc022a156aa3c944267b6cef6163e1d10c01f94c22d4bf84fea8b94c5f5f52e90b7864d37247b6e8832cd527459337a095d283735600eedccba3e1d31a4e97674632cc5759e64e715d0ab1e8ab8ef1c9cde55e5704e5886715cdbfadfb2ff837a456517f4f4ac46efed88d0fe90b5c569aeb88264f71c3e0e45a8139e84755d25b7774798ff3d4ff7cf5b7492e675ac2c2d2804352c3ba308681e6fd70d29276e8851b70cf2ea0a33777a9fb6a7ba86d6232f7e7908cb15f14b1
32 246 10 10 47 8176 :cdd8c96472399fd72c2044a81c190691bc454ff12c55ea660c1657897aa6e16dddd6436ec886aad1b4df82c25aa63ec015930c4e4876ed273e2bb4a5d6ef00101e291c69b6c7e05b40ed9eca0ccc2c960ad93df6de87506dc85a1d893b2ded0a2b74daf71b856e92fa4a1de78a0f38d3300c8eef29df26581da2a3dcd2ba7787ca9fd897b45b64d2c6d71ab18fd43573088d6b8e1b2e227294aba5225813f9a3f09a23a09a260c606864a1fc465904450075286c34fbc9d47cf38b395a5f9ff1552ff3bff94c54ed74c6475d18ce6a7fc5c325c389aa17449e710b113b602e0e2170b2a4d52571962d75391917cb22b7762dc376404b
32 247 10 10 45 8176 :64763aac2dedcb9d68dff3ebbb444e573d74b9496079578a037a8ba13072f0c41bc1890b754ba75ac9353fcad0ccce7342527ff7701179e9da41c8f181c65b33bca6c6d08750b5d6a4f97301d55e73005575657234fbdbd2f4d6dcb5b4674436867ec9dfd390fd459c35b3c5db9c6f94dd98f2b4deaa805084fa526a28cdfa209a93e186106d7c5c898fafbc23980c04de9511c01b885a2c954953518a79563356343783f8de5c7f41795bdab067d12ef90bc7d9a4450ea597fde85f709b488b7993cf93ec0cde22462c08ec68895608fecb667e4f0e8834773e26385a9dec96a7997d8aaa0cc729bbe5d75db75d298bea4a35287d4343
32 248 10 10 44 8176 :3742b3f1ecdc72b6631e10be2b5b81c9aae91d3791aa6fbbdd7ab49063853af4d77ead783df237a13062718d182f02c281712552b5607f978011603b4a2674336b3985305387d2f49e21805b0a555128d579a83160e626a8c11aceb5d0e2a44cf48201b785c2b1bdcb5cde107914e19b992e50d8b04893328eeede60cc7c659b88606db3bff46d998cda832feb93299b853f3ce265678c6091e7dbfa14ecb0505aeb029c0a369a0930316a184e8ed4da1b55e882c881662fdd78a972ce4b4451a6bb009d9cffbb70a6f9a8f65e630f1619d470cd1eb5325123d89b53878d96a5deeac2cddaafca4e944340b3e774ed5a34749b99af370f51
32 249 10 10 46 8180 :eb8371baaf486602c3802e06fdbf86748089f98c8dc953f873b8da32af073858d7f9e1dd4da4faf42180370a458d78a10fa27c25baf52b844484fc1dac373da563ff3c24eeb483a513207422e0aebec2e57e02a757e947eacbdd556fa38af3ffbe3fe8cbf705943c23d071a2262f677b8666eacee2234abafe50c389f7cb91d23a20df78b0fccbd53725801ae5d0d848c5161cb9e889b0ea064de82fd4a4f8c874a7f88734b591426051144e3c981784b977397b538f593a1685a0fca89c4e4e76b9f1a6e4370f851c6ecdc4b51e917cd48aeb8936deb654aa41b5b69eb1336fcaa8cec1aed1bc32c93fe1e5120c3a97904ec07830c2df3aa6
32 250 10 10 44 8176 :e64e6cceaae29e507e75d59aeaa97cef8460ce19b2c11e163d35800123bc12af8b77ba3cc43231c10bbcc355cea2d8c9d5279987e238b71f370271aaf90e392188ecaf9c4bb44b0fc82136e0b66c48f76c64d9dddf16cc7c76992d6a1ce12877dadedfee02be810fc1b1ef87542c209ebabd8e1c454555e9a4d8fc903d4e9db657c1958096baca1efbb4483fd280d19f3ede9705f6dd7d65a5a79f0671cd73b9c63868f7e660ff00cefa27662f31e63abc5f55af2ca4d69ced27bf729646d96c6ff49fa3f6414a31ba21cbeb4cad969189d77dfd547775e826ec742867aa1b15ba07906496dda433ba65256c43cb39258436297b768c99961a93
32 251 10 10 44 8180 :9e7e5114bb10758a3dc5d50d03627b69c4a1a48f1404dda666c51d1fa1ac8cf82ea4d28f346b10653bb07b17a6cfd9289237d814b9818a02a382d66ac44c31529b43d666051b4469f1fa78d2b24d54cbd59bd4902409fc85d7e88d9b4a067643edc1adf925a14e8e53d65835fa07fa54983f828c01ee879804a06d4e8e1644081214ff63b87fa8fcc579afda699b35f8ead33348a7244b410db4e355e282d0c0929db10b25c72ac97088d656e891b0aa897287dc83af096092a98d2cb0e5a9acea4a2760e9901402e6b6e43d729339dcb2af4759c22f66b0ce2b6121d681a3ef9d4bd8cfb70afaf7e05920252374963efafe2ec2c795d7afcd59e2
32 252 10 10 46 8176 :53653762329af0142eb8014d271a51fb235516486712585b396055c3c590dec58b699568f43aec3125ea578d3b966c098265f78819770217b8a2c934277d8029a7717b397524cc5027c20ba47d80650de13a2d6386a3af6ba089279f4b3e2ea7f240b0ec1bfe8aeb9a7292b138909090d51d0b252e4050c874a960e3c79521bc691be2bf16bf1724271012debd68e563ee19acbcc3983996c6b21c10f858c6c925eaa54677d54a228a0ed8b8b0d7090ca39e979f2d537fd1698a703634f0919e1c419a517dcf6a588e2bb8794a0c034447225aa1f929c90928c159be60ae4bbe219e368138e03eadaa9099679313d2c4b431cb29cf4f955f5df49bc9
32 253 10 10 45 8180 :335cffe575f869e617cd5bb58d6926f8a5f14a0518a61b348e060239aea68ef8b81855944b240c76b670ff43395b4b410a25daaad85e1f9f32b68ae2d4d67effddbb76b7a9f35669b9e2f83c4a8c573caabe755488ba484eca54461b06723f8ae312245f33db18472fb94e3bb3456ef7f1b8ff779d417412b788b05ee78c21576cc19f892e2f88831f9583db0885da4b704bd274331b0344bbb7d661b327e835aa563aec510d1233bfd06c8fa4a952371d2b3762d1b5d1e6d8ac5f77b6eb4b04377c28ebbed18030966e5b70f4c8c5e3f48387dfbb7a9e7ac96969ea8c8cb4e7c65b65c17de983c83ce6e300a72dc85effacb7dd9b5f739d4a9a2507d3
32 254 10 10 44 8180 :745fd96514a2bd3d123c37545dda86b28b52cd3becd62ce0778e0b59af24d01fc205cd2d3033fecc0ceb049fa19126dda1c02e638a88525b7dbe19848bc068446c4c5633eb15b6540523cc7af6b5716cb184b9a8d165971bb0b6385d87b736adfd620e46bad535e28b8688b424f3c701270a01c077ae88436cce9871f9984fae9d1c9f6bb78e1c15f5e22c9a0b7b14a4a99e2ae03b76da19070ecd30373f853e8e6895cfaf1b21819a98ed8bce8420ef34ede2b92cf95b74c2c035a6547a34cf5ce148a0c85753dc680ebede45673c5c329c7bf374d5f6506953c460a14ac6bb3f368d5dc30bf89980b6a1f7d41d7d849895e221376ea5d4a418074afab9
32 255 10 10 48 8180 :9552b802b102349d41b2ec034749589ace50ca2326484796370dc6784d6e7a8f836662341ee303c6c876e5a7844649ec26bff6bf9d4f19fd4e6c1c48e07ea207c1269fc3f31a4cacc089d898c9008504ad0be33a9fd1b73b6779ea34cf7f62d6c130d6cf96956c8e3222ae091abe40e4adfd18991d65b283b13004749cb5eff2988ab38002ada23837e36af4932c6e80ebf5044ee2eba7735e0e7b00beece8843546b84152bc3e50637b35cc68b7541ea567a53f3efe34bacba8c82152fb11e754796fd8884a449e06992955964d8dfef0ef8f55cb5c97ec85b80efc2e7b323ec60593c520b4bda2bbc059079a42945af91e32dab80d59c12ce0253bfb8733
32 256 10 10 46 8180 :2f10f9433147b8ed267192fd5144f8e3eb3b1d6b357d4e8e5d72ec02e4d8f9de4efb7d1c06dfdb645de52790c6185941585591547ee0ba3418224aeed1bbbf18da3822cffe8c4140391f88cfee475e5a5fdb05c6a6f5bd6ad83f6000883091333c2231fab06d1f9790e9f90cca46269b87419a3727fd087091d4aa73fa4940743ef4a75026b3dc8cd3d57065099e9c84aaa64714a103550a67a76c94c51b97f523ba3d82c292a0a203f7b3521a07f1ff4f6f3bb9ae7b49f95a20073333f31ec5bd2f4a9f6dd12382f7fb1c05979ecf77b6ce054238bd1a001a4d25bba8a828ddd213cb4c3a614bf711b286758df5dafd12a02153957b23404041c6b2262a7388
32 257 10 10 46 8176 :7a42d4e58b748370ec75364eacd7397d9a8698ea162e05a39ba67ed2c0c7e307eb2bc5945dd03231686952d63271f0f78aa419ecd12032645c7638608771655b42596122e56a769caf96288d5f35e9a3cd72572fe4aaffbbecdd6a0132126411e26ad9b76a5210c070969a61873b927af48749f40906eb1db2f7cf2737e5084736ba4349abab4409f38b67dbe4f8ee0b0821ae3db8138c1765ba75259c0bfceea6d2b29a8350e09e32e52edfbc0370077ecabbd52f64a20897d3b98ac8338cac939bcdfcc19efe7f5cd9e53ebab92dba79cec89007fa0e62d7535a7e59e9dc00f52f2d2969966162859e0adc4b3d2bfb4e164b2bc5eed5201c4047fa61bc3c4dab
32 258 10 10 44 8180 :a8fd8d51814478907fa8ae7daadec080daa564c9e1ce0ae790dd5a502ba77d753ab38512bd5357e8fdf9d164d223887d3cb3fd07c9e0898dfe65f6e84d75a6aaa98704e16a46df5644ce1a5c8876466eb0daef0b23d1c9267f947e88d2dbc6c472b3814832979e3de52fa757f7b477588368b9bf058383852a1479942c397267f04300a925d392f576089ff65a7789adfcff498e3c4fc2be0610b5b358fdc6a21f53f674e981e8ac0006e76697eadb90dc5eafca43714492922303ef6043a33bb63a28aa9e44998d84222dc7d2a2e03f2193702184b8b8fdd6a1624f224c52e3f991a98f90186b906051cc475eb4c35700accad57d1821b51643d6c0b9719fed2885
32 259 10 10 47 8176 :92e23136ba67c9c06b77acd15fb59a35bc6199736ddaa5cc3519ceea5688368f52e0fba4a817c70c9dff3ca5b3601d05af970b12a444e31450f974d8d05afe42667811e5b89695bc39cc94a7c84f80e1c05677c6c03324c2da537cfb3e8c1ea81185cee5fcf2e2cc9f2849db6b6e75dd250760808663551f8aab36261c7e843a7895c068a4ecc44c51bfa6f9cc36feef1bae5640a0262b802095a5270e4bab379c5474276e03e64f3535c07c7d473f96379c3821b6ca8ec4afd372847fed7e907f91ac1f23f1a5ee3d52750cad0ccfa2bf9584494446d740a1edead08fc97fdafee4b0978229a431f596623292d2d24f1873413dafe71177956382cf246146a97139f1
32 260 10 10 44 8176 :37f8a396145dfbdb60f2dba71ccada9b950eae011a8c3234806e0b036cbc77721b8be9d214e0d2e99feaeb415207a491e8947d14afdcb2c4fded196239eb1964d0f7b4396765492922489ad54f4edf94706528de79a6bd4d2a11fcd92d11862fe3c25387ba67d83e967d0347b8cd69175684cc1b34415b146b558833da1e03c56ec8fa83f4ae3f0152e4dff44f8c927444b0e0a1e95d82acab9a511bcbb70d2bbcad9491255568a9846feda8e6dcebf026558147d486702c4b063f21fb46e0e210e4a4ca509a227d3abf6a15bbc2d0c60083ffb6117179eb6929840c42690a141e20759f057a254f414ad0de71f4606d83e3aaac4636d14ad58e57844a470a6eafcab17b
32 261 10 10 46 8180 :83090c04978659cd73987e55f573a3e6bddfd828329591fc0ae68a239660c656816f9a8c87374e7dc432edaa6661f355b54d102c67ae0de936b3e7e68f6d6093aa7ab688795170cd941eb296bb7a887b9f46c92d360752561fc3df234f7a71ddc87f75c2fe9f30d627483cf120823e604b14179363dc197a117c40e05aa10018ac02788362adab5e602fe57a484e41b1bf6c934349302b3b2767199e9beb1b858fc3a187e243d7393a5b3b193b24ec6d0dd53362f481ea4f68520946642dbfc0221a2eb15acbbfb84254e84008be42e5d93ef9a096bb11cfd930fa0e08fe78e5ab3b68ecd28a62791e0426dc8de6639b88746452178928c9fc095a3b93970b882a44058ff9
32 262 10 10 45 8180 :97be3883686fe123a4a75860e1c91f5b0d60056bc2721fb33628a0d7c74ac465f2cb0852836349216a6c90ca58e85e1ed04a5875e0e83f5d0441f875ccff7004f9828f08d3ee958f62474e254bd1619f351f5669a16a4e560aca0b6a8adfc47197d0b2e4805572e00aa4a6f9011dbac31e0309d74e3967a3a2dc78ff61cbc3f5ef27d2021bd7ebaa8e981f32ea39fdf1c38594c39c69094ff7e9ab329aa10cc82f9b472a4967eca8a3f8b4754d6c7feead3e2aa855287ef73a2750a90af1a568ac11f0c90bd36f17c89e4ce57e4a7aad9249d3a5915b288374bee9af7de2c98a287148497b6195613588f8355efe60195a4488225941952454bf11ae5af1d1b6f4f873aa9fc3
32 263 10 10 44 8176 :cd4f7c53f1a879d0c9d9fa063848d936ec302f0fb4cddfe456a23aa2d52daf1f3ca4b7ea122f7d3aba6bca1e4e2744b85bbaed7e786b5f8cdc40876a80e3cfebc41e3351807bd8daf4b425c1213f7e2010fbc580d0c07e5aa095f9c6aba062c6ffcc6a5b983563abbc75b60c6a307991447c959cfa7d6a9094365d8e62c7c7dc2e1b3ebc7f2cde77a77592f4123d687b9716495d9b1cea3e4d0161c27701b4ea9f2276c3f2554a835815cdd1264f17eb8d3d6f05830745592af1db04b2317315a18a1223ebc65cf9523cd620bb035a346dd3fa6b523700178ec5e58ff6c2ec5ddd93120d1927edbffe9a13ad09062863847efc509240c085056946afbde654b05dcb81e3e2093f
32 264 10 10 46 8180 :3375b925f8c1f666b47d052b951c6c58280ff929088e7eb8511248d40e5fdd1a22b47316daeb137c8f887d96d784eb9e4a9f1bb2fd5923d54bddfd4776e387ae0f85d6f17145dd0d191091fc588a35f89ba0d5fb3a831a4eca4bdcb664d99883ac3487dd5929d55f585eb76d416130467b6c572dec324527aef6388f4e65439d3552c45205a1edf3e62740f6a402dbc35762e68020f5179c76526f45458674871019504b8f1aa294d9910b93c72d4d0f95a299287ba463a116c5f35baddeb4ba772a5b16e1d713796e03934c29f6d41b6d694673c990fee678a6d9c716d186c25c0fa040346895f1f5db8f190be88c9b61b9de0e30f4468199f7284a3b2d4a407ac06898ef8e2a4b
32 265 10 10 44 8180 :94349e207906df3f668a490f84eae5bf8ce3a645e681efaee30c1428f6af7ff8512fb6ee6606afef4e21c3385a9cedf18a38cae5154b0afba75ca86689f418a1ba68170290ed6559399048b84f334c3e56d7e77db09a241bedafb8f7c97dfeb11676031c991d7fda879bac9cf4f37db4599e0d1be59824dad1a2830894c867b87d380d193c6e08438c938ece0823968a3c5bd8185d2e8b78f0621f17f2e66d9088b825e3fedf8caf9cafa923ca3eaddfabdc411ef1d4be50351692771dc39f98c1dc17b736bba53ebfcdf130d15e261be6b59fe8648828c156f3b1b8e9a0db66e59c0eebda404eaa4460cdc43a561acad5b8d5bf225bf8c57c4ce5eb899f7f3405e6a379813968b968
32 266 10 10 44 8180 :ecfea25ce5800f702785d508f33271e1ab91cd8397ac73c8dc3552767ddbd7b4738ab4e6ffda3472450b834fc8e1882a41c7d941d619db975c1e23e7021e6aea319fcce11f4722a33ed696f4f5b5121bccd00fa0f6fd24fbf6ea213eec8decde8add4473da880b4544b8a3efe2be5373d9c9df8660bb7b469f02ac7f558a3b45a508f87e0398708548b7462bd73fc16465aca2912236ca6c55f3f39ce38c514e286f3953c5be82c3dafd51611f537d790b30f1e2901d86875fd21c318bf00d944bbcc61740a2ff9add719a4e74e008d550cb6c9e0f059e45b9dac902094b2295c44283dc26207c80c38489ddc3f2623a7f688336300c603c18d43f454af168ea0949f07166d321982a18
32 267 10 10 46 8180 :84f00d09d945205152e91dfcad46c249574e717569f7eb2d43d372c72679f58ef20ad7c9e7b745af6d271bfc60965ab1ee7a26af7d695170c67956afab6334a435aa746672a6f314a3306e5b974a7f7f8ede76d52a878c3de4facb5f194a0f3aa2face402fa929799890171afc1f03191f437e46ed2e3066c36e62cf43a3883bc573144cbb7288b3c42e9f488f12205b3bbe1af7deec78a150652895a083513e7707695dea0b3de5f825f910e27ec7629b265324eabcdb64aabdcb7a7e49ba43861049a65f81d523368d3b3fe9714a87d818f0c39fd534e438b17b7af754a5a2eaff4e6a239011bd349a476d7756d5cf5f8bf4a4d73492158acaf4d53a97e146e3b4d65cbc8fbd10c7ee85
32 268 10 10 44 8180 :21ccf698b87e559fb3edad6bbcd8fe5b3e481dcc719a86adaa409bb978d687941d4cbdeef11c7c3e15678424ef70a40e7190f663eac301363caefb3b5960cdd89a78033dbb8197e5f80a8709ab7954c03aa3dcdd9d17e83c2efa10046de4a700783c842f4382f7d8857205f24b221c110946b961c8843a00ca4fe40a72fb1f9da673d3faa48b03bfb13ea13f9fd57341f5529f2f637f6e27f5f810a8ddb4cd31e397d916054ea441c147238552edc35565b26959d8dce00403283ab4e7278eeccce302a5a2e6ca6b726b6d9867ac0164dccdb47a5bb88ebba327a725851566a174a7b969ed805a401daecac891100ffa62c03b4fbb661c46eefcfb7111532e899f9580f34f3243fa96b3fe79
32 269 10 10 47 8176 :15e6c43dad6fcb2c2529c426adb66c6141a2d352f4f333d4dc57a4aa97eabfde957a022f2cbefc51649aab489114b65293993b4e349a5895d8e12f8a0905cd62d87656ce7961aaaf7916315c0cf32d67e79006ab1b2c303d4875662a58ed48bdcf1369d33f153897916e20597427ce85777298ce99994a1450996fb57a509a8d608b3c67975ac75b976e85a4906fdbabcc1d6e5b0b7179d2e00e766f96ebe7e1455dd8a07711a6be57a2ed1f384a36128a1585d8c6c613f86351ae46052fd1a9fac8beeffa66c7ebba2b01a8d4a8d61818217b094c80a963b717e480a992fd18e90e33685d9c8bc47c0a906d705d1039722efb01f0089a2f1ac190d237831138cbf8d4b78a98592584cf0ef92a
32 270 10 10 44 8180 :b7afc9798ed44051102dcfbb626e4475d012f429bb3b7bcc8c13ed9cf4255d5c57dcd172fcebcb1b3681e6353928c2f5d47f67cdcaa29c8c5810ea60a1aa2cd5e9a42a0462026443a3450a2dd2dca982e5653b8231800d08ecfb102dc195b509e4326cde4973ef2bfe0fae5e1171d9f7d8da31f25ee84d2a447a9c6badb29b5b7028747d69ff73b8d9052922b0536e95478364dc56039d801f2cac7cabd5617b7f09b833dc2626013bd5d82d4521831912d61fd97f06ac87959152cf4578bcea3e2547c9edc35fa95f5d2aa145265cde359055f02a0d25652ed0be1ec9d8ddfbb355163d0f7e9d1b542da5d4b65fc46f97ce43c36bf59ed485f2d0964066dc4314d1428c47252086f68bb4083816
32 271 10 10 46 8176 :0981100b0035d251ed9feacd84f9d67d9304f71cdca39fb8ccacb25f03763d693f2536dbbc0d039a5618a5c2d2f3d5fd250cd24bb0d07ad2d274dfc40fc9ef5d09e985842bb7f125a7c3fe89b79d1a041341179be7ca6baed20d73afb30b3f69e1240df1ac4c9259288b5a074634beab1da3437131c7f71a17c6f51381f88f8a20b6c11822cdf5099f1508507dc0a25c7028a2edff6440b2b8b4c0a8409237f0a576d81c1c64891045c60d88c9796e45d01239302b5070a5363ace7f926b7350206f73b1d2b19bc8013071b7cbc3d9428d506b4ae319f07e9feb6c7b27fdd48e67f0805ae7d65843101b16bf1b53352d5e39c6e0281709c02d67d231039302a75b28b0daeb64d34f5f9a48a7838828
32 272 10 10 44 8180 :2ded5560d9f328ab7301500a1652a40e3b4789239bb5f7dcd60a4d8ca1d10f430a38d8042a07890a33a6ded6fe9771f0f550424f1fa9a80bbffec32417f7e3800c7dad2ec7aa8310d30ecf976cf76a96d452cca1cd863ac6b211e516381695c12fd39295ccf85257e01117c588b3c5f92c18aab1ff83a3ea6912d5d23f678b7dbdfd91dc32bff379f301bb802d59c7767b6b0f436f151470a29c3693e15109fb8c54954f24d0c54b7413fe11e5531541b5d9e0aec0ba09d3f0ae152e1adb725426ec40fe5841dc857cff4240e5e308aad7795ac8c827141172f2d05ec982a8a3adcc13a9bb242a16603e1c05f7840ae609cf3f1a8da026968c23de24392a211b060eb49a449b09ff2f2e7600571752f9
32 273 10 10 46 8176 :503743bd70794f6960b267a026dbfde3e2e2c4598084fb5490ce4bdc2b7a8f6761c7e1572a6198cadec7a75a50262d13aca45f0dc14f057a51453d968b96dfaaac2bbb33fdd2b2224e7cdf9ed2d5aaef9b74646c8abb1e148cd081db80edbfd97a6789a200f425e2a2e945b1bd52307b4603c915092c652a38120a41f3b398d7ccb423d2188857a67f752485876f6133edd59c370e25f149cded595c442569c2972c25b1d1fd1a1af36cb3f93f3de789681424047b32a0cd349e33ff2d1f33637a119ceac745cc738bbd3306102421e75f466e22536307506fe1fbb644d515a1212e2c36a6088d0ccd0e13549110a27868edc83e0761211ad21bf800d3b0254eca81691667a792b6ea4eb8a134e602aca3
32 274 10 10 46 8180 :5c223ccdc3776353a48971d61e40b95f6c3c3634a238fc2fcbea8bd2bb62bdd5569acb42f00b188d871b36d10d26badc9f6798a0900a70ebff820f78d1be751a8adaff10f686608c813c4ab2acd97d82a9a170aa5c021ab4f400477e5ded1c51246ad5ede9d61c4cb90112987138cf9abf669fcac0bcaa4edae68911f8b83bce0bab78477014504bc21622e812a81423113e7bac0b5e57fd55d09bad5522ac58cd14d308411ed3c7d3f610fc30e7b32db724320dd4f8ff06b0064a8411723467fb033f837cc8bba9dbacda26d3d52ecf863857e58f7e4ec9349e2ee1f1fe15e275c90264e60349d0ae138a8c3a307c0d7878c7cd88b846d1b11eafa22564ca1cba880f82072c9af6ea6098a3a46c3dec58bc
32 275 10 10 46 8180 :463c906834035d6ba17a29f3b8631ccfce344afa42a14ff26aad9ec4d5d25a42771996619fa340053e3cd8b795d7dca0e66699db254a1c54a927b63117f6cc2d394c1e8ab0f910ce915e258fef27486d725bbc4740eb2257a91c509543dbb500e4bf60f68a4f168761110006a68d7f36529b69c9c52739e1eb935094a37c028d6f57a9fc6238db7bb3f3239054ee49f0ebea239b7a14988767a93a36127260a8607970a66ddb5f55acc06ded8c0040564d02326137364b4fa71a55f530ad61cbd10969259f6e2edc0b1c2a0eafe6ac99c5d214218d80fd7a274c0f2d1509558524257e323a50851fda9a63fd53c0c985baacb07c9aa754ea73a8efa212003902534ccc5008e46f15b09a9d3d454393ec3b968b
32 276 10 10 44 8180 :b2fefdee8a74257fa6adee388ec2a6f2354210f455dab38cf75c253853675e06a612c400fce1b0cb712b9c419f17fce867c26ec4d4621cc1cd8ada033781ec0b708e6bf1078ae1277bf635e3c6a9abd38a4c5dec4d126ba46ad4e507bc817ee6669a4f2455375ea38c5a000efedb72d4892428d52629a8327259be97d129f028c773290ff49a38c658fd47c1437fae0c507d8b0eb205d39e122a17fa0c321c722654419fdfe5f969bca0ff7f4e32d9e975ca9d797749692d81cd4040b178c0eea2424949e906c28aa76bb81fa44bd37ae3d55282609a4ff5bd6476b129f3505d30eb6e20d4d15e707f820bbc21926df0394b48c9879588026e680094022eabae1d38baa70d06f3040b37d9d4268629a089be5e7a
32 277 10 10 46 8176 :d7590c1c76592c3816df814c4c6e28ae996a06aa2bcd76be26857194a605a9733ea4de2ebd7c3ebc20d2b027b952d578529ec64c16722e516d6542c7fb2d1aee531849497daf3aad5aeb18819f7fc346da0d2616ee5cc4eb8ba9acf29fd1611bfea3cf0d702c741108216e04f4db6df81e64c568e71294668f0c7d8bf55977bb632b91d7692c2f45d8a440f805db3d5df618bd0dc699d15b0079529583e884ee72544ebc84a23d404794b33855b62422df66abf8a0455a321e6d2042266b03247ffa505d9d7581031f139b46f39fe85c8cd70911ddeccf9c7e43c092bbad9b481dfe7663219446e0bbfef26fc5339d66d73655f753b7746ee86c1fe7cbf18b16cc6963ba3074df352326aa8a9a2269ee376d879e3d
32 278 10 10 45 8180 :757fc969b71fb48016d714a27ca16b9e303b33901d7ef5079c4635c40de393088d522e1cd833b6b37ef416a6d9390a1cb200c820fe7c7f8bbd9c7bdd64a54cd8a33f4bb4be2484f153a0c8bf3a06dc7dc05cd7d062998accbc3d7b5a02935e2cddcae820b8cc0958e1b7499ced7e93cfaa4db345f44262964b5f8c7ad441412763c2220af939d037cea7f24d4fd6a35e1c52155a646bcc1e6f58bae1d276c148b0ca7d2cbebce07c1147a6894d04032ade87caf61f230d7bd5296a322675f76a844f96c32c98470bf6802886fb7fd4405b5eccfeadfcd2a5d40cf596b7a9f1a0b332ec191155dfe45da4aded67f9447b4a75cad43ddd9959c5e48d271508ae49558de34341de68cb09bba2d09b471ae420e741daa756
32 279 10 10 46 8180 :ab5861160da3d4cd07fd04fbfcb0232cf4b87ea23164c3664b3d2bad5f0e6115eb333f07e953c782c30fbd878d95f4e72ed5a4e2a5554ffbf54691eb5acb234d11ab7dbaf0faada6dd45197b5a6aa02b837e0c81ef3fc4a145f4e2f57e65055cf2906f662ad5f6f9abe703031ae47816d247a407cdcb176d55ca7eda9882d7be011f333ef17f44c190860e6395331c6e7ea1239ba420624660606586af926f14b053fba1a876eb2bd845947cdd8109a4c1feebe617f01fcf69ff8d1997675c54ff7db15cdc585ef4559e370d3ccf104c142910430684df43fa9f56dcfe512edf0189ec61a1a300d6d7bac3d64cadd161b1625928b278145756d342e507efd5ea20000560db5cca85eb74bb13a0d05045ffe7aae2f8bdcd
32 280 10 10 45 8180 :844d2001c70e369833ceac5bebaf77236321a672f3bd9360b193c93154ac00b918a88c67537871cebceec110c8c30e5bc1c54833c12c720dabd96d75237ad597b394d7e5b850abe18a8f4d5ef35bdaeea83d09ed6424a7395c5935bb656396f4898b4b11433795746d330fedc4c3138f01d0dbe1d60c767b214c262d16486ceb373fe2aa9ad6f1cf52f59a8801599e2dfe41f81e5c181c08912837b068e26c2b37d0640428ca775e05fef57851b669d994ff72d76d912fca17d6aeeaec87ed7499abb9479ccce8d8480a22d95ffbb0810717a95837d40c50c9dc2badf202e8b4ece9038c96f0c0aa4049ab14bcff958bfbc1bb1cbcc6d7345f8f96107fb3ef705b24c40309a5014d84e0c699f26590f70eacb45234132bd7
32 281 10 10 46 8180 :6a4a55fedbb83a3eaf71d7f63d8b33443264be02a439808ef333b29b5e8e8e14fe9c8ce8cb3d25aad949b290ab10c5193c54c42890e3bbd58d34215b5a232378dec067b47868a922c8104fbefb1699b21d1f4b55ea4171acffa586725ccf2b8d5bc0c78d0484136c10a2973ee5f05bc48d06643e16ef12e03f585e780fc91f214de7f891ab159f9ccb25d7c05458fffdfc24ed3221f167a459878ca4a2972183abf6e8f2a936bcdb042a43f099b924d637830e276cf0a762e30d0eb8b4a14e9d7f712bbadbbe9c9ad0a109963a70376623872d07ee799ac2c9c05ed06f201a4272fc7b3dd6ad9aacab468f35e1179f62bcd2de012ead15b911ca1c396c2b1714bb05ecf3dcec9c5b038e2a4a3046deb07c684120e7000a65e4
32 282 10 10 44 8180 :efc34bd514b8c8d38d766800f816920406552d573bbc5985f9c0bd414c25ad8fe526f5ac7d808ad724a0938dfa037729d7101df54277c98c19acb4f76d443a4deb934d59d5ead328a8581659f43fa88308a11ba4a42bf86ce0e7f3dffdbea305a207bbe7266244667221279b1ac758da2fd3f783eb88ad80d7913f5a74368a0d662f4bbb586df42cbcdc33d05a70e9e42057968e324801d2172d81814ef8ad64a2a97573aa889fb06ad0a00db2bd0c62c151c4c4a9ba5aa6b4643466d7f63c3ff00b85cc047f813e46bb0999499e6c8d59ff1cfcf8de27aa0caeae7ac4294f7fc9b14838d6e53c78496ef575b6caea79766e3434dc31ad2b6c273ad5fb2de75ba4cfa9af657afe43afd9338c87d457e65ee3051e4dd23fae468a
32 283 10 10 44 8180 :a0f430b9c2b5dfdbe12bb02f4cc90064fac2abbef01bd6f3587a3565ccdcdd8c49ce2d74552ce16821a6a1cfcb0aba26a65266eb4578a95e4329c85176017a639c351b29da740c750b47f1a129a5be5d5370c94dbcd058f2908ae65f7962bf879d52a35b6d7323c44b216eda5c6883b5b72986fccc9d7f5993185cafbdee87d56a413bfbf527b874dc98ba8572fd89c9227164fef169bf28e2a2cf05d1bc00118cac98a7698cd9d11d4811c8f8a4dceed706513200d12daa5895a3c2a0a52b25b7fc396113c2574cfc47bae694a17f3b936274c3a006a989618d2573b6819930f909bcba549d65fa59d0eb94732723c3fcdaafad458a3b7f4e2897a542f9fbfac7aaa34d83798614196fd90812ee08b372bc9953140f382569f269
32 284 10 10 46 8180 :c8b15673a33566e76c866a7b835b89d0126ddd1f47413009d73f6ac5457d440afb3ede98a9f49811072b39f18edd2fa6c38577c5639bd54b97d54f7566cdaf77d909a1f70f7170f452fb1b30583a02abd056c336fe6875b99854d21b985d5e485f436db4745a5ee7185fe6603a0128a782c30dbcd7825cf4c872bca9c646702c0faa78e6610e598defbf6865f4127de416af7c649204342eee47dd36bcdb1f207c482b351451d27becdc59d1f3abbed41fdd4dba9c65fdb0b209cea5b7fb4d13ef6547d8d97036c6d77af4ea46a090f28468abacc66e21f5cc3feee8ee49c7b899b50f6d9b8323148b51b913c8593f85ae70d0468f17e77bd96efd0f89b2cc1869eec2e9640d483665e8b23bce04502a3a284ed257ef4d33b9360fca
32 285 10 10 47 8176 :af8d5da7625c52eed4398caf4d0a8aa61a1d0a88e443bf91cba986601051bc6f2c6252136831c80c724b2ab459140f9070329dbdbe8b409451d6c012c32b3e6a8da66eceae90328e8bedd2c04e48ac4bd43bf5248b25b63287eb53bb2b166182009f54db8e9dab7fb578060f498a5fa3f79ddd080afd5d62a3bfad1203448b8389e2385cbab74f328ebc495c1bf59f704b34e3a5a2125f6ed2a27381b455b7ffc4b56fbd0f40d042eba4954b01ec96a68ea05c0ffe8ec414521bf6cd2610e45e048fccd3c4c54a1ab2150d8d24aa3349daae39fdf33c7af00d1deda16476eec8220a38152253e2aeee9cf1119eeaa338506e44ff13b4531f7f3f2dbc34b254ca11be075e61580f4435afdfa53f108f79abeac0102ba809eb799c7f9c69
32 286 10 10 45 8176 :94671f40cd7cfcd15bc0d2cb1fcbc4b3d87f4043d3404e48c3115cec7b5cd3fe35b5aa670a0f2ce4c70082d05a7938f51379a423ec76531d2fce1cd495492a99121f9eb6ef79a9c9265d2650322ef7b6f69baaa14d2966efdf276dc641ef4fe909e52c5538e075b89bc716761430771607c0f7919f2c3d8c680591a0e8642e39661de8d92971d7e2c6e537a27fc359450fb3dc3b5b9a9b9560d6fc8fb276c8047cab8a937be2ee4bcfabdef763fb9570da6da3a88955450e9c5a49fb4427bfdadf310ee9981cd099210b3757238922145e5c21d0bab6872e5f26d96be57860b9a4fa400003541b7be955824ea5e6246a5fdec6932db191fbd9055dc078a5164ceb9166f49bc33a5f91e53c651875cbb6f63a99f43ede73c681345b124d4e
32 287 10 10 46 8180 :7141201fada4fe1f6785a76772c64a900a13e0afcae7525c7402613d285298b2f315a68319a917eefac32307be1b9d0c38c0cf796e7f995f11ba1b28a6d89521da7f28f04ea3283e25c331f10f639761748f82246aaa853f449d5b8044f30a843a6addf77c453bf225f8e168448e03ae282b2def1738d190eddb62a6714065dc6ebade61aae3f74813b0bc3e2161463974abd9133a08cea9572ba0e822aa1b1651943f97c911be423ec2dd6b97915e7b3957194ee89d1835b3d7ee718ed98446528ea83acf097bce2a78df6739603dbef1b6c2a558020f914994a38942d2b253212374d8cfa92c6756a97a961b17565d25d5c15c03d847de0699a439d51d86f63894c12ec08bd1cffb7273dcd6067dc7b7210be2abc7f979f4fbb59548fc17
32 288 10 10 45 8176 :c219d10b28a2ea8892cd0046635044191b4aa5888c2c2595baef715d752cd6d75009c6f7b818ae7f13a88ec5dfc5241dc396b3e16f6090b2726e1233c857233f9e08ded2b881a493237c9838d4ced3669f820f1d951236d6ce41dcd18377942c2d98beaf0424e46e3bc5169372cfc18908697eb8865497b42d3586e1195c52a346ffa60f64abfc9f857efade3a304320cf91f0b4b1324c7cb964cf7a5f30458fae597be4e4d279da0ba6941065794374d402d6c6dd4faa26ae3007d4fab9c585d87e40c319e98bc31455cc4787922cf1f13c1370d14a0fa3410d595405d47288106133c712da05d1cac5ec311930ddd6ed57f99a5a3fc6a7a79e6309f7ccebd51d04e008ab7abaa2f9e49b22a5e42e3aa8e6c0197b07c5a0281b5b1b94d7b419
32 289 10 10 46 8180 :8447e0da4993f363dd4e1c5318bf22794fcac2b055cf48fa595ef63d7526d5c0d19de09cc4dd0ad1cacd368d2c847aab4adad154291db209c860f942d641ce8545deb6ac2c9b354ba4c0c45d93367560bd1f01ebfa50fd9a4d24d4544e2e3fae7360990edf6441f1dbbd34f2303143dbcf745eded617021e678bc815676308a75dd2004067e7d5cf20e0dda4a5a40b33a4cd4db2d9c24d3f12bffef3e6c2f776260df90be3573d752af374858cecf5d5b7f57c612f0946aa6d45412e35a60b427f3aeafae45b010b19b3e8157cd4fd03b9876b2f9dbb77da7c0b855a71711c77bdbfb84045db0119490455f11d784b42ffc8e2a5ae2dae93fd00915b8caabe70025107cdb1bb00ed9eb9ea79ffd549a2de4c831e56e428cb438e1149058c67938b
32 290 10 10 44 8180 :0981358d280ca37d8819d3e526abb2f0629452ace02dcda8a78a2ac74ea614c96358ea571180afb1adfa6e4096e9234c39bf61c917d1434dce6975453714688620070138b3996f0756d1d6cf21884aeac76f8b1f9cb686d8fd22a0f0512c5cf32d2f5532e24ecc384a2608b665a6d1607805cd44ffd5e8020c5d44e46dec8bf18b6ac4b65457ff382224c742d08f8d44dc3910400e2240507d7dd4c782daebbca07e3aaf7c97eb87af688f9e8f8c1fcee82ef39c8429e4282cb5db1762d8c66bddc2d558e7c95ac0718984dcc794b214ef477f82a0ee64ae052776f02a940e4ddb981ac2d9f35566b11965653bf26736e37f4e829f2bb03dc9591feda6722e1332f7e8c213d9a63f5be25b8f9286ae9117888a53884fa6b3151bc56e27a7ace4ad02
32 291 10 10 44 8180 :35963bfac39cd2c998a61e9fdfdc910238e4e5d0637dd93c792ed55d1758e90f88c8996796efdfbbe6df6b6fe90c172ec83ffa3a819ebc665f93c975e915c96d93a36184df4b6720d1c90b1368d25904213ae8551a1fb5bfe5be31d4e9c03b9e6eb0ae2fa62a6420a1b3589a708cb76431d357767f8ae2b37153f6495bd9f7f1fab6c26004b0ae99d0d3e35be1f87dd3f9be3cb1095ea4214ec61debd96c9e7d59f09145c9bfd22e8fe3f5046f417acb326f2e45566172b6b0d5a290215a17c592bc11c95b8540b21838823995c90e25534dcb7543b9d7e8d4434770b56077492a2fd27536674f840efb6c452122f92118c2eae0e0062992967fc7abcf7a655877db22e39a9087980ad673250ef19ad0f9a06006eaee924c6db4af90dd345c13c275da
32 292 10 10 46 8176 :c1f3e54c1be4d15e7c8552bc81d510220b446b0354994e77129568abafe8d1abedb0f31fe67985e43b8a9ff4657650fe7d3722e8ab63bcaa9a6da956446c605034e6b026d1c3210162e859ac3ed637873fbd089afe4fb46f7c2e3a8801111362b6425427cd49aaf50dde1938674b403126e18a9f9588a275cf4657c1fb7b1a240f9641e58ef5403450cdce0275638120b85e1e8214292d704511a41ea3517dfe291bd0e7c7551e6325cd4e883df0dd609645767babc223cc882f4931c9f030f159ede33bdaf336560b1eb571335b98c5707ada6ad583b9d2fe9b1d88460985590577aa650ba178550b0c284b12961c73ec9fd41e6fbef5fdd49b13044ebe66526d8b89398a56dbfb4024d18ef671868d1e2601ffa8a621892d7179f5d3b630199ca38aa4
32 293 10 10 47 8176 :dfd8bfc2f5b440c934beac17042d872b5010b2a9c5426c1a43bcfab10f307fa679eacf9c46de740a07c0aeb7ddd974cc8b357538eb2d764dd39794e588f2b54e04999b485611a099ab3307ab96b04a9b20a64304c2494423733af53708c7e8930a533d402d6164b55892e48c11c23514f5919b051f914875f2489c60e826a425ac0d4f4ff67e8d24415c1dde401c9a9ef8c5be8d38687add8d5c99d692d34cd9f075a901c7d298aa1aa1240c201a42266ce336263bf6a05f5b18f1358fd0eb0827bbdda2974b465cc1d73f61cc91ba201e7306dcde570091da14b0659f350a7b2e92798d67e809d967895cb8476f44157c51ba170248695b906c12b6062ae632f6d38b9858a12f87901dcaaeb6550df535dad743d5e22b254a60b7c4651083a7871ed544c3
32 294 10 10 45 8180 :941229812d64deb415e1c6cf2040e9e58057b756658e27e95ea4a9e158f17766be5521a257551674c9a2f2bae22f1ea1f6eeaec3e1750bfa76f3996df26ea21a7567dc9c6435fec1929cae49be5d1a9580e88247fcc7c9a33485004e90944555361a02872cfbac902066fdd23bc98350f1c62ffc4177669741b93da608c96ebc774d9909cd7b879a19990b08901a4eab42e7e5182add3dd43915689140d5b4aa5d7e6c15ecafdc9bc96b25345423f905375dac485cf54b33386db994239527952d39001341536fa4527fe33167c046af0f454e22ee556d6951c86b34f03761c3bce44b8c5b1bbb12b48256b4883661dcce9522c9e0cbe5b8887c27f5a20c0e3455a42ee2143c13d02696957aa67bbe688edc183504c9a8f5b9650b9d91234d1dfcac5798fdeb
32 295 10 10 44 8180 :0c6f508669f64900cc14d2f079ce09e13ee8c5f5ae821cf196f1cbabc3a17ad699548143da16b9b0074bd414a22edcaf01a496db452aff86793572d2b3406a0f146b85414814a508ab407ee658b13f652e47d452ab49b1d11bea57aae59cfd3e3367a82d198c8fbac4b6a966e1f095f7fa815539f7a1312956d785bf2e2630031d3a5c86ba3e9d5b64f0a7d9e4868580a9918ca37df1a70f48f52874b15f50b9ccff1b9ac8f307df6134afdbe37b2462eb270d538f07ec26dc07be56da6c6f192f878cef737809cb27ca91f1b0885e30ffc4d0f48ce3200e2434043fc845c1077b6d409b93470bb2a0f546a839b867ef87ae57d455343ab7682f44e719e8ad37ff31ba7e668641797d958cf1bff50d35c8664f86c4d642206562ddb8b489843fcac2f287864d82
32 296 10 10 44 8180 :9757d8ce79f80c3d8b102c7c1897673a64a63dbceabd448018942b06a85ce48a8cb5580f80d2a605bfda53720111d0b4adc233df538f03a21e396591404d84475f87cb91b589bf974e6bb3a9e004148a541960bc8ac287a009a113d4bffa80ac8353d295cd80cf21341fe68e40090858cc1840dbb64c7b1b2832e2b4102aed42a77bc12b7aa0ab10f171ad5cc9d63dfd265e62044f7cffd697c5c3a162da8c294bb5577a81fdf7c786610f8cae568166bc05c888be06d468462bd5ca4daeebc27e67353ffcc0809551a7fca2b66eff703c2f7d5477cc8517567873769ae565915191fd1eda2f349a0587da9559b76bba1e4fe14c2a09a302caf6d6152fa86a21c995e1430bcd2b5d081f5e714836f8e82b245069d6129429c57b6a30cb4d44d63287798d14f852f7
32 297 10 10 46 8176 :0bf69c10596bca169fd4e5e6637521d57ea6e606f231cb1ccb3b0aea1642019229b5ccf29b31e05c41aa0fd98ab98a492aa414d19d896efca0d9fc4a1e85b30df04f8f96280037fd30a2a4b4b33ac61a5c7ae86a8c297523fee06d7944d82cb558a1426bdc678ebbc82341178493e70c5806e59b2c32d56fab82da72706d6b1b59739db34f1b7e8183ec4d49a5e757cb7f030d370eee4e66a3f900a0b5919335e978b36e3d21e9bee958a6f832a703adaa9713456cddc7ca8bff4a09658576faae1f02b64b1577ea3e014b62c27b9ebeba3d5076c33923665e940868aba5c42c7cf59d0f4dbdf7b698c35cfdf371b4d95612ad654eb34448886bd54f29bbfc0b1db0c020e46e769bcb70f3ff4cdb967402666d505e9d6b6985f4b11dd53350b1bf60ffe3d43b441433
32 298 10 10 45 8180 :df30e09ec2ebb48d708d8cbee3b593f2c11c8ccf30552ae1297cc63ef36010a7ea85aae240bb1a7a90e51211727d9b45cc60cf326d7b2a8b62899063753af4a84c777f08816da4cc3e43ff7e8b9a9af1a0962a4be3118f40f5c95f9b6ea5739424207fcabd10fb1aa1c4f45e225d7b9638bb7cc87ae7c1ae827c3bce7db4b6a605a583cd67a2d73035f1c2ddde308366efeaf8086b78d11dcfa329a3814884de78e9abb46a7c86c95b608e6e69d6801b4d7a0e926d25242c0f2a0833757930488ffd5105c2fd0ada01abb4f80806b8caa681d340fc995c3e69993397eddec394b7e4a9ec85363803b8609aa59df97affa70e18f65b4b89cbee08aebf70a724c2859059636ce32d188910393c410f768ce400e0cacd0e267263ab8c254b6008cfaeb31b0c2a92985cd0aa
32 299 10 10 44 8180 :721365342f844df345eeb42d296d68b2e0d70f5d28d049119d0fdfeb3cc85fef94ced7b2ae58760be07e0a32a31535bafbcb5a519037570dcb46b1295d262ea459d96a213885d155c69be37678339ac9c426e4f73692879dd1c29f33d4d52c6e86e670f204562cb813c6e699fcf846567d9a4a3b747222f685234c406227a29cfa18cde00ebb1b84c4dbc06c237fadc3a0b401265e26a0dd1fbab59416210a4f2c2d166a4c101e16a280477ab2ec1c0781fb484bd10000c11d8bdfb8a0f5f01bd4a888021c86140a5081379b2e69f4e785657befe8a11d9f490a02a4840f3936b5b4621498028d18c013694a4f8b9c0b5f76f7b5acc65a60088ccd858285bec60b8b058c10e843ce2dec7e940bc2f1d41ae5f61ae9a40f3c441c6c5e860a0ff04f29bb89b8088bc0ae919f
32 300 10 10 47 8180 :2e465fac983428fe3820ca1098b0f96d657ea1a61fb430882ad0c8707fbf28fadc7795a397d6b369a7bd291b162301bba21f6b16b20d0e2e8e5b7d6ccf70eecee4b41faea0b32d8aed454b7beadfa1214e468abe6e91881d541d425d8f4d0a470d979f7e04ec1bc923b27e2aab89ac9d17cea7f15702e61130c5143b610f3764c6b719ed447a1d7c9c85a59fcfbf2dc53ac4c27df62087f8bd63101820aec8bb0b8acd0ab2cadf4e2fa4d1b143afd74de61ed063fad445b9b5cc69b9ca1ecc7b6007c142495d28e5c791c526959feea971e58dc79878c941db551994fb831a9427f96f4738fd64c18b7133fae93413c34ca0459f9445306e70478eda2bd28fa7384d6448c286d5bed420c73242fed9e45075e19a792186b4c763c7a193162c6bc9d0a385992aeb85e19ffd13
