# ERROR 32 1 100 2000
# ERROR 32 2 100 2000
# ERROR 32 3 100 2000
32 4 100 2000 55 1 :7b9c7913
32 5 100 2000 56 1 :7266691189
32 6 100 2000 55 1 :39bd7cc7c511
32 7 100 2000 56 1 :fbfca8b829b8d0
32 8 100 2000 56 1 :af655642c49b18cc
32 9 100 2000 55 1 :2e70387142468a4a57
32 10 100 2000 56 1 :2fd88cc7b540d5132558
32 11 100 2000 55 1 :153d59f9c8074bc6e89551
32 12 100 2000 55 1 :d98388485dd3e275f16347ef
32 13 100 2000 56 1 :684d9fd9f8093c4f263065553b
32 14 100 2000 55 1 :04bae4bc3e85912837e48a28ecca
32 15 100 2000 56 1 :3fcedfa7370e82ffc6ce6e912fe9c6
32 16 100 2000 55 1 :92fc81375ff7779f1a676c29080e800b
32 17 100 2000 56 1 :33f908210bc34d08da6a701f489073479c
32 18 100 2000 56 1 :9f78b562a38ff89e6f123880934ebbf64446
32 19 100 2000 55 1 :bd51ee9431b5dc0a722db8f1b782c63a8396f0
32 20 100 2000 56 1 :90f1c2079957c9f76b79ccd1524b78022ab26627
32 21 100 2000 56 1 :7f416ecf8e95487da8803e9ef92463091d0a8b098c
32 22 100 2000 56 1 :c2fc2c6824bfd720a83ee2dd95598e6a2f7b11c73005
32 23 100 2000 56 1 :17c4fb7a3b6182f8f333b10397d47e3ee3baa4b6a8765f
32 24 100 2000 55 1 :daa3c2b571c1fcf37909fe55a87b71457dc5bdc8ddaf08cf
32 25 100 2000 56 1 :0104a53839662a49e17f739cf8eb7f4a085bb42fa689f6019e
32 26 100 2000 55 1 :566728d7a132ad19ba8a1fc7fb4b56cbee7ab961174c1be9e73d
32 27 100 2000 55 1 :23490a73780e8bf0bae3f753f66486f3fc2a6a820e7275f42d0d4b
32 28 100 2000 56 1 :ff83b6dc43526551b500ef8ba60fd4e781bcde9db4de1d1722d50e37
32 29 100 2000 56 1 :acbd42f6cc9880a4558fad4cbeac0dc649e033fce1ccbe3825828fdb32
32 30 100 2000 56 1 :cf22e05b7a576a65b5bbcef5fd517b74fa5370412cb4dcdf0162fdaf7bbe
32 31 100 2000 55 1 :54fb21eb81825b1a1668cd9a48604c8241288e26436ed0958c2ad0c04c8f4f
32 32 100 2000 55 1 :8eeeb260c551ac19354c7da9ce21642f9be444ef64878ea5b43b37d0796dfbbd
32 33 100 2000 55 1 :d52fe373a6dad648600dbad998df00048555bcc9b274270c8369c9f3c63754bbd0
32 34 100 2000 56 1 :574b681094ca90fdcf88454f04ce13f9a1b3a7caf7ad653373585fa1b59cd138864f
32 35 100 2000 55 1 :b3f509439a71c7cd3c46901242be66fc036705aa8c4b381e2febf01c5329a88a85adb0
32 36 100 2000 56 1 :2cec6ec021a5287f206e4fa9d71fc28cccfb97518e38fb46d02484f804a12ae8889cb2f8
32 37 100 2000 56 1 :cb885b92f50a962ed139c70f37f792fa69f5531005875b35828db9a4c9f2daf012b7288d5c
32 38 100 2000 56 1 :56c732d98a29a16dc32bd8dc9e27b2cbb4eebf32bccba6c9e4dc307072cdac535e4cd24ddad9
32 39 100 2000 56 1 :52914ed54311e31cd63c349ca4bdb58e59ac8b5f049b4f90eaaad4e8a47308a8de23f1c95f1796
32 40 100 2000 55 1 :e217bd987df67b81b7d90766edb14062f3072dcff72802be1e41ab03f9339e5ecb2feb952b7eb354
32 41 100 2000 55 1 :cd55c65efc19b38c8bbe9f8758c304f7f9b96385cfb44df969a32cdaedbf871050bc2b7b58f6c9c9fc
32 42 100 2000 56 1 :402dc27b302a48c160078ab939a46894b41240232a005d957aa8a53f3426971ff5f957d147e4c8644ffd
32 43 100 2000 56 1 :72e7a753a1b04bff504a4c4ff584badb0755900c39738d61cace367ab19eeb3c21917ffa1dfc6675c71950
32 44 100 2000 56 1 :b2e47be7d85ba8cbb24c2b08d0af40a234a0af80cd0ae2645d7584e1c23f8ec7cb9b5a6c73c88032d8571cb8
32 45 100 2000 55 1 :ab53518edd4a9f2f1548cd329fc51f33cb18120ea637071da63b2c03f8d556e0b59f540104cb46ad1714986d85
32 46 100 2000 56 1 :3fdbbc0c41b5782b017d331eae39368beb2df891198a129e6f27b8d064be19a0ea68c5fc6c6eccb04d1cc7097373
32 47 100 2000 56 1 :6edfe7b44d942da651cd42fca97628660ec3253bc73bfb8bb176a82c88b98259b985a6ce2801c90f86cfdd1ecf4e11
32 48 100 2000 55 1 :2308f782284e576503b0dcc70709ea6dcdc9774d1655f48e37bc1f61c7e3f360d99442f7b7dd8b21bae1c10553982887
32 49 100 2000 56 1 :c3c150c01177753a8e307a494943ea07f6261ab882daeaaab2b556fc34b5a64233e85c4a39a2fad61afd0d307f3fcb6b5e
32 50 100 2000 56 1 :b4a828bcb1010a87a33067f579298472329dda8de5568de271fb2a250ea40f85097dfbeea1b15f40ff175820518af77aa684
32 51 100 2000 56 1 :e4ddf994137d9418065bc39a9d9c19176512c99c6b8d59b0354e8e7f0be3e56147d300e3ddf931f9c8a38df03b3d8ba6f84f81
32 52 100 2000 56 1 :e68ae63227f4aa674e07aca957833089c1bcebd4e889d0686a6dccb085e81a34be9661a556a940368fba542596a0894cd5c0fae3
32 53 100 2000 55 1 :ff5571bdf90e0127f6f5efb912b9a0c0396c3dc5719ad5b1a53ae51ae955e61a323186648cc370a48fb8302ad7cc8b9e653bab391a
32 54 100 2000 55 1 :af9c0428fe16aa62621b111d580e43f6fbcd123d8708e5494ba5cc1fe344a346a61344d00358a63b9e396f090ce19c88276adbe00781
32 55 100 2000 55 1 :7fd3dd3479944ddc9111b62d33e05a008854a4e3fa82447b7ea5a61fcaf91cab6a34908da365967b5829e0c6f1df3d7e82a0d229f15b1f
32 56 100 2000 55 1 :e7fe63871690b2d59f1ceb8ec3f48585aa96842861d1b0b5648af89c5332a3722b4e7f8c163275c7a1cad29c50a01d17d755d766a4569336
32 57 100 2000 56 1 :bd00fc39581645ebffec0000d4b402dba00f0e5f18251cc8bdba54734d57fc2fb72c395a6a13ab0a4d85873d4e802ee4cec43a9a5f7efccb9d
32 58 100 2000 55 1 :de8e8f87adbab55ae48695ccf54c1c4439f108dec35eb83efdf59916d733d67026048bd12c1dea6fd03dd524f02bcaf70fb8fa355a9e583fc5e8
32 59 100 2000 56 1 :d54ac00213cce46974de7e1d904a6af8069b5fd3fd838518d164b6628784423db51fdffb2b45bb19c24dad69da1cb01583ae4cf7c473c1a0e84115
32 60 100 2000 56 1 :0e6b71fa169032975c11127c13915d33c71d593ad89979a0384b3b508d3e6ff81a0d430fcd36d480b2034a7c44a600a28f2b71bb555b6164dcb04ff5
32 61 100 2000 56 1 :9d589a8bb91de24804f595ba40a11517d8adaf601a03a6a6c976cf1ab11c9fc4ec872777598a05bc344e2d9f0d4f30246a28bd23cad039d8389cf01d3e
32 62 100 2000 56 1 :838277ecada0d28feb479b477888ba697443256ac73f2caa7fadd90220e99c22968044864be79367eae1f470e94c9d06993e3be49faeec4459043178b8c1
32 63 100 2000 56 1 :afd25bb1dcfc0ed97f9bf617ca4ca6263f08814ab9d207435f49805df68660846c7de45f90e5df833c9447abb640a1ce5d0c10ba256c2a580fddf32399172d
32 64 100 2000 56 1 :efbfcafe840a8f1bea1ef76e716e57c335c9e04e55ea1417376e73e8c6a61d887f24f300a21e51a1b57a3ade32aa3d8194ac7834f35c45fcf35f9c2060104268
32 65 100 2000 56 1 :0b4403e957d39f9ec65be2c3e9a64fceefa0a045949c838c1a1cc9090e38a85c1ef1b78e6ddb69f75db76e7e6dab3507b83470c4256036e464b42f094ffb725431
32 66 100 2000 55 1 :4ac8bf7d7d92cd6688d92450732c05d65e54d30b66c4cef28b628afcd1f4387d1a31719218110b5b87638a2c2467398e294351f883be3b857a109d610340e174af8e
32 67 100 2000 55 1 :e60b91a99d2520fcc2573d7772d3d6920a65cc7f1f39005f18d5a0c8ff7957f599e5cdd6ab5a92143dc1d04546f8d02409b30fa3064d77e416cb1da7f2951bed83008a
32 68 100 2000 55 1 :269c7af37417692c1f8e1c358ca6fa94f4b59fe084d1e1605e256fae656d17a2ed3e899856746e820238fdb295d5bcb7425477c703c70b30ef381e22ada399ae53250d79
32 69 100 2000 56 1 :fbf1e6734063d646e405ea316fe536de7814f05fa737c63e5dc99eb3f51c7df2e35a4d8433ae0d70f0fc605aaf3019791d18f02cdf07b1fb5acbba4b3e9d91b045bf6acc6c
32 70 100 2000 55 1 :6f7da34238e937106da73e0235d856038450707290db095404fd5aba21cf8620b658ec786ae2c506c8b73792b1afb54e3932c364c2f2aab78172bac1edf8d2c436c1e3d82bb1
32 71 100 2000 56 1 :86b6bf7372ab8b76d45b725906083ad58daf38c0ccb490d9e3ee1eb73211a4592edf854100509650dda7f7045a068a988777e7afd5ee788e74c5437380a770e7c32567327049e7
32 72 100 2000 56 1 :b849663bc8fcf5d91dc05494b78e36494daf95510807cb820fe54f0a546082c96a953b11f1b246b193b2557475eace658ee417bbfd240ef1fb30d684e54764f42dffbe91b323e31d
32 73 100 2000 55 1 :b7ab1317d868b239b61a9b1e0e731e3765fef0cf074fd4f7bc35ecd028bd31758e14b47fe561aef7ad991374bfea4498326d30563bbe401b3dde5ca392664fab09f2dbf4d3eb2095f3
32 74 100 2000 56 1 :736f1a3632fd5852760279089cf5f32c7395c2f3e272060f8376a76d66ff8a75d4635fbab5d91e61e137fe81f3a40b1fdff4bb5e1771b406bdd4e82a011e8794aed408d892bb117723c2
32 75 100 2000 56 1 :3b560bc942fb59318613cb04e98f5e2cd30257feac50a4c7f3d434cc30b0a8d29da07179c49ce592646d43a30cf225792c3064646bcd1181935ee9fa2b177473f513549367568040cfce96
32 76 100 2000 56 1 :fa21e43eb5d87a0da4e136efe5b2f6e2e19a2ff499bc87723fb28d9bd07f68be29cf1e8e6321aa93f3ed3ff161c1394f623498bb8173ae76128d9631dda4c9c7aee860374d312cf6d5fee164
32 77 100 2000 56 1 :abe09dabd404971718070e95098697b3bda1a40c04afd2fd641f2c907355ccfc9c85494a5cc7e5ba3548fd6497fea68fee1ad6f48a998882db0cefa6ef01b55f0d5cc774e2aecf912db7644ea7
32 78 100 2000 56 1 :f9638d7ab28aabbe2d378371be1bcac03c219027521049e742fe50ee92b5d64f4d2cb39862f3322f87c6e99ad6e05b0a664f72351ce87828ae8d4fb8b08423a0bf9847310e7d76e27d52cc03bbc7
32 79 100 2000 55 1 :a2273bae6775824ac896a6d2df21b8a70116b353a708a484c5726e51c5ab251bfb40d797481f8408bea05eb528f030e502c94678b50653a1d47cf94013e43458aa75a2dd5fbec23a4e2f3d2d04fcbd
32 80 100 2000 55 1 :84667588a5b2ffe622e831616baa84639b367dfc6d51358569b50869d0d6b1fe15bc946fb2e3578b4eb1c231e4c862be034cf2aea9ab7818dc2528530addc9069fd0762db9b0c158cc04f8025514a66d
32 81 100 2000 56 1 :3ae3de1604901eb05e2d2ceeeb4fa858fb9105dde5659daaada307ab4c2c3c5a744a0ee6ff3cd27a526cc38a413189d16df805ea2c2aa9d56396690ca334103c65b5d08bc32c700689931418fb05594223
32 82 100 2000 56 1 :b94620d6eabe9a4f93cf3d3149eb728d9634176e8d6666c9ea6656d785153fdcf2b9498aee990efdc46e1ae378b90c1730f39afb3bd9eaf3c31cd648758eb3486f62e1f2dbe3173a030fa7282c085a70e31b
32 83 100 2000 56 1 :9641198b7bfc7d1cf3eb81920db1db25611bc72233ae3dca874db24dbcc909f44a01ddd57efe62ec1b71b530a1cecbed70e234b145a229fac0bb39275dd64242fe1640fd0f530b4cb3a0150a382ba0ad193844
32 84 100 2000 56 1 :50db37a00c9bd25e65d7e9487e47509de933fc2a694a9530b532444c2d395bf6e28c45b23f214ad66dcb7cf616e7350e6c477d6c05db58aaae958f5268637cef1caacdea8c16f4eda8dfc408badc4167a4464623
32 85 100 2000 56 1 :e2498a5505e8764f58423895df4e63b208ae39450d61acde8e63d5fbd86ecf801064b14d13ae77765961f521886cc37c7814231e71cc2e9aac6e864f2bb2c32cecfa04447f5e3476d92c86a68c2e327eefa88ba786
32 86 100 2000 55 1 :e5e57b957760e8019c3fd64a682bf0426146b3335ce1fcab09bd144f1e1d15763f205f13a0353c10620827519dc24da935dba8b3f2da6eb4fe5feae514689f8eaa813a129dde97c5b5b29e137e2580378bd5b634d72a
32 87 100 2000 56 1 :c19781e0492cb6a3cc8d7fe0a7088c7d932fad0cfb41fa67097124b5c69b5794b853518efc096440eeb2f39966a4215e15fcd434014bc781227e6e107660c7b843e05370096199d9029e572da018beb42ed1362c7fcf2f
32 88 100 2000 55 1 :10c57cf1d09ae9df151cffc85c810265a2b616b7895d21c6d5bd0635fba8d50a213d3b58955e66c17800a7ba32fe64ca5a8a70a7a553b2b22c665d1eb0c31f7ca5e56c03faccc475cb95b4dd17b581ea03c49ec51f54232f
32 89 100 2000 56 1 :74d499121a2d58f8dcb7f2d2f1abef0c59e15048e781155845e6dd11927f097431148eb0507e1274fbb756f3e4418a8d5fd2462eb672252e004d64c3dda6229d20218e8af07e53f67c198227a3479a97a3e49a4db81416ce3d
32 90 100 2000 55 1 :5bdf8893c51de39838a47cbef7127f274059722c31034049728dc999b4edb83f150d29a89cbab3ab41b298cb7f9ba38408a8c4e2f156497171020822cf99deeb19e3ccdced1dd59aaea7653738100b38e82133f4a10d11d4f194
32 91 100 2000 56 1 :af63bab4bfc698a9539a0242610e1d452f97b22fb1ea4569630c4547b73676d7702c0920771aedad4393c833a2a0a58f1130aa6cc7205d81c5f23bce0b8449139f182ab084342d4f41b2349b81bb27ccab23bd791b0500365f9453
32 92 100 2000 55 1 :fca6ac64869fed653fe9bf0a7034f53de96cf9fa82878a2fef7c63dd2d0c8d63406089b35dcfd1841453baaae9a3f3f16efe8a062ee25335812432f145c4ed52f184986265d694771f1fc4aea63744a27026c26132b6788cf06b5339
32 93 100 2000 56 1 :23d9ffbad1e127a3c9c25b2fc6980fb602d052d0ca1869a0dfe9c2ba2e9d03ad98d683b100f7858fca8296b50ee693d963d7aba1fd5dc215321bfd773b486d700ee845a62595e59fbaa89560c4497c14394d988bbc46ae9698e72a152c
32 94 100 2000 56 1 :d5c234ad243ff5d50fe11fb266e01a0fa0e21046dd9725076749043a131cbde774c357197c1d72657de20fa84e2fe36066e09176a0122b03719d9d23ad97ca40caa33bb767d7d20c1fd3310159238d389705be5c984d22700a3d9d6582a3
32 95 100 2000 55 1 :16513b4cee0f17ecfee24de21b9f717b097f930c0dcc1c83f27df19bc472ed29ec7d308b2f580177b45eb9d23a95110fa3a1102da521e54d07d9858825a7dbfefee6c00ea9ac99b3855021f23f12fac02e5f24aefb7b251cb8e469cc2df9b0
32 96 100 2000 56 1 :f184301083c4e882dac45d227602525938c1be731e0fbf37a885c1ca6425d90a0ac71a6938a55249631aa5cc6c201e514f7b77b7c3b00850ecc2b1cc0654a2e724b5068db5c32a9a95d83c583baeb613558588d2f405d8dac6d7997be2121b5e
32 97 100 2000 56 1 :ec6dd8c88a30f772f16b4742a8236b37e4432f0eccf4d4cee5480222ca003e555432959d0cac1e492c8cde2112a396815a9e2bb2ee8dd9fad97398d6784ffd2d0ea93a45d1e84dfec36e0fc5dc1dc9a48fcfccd4e5a5a49e80c8cdeabc2b804d7b
32 98 100 2000 56 1 :fec0ec75a6e8de4eca947f8ea9faa22d056c01d4ee0480c0706900e347d0ab3a6e0ef9f2f197f88c91d80b5476552ce25d25e1911434abe48406b9367491d53ee81325912f55f4cdb35b7d44dddc8576b8a0aedecbdf31d2a239d08a35f8618185e9
32 99 100 2000 56 1 :0963b9be6329b5ecf92ffd3c85ee79fe974db5bdd27b82b07a6293eb74ec2d7d9f24235161bc2703937404485d3008c12e364abb49c728418aed7d2f0b28820962f207517821f571d655ce9c871e60a3ebf6c8d68a8ef6ae23852544b5d82e79b32c0e
32 100 100 2000 56 1 :298f32d59dbb471acfdceea1979c75f2aef1cbddff6ae8ad002821e970eb4042aace35b83f3eae36a30eab120ff12894ea34b361476d2031ce481958a506b4a9bfcdfe47cac049ee752ec72d37ceea83108f1ae5be7ae918c1b96603bb61615b0a982815
32 101 100 2000 55 1 :bbc8f9aeb74f3408760f738bc069a685929fe111b62185c7caa862fe9b0bacc7e92008eb765c4cd0158fbb4d7b6bf6ef5010f140fe1e1f4e1052bc04f991ea120c02eab0ceae807bdc4826a5a68cf3362c9f881b0cb565364ea60c19831a9910d25492e403
32 102 100 2000 56 1 :9d8867395be0a5ae2a0692e51e96b7e0aa17856d426a1de9253bc2bd314c9f7194602f2e4716a67d3aff1d11e92066770d690aa24d882203106a4d15879f7f66fe6016fec472975db3ffea2ad72719122c717daccff687868f1efe903a8bcafb544349376746
32 103 100 2000 56 1 :a6454d69d296eeb1edbb44f3f5b3eb38168eb000df8e952cc771854acf0958d8e572bfa0eb7ab19da25f3bedf956b2096cc5efa7344a1c685b08e2562ef3b648cab0e0255e57f490a657143b1e2c6c068a0c54681d11926c8114cacb82fa49e7e4b719a34d2df5
32 104 100 2000 55 1 :82be77529eea224056f4d22dbbc57882edf68f04f463f2fddb066a124a41de902d5e41fc9289906bc31c44df4bddd9d03ba994f7fdcfb179b9e6208c19f57c877ccb14ac01f61620fbeed519e69687c2502a8e734b0d5808b3cef88fa5328a4da0b5bff948b61ca0
32 105 100 2000 56 1 :3112a8b72c3ac9f8fed4dc0ed5a80f928f7c99d0c1b07fa38cd62efb0898a4185c62a88f85170bdefa1e46bd052ebfb9f844a724878471eb0847374904b29999f0751956676290c8bfc41b3a3ff1f990667c208a1333ec568d56597de8448ea3e4d7cc8812b8a19f09
32 106 100 2000 55 1 :7055ef7cbd42bfca26c7a8c934f9aa31b33217e9fdd37434e1ecbc36d74b395bb70c0ba704ca5dac452025c1d3b56c5dca428202458322cd56bf4595d88777fe33a9c0fc3f4f143043631de3233f7fabfeadc1841a030d8b275216d159ad556893423091babaf37e1c58
32 107 100 2000 56 1 :6ac94f38944f816ae23d23c4182b8b476f1e065cecd7f07dd93817b43c63e97a71351e45f427b9aed236ad2ba335f78da547d718bce38bd3fc9daf241b1478a8f40e29808c3851412680207afdff677dffaece28990a240d488e3e90606e291c67f1d9dcace96f764f1d33
32 108 100 2000 55 1 :4a1016b88bb69a3c0630f979e46a5198053505cd36096bc691048ece3121e7810134a00dacc767f795b7c0d28a74ecc1c8e3115ca8af693cb507fbf64aeb1f95447d49ba6208e61bd5040115db7ca8901c0e9ef3f8715d865bfb29e5e30fa63a8f34c250f057ea294c464abd
32 109 100 2000 56 1 :0a5302bdd071860478d007bc5ce8ee5a0dde29b138b1f60a5ea07a5ca34d82389b8f2455293c51a71cdafc2f40c5ffe5a774aeefd16ae7904ca11dbad4847ba4db736ff714c64b7bcb2312b67d14dfaea7ab38845d39d9cdf0e3e0a876d47510a275c5c186043d2e9666bc1f3b
32 110 100 2000 56 1 :bd438557a3a51e7b40b7c32128040e2ecd0ab6d41597c4391c449cf07262a08e6c6e5f54fd07db0c314556b922e1b7b18f3c11ae48c3178ea3f0d150072331163d1cdc2bc2434ba028fc3fbe289be520114eb1ce875196fe7a740de702fe4fd85425a5fe53c91604d1056ee3bdf7
32 111 100 2000 56 1 :808873a245bb9c45fe9b5f301c3b9ac7729c22a9d02d1c936942b316622919b1ecc840a9aa68f5a319131d00ad6ec5f9dae09312542efb7568497862f093f3c04f99173da840f596be04a225a93bd8d11b020d19d873ddafd2045a07e452d732b94b3bbe3067f1b292cee9996a2313
32 112 100 2000 56 1 :6ea3df46c1a20c5329c52666c6e2dd0082e1e83603505cdad77a2f1e6d1b59feb05fe61a17860c386c95d119409d6ed00e8af3a25102f65e51ada6b67f3592d97915d019c282aefdee59e71298bf823092b9c8b7743c4f9b072801d3684ad2cec231d6a30462f0f33a9b9773c85fbade
32 113 100 2000 55 1 :7956cac6f1f0ccf0094c8a9087aaf28106236b27a47e8dbb24c59d74c454a1d3d025611f7151fa5eaedb49148d94b22e49ccc235eb5b4d37076a3d4fdb0afaad5ecd8378d766d6281b58d25025a85d28fc39abe1e3708b176db245d543b58bb11c977ae580aebae8443e3ba0229d31ca12
32 114 100 2000 56 1 :086642954584eb26a042866c32498e00f1da2aa09496dd20960f82e4289357ae0e31f561a6b752be82fc279ea95f49f592bdacbdc1f2bb863ae74cde16144e1ff0ceeadfd6d7bef9c30ca93ea400c65b1cd157230d68e31d1e1cfe8c02927aa3ec7f3f3c7123255bfb35115e48209ffc7ce2
32 115 100 2000 56 1 :6e5f60f2b117d8fd573c47638fcd6477ddc9d7877501eaddf832976cef92e80db808943b1bc4a70dd7fc8c92db3306ea899f311649da80dce3da785ded7105d05b5f70ef8243e84437dcfa950996930496c22aa9beacfb6d2ae7e5675111006a7228e8c20b6a155f8544ed4a220123f120a931
32 116 100 2000 56 1 :d75a3213dc59261628269323174fe213e7f1df17d0da86a0e24b504a0b0a45d647846b0f83952a77b7d7885a906c765b22c675a301ad9c25cc1945bd22da1355a2cc02e369d5a21e209d78cd97e6b4651626b74dbb50bf342094f283268b0719c64da579d79501174153120bafb350d7687f14fc
32 117 100 2000 56 1 :ea8022512333da131b5b7a70d23b888d463f2c971d2587aaf74e2002c68dac5f49065bbc76a7b044ba996b09cc63efcc4a7b469e5db25370d4382e75a9616784e5b934eaefe2f92cebddb9ef90d4bd0c72adccd643fceee4a34715c6c95894b2ba74b1efc326f004d975959432c11042527bbef22d
32 118 100 2000 55 1 :6e816a01c626bcfe06151ae242b4ddb8bae2af81e8d1ab55a093bfe5844b316bd19385cf71d45f71b131fe660ffc47de594161cce43bb314bfda1b79073597f55d03dcf30a6e391939c1f8e279ace60a61a31f5523c00ee9cee464f5daec203ee513e093e3f10967bd2c32d4a6d23bcab0efa792c63f
32 119 100 2000 56 1 :684f573a71cedbe304a1bc8627866e39bc85b6536609741c7677a537503c98a2dc888d2957bcd59567a7c4bbd5485f1bc30685171407b89a2f7b6624c0b0f69c3950f44e8413b80042dcecdfa2d3d525e28b6b53c6e1ae7c9057294831a3b3020fdcf7c68e8e58c3bf5a28c871bed1b37a024a9d5ab15a
32 120 100 2000 55 1 :c12a4cf5e0b43291c866832d4b13607ea981adb3c098e03eaa39a59d1a092b3ac81725bda772f21c02f6dea99aaf456d336937a181e54a2dccc0424cd20842d2a7244bdf5ae65abeddd168bd30fe4fe4a6a7ed0710bf440017725d8c155002a24b4a002d48422b28d691929c5dd6c64031e2fcc14e83f004
32 121 100 2000 55 1 :cca64d9d91735cd5a6d880d7bf611fe58448f5f5d4807da201f9aa54f6d5e529546e3f2b4c0bf1de61bacc14b55172d1e5fca1d57cbb98e6b80474623de5a4c19e37ddd9bb8d6d265c49736ae6b5451b7cc3e21d3fd2aa689a64a59300a1c8c135a5325102f4edee95967ad1ac4d3d451fc8bf666c1c6d41a1
32 122 100 2000 56 1 :36477bdad4f5a2217f26a7bf584ee503e295755ee1df1b0eb408a8aa571ed9cd20c6aaaa4c53e8eb58aa1a24121dc41fe9a09fea5fde337061f9300b4bd75ba6217010328e64b1dc70e9d5c6d8cc95ec17f42903f755c24626141ea7631b04f3197b9362bcf3af16a7623507934cc77c7a85e7351ac7b9e8352f
32 123 100 2000 55 1 :ed336a4f747c7422acca35d1deba0b3ff850bfcf0451fd7917844ec5f68e36de016c910a1fa3b2baef41958c195d014a8d56de4d9891369c560b26062ff955a55515744a2c98e932fd507f8e978c64a0e7dca9741530aba5b0bd419452d392c72d77a67461bcc8f2d94b5da1ec9e29bbc92b1b764ed67a28278cdd
32 124 100 2000 56 1 :eb85788d0cd7e7637e2f729998ed2ae642013844692725cc6b514359fa4b1d7ea7ab2955667eadb7fb01dfcd927c20b0a1ec2821211f4e5a8f4f15e9823cd00dd93e30fa0f98c89e513c66bb7793261c8c5c725a43cb0b1798b4d63a989d23b96d8a5e4ecbf1bd795cab5a0e0b1fa078d3c7efd26c8e6269afb41b29
32 125 100 2000 56 1 :2204904df02ea5aa1f2caaa8be3e0555a06fd847a9cbfca237da4f4f9631266ce933f4430777402344c952894a7b79628f63d4b45d00d4b80c2a8fd3832a568eb4b5769e86a67d786f0eec5927e89828865cc918bd6c83b7b4a21b5d21b67dde65b074d5ced240d11a1b6ec7dfce1ed5776008397b62de22eec9dbf200
32 126 100 2000 55 1 :b4e0323da097ddf0a557a1b456d9b2e042fa30ff5bf38ed28e5bbee5a50a12b1079afa9500befa7188418babc53b102361e272d618cbb15b92f022e57bf3c3cd0923350ce3722fdbd226ede1c74d5593f765ed4794f2ee7473bf5c101d13522edcaad97774be27a5d308cd69709d49384fe5793726f1516a74f9a4d8b8ea
32 127 100 2000 56 1 :43e1e110b35e71c9b47e5b24237dd2827379c53fc6e64e75a29e29ea228dd67744ff6b84bf4abe3dc160c295538b22a2714cf9fb3f7ca23d658f151950f120a6536371c51469b29fa91e22a02e00ecb46f807194a10609a691efa4a6b97a7d107bbce875b3c8a0b8d58590dbcea66724904add55fbce296cda13c8eb11c864
32 128 100 2000 56 1 :d28404d98c24e938732989a5be84fc98711bcccdb76335045cea2133f0b469e915a6fd24214e01a7720c3b4c9ad7538ca5edc4c30fa2d1af2aa9dff674e0e4c1b6e442971e26d0aae9efca5b8c0a3b47e9d51fcdcee27cc8e0ace332509aa21c9b29fa5b52aff8ba0b9a573107d504b0f9b74b5e7abe81c403dbab31cb90bb87
32 129 100 2000 55 1 :a3a067ed5d7eb3d7a77d2946c128913c68e918917474b12c15aea81afb39bfa880681f27cad179da66b51fd11a27e20f66d6de0db1507cb7090898c587fb3cc01099ece5d5335a63f3173ea3723f8050071f11aac01fddfed0c6c25116cd63b248034bb7e9064279137bb92da0f8ec867b818c1bfc5395e1ad28dde148923d4d72
32 130 100 2000 56 1 :cdd664bedb52e02a54110d4b6b260185fe46d7a7f8b307968d90758104d3e74db64b43a538fe6aa6f416736386a6746ad72a22a3000d60968ac3d37df09c46d559d29d1f14c226eb5c525cb24e912eb74e249fd55ce958078eeba31533d4889d4b9af6a1ae54332f08194ccc7c763491c4fb4a8e73191f4ec16b01a03edc4bfdabcc
32 131 100 2000 56 1 :bf3bd66790b79dd3414bd7e459b459dc105d58f595bdc045b685e81ddfb16c8b50b76a6d731068279e5f910afb1d7d7dcba98c2f40f39a8bbdd515f00276d41f430e57b2806b809db3eac841c114641487b5486484e33533a8cc81e26a8cfe74a6fa804f0300aa5631da601e35cd32d669a37e24b76155a986fa55b2677ac7bb58f4ae
32 132 100 2000 56 1 :d4a5305865b8418b49d904df29b0c721623d62d9eedb6ebc7d26f233fff58eb680f4bbd496b31b461d487318f56305052c34db720e8b7911d531c320545a92a2b0140d311f0a8ed6afff55dcc2c64d7eee8687a8b497bfed1ad38702ffec7dac8d147b80f18abaaabbe9448f9dccbb38ad8196ec959f15b502a8aab1b10adf41969b8adc
32 133 100 2000 56 1 :7d83eb3370518ad0df637ad5e2dadaacdd184f1677e582181ff47ed0f5fc768e927aacad52af20fcafea27157e8e72b64fea8ef3a21ab042dae1175f17aa8956e3e4fd80074d15137fbcc8f771e176242299b72b3a6d8ab1388581c2a38b1efc4754189e47f10bbee8e3671143bce6751fc95e52b10b13e8863a9070c446aa40976530e9df
32 134 100 2000 55 1 :68d99261072320ee7fdccb34aa2667105958270116d6add7213bcf440e7a627950442af7d34cf79594a1fa0702d53146f3d04128d4815b84d5c6967c57b36e9b5b4aad51b6c6f61e6b17d105bf509ee5ca0fedf7826b9ae3b60a9720fe2384496165c43c40087701589010f3d4250d187367decc6a2a1ef31694c82a9ec173ef24ef1acb1c46
32 135 100 2000 55 1 :5b2aa854e31da1909a0d032565d94d8f5e23f354ece0e3c7fe243e27db9e1bc4fed0f3cd862ab7b6d32633f15ef09c5220f5b393f73382bd0ade704ed350dd345ee62fb2dd659b64ec51745c8abc4aaeb51c1a10eec8867bd2afb16f2730d6253bfc6cfc738d171e4506ec84bde73cc846730b54a84a568ad8378423e36363cfe4a8b9cb6bf0dc
32 136 100 2000 56 1 :f09208c2c93875da9f8c31e0e2a933baeb827fa9b3f10dcaee6f664c836ace671c1795b3d6daa767c78834ef3779f1527d9bca9400a3ce1e81b44181d77f15f2bc5d9b94121ba1ff4c511a10df2d210557374d474d8b56caf4315c1cc7dc3310dbc9dd9d0e8ac7cd4dbc8c8d494c66c87bf2d522fbd4ca6d54ef8c88ed57076ce8d3f3e2e9efd9bb
32 137 100 2000 55 1 :4405a27b28ee983c36e89bb52f4c1ac7d5a9d01a5003a6297d4c8481f0dd044e52a4de13dfccda574d82a7315ab87d34326aad044480c2426795853218d53bcc6dc6b9d9d11adb6a01f9cccf94ad016728f134be22221b5d8376f997ef3910000c71031afbf55c887c7774c007ebf6083c8fdafa2f8bf6c09f7df213ee24f6ab87edc3386ed0e940c9
32 138 100 2000 56 1 :59cd089208f512d4ea1fd1f1b502891f4b8cc72c04243456570018efd2afabb88cc057966dbce7c402510524d1a7069f3669d9ce87e4af2c4fb9c40578732ea2c5224981587c53614f743e5d1a821f2fd973ec8b88e6c9fc3284ecd91cf440aaacc8d5473dd5fdbf2bf464e7f1d4ecd71c3b679bd291bd627ad77be77558af6f78c284faf4a9b732a38e
32 139 100 2000 55 1 :80f5826c5f11b3e9c1c1ccadd40919c87cb72014d99afede6ce21dafeef6a036e9900855e6bb05ec8550d572e6d06e9ae60ee0e112b5cb7290eff0971f7b4924af9b49529437bc4920c83045412fd8fa94fbeaaafa1b4996f3159b84f29d9b8ce581c2c4174f62a8951a5ea695e51cb9d4d56d3258898e4a7d80512cd12f9bf9d9dcccf121455966968b3d
32 140 100 2000 56 1 :fef13001f58b51a7b46152e57f9e7fb61ba220451329dcf034294958b5d6f3badf7f76d4da3c2d0864df3c11cdce444b01675cf25bff99c69a7ee6c3141e85d647313a022a52d8b760d2680b08d75043cafce492797e7f7829a974b1fd64ecd66bad0f374797ce0af8cd3a763d65df77133cec39e6dcde269cd4dcf8cfdfff60666ce17999e71242ed6eafb4
32 141 100 2000 56 1 :11a6039cf514a61ac49abebf26678132907e7dafd5be285ead75a476e27010684e3a19090ef5f6cfe08abd392eaaf525518448aa0db3730bbbc3ea28d1ff62a0cac6ef4e1db77ab4e2ab8a05a504b382a59b1ef008e6d1b4753e635f5e0d1063d87e81641bdd78126f2e49c9c10087cd60adff2fc170303aa7e5bcf2e4156fb486bba57535babce0a3ae1b6c63
32 142 100 2000 56 1 :74d8c1b1cc7dbd026f5e8076044bf9b7c632eab47867a6e4b75826dc5cefc41ff7f47c40fbf463263b65dbc9eab69df8aa91755b7a0a0fd7386cc6ebd38b08862c110da0f9eefab544b3f8fc4fdea83ed66bf943e0905c95196c53e50a1c9b0d69f5cc9e3e1b844f7b21498a6445d821c0f356645afd8f86c1472b112019fcef1d2dd0c7d133e874554cafdc4e2e
32 143 100 2000 56 1 :33ae2660b864cc85797f9bbf87e82636ea46aa550b4ddd88f6df09837fbadb605124b2bf2334bf37f817e42439cbe04c10a908f7fa2cd4610281a9aa066cd1336a61128b0c16d585c59fccde34f6acc1240704b3f36d7f1c460ce303c23bb3045c2d390505ac9fc25c8e69ef394ca32658df88f0e73a0c2944c13775cf843b04dacaa6c420f3fd71baca756280da1a
32 144 100 2000 56 1 :7718d6bd6aa31011987b83d2c737dbe05b564418568a7b2b11500da73d722b62750a60883003d1253e6b4ac911b020a151e7891f7574e10615b4b12bbdb712ead0b735e3c52433dcb6351f2777da1803ae59560162e57d3c2079f4a55fcf20c39bff1e63542e11d23bcc4d5a644cc0e0f8bfb956d7cd2d5533db63d4e014645906b6f18562d138e9d13baf2b43900b82
32 145 100 2000 56 1 :a176b9b538e2fce1ff13da0f9c132446fe556585c0ae87543cfdc59604efb6ce70f549b29e386b318bdf988f44c020a19baeb27b75859bf569b7556f1d72a900ea3210de13aedbf9ede72e3b112c1da2e8884698f9aac3154474eb6ef6220c99ff342206762beed8068f5aba85df3d8260e6881099e18e332e482d4aed33955fa5eec3f25dd862ead113a98b500260c7aa
32 146 100 2000 56 1 :5120da2d54a9c4655aeaa3d25bb071731845ba9f612a72532088a04b1c5629cc667496dcfef458c7e68028491a1a0d745b64028be2afe51f4dfbf17ae843baf23fcc3957e0a02308e04883b9e0823aade1120bc81658a382f84980c8d33d45999857b298027e7660eb2110c454079f16e5d4b58fc99ff155982f722126a3210ef6da451288cdf867baf7fbdebfdccf7a4a13
32 147 100 2000 55 1 :ebf2016967f89007b901ee434b1a38b2f64bc41d607870a3a04f51f50029b4b481b5cf3d9bb5b8bd1fb28edc8756f581fe00b3606a6cc89bd5fdcb63703b7fa44e7a6f0ccae9a820175f795414220a7de404f699d422ee9359871b034b7ff369837f0749f8911b6238c092cb883985f708a72e331c53541215e0bdd2d690f5a659413cdfc29bfd6b6eea2af8dff3f8f1144d83
32 148 100 2000 56 1 :a098f88bafdd527650a52308d708653bdf8d55ac1ad40f037e29333fcac820354d2b92feba55b9f0c1937c48b9374e18c229ae8d9a30fb713a69e52ea78a8df858eeebd0568ad3e191c1a940f09b5ea592408f75b894acf56572f628f72fc1f1a3b7eff60580430797f4150b12d40e8a5cddf8ece8ffb60b0915bd30046ba5895fb0658612c09927fa6bbed0380d4b4cc489ef8f
32 149 100 2000 55 1 :f0b896c450ac2055fe695bc45f293b41136d0dd2b691059b86f2d244be61fb5eecced1d86b20ce9b8cf1bbdee4ea34dc96bb3d020d7ea8c380fb47bd77586de45beb3be5476290500e4f45f9bd8ee905bb59894bae25238eab0ae433245c7c67a48b24c6b79bda84fd275bce8be3e3eeefac6c1c81820eca073c4cc48e629cedfe1332adb14c377c61f02e2c2dc657641b4a62149e
32 150 100 2000 56 1 :19cef9b7b48f73162c3209993a4759bad7991ad98e8201c94ccadd86c724f120b94796196100803b36c560f889c1affe9e1cae3cff61b1c1130ebd57b186c65d1c9b8aee404669f69703d273b7ab6db8b7a10cfacd93c50b6487f8ae5385440259efe6455efbba31de936b7056e2f52f6180f45965d4ef16af894d7163f8d1c748c4fc58e63640d2305e3ace9a548e802cb42ef0fae8
32 151 100 2000 56 1 :a5ef2d35b2f8320659489de3e88e3782760a649dad8bc5e3b5fc8bec8c04bb91559109bf2365870959816dceb0449b1d4b3b8dd578c43ac3219cdb80f0c66b1c68b76b59a6cf0458f305aafc271a8f7147166bdc0e1b7ce8366ad90d6cf88bd19c5591ead662c1a3f512b59fd8371ff6a3ab53bb78ccd99bc143cb7d0e7801c2280053b28c943cc5050bcbae9810ecd1e87a0eb84eb318
32 152 100 2000 55 1 :4c47431e7c2636108eef061661657a3e99de2bee03f52278394efde6b468d09ff30d112ee090f1d5a4635cbaf47b6256253c6906eaca58bd3faeecfdfbbced803d97c514bb82a8bda8731089fe473a795891aeb5f8fe1c08de0e9f415ad5a506603d1e18b848f25261b6bd9cc848fc3f5eebedc5f53403718fe38d49ed52ccda6496c0ccb07eb1764cdbc532d5bb3e9f493527d5889c03e8
32 153 100 2000 56 1 :be302c90a4ae6daa946f8d709859b397df3abcbb70facffbc4fd3c2d7c2c32f03552b2cea925f573ebd2ce0414699b054e0118b22166c4ccc4222fe5ed767b5336d63617ce202b874e24157e0e656d3d1354317e60c96d31aaa278f358f7409c9023eb6f031a622d91f7bb2cba6c8924f41dd50885d6513dfdfa78a1d686c45c766d0cdd4fd935cdb787bf4626ba5c14edfd6c8867cd7f0e50
32 154 100 2000 56 1 :8342b537d0a8ca4c8c3657b5e2351304c84525d4917fd6e991acb923dfd91cafe3571c098efedeed1f53db67c3c23b11fa5f7eb0e898005eb28aee3597202bb52e59871f24350150b294b84ee45ea38e4ca85930495f8c8159bccdc529c659068432b84aa6d8003c14589557b045053e0516b3d7e0063fe679527bef23c8f140f4e566c0afcd6b8fe03b8f81eca5d17374ebcda62728ae0985b3
32 155 100 2000 56 1 :a012bcfbbc4755f3bc3189b2c047ff46f1e2d6785a7b0b40da8d0189de35ac240d277e7f99c79abb2182734d7c2153b46967b82494b1363cacf6b3d93c5c18863532f87532c6c76c094f668675c800454966ad8c574032b68e8e830f9c68aee1d58ec4ec8b83a7c0ddc54cc97a454e4bf53819929f6b35b27c6154a6bcc18e852c40ea5897cc4f696a3bad1a46b3940c90614372608800ec0aa19f
32 156 100 2000 56 1 :cfd63a15c3db54141af7d5c2c3dfcc09d9632a147500e573d2d1104d6c6a128243cc3bd73a5f652fd750b2e18a965893ff9860ebb7967a5cb532feffe48d526f917ae1ab3a2c88152b299e6c614554d543a42ddcc16589040e8e0c7cccda3f958e37ca54c03c9b357c6089e307164a3cf3a5a2216a3bb37e8029508c341a36eaafa8a78aea99308a221d9dbca9fa7161a3721561586c7191774f2c66
32 157 100 2000 56 1 :b4ed4277149d6563bd4ed4c89f148263c89bcaced305da635a777a098c5ee5d1ab15f44d694e7f9e3c888de44586538b7465b404c8fd77718f0821da57eb4ed844d482b67d1f0875acf9e7623ff3b49f69279a864b30d313ca87c36e003d4794717f602a8a1d3bbfba9c9a61aabbb25d13dbaf55ec5e21291a3e4294b08a296b55c05e878cc1f0ee9453cd592b3ef313bd3e588342c2dd6445687bbced
32 158 100 2000 56 1 :7decd4bada76bfbfdf7d866f31f13e685f3dc5e8f9ecaa558c18a8e1d6482c601bbc1a4d68e5e0c39a90315aae1202aea87a05c99075e1a40c0c53000f07d5e978def1c1a2001d8d9471f8844759244ee00108d6d8031b56025340e3ce8578cd9d2e71e36256cc382f9f2a85bc16fb9347cc62792e0957f5d39cf490bb3807f0d8f21a9f0f538cc4493f4681e9efec5293b4c20f6fc7fff86d034059378d
32 159 100 2000 56 1 :c5a0e9293c488657b54be7378c3b450ddcf899edd7b78e686be5a0b65b07dd562868995f2276d40cb13ae3a1fde44a4d30f9ecd7ab88d53009d0612c9f18dbd3a32b4c0bb9010117b4a5c0901dca84d717fffb282cac48be599b747e1e85a24f8b09296205b791af3e3d6fdd53e70fbe2bf37fa7b9234f56407c3a5f5d486a7d3fa2b785ed3e93cc5e6aacda9d70174b7425f4974ffc5c19ffa53dfc9eb3bc
32 160 100 2000 56 1 :a0d5537483acf386a2b3d0effcd494d57894736b21a942604fd8d5a3289d952aba0677ebf07fecec2ffda027f38799033de66a0e7546b817a317ba728c57a294b65c47da759f70ac17e0b0937e06c11d32e3d64edc0e8e4a818c60be6915fe47b637447b8c0a601c8176fdf10ecc8dfd8ac628b0132e49f774d7a6a342886aef2ede47fbf6f5792a85fce7be8271456e00ab5ddf61cff8937327a764ee8bf72b
32 161 100 2000 55 1 :732c93b939b7ff08de062e794fc11a081f04849a814fd7c9fc7ce56ca0b85fbcca16746500f2eff5941afb4929745001d64277e7ab512adc0c601211f95d7fa5049b25103c53925981e9060c68ffd21b11bdfd65fd44e62c5b0ccc8ea1caab1fbd9238120e954f863befb62d610c6e5d07e235a43d4897ccb4f87c1d6acd6524a655213b3bd9d79f18a4473019f23e2ef08505f8347c9cfe0faf389a4f74e43b92
32 162 100 2000 55 1 :41b73527b29bb7170821f8384798859754b4204e896dd161e997acf773c35fb47abb7bf593d0c870dbacd73bd4a6a0fb2f0b033931e4a91dfb33a61106636e71d684d8012f5dc11d3318a84fa824ef8a56699d23eeca86d8c21d6366c9d35beaaa294c845a60a49f61d586793e95dda705599ea0dd0b6b7453428b73dffeb3e47b01785f4e830b3a62348a93a3b449e68d12a46037f28b318235fa44ec0f485221f2
32 163 100 2000 55 1 :c6b4ab75ddffae9c26678feb8d3dbb31ad94acb762a70723f24983988b1ef54814602d37cdc6f24478bf83a2483a5dbb62cc90dc014d78e5dd2a14cf5d82b8b2a45e90b12e719e59b394cfa5849ff7383d2d3bf7e2ce254d2ef729b266417ec4bf630cbbe496b884df8eb89c0c8838be8cdacba79dd194c93fe0c238e5a84e3dd12a389654ee3c0120c72fee146fe6685c065262b15e8d014d11fb674e628569cb9409
32 164 100 2000 55 1 :b90fe5c7dcb56957bcb90d2aac05db6ffe543ff6c04a6888e93cd15328e935f7dd2e11e73c03345a90f4dcc23952d8b22a1db6387652278f6f64565c9053f51f862033867cbef0d8a45cdaafac3bc77d616e1523cf9de245f76a2fbc6978648caeb8efe1c032897464908e062de230f8b124461d2e46a68149a8da38064599b0c5e5d8c78406c81c01303890950e392249dc81878838be2171d8125ab460c0bac9cb402c
32 165 100 2000 56 1 :e030d5b09721cbaf0cf2b2a077ea014210efc800fb3fb4f9d84b132d91a8159e1360c4063ac299d9a22b73d4163a899b2f6e3e6c292c41b7f8bb0c4e63ea66995c8d88135e8046bf830cad43fac5ca6c76a27ee3d403eef37995adc3bdf8c8fa855019e2d7c95d2a9f385d11cd76f4bae1ed87baa625f1b28c7a8e7781bde8264352ca28cc79f0f3e5b82e2690d4caed32ad4c7b88e36056618a11e3dd01c7f24477635909
32 166 100 2000 55 1 :61668e0e38a3ed5dcfac9a52f1736370a2aadb01dece4304086855c4ff7402fc3b63eefe3d9a4cdbb6da82689e08c6bd213e6da9df14ef21fa626d83c843d21dcdaef1edae288f52c4cc18473d6feb6bb2e296478fdcac4f841c75423e538639345f340d114c28b6419652e2d224d5abf100c60b663b1c4f9473ca54ed298c199be9521f8e1b7dfd24584f1df635933fdb458ba73d127e67a4cea0caa5c9f096e69241f924be
32 167 100 2000 56 1 :55a1ac3d87a79d9bad2b789230950d74080ed7b1300e2fe4083dd485a807070d25f5f7acd55a51e9ccb418bee8241b36bad36f20781efb685ce75564ec6854b7e09783057b44e21a36e309e11be43848eccbd0c49c346db11df6240368718e68c55decee9701a9bedfab77c7b6a0f6089eddb1a449d546bf197f9b06433f4923968b811a6193008f28e9bd4222e3e78214687cbb50bfca2d327d8b0c96632f9bc355299586ee07
32 168 100 2000 55 1 :473a88d0370aaaf4af521cf7fb8997ac6eb30fda659386423245b3b813170a97005deeea0d5277a882e7639945c5626c953206d55b65da8d0e7e8b5c5eff346f04db2fac57755f05b194d63553c9ff7ccea74cd907c76ae96de1f12edf8fd5fa1b88bf4d2e12ce34ee75a2544a9ad0fdbe44f3917b780a1fde69ff1578c2e479dc89aebb57d1dbfc804dd4c5827e0ebd87971d2bc15a987ad237012b2778427aadff71744149fdd0
32 169 100 2000 56 1 :68d0c91ce19672cfeccaad70044dbdbc148e7f309579206d9e404235f78e5b2c303f075a60efa1ab99d79cbe75366c48230255c350307c3c002b77da02ddae51a8cbb5019077c7cd9d9ae7614df9af4a508b81c170a76d4810b390b0c19f9dfc8e1e271ddfaa0eea00a3611fbe9306a17ae408cea7e64f3762fab9454cafc98ab62bcb3acc876b263f03b6d00433809f616d0c29edaf8bbbefe85f9eac598fc390a56debe1e4b1c679
32 170 100 2000 56 1 :781c679fdff39673068674b0c813e6dc81e3c28346fa2bf391a1d3ba85b171411e7ba7d9c4b0f31dfa05f0462f98ccc07d7635e7a71f2f9c10861c14653aea3a721b4188865f5ffbe497e56d6afaa373e39fcc09179e8b4cc8a9d1a70decdafe942261cc60d46b90c017c8ab853775dbcae3264afb848ae0f484e49fde9e913aa8ab0f8aa52c53cc2cd51310a64f49df9f8ef864714985f7d30ff89405577e8af97b32bde5098a82a58b
32 171 100 2000 56 1 :874e0d0a99f88741d9dab3557017cab141b415e5f2c640ac439a1edf448a4e60a4f7df93b17e563a6f23e38a07e2832b5c22e43eeedcebec77ae284994d23576d17846e7c7b54978e171bbeb97c1b838f09dbe7eb4f39f9c9351a594b0b50f97e9d2bfebfcb312ee457bdcb96140c280f45d8f309c3830e911a785416875fce003de45ded5a76719015371b6862828ec035dec430423cd9727c0f984dbff8490ea221eeb460b3d182db84c
32 172 100 2000 56 1 :67ebff7c4ffec22b180855dcd0b3c758c43cb3aaf3a18a144c4f398e5503a2282d3f470a8fb8c57c5bfee752ee6303a2942fd00a122f829b72e541f0ae3620bde82901ed131e41b363c87d0806ade8c0771d5eaa1a637d87ef97f5783c51d4ca27f76eb43891d285db715bee130abaca45165a968fd110389af1ca81f680819dcd227a39253be1267261a754afa3ff0316118c61eb3cd8c6d307b39df07b473f048c8e3cde499695887d96b1
32 173 100 2000 55 1 :0398f2e4ef9eee71da578e555fbbe44cf0653dea43148e4dff701f20aeba552a8de3e5defd74c2730d14433cc1fb5d867233ef269ba3918b1d3d143ec33f83acbe226a505e18290be3d5f5bf4b691afc65c84f68d3029ef40b483f99f06710ec35c30ed39fef66c540cdbfb2093c5195aed77b04867fe5ee4e958cfd21c68e04f7846ffc6898d0f05688209a81f568cd53e8ad7ca6189f061425eeac35c4467d92c9f3cdaddb0d02205b2552ae
32 174 100 2000 56 1 :7019df6a1b37dbb83bc79fe35ba35d75773ee9cf4f9febb25c4d8eb088677f6625daddf5ef24473a400a69123243ee9814392166566fd97faaae5b27b65bdb3e2a55186cf551d37c5b42451c1e9c1229a6797981e90dca7636b1abbc89f629448e66c00c991118933cb86b79a0b37e55f59663ae2faa95052b62518aeeb06002b2424e274eccc6a583d721e3de22928951b28cb6250e2b61611d574ad6226cd7a5a2767b275cf440449ff156918d
32 175 100 2000 56 1 :24d804b2b93fc5cd5ce2e31a991e1f108ddab60191e250caf44f7f6f5188be9c50e53d09676d59b3f3965bdfef3fb0e938532f3a12aa7a02f9c35b58aacc7e7c9b9c763029003d8af0b68172fc8508496cabb17c7c50e594b1f31fbf578daf39cbb9d32278d787d716950ca2c28f195e5941aa21ff8e474b40b853542b98cda12befaa11def8e6c5e381f1a6beac1420fa62f033af3e643d8c0c14189870111501d5378b9374155de679d8298e9d36
32 176 100 2000 56 1 :2d2ceab8f587d0d1f725d2e569d4323af08614c4b030f553c9b643c036f46329b06a5ec4825aacfcc15661c212c14926d31e04e42f38643579979983829027d6fa59be0d434a1ee64bbf4c5a41a82295a74b859a80c70a0b553ce1f09b468ee119a050311c5b0f5498bb34506073778243d212f04576fcf44ae55b056efe1421b006ae9a8c3cc2eedf05cf3a60b3d426427ff724b0e7d491fcfc665eb7c4a6876e987d6bf4ab905c1793068f023b0c55
32 177 100 2000 56 1 :5ca44799bb253b43414cc6f3c31d8e406f30bf089068290716216764ff0e8ec6f2c77256b2c234a9fb2650e0728c96784130f759a39a44f7e9a829b00f33a59ae7bc215412e0ba30d22582798af95cf02e3b07f26b89e3e32a74feeb15d44a4efa19ffe78f7cbc8bb704a9a22603cc8c940b022677fa0d1988ce375a24dbd0898286e906b3f71730d2964ff8e1dc46d738458063f6fcc4af7f01542456356ca48314b2162fc1acdb4c434c7fc08c67864c
32 178 100 2000 56 1 :532888adab1254f051702d2f5ac13e90f1651ffd83c3f5040c00b1a6e7262729389d0e7523bf7b8f7caad687d9ccb676c26b0f65fce229b365a60736a906140db80a523478e90ce7b8cb420d0e2fcd36fe4ce8fd6ea595961e7a54fd02abb40facebde1da621963dc39ff4eac57418af8208e21c87e1a8cd6b082c0efcad580cbec307b3bf3949ce183746c941fe02f0a7ae0d1df62435790b836fad8b4d1855e167971ae7cf670b83267ba76b832225976f
32 179 100 2000 55 1 :8bd26c3486aa13eefd6cec7cb05dc0d9a98d1d418ae5be64015871ccc3c995dbb7e3ce2a26d660eea7d724b07e6cfab8f021a8c4e232ba8566c5852f0bfcebb64389a77fda3c1124caf61a944f75cd35eff092e0c5ede9105b32b817c0c9e6550f0db9395a86dd6be24986d89af538892c9102dbd1c1b1a293a4ce207da51ca28846ff398d0bcd1baf57264b73352368365ade223a96fd19347140e7a3fb682f7f93502381403b28f5630f2b631d4d02dd91b1
32 180 100 2000 56 1 :6be733e7617ef402f4e0b91fb75a57c4b4e1a0bd3fb1923373b74126b1bd01a401b016b1007fa0ae6d8524f2e6e412e97061214df9ca4b98cb18c21a2f7d1b160fb82a9ebf8c3be1c2add93b931c9e6debe5b04ac9f8ede5c0416c82196d3af189ada36ccc1c3eab1010ad6f81321771cf7f8e4aa5535f3b5c645dd51d6fbc40f38fe1128febbb89346625ad73efa4b81d66b8c151f33a21d36162b4c75b44902ffaf268065acd7ff6280ff3c881ef6a85a70308
32 181 100 2000 56 1 :4eca350d9e5ca56df02abea4a11a53c932c72d683b7a3aea874130041b07478e53881a8bbd64d88fabd631c367c7bc05649c9cb7ed6704b81e35f3b292a0fa8a40684ed4069939971974f3c257c80cb5a85c863af238ffde581df816bcc4278d754cfb2bce84f8120e83fb13cb1820094625f77fbc491aecd885d1a6631dfeed7a63cde3d3ebdf1bd910dfc1cb97bcfc07d2405a567be31fe8ceed36145020433325a41dc0211362d12e7581bb6079f7f2e375612d
32 182 100 2000 56 1 :1edc0402f260ef924568aecd3337373c46a1e0921ac885a7affa4b1908db1dbe253a74ad6f037cbcb50a7dd1db5605216eb8c9f7779e72e78ee8ca41b60825b148770517d5dd04f9f9dc206ca801cb7408a6f242d0a59bc27a9a3b7bd498fa49d416af8e86bb62db598e902fc94700251bb459f7e7c24837664af2f93b8e3e3f7c53864a469ce5ab4764370bf9ab5dcc490fd6a3bbbdcf319f8ea5623606fa40225684c438ae871379add3aaea8441bd88a199efc787
32 183 100 2000 56 1 :b605cb52e00308f1d4f73a2cd3272c88aba98c7c2433df787c91b4b38c97ed91afbaa4b14aeef01fbd588d9df7f45489d27605a1b3042727ac0115504550c5eea1752c6cf8879f3cdbb59aa9322666163a07fb8250bc0fc7ee95a2ca2067035b44549a97cac2f5ac55b0f51d5a72c6560cd2511a1cbe2177454e62b9e1e7c914f8d9795c732fa91ba29dae686c31d0f73183fdbc602d1111608365d946a8c6cce15454221c430cc645ed14c47452f8150141afdfeffa2d
32 184 100 2000 56 1 :575a4f635df639a2452500b2ae7e7a3ec5581194d534d6d06a76e683b93c0118e6264c2cbe1c169f4def3f00d8c0ebabe194a910735d5c0217f6441a57d319bd6f022f5ceeebf31e751290543f3efc1dfd60e77eb376dcd13db576b0d1589b6339166a1d97280a1a372ee89fb55b09b8427bd8df99d66fcf767ce6404f7991e6748e7cf2d9679d56b76debe2e284e436c63d44feb97c5dd63f7ace3bc319bd71d74a488fc6c23cc66c23e7d397a3c1472036caf7e81573a0
32 185 100 2000 56 1 :fba9f4d0d67261d7993532bd9c11308ad108bef196be6784b8f8d47a4deb179da32673c88d60cef3c0fe59ab287a29dd69c98afa1daea840659ab2aee393acae96bad5c93f18fdd110a1a9835595a0a4dac765384da72c9faee5cd2e9135c4ae433ae83a2c1c5a9a4a969564f4fa45f82276b6b4445d3ca5d3001f34919bb5d5c399501558fef455021c9969a04da616e706c420f5669e812f8212617daed7bd78724d244faff76e1b24169b7c637398148132cdb68ee8bf32
32 186 100 2000 56 1 :3d016911cc2792a66c8e969a02a8eb741fb8e3c5c991ed07141d62a871bb93f2d283f3f2d08ce7b360a948fbd5c5bb40e0f599e715c6ddbb0c4536cfb0aa2e6b039ded8108edc9c72d9d1fe71bde110b8135bfadf8c1ecacf086926e96aec21dc2d71fd3aadaaab75ce45ba7cf3f1984368b04a84dd438815d2d18ea410d7a6b1811e681ae54bfec2686645d28cf6d479cb38efe274ef2372e2fb4ab55ee5eb9dc41fa639361e5a13230e68fc733d668ad967cc3a08c18155b02
32 187 100 2000 55 1 :7d1b9303981568e12cbc84a0ecb455e03866a5328e9687177dc5212159b1d42af4a89bf7273415bb2e1a17437ace59ca79cd4c0b64c42615814c41902ffff39f1e3e3bb68fd3f281413cf0b1c4fc1a3a34d2c9d1ee3746e3847f658869fc98bbbc09301f13881090955d78cfc09d2369f50e62c26be7e2c01314f1bebe867915bd803d7bcd96eea047fec78b8d6e4b06a7dac7e33f0639c8019e1d827abd257edc204e97e36741bb936f275a198af489b797dffa89f91b9f2c8089
32 188 100 2000 56 1 :d55ee230c60015c3efe1a63ec588b1254bcd29fa11de621b0e2d626d71d77f9f661afa3374e509ad8e121c466e65018ec8e0f793eecd1d4015f641172cde915028ba3838e7e2c1016be84cf3672179fe27367067977312ff8fc042d198ac790ea2f802517dbbf285e0705064706f2936be776d3e2a0b7cd171ff2cf2ee902ca00282087d70d2560173a031a778b3b1d6e11180f4af2a99e48f73659da60e9b1838fcaa66303bca09495efb2f0a908045212761b7965e2565b8b5e2c6
32 189 100 2000 55 1 :7b6a9085e84b30b70f9b2eb3bb68cb9a356a4b293dca42a256cff5cef572e31f8fe06accd5cbe4828e2573b0d692f9ba79ebb0261730ac71e4a9501fb2775785fc1c8ec15230a6b10b0f98fbce4c00b4514ee98afd68febc7235312d8e80465570ae1e6975eb7ac370b176600d54c7a9c9f161f17bf791024fa711453ab3e9caa0857383a15fdd82fd8e0f1c6459fb5ec0a0adce938f42d5d04bbd69e0c46c7779d5d2d0071aeffc2ef65275cdda190dd2821cdd52f7cf34f440a6f327
32 190 100 2000 56 1 :82bbb70f3602d1cc9c51a8cee3d067928f1d84b1e14583c63b321f0b62ce49b930fa7a40d5ab481107c01b20451e3078538a6d131ecdb81780af203038563910fdc6854de8610f54de2f8a30e89fb72f4fa40d41a279fc653b9235cf2e47906597107e07b4d8f712ac4a88c367fdb6155b56ce5ff423f59ccc14c8b9bf638f279414acbeccb2ebd7eaddeb85739d21547771f355b5cd587cab843489b625391177aa249e6f848a6c760de6abb468d42340b8841d40626f40e299f0c2a667
32 191 100 2000 56 1 :6ecf6b82b14103cf19dbccdaf2ffc9a186ea7a695cb2c33743d38910a2a119034cff3def8d94c34e03aa5fd25d864ee4eee8d46df84bd0e97689166783d66dadb77673afc6e254fdb468911fb4c8f768036e43ef285155115547d5c21428a32d6ee48d3f111479caeff2e5983afa8638aaa1bdd391336c9c044f2e358e4b46fd64c7ca6b804e507fce717b74d220c7b881d15f088173c886ef83fc83b94df574da1d41589abb6adbf3b2d898a18d85ad1a05f7b7be69fcfde73fea6cf430ac
32 192 100 2000 56 1 :fec3367fb3df1a39ee214a79e0e48eb4c792c76f9e3378ee1f494dd22598bc7d2d0cbd9a15314e2bdf396b15c57a871dcfdb5ea269fbcc2a55dcf46d1b19c31725f46276a188ab007113a6646a835c9e7ffda342d9a75b042163234cdf208ccc3060aa8e99b788ac4dac3d8a38544cf1dc9164017254d1754e0f05e4c39ca57367b59208437ae71e599cae82ac0205dadd87cdcbaddeb9695b9080f01b4e360534c65ce5775b85d8d2a5738430a7fb5b921f0246b7a9704685474a4b406951ba
32 193 100 2000 56 1 :971406e15fec23ddc13def707d17c44a7f522f201dfe5244df12771f5e1cf0e59ef5d0302ca776ceb996450d86b5a4384f4af190f1b0505c04b8539c6cd065697d44e6ce3cf694d1374fcd0c9461837297068997ff4a2074ca3cd56a46144310a5674b907b26e69e9b7abf6f5a01eedf4607c4f9bc311584a142f5a110651f5020ea8196c9b79d9ea4f56023e8f0de3b33bb39f0cc8b190d8f3917df70ba491a7e6acca0a7e68e46ff278209688a53268064c87581f5c72f4d4d2bf2d3cfeb9fab
32 194 100 2000 55 1 :a16bddb50bfa93c84fcf42fd61d41ed343d585467e4ff0b76952599cfb1b21ec9aff7e34b6f54487152b2d33d99f6437e68db7805b35452ea345b0f9671dec32e9f138de1526609314c7fa346d7abb9fe45f85e20fea82297b55ca3d8a2507fef5dacf432338c845937e6c0f7afb14fc3996ce68c159943d21aa341ef2e33c5fcea2521fb857672e5d09a7ba06fa6b8d73650549ad49d1b263ad3dcc2f985f0667446e20f2e3ea69f8a3ee7538dc6367fbaddf23c581cf3301941fde9344be304452
32 195 100 2000 56 1 :4a188f9c1a2772f547f12881ed8edb287df7947dbce77f3fe8f366ad60e80b0d3e0a0986b449d20464b2ab3c21d6c3676b3c656cda943e55c6ef39386856a287e48a37d4c6801a1f6564d1465b651456d6d76fbace9d8b0e0b1cb48f60818a05795ed1d6c3bae00adf5f9b839aa4e99a24a863205c33ebc0dc73c63690f319b7fae51a23452ce3fc668691c00cadaaf553efc081fa1ba1dd6c27bdc71fd7f7ec23bd5d351d9f43ea4fa7ff7a5f272e2e4da8f45de93ce4c4eb32d3fc6da3f683bf2723
32 196 100 2000 56 1 :7aa202168c8ad72e51cf8ea332cd191ae6fc68d9f0ab29dbd82063c0f73196a3f056a39baf8a69862a79ea8867259d4865f671565103f449437803de5337ae626901c382cd61efc1e52d56dda2e6318f7a674d1dee56888a9c387a05c4a0b94738f3954e25a801e1780d1daf8cb5ab998c883b2d81e55b4074a5847db5e47e2deb50724ebc2a9243ae81fee1e8ba712f5fdff436240f1bd9676cf0041461b08fbda63b1064001ca64575f58b8e87d46016ed3275aa904febaa3e25723e18b198d2bc4246
32 197 100 2000 55 1 :42283a2e3266cafe684335389ba19dc076abecb393bab027afe3a187fd6655e8a2bf6989b6860f50bc8ff0ded36af9e1f6fd686a5b0ea2b60015b6cfd90d807a1c8c65aa0ab6ceefd9077848e92e5644eb1fe7fb2b61ef72a29aa56040c6d417597c8c4356b61b8020ada1079047f199f7429547761ec96686bfa4256d877a51524179130b828b581dbb75aefb1a5d50071493f1fcdddc1e81251fc8e7ad743bd4f8ac2646125c94634b669b1ba528303176aa56eeda5be2275c17494471868d83edde6b23
32 198 100 2000 55 1 :0bb0b94796d4b039211bbea97503fce6626bcd1030085c239dbc827ecf5b1655b0636e5e86c5ba66b504e57a82e464790d77d25b6965c723ac07e3efdc9066f356573177c98d9a8f902f4e79b2bbbc9f2d933e6783d2ce5144dba168aa88d0f0992acc8bcda686cf13af0bb48863f4d2f277a328dff21023157020bc2e631f2967009c6272a729eb7f34282ceeaec5d6723fac6374b698ff5a4f89bb63bcaf65cee564bf618a4cf6988c9dd7c38449759303ca17165a933361c464795082021decdb77211732
32 199 100 2000 55 1 :ae2e7efe8af1c6e0e2ea5a92d8af764f1f147b73200d7b8b4ad1629d148799003702afebbec121deb10e7252befba8dcd60ed62c23f066484ab36425ce0f515ab2160943c8c2a4fd5a8c4d1299f11a9e85683cf1f2412bfb936eaff94710f7a50b1a137d4cd79bf1ee96159cbf4db374af5ab492861e2e51833e5092c05500135108d7f5c9bcd36e99ed7ec35141b1c452a0299d9c37eb3b7a5863b7c8bb03bfcf510e8bb3ac01e4ccee4d48820e701c928f70de673d5fc560d21d20b86d5c1a2e6270fb1349f1
32 200 100 2000 55 1 :dfc358eea41617c956ea5c7ffd76df00f88cc549cef11d13673c3b1af3a23df5f499a276d975b6e6baa062cf40920e362802df143a0b902b797e22a2397ee66a47b75cb48c4a7a5ef26cf6bdcb2d9c74c602be56cb3b80f249b08628811a09771bffa7a92ec386cee77288dfd88fe4ec16a18600e8b67ce85cd93451c3aaa4d5bcce157d3707ee6c2e7448319cc46ad42cc9011a21a8ef98a7ad9320fe437e1003fa4f0edcf498c3f75586ad1a1cad4353321c83b843cde659d5c63b6aa77fd2e27a69f22b182a87
32 201 100 2000 55 1 :1fa6ad71deed251127b95ceae8f03c684b240e88cd9694c0f56d23ba89fbcc9cd922735f1725f422a1bdb98ddcfd57eff86259d49ca9b54fd93fdb3257d92aeeffcd970bed5ae5bfdf772bc5a1db1ac727d26b0c9b62a72d46717dad82094873b3d17ba9de824f3f3435ce7fe5bd0ce60d30d5a3f1242662ac3841da4f4df26b181088e0521ce28ef0df34dd46b64145c74edd9850aee1a745d4c635e54643507fed76baddb164a8925ee87c3f5b31d9036bd6f69ff26669ec59e14f0d3ea29dc7032ffd2be07f0fbb
32 202 100 2000 55 1 :d7ffa6ccc3af133108395341e87cdc95be3c14d10fd13550a1427fbfc28e3c98f17c9199e5e58fb3a863b08a99b80f9be43d418387e8912c2cbe7e3ac23c65cb04d6660af60ef0ca04bc737be67e9e176d1ccfa6e9b4a011e70f05fa744282d38865f7f48cfc6cf98ce6664c04eea6b5d46b6ab60d08774a388fbb4260e848b7478e3e0427d242f2dcb23d29b2878d2b566abe8088f8e03f0b741bb176f3cf85872d816b816a606ca2e3bfe503ef33082158691a468be3a55495366234b3d6b756a4543be212bc4fe85e
32 203 100 2000 55 1 :3334ba3ec3af57b0e4e1773b404e2ab97548a2ef73167e293386e5c0eed384f3c4714a15af24f5ae126253dfd74eba3b9762a77afdc4251c3e03d7f46db4abf66955424e1876094670f48152641bbd3819c431d95a828b424c9f4281a9c6a426115441c323a01e2efed8b82078b62777ae2c75eab2b6a89357ba987d865e3f648d15554e9577ad1f2a119626ca011f1ac27de5d125617112655bd6bbd4c4b78daf8eb74c7abd403f50a063444aa4669b660a65163b2683cc3797d8162a60ea853897797deb9cb4deb5a60a
32 204 100 2000 56 1 :135d114ea894ddca3f3fd1dbf94dcb623e3a6a309d0b07663f374a5ed235c61b213d5fc4c03fd58f21ecca42777ad69fd83a7dfd2858b419e8205d6c2b800175b8687301d923f50b1f64ce70fef6d76188803c716ba034272148eab580dda0fc04c72495be37c0719f215b21a106603ab5dfebcb0a7f75e56320cc339f731f46f73d55545b04b4e8720b60b376b8ee919fa44ace7db53dcc030b598d22331c3e5a96531307d20f13051947d104c6178c9e7da1c390bb7cf669ac1a5cc1adb43030e359293cfb001d58e6e609
32 205 100 2000 55 1 :b988650c7035d04b0755bf018e575e6463ecac1c6ae5db47fbe5121eda4d23e6db2c724ba79fd2090bb6652860cd7819f6c1811002e2e1a8a4756859671c9ff85da81553648499729dfd7f3f4c135f873d6a4abd0a5f8e6a1f3ff3251c6fdcbf1db4029a619b2facdfa6d1bf762c857ef61bda0efed195077f0a79f0857f0078998c1d66881c920566100c6a0d1acc129145eef754e12d9254d377c6aa4a491f198031725708a792d62f628a8ca9237b2c53cabd2ce5a6e797276c95447da4434afdeb474d252f75cd1da6f66d
32 206 100 2000 56 1 :5ceffa0ee8ad29bbda8be3c500789794ff729ada716419197a8a8af7ff0cf34598c088795e404d8c2354809ee8156dd955e8d89a8160dc2637bc3e2dc2d55aae9d255bb4cf0ba3e2b2b03b95b21fa9c975169c17cc6c3ee9dc631d2b73687e94aa8843dcb01ec8adb15319a3f2d3d338fcb1f5e71ac334cc17d10ef817d69bc883088a11932fd1571c74cb9745e67de100f9373615a3fdb857bac2fa576bbfd9a04be0052d9e1e5041ffd774e9b72b24f4fff75bfafdf3f10d16c3d1a129ab80cbd9f3bad0da23baf272a21198a5
32 207 100 2000 56 1 :8afcabf73495fc8cc6e22ac399f0a8ad3b1fefd52180b62b99b3afdc416f3a9fa8635deae9c347df0a95c290c23d3bc29ca7d38240911ee814c5e5910e29c80f08e83d3195c5f0efd2625acb79cf394471a0ef20ed630ef5a40d6b90ff039583e203f0b76ffa7ac34554294ee336184a1bf99b3d81a0d23e5aa17389b0f6df6d268e6dd2435f2194fc9e85d883efc4f8fec260fa877ce9a5516cc7dbf44bde6e04ab53991a20bd7155be768d0e354b5ae3ab06017476a946ce745a3b4a006d33f6ce84f58bab915b188c203f5f685b
32 208 100 2000 55 1 :f7c51bab16d4ba7b2b17e3ac69185b69d72fcca0a5ed725b6d4157f88a824b135a032e563e1249c2d456c817368489a72bc2184f1b5bc4a1de1d13642fb6c9770462406953f08222a34b4a39b3468d225de23b6b22f2b38752d1eb947dc5088811b8e868362d0685a63a70f1d2ab1dd763dab622bebdd204848ef2a006f6c91ae3b9efe0ac4b11fff1da14d98e6362b04a92e6aa2fde00c22f5becfe9d64f18e6f33b49b6764bcca4e4d851925a8c3dd60d19dc6c033213b404fadaa90be91d0f0242a39fe093a48a699e281321070c7
32 209 100 2000 56 1 :89f3c73d534a51a974367a560d7ca1f045b6591b7bfed36ff825e0f3517a30ab287913d4f82410f7bdcda61e671eeab5231c7878ed93cf6c9b8d215f99108dfe76f6e7ed6ba646b5daf6a524fec1f4e30182450db1e70cb40c0dee125dcc20899c22e445d3b8b86dd8048c76f7a0aeed19890238ca02e842ce6bd0ff5ee17267fb478e5456487f8179e22af68a739f6898226e70fe8bc9f32ebada11e9e3e6675ef35405e87929402e73a291bc00a08a39a76a54bb370fc6e0feeda46e2d3b6a6b8abd120a3267621b7a268929b98ea532
32 210 100 2000 56 1 :0a4b9881ac276b4fc11598fe9fcd4015a53702ae82e2b4d12e1b26c92314ec0cc919688e6f63d41cb516f6fa48238c94da29b9570c993102e1a15967665bbaeebc4876abff851e1f97ef6bfeb8c10905da70e65972a4bee55600485e5abf58b8e74971c0e87349a2215955d1700664ac599a07c095807cfe4c9f40812c7a19b32d64951ca4390209a916fca45bfae34e8d6749bde624f0bfeab7dd7b139b8f27d702c9585a094b9b3d9cef254b1dc4168cc74786e44b599c1baf02bb58f0c99aeb23530d47ab4e02117b918c531b5140d9bd
32 211 100 2000 56 1 :8250c8b6d595dff09e8a1af39c722a5b5008132d1757951bab595f2bd0905e77035fe6a194a175f80805bc315596d55b206ed5110e9fb5ab5f7e2c68adb0b021597d6381caa05ddd5b5743725e4aa64726c8dcc93bb38bdca829df8c9bda8faa485b8caa4039525e96cb88865edb0fb99c9a8428611cc8a59664fcdb8b74b426e9d409ee16b402a5e8e43fbbc1af0aa137e0220f519b9046ab1cbf0ffad51a45a29d58503bbbdbcbbe14cbd0ae9d493898364d2576f7c0b05634540771b9a6fb1523fbf27e32969ed22c5260315f09a09fd7bf
32 212 100 2000 55 1 :35ec1727bc94d78d57d1c6865aa39c8d9ef9cbf9bf1839321d05f7188f23089ca0f4cf0194b9958556cb9834e33fa555870b7444a44851988b57319e8032bde5dbb6684e39989ae4d4f257a4fe207f115faa7febcea4ec51ef45c119616ef2439bc199382dfc8c00cbfe9a4dda60527436977e73bdc9e79c1b8ea87bb433382b6f6370f409d44d0a0a0ce7af42b918c782f0176fe1673063f958dcfcc8cef0d11431377eecadcd131913e0221e203f12b1ba0573f31f25b6c504eef4cf43dca9d20d75b855d86ba7b3f5bf6984e8236156eafec7
32 213 100 2000 56 1 :527fa00889007b403f639a912dfee4e7abd45e0af2901f7cbf1f7fb9ee1423812e89a893659120e7c663f11777d38dbcdb21c39afe107dfd825ab1bff194f3a7eaea6c12b991647dff87bd90f03d4f5da81e5f1a3ab53e953cd9174dc6daef18a039d29efff3a759a5d9ec2bd53f5ba8a5136a90311ee9eb59ce47ba48233474e8a45842d29a685be0f75e66665b7823487b37dd15e83ca316848c523f9e8a40b504b29995ef5b2be01313bb0f4cd898d1d38a92a12218cdaed74d33c781abcf349e6c9eab6fc03f99b7c341bcde91e5707b238f8d
32 214 100 2000 56 1 :83d0c11c3bc8403688fa1003f1037acee3e62b6381e9e3172dfe28473fe496ae3e1d6f75c3193434863798d3e8e0b3fb3330e055b2b3663431bdc694d6d46fb0340d3c1c69ad3a3e33ca48607f4c40543b63deed6e6ea7696b8cd42ebc0b83cab916abcf423aedaed5e5613cafe46ca4206b460e8071e1e86744f2995a55a63ce026adec7ff49e85c629aa1eb50500d67dc64540f298fe2d76cec4a0a63e1c71bb84a2af2deb4d35176cdfffd175617d1801e422761e7a8219ad58fe7a111468bd5368f701c483acbc23d2d048c7aa201ecd1a65b103
32 215 100 2000 56 1 :cf5e6cf752ff407539c9890dadd660659c48ed8b6e8aa2c2dd9e72d528375da2a259920269c5f7b8a9d1e5999fee9d0a6978fe2ec16e3598d5bcd5b2ad2b70d6c4f81e6112d5e09498bef14b638bfd134c6f664151384652d8695500661d4a7ed0cd943a4727709a60a8f1bf3f70fcc8d8618dd47e6256cc96bf2063a0f6d583282d3ebac2e1a6402c5b4412f0e24c77de2bde46d50734f697f5505102de5607b585d84ee4b8f0b1f8b14c8f3efa508a9b831a7a2ecda0f0a78f43e7f3b7e88cb2af632fc21b06f9593736f1d5039c3d94a0fae138cd11
32 216 100 2000 56 1 :8047e92a238254ed8a9e8ca57d24dd4ed32081fefa781fa01b5e913e99a022cd088ea28e21da5fb5bad5bc2754e444d810879f78782d79aad1e40975dab1fe3bd3e3e078510056403f2eb0253e39bea923352a583d8b4b4095ae21c08984895735b37ca9ae4e516a1ca44f799e5f6f4b275f2853e39f03a3d95bb50302a27a8560e4bfcb80c69cbb2442158cf2e01b24fcb757b3c8887f6b09425a16a9a288ea7a7b014b03e270155f174b4fa8a3c843bda6c8b6affb13d7d5620a5b81cb978ce6670aaa2eed6a72aae732e26d5d00f6db8e2728393f2aa2
32 217 100 2000 55 1 :a38dc69c755e432b780657190d17267998c93ac8cc15404ce54071f19f61e861299c915f2fd5275012027cc1f7857afdfeb7a920144ecab3eccc0e81cc89fc5558f414620fb9540853c9d6f503bcf96767bb46d5c960f064451e9be65f3684734a5b9cc1137054378bb2be5c78ad426fd93e09b4ec97168149cb9b8b9cbdfe1b46976e7c9e16ab2e74b7fd621ae7ce59b0366419adb604e6d425c4a00d627734c281addb399163aca16b3f23f105dddbd184e2ddd937aec999725d4c70ea0e483b12b92d2b66702fff61e47b929f3310b67df52ec11b01a49c
32 218 100 2000 55 1 :a4d049381256eae373157a1ffa0a25e67c891e843f3247b8b904a12f244c4e82e26135cde48d6c177e4820485812009fd545c4fc3031b768e392545ba9ee3c9f11c0c4584c9e62f846f7c3d8df0dc058d05be92235f348374570f15f0b48543763d408f3a315757e6f4611070ecf4c9086478e190daf5025a0224bca9ea3bf5158a98300f3f3e9b7bd56ef496e3c826089849e49057cd0e9f415f1222f1e2cd153b1a454f7d394eb5feefa48a44bac172aa2f3bbe449e162ae532ac3cdb3cd1e79f872da65b3ce5b331aad8a5e874c132310f7e4a0f179247215
32 219 100 2000 56 1 :c40e3e6462b9c86abd5e88f8eaa0f61f9f7bd3a9779da970ca3c93c47de9e25bd0d45f543041357b3a23ede43989b7012f4c54bd5bc93da7dfffc59b15a848098da464e94fcbf03571ba85b2297ebb47620f3f5b10427afd805c19d32781e8cce2df7b8389513246c0c605217e70fd58fa3784f05d3454c876aaf017996df104f2d72b8a7d6df1d429654cff7fc646f0d369791310d0976a660c47eaaa2838e087b1cd54f228fdd894f2a94b904d651a6cf6f099b8df74cd0dbeeee6f9fe0a60c26ff4380a70cc1184c8bc6f4538ab5a7a35eea34f5cf29400a31e
32 220 100 2000 55 1 :da47479eba1af18127effd34b00ab1ddec3579eeb8cdc470b0e37b25df5c332627081c04c17a96d7da620dde7c388ff7311de981fa4c2388e640f67f6c72774491c54a88a046c6393455b165c189d9babe3c71ad4fe078ad515c2e89afb441223e4a76edf99fd66a8660963c36af53b2643688b6961e334ed1e9bc330927130b2428feda321f87f55b7d63d9c62046ae074aa594eedf9f704aaa7dc0d9711b3bcf29a04d49b601a7b99f78c8baa81ba1fc94f4d28c54ab0c58290c8a4c6783594d688db3cf437837df7690d9b08f3a2cab44b3fa9fbbb3bf37f7cf8f
32 221 100 2000 56 1 :37009992a985a2bde39d48c2f086dbca3abf1b1fe094f1e8cdb74040f2870c9ac26d51e85cbf17fd2215bfe291e0debd3ff46251e30896587461e2f541a64c442fa0f71a60b72331cdb21da7a1d94b2535be978b38b9bcde3c0cbc9883d29ade00dc9a96f91c94e9dc4c40ca8c3a9954963ad05c6f22a48c76d7f7c660c21fbdd2a8a8271347032e7c12cb04f2d13ead61e177a955fea4add921ad3e52cb939e0174c12bd75d8ae610c35689e98f9edad69eca03667467186778dfa562c1d4f13d4f27e168ed70be0f07fc8b7a8998551c4626fd499279d5ce16ea7f59
32 222 100 2000 56 1 :ad2844fc41a2e92c623f078e94b4b6f210ecce5cbc540ec5d50ad8a8553d45b584a790b8939df256c14a8ba7738d42ace56dd846d99819b82e95061be57871b0d4aa313d766090ec04c39c2f84d7797317cff8903acb21ac69e3b5883c53ec04207c5c25a8c445c97bfcc23ae5ababf2027ef5f1584c0ea17673bc412d0d8a3deb0db5df1c9a04fe5b87d69c48cd1e2385422a114cb5aad874ea568150c4375514b7355529404ebef836d0b055a5096764837a6245d82f750cb1cea9549abcef48ea1235f3494c5f64aacf365c05212b013eaeffe644e9ee218a3ccc1dde
32 223 100 2000 56 1 :3c6a274dfecdbef99f06bf483be3855b9c1cfa8ed266a6183f34a30fadf80ef44c84e5c7af2241d49a2c296f893fab136be62a408b8a44d4be816f0bfb847c5546be51c14d33e95ff2416157b9cc81463ae842d2501cdb745ac01460ba6f2f0b7fa265cd765537dd0eedff1e38dff56a9f3fcd8387b1f92551c30c27ff78598e26c9223aaf0fa032c3bbefebe30d059cbe470aca8ddb5209c249b8004a13d9007030f4ff7164b7a466489202cb77d2bd6f946690a04b2b80f265e7a635fa3351e93f7bc0b04ba7bb948173a32a3c3839338a29036edbdd502174b7fb2150f1
32 224 100 2000 56 1 :e73ec01c0709ed48e7906293eb91909ea6ecf840b992073a6ed347a6a689957741bfa79639509df5e6e626de5268bd09eab510bab27cad815344add880e5fb2049b472fb5c20206f003161e9b7395938bc4d8397a836a8a066b41b201684c205db2d680d6f2801d054c1a40169a4741060e1ae752ccc6c14b3bd1480534d340df8b4398b7f7a24817e89d7cb7e496dfc464953c5180c98db50d23086be099ea34b71934eb48ec2de93675bcc67d9780ee593d2e0a1d1f7809e47c410efd2afac57d19a05f745a39e37a4610b80f070eea0d63a37e6e121ff504682a53745e7b8
32 225 100 2000 56 1 :4662ced892b577715c9c731d16ef1c05c9624d763b284ab88cadb737a49077c769488f035028a86554790f2c2ef860eeee273c6ed352258aa3016f57b0bf0de77c0a8d8d86e6a3c5e77b1c6b60046f72a2a0187ca943364f91d6a5cca480d607f8946a45026fda1555d17ab9401d8393f3d91968e8d789aebb868582b47a2de72c6d17278442feb4a14cd63f802e2e943fece63000c0278ed0cdcf1594532b78b35fe61b9a1bcaa8bd83980fa03b0d41eb62dea1e547ef84ad87c9101e6251ee981437d9d98dd5fcab9d06e79225f89d0b57931a8289acaa38c62e757b73a392c8
32 226 100 2000 55 1 :383ff83b0e98a55893f8693d5d01dffeb649dc615a104c79a5eddffcb8b1536af9fbcff9a5a72e7a104af08b90e658c4d94e7cfe3573b5fefe848006999bda8972ae8f033efde32cf5af51ae64924d05a443a0cabbe25b6abe82d6d8fdbc591d8ce7e58c74707918ed72d8ada7904413494ac9f32171f539c861ae16a301a617a1ca5a2c1eda339ec3061cedd0f94f003f617877dfc82321e9033dc1ea16991b8f25dbd3857149f453f03902ca7e342752cabb6e12817e4a651b37a416c26c9b427f788a123cc042c7482936ac69e15721696673af509684488b4cfd18f1d94d4de7
32 227 100 2000 56 1 :92ddd887a47fbd73a4ee3575dd61e3a75ebdad7b13a35714ba2f46dafd9fba5bb9e19b5d56e734e57edf9849aace5eeaa1957bb06b83d12abb9d0b3f9a154227175aa422e9dc98549750d38c1e3c1d5b3e82f2065e037c2ae24f705dbca6ad163ce8bd758eacc69819501517af53e127d7a11eeda1414016223758880d1a02bdf72749bc78651f14acb154fecdaf74aaa7e354ba25684757f70988a1d1b2f6321c0c4c9a66119958514e5efc134b50c9e8c97d5871c7c64b04cc5644ae4349c024b9b7013a2259a305e70897a4ca917ab59c2ee40785a8784f526b1b39ba24a5b1e0ce
32 228 100 2000 56 1 :b008da06c03df2c72129616c8d8259c26367f5ca964c16c2a1dfa72378df82f51249913c0393cd56fb588ff8fd41ef5445a5f8ee1320b05def60c7ad4eb149613887c4663e4f8f75518037d61b4fab6a66b23b0d903c736d6aa1ebd0b36d0ea774e0f1069a769986c846e71c45d34210d6360368998be03a0b4f5e393f1f4f25afa1ad6824fa1b482475791c3679eae2554567c23da2f6b2ca220355ecd92b296d33bfb74495b6c07eaa4acdf8c69678b21f1d9c363645c5262624a1c6f8f2447e0577950b0310fe931bd4e18a13207d6c9cbce7a2cf39f8f5ee0ed7cd8b31bfae622fd2
32 229 100 2000 56 1 :37f978a7416e6d4cc4b2bf18f3ecaebe9beab660dfc87dd9fd0a7d88c349bdd17fe5a10a558340ba58c9b359b09d2ea7a8c021ee3d6c676168bd7d5340462e868ce87d4572a1530a3548dbbd5efcf24a1e74c8aa85fff52bf703a832c9a7760dbaf0d4d026b28ce8092b1c10a4f25ba13938fcbab55aacf0f9ce9949bf127cfde9be993d9425ccddd0b1ec86c3e952c11a27dfd32023f578339536fdaf3cd0afe077970d5d1fd1acc0c26bc33a9874c458456f02475aeaf51c942a7f3840314360c2deea95fe1ac400e469560a360fe72b027f7a0701ac02c31e60db144b7ffbdf63b3623a
32 230 100 2000 56 1 :4f48c209defb7b21094bfcf687d4add8466fca1ef3cdbf8f44a9e7472941f6e5fbdc58cc6c09e2c3e6db2a9ac33e2e59653e71895aebb823f9ab7cb48293a1fcab2bda5926ab62ed9f90a3f2ff24e6ad7f70296c1d3153e1ca242106a1f49fc3e1e65effcad166a586b2d40a26ae00967965e119106b1b2e8a50bd42e74f8ce3d98a0cd629b77fb4597706ff41f31517be342cb54d42bda4a2cf790835accbe539e5bfc2a0534a79bc52b5ef4e675a3546bf6a2ebd1403cb0a698404f68944148cbde9812ef808c8628e7aaee016414e9d17a1b08ee5696a322c1526c65ce39013551c49dfa6
32 231 100 2000 56 1 :d6a0be93fe6f3557cbc943472273af4ddcd0992282a010a9c258dabff8f0ef667d2bfed9e4f2ee1538afdc1c51ad65aacff0acd01d6d8aeffc074ad50bfdb3ea0ed3830580ea2ca672eb29d8cb6465a128fdff630805a3206bf0d58dbb2dab1e393f714e392fa4eb95d383b4594a6cbd0f4d75470f264a355fb9e9d7f22b31fe023ceb33b8e4323cc3c183f468fc682e7034c61c5fc37f0657cb0cdcabb3d0eb33e94763f2ddac4e03246291c1766524d2d7181dbdd54d34d6b41870dc76b09f7168efde611c89b9d90d98ffad175e23e5c4c59f71d6345dfbf57878bd4006736719bed03b0cfe
32 232 100 2000 55 1 :e363c47791a191cd7b56c62f71d69457800859de6d737a31bf064672fee5adbc872a83eca1103e67d17ceea7cdc270521d68770f838e9d6cb8c7e1f15e681be6ae1e351477231b921344faded744f5f648a5cea6e50c0d1999fe5b50e3e356e7c4b2bb2c4065cad96d4233ec6835a67d687199f9ae04e8f047e5e75e91baa6bd925c2ee5e9717982abe71a51b897abcdb45e61357d31d950a838240f18eaee3365a4b2e9bc305b988b28834ffb9bc78dafaf161df516f377361997e5b76e0742d27241ae45a70421f4323176dc64b8f1cb6ae0597c035b2e00bdbdc53c64b4f0dc16428641aa0a76
32 233 100 2000 56 1 :cb8eeeac8b22041f0e515a009640ebea33e0aa69dcf681ebf2ac326fd136c49d367213af104cb4ed55693ffc0da4f8c9903663005e537ce5590934b352bde1b27a7b3aab60054a19a0c66e8a133df3261c91cb30cdcb4b253d61a25eb54ab857b7366842b3702f7a8e6a6bf05ce0833f8564191a014f41e1ba75e5cb3e35986d6dd8cb515db7cfa2fafab37f12e1663fc89fb7362470cf17ed350dca9ead85953bdcc85eca69b9ef57416f2170f810b6d27f21f3ad6638aed5969e85b4f6892bdb73a69f285e7d54c849f8b60b37e5d906358ddbbfb5527e5c16d7d495f8721bb739da523563bc5ce9
32 234 100 2000 56 1 :fca6f7d80f5e9b3d493ee5eab5e2c5bc3d7d02549d1a4d91698bd259ebb379f3ea2e4a7c07ac1b8a51bbcd8b1b56cd0041349e510620766fd581438456d003dfc9dbd08523b5365171af80b13eb353705c6795b3768c9e24a4a1c720c079a8a9708ce6f4f6c25030c03ea3e0f53768fa241231862d854fac91569e318cbb9134284eabf398d6b80bb9c7f95d364a71f44af9acf4bbd51ca6aec35352366c256a5549b91d2e83bb01487c08c62cb455b8026092fc0ba5b6c4bc31a93da4d54b84395084d67c5ad76c7feb39fc24039f570de4b007cfbe4d605ae714c5f2368e717a4e381063ff9e8e03ac
32 235 100 2000 56 1 :44eb089b95126440932b1f3da26fe2d0e7837defe4fd24e01adaf1d3d3fe968f3f4242c20d33c2b59cf1e927cc5d7999b5f9d198620db7643fe2494f8a4d6201eac2d5b2c26c000cb7f1a8aa1cb12f22c06f7c527d6743f8d5650796990cc810d802d9289758fb55a57fe680dbf8953f1aa2e4bad99b5076a216e6cc18f5d544afe15c909c8ac8a7d2dbfbadf29f5578d6a4d31306691eb930cdbc5be9608d155fc416d72c13ad43b7211be40d5bb1020dd8f27a4cebb60b11b7103aac56eeea25f2b7de1306a4b550778f604a73d870ca8f7259f7686f6ecc63562adad8a74ef1844fae42b70d5bb8be62
32 236 100 2000 55 1 :49d3ea00ea3fa34e6bb2c08491f68be78561d96bdd2d1b0bf6537ada27dccbb8649030e69e49e4c109b9f754469354ce81667847c7fa8b41b0f5bd8ae7320c680a482d41625c5c3331beedb9a9d518369eca86ee66b1944dee962398d59ba24104f279bce85932c5be03e8bc9f0e51865d70dd126b2a9b11eddd9a83635938b78771e4e15ca1e7e00232685e603383410fa199ecfd0a32af5f98ec3c21fd3501d8bb1b4a91954d873baac80fc882b86c0b37e2bbc94aef90d01267c5617a09490b48c0414457d5140166e8ac3f85c6c7e00e74e1f6d09a25f730787929e1cfa4fc2a29c46d86fce19329413b
32 237 100 2000 55 1 :47ff8e290cb11dbe13762bcc3c64b500a7e66b06dbc7213aa6cb7255fdef039aa938f9034d9c8b5da86719100d37b22435866f941eea9b68774a40fd4ea97adb5f19d2e4fdd05ba457de3e77e6e461a4fac0ddf6e276c9d26636b5cd7a8d996c90c0c24683cbead740478194653911fcf98110788f8e23eef41da424bb451169657c464c26cac2c9afafc14d4943650ca737ebb274a4c6712f4d5f3106cfe3a308c70798082ea6cce654bcc80514ba7faf24428979ebe96ca072e4b1ceed7c1426c8aafff86f12c544d86b82f763233038f57769db7abbb860a1306fcde20abcbb9590473606312eac6622452b
32 238 100 2000 56 1 :a3a855d5c3a57698062833b35d83a9dab35e28373cb42d795cfd76a4668672d608d2ae59ea5bdd3bc2e4b4aefa491092c8154e8ca861790abaebe6917b53787261df39c8c56234901ca3e098a090c28b92f25947db895da6b84d4be717b30c84cad85e0539ef97e71c18f0d640791ddeaeb1bb2d7ab94fdd0e9d93e5ea4e8eea8acf0999e45ee513003e912e01ce6aaabd7e1ceb26f01bf7d7519192d586feb0c523877f465998d6c6cc282851ce30381f566d297be4d567abf1a18509ddf19291ac1473194f94e14d1a9a3c39f36320420cd9545b9697354bc458c707840a33c191c6d4322f92dbc033a35375d7
32 239 100 2000 55 1 :ab55397735c44f4f59b2e0c2773ca5c1e4635d6b787545d5efea729243ce23cd4dd7d54bc86257be1c6eaf94f3bcc154f243d654d631f03bb8d70b6fd9ba73e700ea76210d713f4ac786f8c750f9a9061980a084c4a6ed3e9521d882de13a18914dd94a7e91aec7888d6602951b54936d4f8c5f7c44ba55eab4c1fdbb2ecd9eba42b55869084ca48471d9cc084d9398062cbc6afeed17d92ae729487a3de65e733b4286f59db8202e43038486ed09748bb6126583c33e225fd2096dcc286cd5f4bcdc2ad04116c7869acf9f1af64ff811d5d2bdbd2f9002cf44078d2b2d0c5401934d3c233265a1986dca95c8c5c7d
32 240 100 2000 55 1 :6845466acd0b64d8ba0da51fcfdf33b9285e7aaa7240d5acf5bb74f4a8c150258baab3e73434b19179c3e6c096e6e08514b7f9420d8a0b5f53d6b216b143cfc5856ec934e7ca3ac744d731744b951b6ba2f7869d8c258ed26661c896309f1c9a5359b49e0481bec708a8a0cb8f395f833f4e40bf05b35d7f717075c5055d4b8083c3ba056527ab1731670c5358790581df09c75fe596976d1a087895e4b13ddf7a1757c1d2f797c2b5c97430b84344bdb6dc1bd74028d3db915e532e4e9db89facca9c539e8391e5b6397e69e6105d0e01c830dce50fecea57e4a24defaa9d238ffe0b432bf91c5eb1d546de8ce67221
32 241 100 2000 56 1 :80cc14aff72e3880dab763c37a2defb7211198d805740778ae86ea247cfcae0e94c7597ea31c6d40a6cd346af0fcbfb6c4375102bc4f8a3a5b2b6e9b1f42db3424f8ff0db2a9793e8172574fea875f92067f56e5f17c55101a89fa62066d48bde6dc35a106091902394746506364aaab59142203d5bb7251f5dbeeab9a919f5521b516963202ded91926caac09c8f9d97d4be3b3ab8fbafbe5269d10bac63279dd5b284ab1a285320afd56661b036bf220eeddd640e21414386febac46df7a1ebe106f5d9e1dc14c98d79b547d7f107a038f2ab027cefff4535bf7ca2350395506355d0991b46983b0180d9a9f50befbaa
32 242 100 2000 56 1 :6b671b2c4b28b82a65f8045ddf5f6c46a268ead33b096c9bcc12ca7fcd27edef0937393d862caa8ca4239b545d162d2a3243d20801d5733055df2a8fa21a35cf22cd1f29175eeafc1e4c8e6612ae9d1265fc6ffcb24ebf7455bc4aedfa4773d115ecfc3dfed1c28e4b8ab69fa4133ad2f7a8c8e09e50f6475a1eb6210fe5c05b3e8e91dafc28c0132d97b5b05506c1fa8fc9fd03efe0374b8b290cde4d28219569121ad956ad9d7431122daa5ca61e11cedd83b9227c1285527fc715fc5506b566e7f677dc96b16b561c4536c780a14b383831904eb443ada0865e7e942d213d819922ea4d0c26b43dd1c28c3a909b850e65
32 243 100 2000 56 1 :fd665ebc45cdcb2dec2929ddb0ca68e51e1ea4d98a2f0ccaa913940c51a4b975ad71a0c6f8956952e2209b644d15b8efd4d192b5b269e4efb56fd01b1e5e8de690e0d8fa81e1450215d9de79c7fcc0ef13b33462fa69b85d0e4e66c18f26cc814358900104f0de7571b34340878bf9f1a963e93720e31d8ed6e561ffd36b47fad120ddec3753e19fc441e34925fad2b6c7306de906fff0ab94b0325fe746a7ace6af41e8ee65f71746b8666f73fd0ec2ada93c784dd221b04630bb047b7e1779c3a3e86ee98aac4c4c48e20699a5c8e507f98cae34de11612d8af59006705c6992d59612d04d913eb53b396a7a92068df15710
32 244 100 2000 56 1 :9e17967c6c8ebba1decb789e2fceba6b66beec2c177afd49ab832e81d454968d769659116e0d9f4d747b0e35a64e095b7b509aac7a238e12eb57ea0e463c788fda7512eff5419b900caea7387e9f985e52473e49dfa18be9f13ba3bee2d3e066fef42a41efc3fc4cd1aa8a638cbfa0e3c6dfa8148599ba7f14e90fb8bcc246571729c761a202afe9cdd78c04cee9234719deefc59f3b63351ccd5f79710cda6a1ad90889ba56b36c1870f6a5cdee649d32e58a94bca78461ce17e3c4ead45211c8bfc2b3b2d2ce2b3ff631b8c10abcaae1ff6ed5c9947654511145849a07cfe2bb1b502fba1d540dc74b431a1499cb75eb12e0f5
32 245 100 2000 56 1 :e0999a7fc343c21ead98effd524eeea213bca1c6abd0155f269f9de61398bafd3ce6021f2d80f5c111ecb5bff044cd329ea50553b12500d4fe4f50cd83d5eca8f9ad63a1714f6da8018ab6c280c76c95ef0e5a88bde62676ce0e762ac64503dcea7577ae946e4dcb031c28f0c7eea0644de1b3fa0e597cf8fdbb2263d13dcaa1a20eafa5e0b1809cd164db824abc7ba09812e462fa74cf282f7c45672e36ead7408858c1b76a4f7b3cf09912d05f4d30f00c608ad95d0eccdc6edb5669b58f52348b8b97eabcebeaef0618c2c882705395c4a2ef3be83ddb10ae879ccc1ab595dfd8b49ed1ce426f3b001a7ea51992440055f974fb
32 246 100 2000 55 1 :3de7047dd1632a882fcdc553adad524aeeee731f05be10a06886915a730429aea915a604f7e3e4ca0e4c9e25c1cecf9cda111a55005bebd3f60b0f79e8f05f820b6281074f8f851ebe883fc799f6f13c0590f22da33ffb3a2dce94cfc8eea9cd80562b552052be987e80be6b6134a433eec27c9be732821b043392ee4deb60bac407817a75e583c00b5ffe3935831e2321cfa5a9b226aa73c1d0befed075d1d1ba023b0fec575df214261a954a6399d7625528d334170e7bd5d6b6d2971381d3e2a7603c6769d70dfd92c1b1b1069252856428ebd359493d505f9a320b61ad4f1a7d632129efb649065f31fe420bbfe212ebb4c95902
32 247 100 2000 56 1 :5e08a240b557c88ebc88923a94a0437ddfa520f61d28f998868d7e7823d78919f3e9993cf6ae0cce6c6d206308efc71ead57a04561e02932839a249a14dc55a36f6239cdd0eeb3825dd26dc82cfa67a98cfdec7008187e80371411fdfe21618dc87bbb0d25b85e02c5fee743298996ccbf9c031670038a05599c04a749a7b141e9a62673a6b282223574e0351818712d7a8d8f5ca244096d2175f83acc6c28ad426d0587ca73ad8e9a4738ac30f01104d29d406fdec0a06f8a7ba8c525110df21c038aeea64ef95cdb8e0085c23d9802a9f39198e0bff0d62dcbec4f4b817aceb0ff16a36488550c8260449f36452438e105549990aa08
32 248 100 2000 56 1 :f35a79c6cb8ace28bd097eb10811a57490dd8f17ee37214959e72bf2b573f72e274f244ae2b4bac6ad5a7d61d332625f69fcd4af27a14aa2c155c3500276f12e5fa23a1e1217f612c638ce93e522c53177dab5d01bd30ab3dffb830e575daf1b7541c790464420541f6fabb06e426d9f6e1821f84590e734438fe3beec4efa8b3124f489e2f7c62373dc96e666cac92196a3526a59c3b44f8bc4279d583bbfc85d044c386827f4391fc726cd6f155d009a72ea2b1a2ec721dbeded765df43d3e79db08e30a8dfe828697c85015f9d751af3143f97d2f4847aec1bd9a3d211f6a62df69f177fdf041700b4f6006ec558ff6137a6397a1d9cd
32 249 100 2000 56 1 :97e55597f5dee69f574cf8bf3aafa0eb35e4df9a8a3b6d9729488498d8f324275f6aa6da05cfd41f3731197624f6513b8aa7049c95c8f8d1efac2fc385dd063f6a436be26333822e81625aab52e6110b097a01c36c1231b93c91be5fc545f7b154867609a37f72f4b444028c637a395051eeccb8f8df450a22ab1d1602c7c9e88d28ff4fc16e4841871a9da9ba1f43a8e72fa8727d7171de4ae8ce389aa9d1656adb90da0e4ea3b0bea3e20b6a1e546d3c66b8f2514adbd7194f515ab1810a26e4359d0b98bf8f6f8c8088ac8d2a335c0937bd580bae29a915e4e6f30cca9a38dc0f57d4644a92b0e2880972294917ea04ade770dcc8e80aa2
32 250 100 2000 55 1 :22b97e720cb00087233c20868c43701c94cb0f894f5d95658ada59b0e25fd10760ee7ba25522dc27b0019a0b16aabc4577262989892b3e353c1810bc7866f34a862a298435c3fc9ab7da539e2c3349e0723c30da3ea64f92bc58343e1ae0c11d978c3f5e2e07179523b00c586814251f4857f911dbab7b2d68943232f691d0183af17e132a6eff8f45c4d07525cd8cbccbe3a6634cb38941095593aa0c4c0db08a9216edeb2595bc4e03f506b5bf00a7a684e2c5ec576b40478dad81a6b33b7223390e7995f1b50d695e283a8f1a2a8576decd584b94abd9c1a528c8f54c487745af419eee747daa7cb66cd80e053525e736efac78c822819895
32 251 100 2000 56 1 :14c3b44a6803f20e0778a0f6107476a4ecf80e8cfbd1c7121313f182c8a8dc67d2f9d9d4918908568bd208f7b4e4634d6d5ef9a8561c86aa3df169dcfa85bfe55a073b4e4b5f1c68b35e60b32ca04e482440bc85482a9a336c61fad02a6b2a23e7278404bbfec1ef416d9a05df2ceab46d2772f5cf4eb45b3b45ac872701c9a67e46534e796314c11fa62a45a371c8c7c4798b3c407a5b89cb42998503a4d4edd298a6c108f02b31bfd00eb2050a218017b683fa692e9837fb38e8f73a95237d8d1454e4f32841afe9208723d874897294f4c47cc9e3720a391ba023fdab107f330347ed2b2d305aa271f9f30c790719980d7cf2d6ffb719869b4d
32 252 100 2000 56 1 :0f1b9976d3ae72f1b7ca3f5b1721a9bef8ab398131bc4a1508642d829f11030ac926148e76a4c7607baba50f22f57cdbb0046b2db92fbb0b384b22fe823e2e1f057ee4f16a031495afef31d94f3c1ff6849fde5d08081d673d1671ab57a50e69b74d54fadfa4755d0ebad946db41d21e312da56d1e8aa50b99f4465a145b9ae79c9044faa7964735c816c662e9ce487a5f208b99029043cc7c38f55a9a3db8a34553ad7b713d7e99b23783a7b9a816b6ee4fa871ee20c4ec4871ccf70e9a2d1e05d4c186238764719b025886bacbddc738d89c97c8f8cd6cb953f09d5265e6817ff531d57b161a497125fe8ac7356aa2e2fbb1e711fcc7338be6950f
32 253 100 2000 56 1 :e9c9063d5180683508dfbdbf1c835623d3758ab6127a00a3a6ce58fc559eee078ef93f5c985078079b948ab60d43e9217d08799a66702710625237300a96e59861951f1df5472b091de030a8b67139e1bf77d65feb36baea3c953c6956ce7603c391c3fd21f0ab711de252fce7a673c6332041131183dd25cf51f2cc5d4faef277c870bb7ffb17c158a569dccf434bef2b8c788be7fbe7d0c642d18d631c31ccfb76607d41867a7b3525d123518f70303b07046db28462be2e5942098539dda6811d7f0c750618df2ae3986261dfd2973d7d05a6c10f4e819da0f6b01863189e07b1f1e18955a844514c0be02bfde883f1822e03b4d2b54dd5df5d5926
32 254 100 2000 55 1 :3b9dbfe0f673d2791a2be0cb6a334004c3cbf7c3ce52062d5d70f4fdbc1dd42d8e767d64972a09985b977aa407ec9f1cec5c266ef85dd61f7343629e6eeb42172a72a0b8e0bb6079da81dd83d67379dce4f3eb74fbc529a69708ee452eb4bd9784d7bb0db8f6b63002ae4ef018984805becc2f8d7926f6474e7fa01617d4fd72f09f8305b46be0ca13c9b49b901a9b383cbc9220d46e084b60365a54858bd36c6d03d2e3d0f7004df53629fd66780d4991bdbe1834467933339162bd859f82810cc031e07c9382c4917a269279e8ea545bc2e6c8ff4980847a6fdbafa5a13976739b7b24f9b8ad3ee892fa25ed4058a0dd45aa9773e461c97da66d2656c0
32 255 100 2000 56 1 :4b71afbe099549eb2c72e3709996eb28dfbf4edf4cb181d871af15fb1d319d27edbd908a4d37262f8ac1c1fc3ca393bdfd8d4e011e5db6a0f39a6b25db0c0c8d142719c5b3a01a1ae45b743d314e7dc85610afcffcf92e413f89c4058a03fc35694a3861f564d255309283bbfc6c19967b619aabab458be8676031b1a12dca5046b77f28584df9775c5b5037131a2f873252f1e0eea10e1111681587378dcab7db522dd72c6d9cc3a3c7100e06aed71e9953782b34f9ef4572fca1684b23ad668734403bbdb875b9fb8ce1c8159e6fc4884e3cfae76d5219756f63da1fa27264fe3349e951bbab2807727e0c3612d9e7a120ce0e0d2e3c9ce7a19bb34118bf
32 256 100 2000 55 1 :0e4d597590708b9a166ec1fb405da3c08d1b790aa029b27e04dfaf3c98e86d6f0fac370638375569d3761f38a5b76f00a6bddb348bf90bb4a445a6126ad73f2d684ef03d8333b05603a09d5ff5649cc80c939fb5040d88a0de4cabadf75a258105f49b2a2e1ac9c78c70ebd707ab49e585b024d1e616a80adfd616eb68a2f82a265af89371575e407cae7c25fa4edfabf2ee6e28f5c3512ce8c0f9c84f9cb2421ea2c62be8f568c63681270f7ba9580a23651a95c774e4a6c3bed1c4285309d58eba0e0be2d1300bcf903bb940573e56290944b764102878578b941e647ebba45b593c0d65bcb71688581eb08c6f4f971fc99f877e9bdcb43e0d5cc0279cec98
32 257 100 2000 56 1 :67bcb9688002b4546f002d6fd53feb5d0347c0728c60dc6a9ed3e2f4389468922540be704c6e51099ee835ad24c711a3f55e66f73db498f96891e0f7939ce635a9566987777f6d52b33d869330ab4bae80066588e06512b7446c15fdaa42e12c3c58b375ef3b87e275bf129e2f34a256fbd1441c8a093c772b6993a3dd6e2ac7e083aba8971f43f523fc5d6504c1cd6f7fd8395cf102cd95a0a6750b936d5c43ef0cd686787e7363779ebe5268b571bc28ce9f6791a31658e39077180141c929ff1c90bedde3baef43b5fa794af7a3559c54f9c285c07a8e275b8b6b8c65f803f56e4edbe286d16cd231954d45906e1b5b1045a47767850430316d8f9c4e21905a
32 258 100 2000 56 1 :4b3a138eae3b9c4c09eff70975b5b8e10e41aeeee41f651f501533dde0297126f81d2392b6e81ca8186617c227764d8b3f646bd2b84bf331b2f57e38f9fbb489c4878ae86db6cc0e4c4d6db9166d3537cf71830ee6690b19a0906dd807d69fdb436b331555d3fefffdc88a8acdf579f2de953cf18c82bfac52fc922e1a40605d8bea538623708ffdf53fc44991f83ae2a778e7053ffe2135fef57dcdc06e8454c29dfcd402a0019a6b3aa540ab6a2924d2ba0df4baa42fd55413ec0f8d3497de732ba6d26b998a43280c95b80fff66f1ce9a14307ee2fc97dec68edc8330b8e9896e95ce5547fe217c0e58fbce3962379ad07db09495c06acaac1fa10fcdecd3673a
32 259 100 2000 56 1 :448273719637a89d00af8fc312b1a524c297392be8c8c0aedb114707a7afb98b2b702ad2ec428fb426dd7ad06ae294227f4c50bd86718b894b29d2966f5799d9cf5a2d1420712768606211f789534b79022b58526c48a4a4b3a13e275805619aaed377b01d78f3e936f604b881cf727980fe497c0539e26828ea2ad5276a8429c6368a64c3da835bb1a9e3c8649b959b024076f5bc141ebb2bb415a1ebfaa3690463871b3d3fde7a65963898036ea785900135d632cfbfe29cf6cf5ecf07a819b39aea9d19992d54aba32cf7cc9d2f17fc0838cf13e1dde1fd1b627c1db9c0d2ea7fd04d78ac8a660ab0691161d8b67be02ce045af8d672aa1a189947cecd84bc929fb
32 260 100 2000 55 1 :7cb93e9ff56643ba565dce11eb2b4961ff73290d29049e279fd3d53c0f4235dd0f3a5b8274444d8a71c4c1e70a13c32dcc2c301ec9c9eecb37c96d9b912261d7576c2ab8a4b3062bdc37ae517ff0fad1faa27fce67470eb3b586811443663d25a3f3fc7b8823ce944be817fe4ae853eda21b5f7f94a4e187350dfc666d43631ffc767765b892edcb0f3021bbaf81c87058fd7ac2d7f520241415dfba77a6a8e20a597c1d6a4dd318b0ae228cf49e354fca00248dde6822530ae1e3bf1edb3362b9a4e2282b45b07bd7d3521e0fe6ff64647c710c9e941312f7559fef7253a2d2d21d0d62f96bb805cc73a3663dbed542a936652dd58871e00cf957886267b5fba318eaca
32 261 100 2000 56 1 :a36c0335f8c37b9dedd85cef68c1aff1ae29af344b740829fc9f6cfd7c68f261366da28beea2edeec560d86b70ad9484da38b50f6aa7671ec2296ba58a0e662445c0dac1a1a29a6d281e52cc1bf55a593c7d78f214a599206a2f6cd1b5d9787e4993bf9ba313b18f9812b1f681cf96c13dfe074a2fbc8a9975fbd66f0738b7777fac0cdac878faf73a8050efc703a73ae545a2866a4c49f3364c5a36b4925d80ed6c0f8af03bc053384530673f1d5ea824438ec2eb461dd83b8a5cfe14d0bbf91e50f65ffd1de4611bb4afc145ccf32fbf98d8059c13db570723fdf4e176fca92f1140c227966fc784ff3fa839044c336dd455ee4873ef6c642383362fe4e72f755733a332
32 262 100 2000 56 1 :b8bc31d71afc3fd1e788e2820f0b4ed72a04ff5ee6cd3988e995f128b34f37f07a41141ddbf460b18c7f1841e62301f29fd090a3075d9a043376ceecfe05663c7b08c3992801007d93f79aadf8f2ace22a9da020af1e4be00a760fd097ef3a99b2d0330f19a2dc2b2eda3b4936c530d18a0437f7b42f3c46020b3f35adf957c4ae19958c2ee08ec92bc1c5fb6326cfca39a0e5f04e9a5b056da044d2a411555239394c5ce4e38b5825c5abc048ef74ca649f356c8f39ed2002adfbdcad85886aa08665b5b982b5c005d9db095a872cfea3e2959b8688b9bb1a218b49e17d6d86b3d18ab865d50542f5bfdee1bac7f7a1782c5c2d1f86e26044185e9dfcedfd0eb0ca803d2264
32 263 100 2000 56 1 :5c0f2e305c8abe29f413b10ae108544298c546243e6f7149b43817f0a04b94e7dfac3c58240ec60534f1bd67f9c9bdaaa8fa6238cc905bf70fce9603f4fa6db2b164396d21dd1b32b205fb12ad8828fb4171cd7d2e21786d0328ff55ff82a3af540c722623d8c9494bbd9f1e752e05ed22a748a20f77423afd3be167690847eb23c58c3a98587f82bb6ed98311d555175d8e943d0620d01f2ed1f7050056a3299656d02a7199a04d24f43a3972183327acd9a2407714dd1a7571bb338dd85a93dfd720acb15da99c0ce538694973a865324a71d61c105e90297f3087f3277615e05aa5dafa5986d5be2faa18f7e95e0bbcf951ec3f061d4aa77d08c9df65ab3f5616343d946d7b
32 264 100 2000 56 1 :ebd27fe366412490e05b90f6371adbb6f07927be612781a88775de79a144c824c4377ffa07b3bb70d9d153f77cad36c4bc09b44c404b9e6227e949845dd84e62f30b47e1175e4a4b7ec70f25f6ddff8ffe6d64a859dafc0a2548f7a87f8c250b85734650db0b73988f97668d3618f00739d3baaa496fa075edfacc3df3c8ab3d3befeb8edf7d7954586e8de4c7375991490db314f6914109a7e338a157fcb0a8f638dfc1bc16b192b0e5b267b4daa419c4a855f3fb0aba607de9e10aa45a10947d82abc7d27814f8c5897fb458cad209ac48fdad16c9d9f30687143c6883235e265daea2a1a39ad90a66b05464b619def82fbce3ffef3bf59536a43d902c9e3e62106e66d5173c5b
32 265 100 2000 55 1 :530847d1fc86fbc532e07a809297d4db7a75afb44cbf567f8baf6758fbee7fd043a410f7fc4a406f57a636856305e1b600c26062f27624a2f35e34db95367180dee62e2d96e2e90814ce8e4bf632c9a5bdbe8c3b353f31c285b25dd4c6d2ffd61ad3d565a10f73a47dc8d22c6e47fbaacb66693e452e16cb893c84683249e5d9d46396ea179166cae79e5df8bcb458e42c88aa8bda93fa1d51d0acfc6b697c00d9c0f1e0959041798ea7f3add3388cabe1bbac2e606092dc31ff977511faf04e6310d8914a6845f66eaf30c2912cc8c353cf5f36337eb3db1e87bd054cb6498ba1511924505c74b9bf7743bc36c1c30c3f84a0dd5e7378fd6d250143fa25dd0050475325b1eed26708
32 266 100 2000 56 1 :396173e7564d154a0d953151a408ab8980cbcae70f62c74723c459717a80f9bb8d0bdf301039f0528dfc9169b14b863ff70359e6bb946fe26269a303766f0396f2ae7f237c8e104fadd3dc06a3c3cabe9f68d1375ef6acf265f5fdb703255dd12e1fce904d7480d8bddbfd012133986e79d194f3e605c71d8df0984acaf5d26ded34589539d74fcc2c18fd189ceda98b428856a337b19f847badd8eaf9378f32f46b104b28bcd58efb78a71cb76264d5a3473001388868ac686f427e60d5fde0926b8717d26717fa4d21b068744f7b4a33bfee39ac63a783a2830863c2aab1adca2de79bf7550a71bdbfb20d1805a2073c25cb6c9e963b15040d66672275922bec3670a2bc38f0d1352b
32 267 100 2000 56 1 :b4b87847ed872bb4b0c54ba3660b5efaabe30d735a5b1e874925a8c25da437a2d529dcc70fbc6ddc1541846d99c24d807cf8cf555f5d6422d041e40d924a43717047bbb2b3662ef3ba71b53b2aa12551c15aa5fd281d2030513ddb0b8859d273a9a18f6023738ea29ece96654b67cb040f7dafd83b56828b50c807f85389bf2e704977a07a08ff43094ebc210ee031502262174ece2fc2bbbe47d6b886cc3e6ea013119842e4d9cb2f5e0e8feb11aeecc39525c89e0bd8f3c6e471251f046809cba78faaff73038fde1155fd0c4e278315932103e8a0693c1604c6a2ce32ad8721502fd0fa86b96c241bdcf9df28cea8062c5b6897f3087afaa635f65c4dcdcfbe2de62598c2188a6a468d
32 268 100 2000 55 1 :fd91c4a2b1467d993dfdc86340d09d6275358e9daae59b774fbd6f8b769a961fab9d001ec9272518793a80e24f8bbbef0c697ef2fc0a45fbf13cf69f7c5d03f0abfd61c8617478adb65edc164788321476671d8bb670c637d85d66282a70080effcce7ac915bdaa75880f62962577f208ba0fa0bdcc8a310cbde331907bd96cad06c71ecc80da0514fee698e3a0bd66b8834e290d016a2e197d698517e8d55bd2a43d4d8295c54cf455fb136826f009f41bcf2a67b52ffde6f804ea50aadec40791472ef1f1cbb536c1fa0f1aa46a4dc1e30823afaf138b2c62a03044d4cf0f68ff4fe71d23b79d24d8839dc3332306d37540effc0bf9fd69d3ff3e96c9fd42948310e7f6b29f905b00f84b6
32 269 100 2000 56 1 :0000ae04064a5fcf5b8253eb498a20c494052a1b592d56114093affeebfb382b857c81d802d771d1f5e398d608f75b31626cc4176e78e3dd9ea863b5ba32c6533ab5b7f477295d76301af57dd85e03ce5f32fa7cd39683982dd87e79d6a437b96574ef6440631dc9691d0372118cfb890750ec1fa2c329f60576d960fd9363109ec1b913d2168e636897de581ead26a53851ce60973424c0053c62edbd12f85396a706d0dce35a79093d10ef1f619ed7ca1fdd5787546ffbbb37bd68fa71473ade85487113cb600b7e2439d02179de3a1e8e9aad414b6afd7c940fed8cc1bb00c3a6aabad3d5e3d0a8e13c2b672d582d226595ee7e083b87f59b1190afda90451e6a04061e64b01f65d206b437
32 270 100 2000 56 1 :65cf99adeaf77c191ecea154ba2672cb20e43e9123acd84d651d3dba188982547b56a3b684d6b58f43a6b1fc96bbe916b0bde53d10918f6089d4bb105a2c67ae1ce429b6acceae08c2c9fb29768eace6bd2e88ddddc4d7f8ac110ee80c1b1879683f6a07169647529d60214a7373ef53f53da048da138521a7fde8d01b1ba90c2088dbc998757b53356dd86bb4fb4a739d5cacf4427bb60dcd18bb22b41d57d225af9623b293e6cfc675f3728a6d899d06c9ce05ba7825c9e89ec63505cd82dca88409c9b1fee694d9002ded60d1977e60463791c44d9316832b8b6a40ebaa21c7689c8640b6dd635a05417f671f24c5ce02225f101efc8174a3b76aad1e4f492b163379d4ef91a633801e1f0e9f
32 271 100 2000 56 1 :f07f74825632211a76ead6306f4554d45f875c373372fa0bb0ce968d36abe4b4e57fb34b713a1cc7feb63c1cb84227fa4011987cb121e29cb206e1285a60337915e2e04ef1e68a5cd2600778e4ed33d5d12b6e31ba3b6b177de31e8c46d0f4ddfa483ef7bccc7f71a535105f4f508fcc9aff99328c00894eb66d5f23900534c9df5121e2022fd4468b2913ed177956c89afa2b5c42756f84debfe9d5d70bea7cd96502a75f76a682127525a917084a49e40012d7df459af0091896f0b10c25878032b1e86c531c06b271f221def507a5c04e916279fde275857c9e03fba47f1ce369eb7967a95e06aa17d512bafa9c90fa062e998a6b618c48b79b59aad2b1c595c7a1fee3f16b0116af7def4f0275
32 272 100 2000 56 1 :73c6389f542e5a36a0b853eca4618236aa33482d3a1e807bb940f4aa8d0c55373704841e9a7fd69e1dd749aebb8e63568638b257770bdddbb3cf153f70f00ca043e1e9f846c1d01db92243edb40f8eaca052a0e28d8d91db37e1042e9e38cf4a077f652b3ea8a9b16c157b075d9f1dcda001e506be6f0fda04bd63a4aa4b3d1feab150a54a55dd7a069623163c3129ab9dd1579ab0dbbc29ad64d9e6048ffcd582b54c97311c2b580b3e8b1a5230afec06b104d5fc36bffe70267300dccf59b3b68bb737cd59042449068634cd8ea36ca6cb92edbfa82468fd3de3a1efe542f4b9394a663cf272a024cda4c9fc677477b80da12a99af78076f653bb0f56b7840f64ab3067c41dc0e206b0f7e7d4db3fc
32 273 100 2000 56 1 :1d3e005ffc78849d2df053efee2e20975123eda9af948a47eb8c434acbfb53a0dac1ef9dcd647941ca0a530ecec648b08d8e1064a5994344ed0390e0079a0dbf975d0437aec9ef06f1efb02d3da0c10973b0b586fa43881d650bbd77c31ce38b92e167fc457a9f9b856764b30696bb9214d74223e7044c5f844a1ea8fc476f2c41c6ff65fff907cc1bce058e766466e0496a3e17802b4794443fedff1daeb43f3015fbea5ea2299719d10da39555a3e84b10df1cc5f679a14f8686230b72121551b47a70dcbae6a11c8290040c9d5b103a77fbcd3517898981474d77098786fdb13eefcf79a5e126b5a1f2f4f29170b9e77de49e08a4a413ddec3765d9e4c6fa531b4521c82c0cf698f6a3dc0514a87999
32 274 100 2000 56 1 :d71b21b9ad7b3ea9985f9c12eb22e4a4aef0ddd6da68269ecb90f1bdfdacba0c6b5b5d6fe33644a602c6be475c3dac5bdc1d6711d4c2e33d15061e330dd87f12c9ba30efcf3669e156532808818767f2b1f0b63e1750d77f3793d81f432adf9ff44567c5bd342007ffea90324ec909e449a1686c03ac61ed23914b06962235460896784bbc1fd0140a0d304b3cfd9e834705ef0907f624ccf10ff214d80c4fe879e95f70086a28ce509db19b395c8a1d000dda6d280c6dad3532ac31bcc85cd3222b8ed7948e05052fb2eea8f2a7e2b9965cf9b928055efc867fb46cf0d0769678e8f343cf2b8d6429594a4b19f929846bbd341dcf162b6f84d90863ac307b5e6eba8f7d0f65d3aff5163216a2f3ccd3e598
32 275 100 2000 56 1 :7c3f7daedc382f6966cfd162b2783cb381dab3395313c4c80cd12922b62d51c54883da71ed343a4b3fc5af9803d2b9dfac2311faa2b8cb266003a3141e2a1ced1e1323bdf767bd0ceff7f755659bac2079d45635a52da1c383c355ddff69bf99efae8b709ffdb9231c8d6252e15550d2433919c7d781b133dd92bdb88fdf86263302bb928dd7dd7b81096fff3be878e5f978eb027daeac3e71db6236ec5b8892dca82beae94dcbb11d772d298bb9795574d7bce986bc1ee731d052c63c3c7027b9809ddfc28416cb599ee2a0707d9d880e13ddc0837dc5f318a7243f800d69f9ac3a0406cf94d9dd5fbfb93a33b9360f7a48723181c0c9fdbd2847e6cb0fbbc67cd4ef3edbc2fe0847d3687e64efa7b40a1ef0
32 276 100 2000 56 1 :704912a657f716ff62432a35beacfc0322c7a0e6f03a8919ad9bc58b3ca1600fe41f8e5bee73bd7c8cfc7b0827bfc67961b3fff552221362af2dcf4175d593e9e421546c30081ace3b025796a0fe491d1108abbc3ee9a2c81b20dd0744593d9c7b2d443a4a23b8244f8e875efe2689cfb77598e4c9be55a5ef9e50797d04db4f732f31f9416db161e9a685c2c0545e1fee533d8b99b0cf92d1eec22b8cffe39984955ad8a122b1cac2225b4f1fa8df88dc44742b88532f3a8f469777e41ef1ca3c877ee51eea2a76ec246b397b1fddd24c105a27fcb10ef59c1e86cb2804b9649729047c4892580be9c2fd01f3b95c8c3b38d11348e096ef6932b7f8ad99ef231947251065cf1b1d0a1385fbfe89843b9d28913e
32 277 100 2000 56 1 :d75edae4323ab54a51ae3f4f4b210f42e46eac451d2278e7d6a34127b30d130a48a8a836b884cbe9593a7e3ea87492e6b4688165ed82751349fa8703f3fc637fd8972fa891b9d73fa56a077e8071bd6fd634e889783d403553f6a751651ff14ad9a1de8cff15a8f0a3c4fa9d05ee516ddf669be8a14ea6a120bd3ada319ea3ece27221a0b0af854ac0ad19107b87f455fa27ba06f46b41a51f42c68d3e3654706a4b05873e22320d6691ed7a5a25719d92dfa440ce3973ae61665bbc43259f710d277ef2d5752c8267c5611788a09e95e285f98ac8f90f9e97b53a7767afd827a3f5072ccdf294140b9e44fcd1c3594aec719b414a51258fc0318959846dc2192302949b4275033f525c2f394521cb2d7e54e57dbd
32 278 100 2000 56 1 :3dee08a9088de8e1838c0c0c1269e48ba90bcdf1526287876d76007c054e3b9910f89242e8e852a995684ef66c25ed054486d65e450f1f4a9483f50e9c35fa3be873ed0d09b6e5ef54f91e245125a207d006155bd559b1b3e5de7b394368d16c24c1f92c33eecd22e35479ec7affbae874b8577cd0ff192d4ca80019c2645b7bfe3c7cd44ec43812d072104968970f93e93ffe5895746a2350e96c19439440bae64ea324a3907b6ba4dd3ea23419e9d8f40e8b6bc384a11b01aafe4dcb8de78d26a82747b74fd6196e6ee6ee45b0bfa5b0c9cd1be24f743a575c90567a6da4413311636b8c35c454723f4525926ef8d806607dbb0e1218ede771d240faba6cae2d19185d595eab57cf00bf58a9b56a82bc4299e58143
32 279 100 2000 56 1 :4ec6179d2c641b5edd5aa8529614157c4106b1c4d7287cca8eee9243279830b2a086fc7456419517c800a9fbbdcf13ac71af6d4d0a7d9aa27055af78493b900a2d0488a508e9c66601b40f3dfee944d90cbffc8d6769b966b1406e21ab05e257464ddc949edddbfe8fefff5f06f185c555544d7bb35490e65cfc76182f6a02e4708a68841085e857cd9117be04eba60c48e93c125d5afa0c24946cc82f0c289601083aa1d5982f239e7a8c337549f1b95ebb467aa56b285cc428ed4a373a36a176a55a7441d69c5659215ca8e3ab4644ab6dbe3cf5e6a8cdf4c46d0b87fa1d55daba05994d00b6bc6ce39104fb706278f414640ced2ec29baee4a35fd6278827b27e4c5108c80a8497476ae311ea833ce9fe90ceb0bef6
32 280 100 2000 55 1 :96d0973a3613ccacbb60fbc8ece67a25f877f400ee3e200c6c35b8f7f282ee1070524c50b52798cc0eb64b57985599b8a0319cc33779f36cc588f966bceff95535aa0b371d791a63a38cb5c6e9d0e4f32a08737326e0c546cd07c850e5284c67ba2119b4a3d8e83ec4b1e2d4d8d988063794367513c9d359b12c1c398ef1f31bf62483d46860b0985b1ec98a882dd26825e44c33326340246b9430b6de97f722e6b7a73d8694b54632e8ceca9276c675855a45ba75bb6b1f8173d0dc9fb5486b882d10c12f0f13e49d5375d84f489d26b6e32775b56aa8d87033716a4099b31feef4a1660fe88fe40a8fd76a29d94db12c7592896ab452fbffa5dcc87ad47327cb2f11844147bd256c957e9df2317de3ab9fc7f03744940b
32 281 100 2000 56 1 :580f81f44a7ddb9db3306d50fd25850d5816037f3fdc0d30693dff0dff21d50b95a27d56c41199e07a3929bb751e3ac6cb982a25d6e89ef1659a76fc302d580ffe3e4bfab4125f2d1ff0278807f6048724d820b18ebfafe00425500ae2bbbfbbbfad747b63817af3be07e233f571e7c98e310c514b07047742c0c88226a9d39d4653d20007eeefd47ebc991da873ec2c4c4431c39d1b30f0aa7a0479c3b7a8d9ad1da1edba5227a30ba3c4f2971f9a91bb3943f132219324613ee38871cd7d3a4797c4adb18c88cb4839072d1884ac926cea948f0319f288f79cc12c09ce1cf38ef483f29f116309b59d0d019e49a6b356cc87ce53bccc7179efb2058fab5093f986051ee440246b7191da64e92131c36db677b1ce441c59e1
32 282 100 2000 55 1 :7afb686c81cc4e03652fd897db40cec46693fb92b9c5fed196180037f60b6597252a69bfc6a2b248fec08c78dbdba99ffba4d7a88ce843612c6d6a26fda59e359577751b772581064c7af6082c6cbae9b95b931c8f0a7e6ef5bebd7af3811786b6696b0684ab4cabe617ecd1a65516ad1f51b402ca0faf5bc70f2c9ad8b3d09722869e8be132756f2f4837b1248385a59d3f30a60ce2ffc86e43cc9365af5517dfe25dad38a0d2d7235c62111160518a67801860541fd222833cc11604863591624279e7dad7f8631d88dcf20b158fcef93d69108fe8f30e833f97c05f328301bcdd5b5fdaf45ba28bf2217ccd8455b97f8964c627dd3239c5a68b6a4c5998104097c0c6d0fb10034df31edd5125b8612b2cf5c4b55333b2f27b
32 283 100 2000 56 1 :ad5350420b5f785ee740e6b204c714f928efe231e679e27668fe662b803f8e61d9ce98dc6f79a39039419476274b831c2221c656ae83bec8f9a429f5b3e421919efc2aadf274941aa6b6bdceb975367d782dee69e97ab3c69de6c7a08be94faddd18c5e0ddd61f6a9c96eeb5626fc1f43701b846923e82db32359a51029a51c958527238593190e6ed3c7a6952cdd6f9c0605e45cc069b7eb26dcc9090207ddf3e527602c70f2c708b56d8afa8321ee99dab9b4382ffd5f4da5c6ec367e9da2506d62a5945510efe549b37f244eb7f5b87669719abb90a6d65b8ff6ebaaf6768817ec2585912304a615313c3b4d028415fa578a4329502b7cbbe4e6f09b9e1119009606da4880cde26326b8b4e4e3aa77935060bc985777772eb47
32 284 100 2000 55 1 :57c82e743d206dab7eb1fa4f936d8c13747ab6e5fd889ca05ef64cdf90bec57356695873436f0fc57115be5b4a75b11978733af3c7a2d46596b0ffbd3e3596609360cafb89bae7f20aeb87c45dda122247cb19fcc5eb15d102ccc43725351c48b4d5bc794779334bf4c16577738cf2c8781ab5377b36e88787de90ec7c3b1df7081a3df1f085607a336aa2f22bb6690ae7a9c21984eedd72afd7736d13bbaab588a2fe4ab30b35ff3818e9ee78c54b46f9a8de64ec43d2ee6e6b0f853fbf19ff5eb48f23e4dbdac6162164aad7a6409f340259963bedf70ba8b45b81f3c64b756c3c7bdfcac164a4d8e8f029c02cdb314ae208d147f2ae0664df5c678a35f13823d676b1b28fcdd3e8f50cebdd8a63b0e9147bbe2f71635438b57ba7
32 285 100 2000 55 1 :5d102c1da0613cc4cd4382ac92645e13846fd85b33cc9f30abffc40e7aa6d84040c21caadd59e1e118df19115a59825a68e1c837029b03ab1dc3536eb837e68d00a1f64b9f0fd512ae26ae7dd54ac7005cdb58015dcc8e3c27aa094732407047c19d2f615b4fb85ca905a10ed4c2fc04c0b70ddcd202ea14e988d6dc591c51bf6f4af7eb718d54477320951b946c38cf72dc08b51352eae3c00088175b4415e6fd467fba32d219fb7cfe24fe8f4e57ca0207bb93a43f2fb55577386042001cd4a2bdd6e737011dae9bbdd37e51f768d1f293e82c5be5a0c2ed8095b37ebb02aec8a0c279aac2fb28cbb2e0e0c11471566412a23754cb0c8eb341d6169cb37895b2232dd4ea21591d49ae44ae814b084d1105952037b7c9d533268de2a6
32 286 100 2000 56 1 :8668247e0f6d525a985107d09aa47188561d955d98783b8fe20c7ad61bc7145da597923b5f427da420355aca1d0bb0403674ee7921dbcf5b3611c22dc42308105c054a7c67408d1fa3eaeb0c29626951d417104a32608ce3aae7f181678b6df40c094d805664da4e3141e25bc718fbc15d8a12e85d8679363c5ef73250e6c53a94a5a75e006b7cdaebc62fbe3cd307ebaf3a62d219d7b629ffd7cd617b60cf3d92bcd92b7e135050cae50194274c536a3d12be2b6b352687526fbdd32ae28ee68a26ac60a70ee4d9f6912f37139d3d2d39d696fa927964a03e4788b3069ee5ee757b35f3b131a7c990346f18db35f4ec58690b2c544b22909c01273ed63871dc30fd2e82dbffe8f25e1993700860e68cc8d18fa30917139479be35063543
32 287 100 2000 56 1 :10dd24e60f7494eeee5d1dd51965de6b09e00686d3d3d8faf0e7a06aed9dfd7cbd01cf37af0afae3726fa422a8a347963dd62da4026d6baa6d369a6cd6eb1ad5e585a44f97d10b0e79af98f12c2e553b0f3ccb5e542a26c2f935666cefe5c30405dceb65e58f084e052c41a43b101e4bc0ddb54b56befbfb1bbbd07df68ba530b55d6e5374569d7bf4a9b969994c8f9000f5ca74734774b630bf8505fa48db169e0ae20b89838d265a62ebda5acb72da60c8f7bbe4a7f214bdedf1ec5a45ab160842f7a8c00e3ff8457fcc351aa8330989c5739187c2b7ca80702d6e366f0fe1f79c4046cbdf942993532d27d15cbf8d851eb763fc041333b42cbd0233d05976e53753b79a69500a49edb766b23f5e7f537412af0533897ec46e680bfc7078
32 288 100 2000 55 1 :e17fa4347233591951bcb25b0577ca31a1dae4989d3457dcf32322e304a8edceff1075be0a38578e672e6c471b9a70d2f5c0022974710f6edfcff8cf536f3b378e6efdefc1f5a9a593fa42aabd465453979fcc69363ea0d57e2d5e77ac64fd9055df110df73a6e419789e54ac88f168634703ed60676ceb718b427bb5e2279fb8cb035adfb811450006704d9ed91214b82d159e591161103407b4a6b4b38cccc0d1674d42c03acda1f3f033180079b3bfd340695c925fa08e265b694db2871a372158e63be900b0e3916b9512af2e54c189e0b3fb3f639d1d3908d34e4da15352fd7e26577b33717d8bbc0daf99be606f9aa3d9a4afa8e1bf2691935ac8ae3b738ed233046ea62fbf69639645515a508e0bdef959e300fc71cfd8fb9f8806113
32 289 100 2000 56 1 :4bdcbba9396f7f21ad4957d76afdad5876be4553deb49bbd6acbeca7352c2eff20231b4f2000d81c1cdb1cfe7a2bc93268ca8abfc357ddcd7374cc12b4ac8906248ebb5bd93ddfd93c038e98a7d16705b5f012df584638e4decc66af8b9922fb6251d6952344c8e0e4cee7bbfcfee5004e3e6f955a7bf2b0e9eb4d1b0f7e52bf69a4ddf40532747b8eb374a9c6d570b85a99435f74eacbf7b0dea078b89281070f669a6f9f4364d9b571833da8c1f507f55c9257799d37ad0f8b4984fda7272977037419824ebb44d62a6cca5659beac1171f3ab493b50cb05738a33f5ad4667ca8f3ec4ea329746f1920746b98f74990b79286e048235e3ffd8b1783ecc89e6ab22c0314c0d176f0a3acc203818002adcbb3557dd7b96a00b06153af049881226
32 290 100 2000 55 1 :5899416abefb47caaf3dfcca7dc109e8a1037f26aed08d858481108b11b57e575e72c08d038da53c46b05b1bb391b6b8257d92d44d3f4acffde43f29b2ec46b692779db6935b0f3f0d20a42c22ee9c4a98a23d28ca93f2f5dbff8a325cae116b9e252fb541769215d36186bebc55159ec6f460107618f474aa57999b6232298997f2d73f381d5bdd7159d3f7504e15c1c4ad3b574fc1c48d04e86d5c53753d6b042175b1f2387c4a4737d0e4cc376b09066a3df4bbe83000164c9e29eb18b420bf307856b4db63d4bc4a31b6dcd11c6c6cd5a1256ae86a403f88f1c579a2907a471f4e6476d84739f21738dec6bab12cf2ae089b5e7b8ea1bb3921bbef796603efd6023a7545b7a1ad10233fdb46ff5504d12d8aedc97dc83f3ed1f506889836c08d
32 291 100 2000 55 1 :9191ed43456f9bc64b57e797da29a073aa8a7c8c85cb4655ba690bb0db60178022edcfc15764f243dfd515c84647de9008ea03ebe55dc77ca28bfa72f85d5395f65c391bd3ed39ea6e55ca1988814c7ecf7bb3bcd3862464763060ddba05d6378ab8b19741a3ee1a7421331a1f43b0f13eb04dabe02babe0622ebcd25458f7f584088374cff00c6f46d086af8d5342238d3b07c43cf01a12768672cd6b90749fcd40f23517be4311e5848b17a3f638242a1e1c7edbcad3f0d273424fda533947828b6b06b7ddf3878140af0df8aed8c4117d7f9104cc571e55c62d414eff5f26573e22830d46e25fba178f5aac031bad035be293d34810f864335f7578b318736a43ee62ade3dac35178d3acd43e56b9ef45acd13fc3f796fe06b20327faf872d76745
32 292 100 2000 56 1 :f4d82b28966be8cbb607224e591c977f4c1502b3e04d95b7147256fa2c7346aab0c4c7981252adfb8f4ceb89bcebedd0e1e8543fad6174ef8baa8a277d168fa9319a9d296b58f2296bd6e084b66cb1efe7d10102a87b1651ad2c811b10161408fc087f24f959da0852665456b9b47dc9657e82130e02a5cffc26ca23f4a807ce0f04019db2e25e0171f65121a140bab0326d87941d50697e8dd8a5be1645b0f9c033ea56954a1a600108ddd5e6f7e084c3afbe13559602a95fcb892e578178eaf8a1bb6a334d724e79aea71e65fc9c46c87f5472a01fed8856f7bafaa652bfe5680225f338426bfe74e17489507b1cc8e582bf0b7d5ecd7a8c8fce609082047592a322e3e9a0c67c55e2f208f0df760aec1f163e3c29b00d8d0b332f745fc588590969f2
32 293 100 2000 55 1 :888e944f32696074e3d1be35ff3fa070c42267b4740f68d86184a05b25842813cd8eda61d277ad161ce6256badd6aad15f350c0da534652ffc8c07203bfd4851253ec1a2a4dcf00fb7eb16a7ba05b4e158036b2d4da96d2acd21168008bc67fdce7fe44d049366670b21c4b08198e87df4ebc1ba1a512ac209905034152b65272e908ac05e550ac2f330684d25e4fa0aaf4204ce486c3ad76ff8eb4714165b9a64e8244be0ec9f2364096e33a9ae5de86a24542efa25aaf22b3f52bbb35de69638078141217d8acba7c02f5f6cbe15d402040625cb4f745b70153fd3960419d4235582832bd58689ea3e39c4ba3286a681a1ac474c0208862f16dc1eada8b3ecaf6ba1309e0c67751d027b4519c555b0ab34179e301f15c45572d7d4de821c9b4b89307ed9
32 294 100 2000 56 1 :71f35c3416ea419d5983d46458c39f3a926fa5237e650e7cdf35507e1d5a8d94977dc95af8bb968a13050f57231c1d2e12fd4be5ffa993b7ddc7dcac3fd1e5c84e2afad3d399cb7ef1646c324c813c51576fb019af3df7c09ffd9f4f83fa4d62b386efa93ef11a616409e9f9b245696841b92c645e6a444224f39d47b7cd764ae221d62e9dc6376d47d99f9364d078205e7822df30c928ca93d0c8fe787c569a9f70337ca7cea6667a30bedff74e27fc7d35db497c0bf64c619fa97b2fd37b3f1b66a2b2443372a9dcb5b36f1e4e466e0e03309978f681e9dedb6147048a2b2d2e1dd58641b501848ac39040ab226af5a69cf7b06efbbc167009e53c510c7447d0a7861048637998fbc7b989a604c2936b52f3674a7373490850f9d9e407599b01ec925c61a3
32 295 100 2000 55 1 :a986ad35dd026c1cc8a7525526a7baca3fdb5f8f48281180f764f7410e3d781fb51336bc71328839b7b1edcbf925fcd39c60de3cd75f300b3431b4a0a7b0a1735e6cd03cd2598767efab48d1637f25caaa424d5dbaae06cb7264b68e15e2009f6f47fd63df7db1ad0b9e60fa82472afd8363fd1ee82e91767f3ab8443bb34ac1b6c8ebadf289ec4432ee36eb1c898dccac75bca50de1b4f34675a8fa8d1d8823448b9e24dbeb6214be7727deb1b90e847c1eff69a1e7648fb7901d31c64e6e4776b621109485e42f43c5e811a3c76a92155de0c8962815f0f8db94a2a4e26d8068b7b051469437e60abbf2a7d267be49f472314695f8fac5d56c3da58d045ef7f2ec8681a30953c18ed698f9894e6098298dc92db4551dbaebe838737b7038fc23d16a98d882a5
32 296 100 2000 56 1 :639216c5a431e6ddb7e8e1210fcde61cec87bfe04652474565056d1cb8940b6d9fb1d1068bfe29ed7ae82ff897babdfa769f4584a645cc089b7ef46e0d273ee4521b0aa2ff94fe18234a0aacc29cc2189edba592bfc2dc6b44ddcaa70f9d08064384caef1eac10361f7ef4aec25f69fa6b0b04596b34982f9de89900ea3e7ad401f9c2d0722e777c3d45cf05573c2bb9e46c38e3fe359978af356ff9ef09e19389bbad7c29d018766b463866fe100baf966fa67c33ab4eb9a8f7b1ca9a135177f962a05e6bf0bed21030a103128273204ef9ebe9a991d0d52a220d5c62014b9ec12dcc84fb1a166aa53c2fb5316e326ea020f24be4739cc4fcb34277c24a75f095ef76a2917148a6a57f1f520e4efdd5332a609abd5f35b918c5ad8685a7434c6ae866c0dc317660
32 297 100 2000 55 1 :b2dccab8d79ffbe1468715a3b0ee7b9430d3bbc74539c7f0dead401d19db338ba3da12b21f21d97b15bc782c13b696a0f8cb5c8a1321831d43f76680b906d2066e325d31f869b26b6e7679e9390b2d23ffb6dc7d39bcae0ad6bc3b71c019f090abcbd203a45a0f47be795ac54dda7fb16c149ac43d5c976fe8884fedaa7428fdcec9895b03eb19e2aad3e03efe876223563c31c18572d6d76ac15206f5774ee21805aab0287613ee8be067e56de06c72e7b72adeab210e6f3a01eb9e863b6cd6d40f9a70552368b6d9c46028d684a2f06495934fcbe869990e43f6ab474d6593b7e1205333bd4311920469ed593cf64d27c265ad0e224909f308923d645c8ce5c8285d05f43e3b674eb88aed056abc4a2b1779fe31ebdf8c0d3dbe23b51427a0dd5e744a63de3e75d0
32 298 100 2000 55 1 :7bd65565ded393c3600e891c5a2bfde673fa06ac51baac5b962ca5f5c04019873b1e3a91839e890c612059e56c40e34979cc613952f356185966ec29d29a7f11d425986bc9febbb77fbc0c3863aeb6b278820029bc87b1f1f6cf45ff2ae5fd74c25ad2eca553b1a8a412c9455b3f874285360fafe5df7abcbf3a06374dc89c0ed47272031f012cc5360f12f17cbe8a6282b0dbf25b5ab9a1cb4ea2e7844f4ea7c81f49ce67e48bd1bb26373c731ece2bcb2cd3920281dc7c41045cd0c1f703418041e62758e46c97eae68b7c546c63a54083a6c7397dce5928415743db887b883b43acd70488f22e63cd7336f954633996fbd3f50e1d861e15bbdd4b382ec7d901d677dafefbb2894bba98026f07d07287ca61e81d9447132ed7877e9213f3cf4cd4f010fb896095e267
32 299 100 2000 56 1 :bc2615e2b3b19092d278b89f1207d6b09dff8dc9246043535e111e65ebd7299d4ab7a33efbcfb0df92cbfecd7d454d03b24823f829cb3256550685aac5adbf0f1265c5180c043247026b22602c9d79b1200300a3bab114908a6985d44f0796b12600dd34f8170abfa4b4f989f1b9cf33f94bdcf0a6b38810bbbd2e705c7d2c341c271baf0a385e32c769515357b385e0b7524520507ece4fed59c7c551a45da78c740986e5c6c9997565f58887364961fc46a4d89f429612d7a44f130a8e1d40f1db7a107ade584bb523c2526358bbb1df6bd280329d9802c8ee834c727c840e0dac5f9ec051e6f6d7864555602567e228fb91bce7f9fbf9213da265fc17678111ea4877f3c7ed25671e100aba629c0245281acbe343cb670ddb7c9752b49877a305b6722afffdb20d73f2
32 300 100 2000 56 1 :aeabfa219352eddc805a1ec58f752477acf171b018b5a30359043d473f3406be9307b7a7104346b2454f4cacba6cf4d2adfe8554900abadf983df73d56f5070a8130e4379dfb0d48d7761211769888ab7ef137807bcdc134dad1e38b4e46f755042acf602e4b51a83472f570143fe99d53a957852c54c899d35588f755154382dffc8558946f106dd7ea1f784f257f04845ab1b0d7d122dba0add4d372c59cc98fc6f9ce89089ac827c2a1b32c0ae0075151e00a0eb3d89f11fad4639974dcb649b4ca5c8950eb1cfb940032ad21a0331bf6e4fb6e533c91fdc873b422d9d8108536946d60dd0338c253c7a4923cf9d08246375a2adcafd0f42229c14a5a9819ed819af12feaca05107520ded8bebb41cb413dcefc7efcb1d16b2feb86fa943df65334f0959caea866654378
