# ERROR 32 1 100 255
# ERROR 32 2 100 255
# ERROR 32 3 100 255
32 4 100 255 63 1 :c12c4ebf
32 5 100 255 63 1 :aac7f7a462
32 6 100 255 63 1 :be787efe9810
32 7 100 255 63 1 :e5c4674d162ef1
32 8 100 255 63 1 :3a68293353553062
32 9 100 255 63 1 :7f9eff04aa70800dba
32 10 100 255 63 1 :8e193af802b61de695c1
32 11 100 255 63 1 :b4d38ee8e17d2a229f70a6
32 12 100 255 63 1 :cfffe0450cd6cee7b96c4fed
32 13 100 255 63 1 :f89845a2c14a01740f736eece9
32 14 100 255 63 1 :87c1b3b658db290487e8c39addae
32 15 100 255 63 1 :5b1b2a64447437d5caae7522003f14
32 16 100 255 63 1 :0345a4bd7e0ae7c1a2a5aff4981ceca5
32 17 100 255 63 1 :e8fbe360556d3bb2d35d0f928935f493b2
32 18 100 255 63 1 :517d38c5f919abfea66bedc4a83644840cc4
32 19 100 255 63 1 :e9680ff01d21b1ae2e6eec327779a6da13f735
32 20 100 255 63 1 :081a6df8a83e6fa391e985b6e583579b643b11a9
32 21 100 255 63 1 :17dd9ad8b135dc4538ab1c37abcb207622247f1632
32 22 100 255 63 1 :90976d4dccec0aeb91af244ea956f7eb88056a4f5503
32 23 100 255 63 1 :9b00e1dd00cc8f966c09fa216b0de206c92ea5aa92846c
32 24 100 255 63 1 :235ed78f282a2d8770c03c3eda7f596f091f5b254ea37dfb
32 25 100 255 63 1 :81c75dc8c96e94ab062d9349905386676fdf0c189fca2caaa8
32 26 100 255 63 1 :2b2589dede9400899345489a85291115ed135f38641b532979e6
32 27 100 255 63 1 :dcd9bc8865bd4a58a0bf46a3948b97c987add874c35f2aed73100f
32 28 100 255 63 1 :e9d643b7e2959339521cc8206d09a937904db3309685592adee519fd
32 29 100 255 63 1 :9e171b4c826b37677c2e71d55737c7732140e88755844720478f515c94
32 30 100 255 63 1 :843f3b6df4cbb702f3e13dd743c6d75a7ecb1a6e1266c2b81aa8d34ff2fa
32 31 100 255 63 1 :d83be9e85bcfc9754e3e11761d11bf5d14212189639d4fc1518e3d24fc15d4
32 32 100 255 63 1 :6fdba600e43872a5eb6d864a2c65be997ed4da2f9d6e5d96b48cec95ddf1ea70
32 33 100 255 63 1 :68edbc329fffe1fc837fcdfee0714626cfb3e19c84af435608093ff1dc797ba4d4
32 34 100 255 63 1 :8bf4552adcd143cfc83554f911a3ecf261e4fc3fac675037cbb41074e6f65a956640
32 35 100 255 63 1 :c5d27029638ebd0e2f085ef32e1265f30caab1f89ccad8b6525e28bce4c46a61da9c07
32 36 100 255 63 1 :764e704fbd796f10d0c3970c989a61c7f385f10eebd40f9ff69660e0116c723e8977d698
32 37 100 255 63 1 :d8e36219009fd0c97cd9256d901056c168bb871747a7b922f0aa32240754e3588eaf340821
32 38 100 255 63 1 :fa718794620d72a9978045d67786cb98093abd09bc3b9adeb25f830240b45357d5c57b511736
32 39 100 255 63 1 :70a4b57ae7e792f3ff2281198e46c15bd685deed644aed1cd854930ea324fb5602a7d6ef2808a5
32 40 100 255 63 1 :d4dd46be760f038ffaed11648d5e7d634e3ef3f7c514832be0e6a80ab61ed2ef6b8c0ab0ad9d6353
32 41 100 255 63 1 :bd5a2411290c9dbff7448108c5be7b7b8f806c716b51b9c0306f00005e366cf09be3a8c7d6a65a3677
32 42 100 255 63 1 :2f15455692dfea67811fa20955c848f1b4f15cd0d5240a4181d1dd9e31f12fcb9c832ae849bbad349931
32 43 100 255 63 1 :d57257d29af38c31240ccf7fa1ef672c09032e4570f01cedd9110fc4a7d92c2a8d7e6337361c544dc49c63
32 44 100 255 63 1 :38b842c323496c5f102bcb424a26b55d85f9311ac2fd7e7219c3cdd38f09ebbc6337bc73ea849e4320ed63a9
32 45 100 255 63 1 :d902763c1f162320934fa113b9fe550ee4e851b81dac889af3c80284fa476457c94e2a874c236794c795c71afa
32 46 100 255 63 1 :136ccf0707b993a33878f1f208cb25859269365bfe7461322e3adb5fdd8c7ae3b3ad3c0c364d80a8150f7fdb32df
32 47 100 255 63 1 :0e995a4a599d31d976302c1e1ebab093dda66db5b795d188ebbc3644111c262f92867d23fb14aca142aae163c7352b
32 48 100 255 63 1 :88b9d3eded5247443504b0834ad3e85b8ce201770c5ab0329293344844d40d37ada5f83487d5ef881ffee10d5c240e38
32 49 100 255 63 1 :fa0af95cb36fd222fac890ce789c740e014d83e74928f65b51b0af805ddbb463a6bf92ab05303c60e572f35b5f83ccc39d
32 50 100 255 63 1 :d14f9eb6740f72cf1cdd66e0d48fc901be62e70ec72e3c4f8772f506cac68b3f67a4327c107a17f8c0b978b6db00155130b3
32 51 100 255 63 1 :ecbc9b974382cdc83fcb39a05db55b1dfffd587e614f09ff839ba74e1347528c21378e2faac546d2d0352f33d70d7b29db539a
32 52 100 255 63 1 :10571397bf9072c75668d922ee011bab5675d95ead4e0fa713adf123ea7007150c73e42486f9950d365e5c633cf58231bd2c30f2
32 53 100 255 63 1 :5af45d33b85d076bda299575fea3f5ac2a2b13d8951262544ea07c2d9812731ad21242ad5d849f8c8b234ad057ae2a80c1acd7c26e
32 54 100 255 63 1 :94c061dcb35a2b9c4f0960e3c61f49c293b4bf9a9d4305a861b998f788a367c386995970ce5f5fba462dcfca101b66f8f5f538a6c281
32 55 100 255 63 1 :a4435f17b50d784cc31c26753d00f6be39b4e01cb2e86f646daaa77bc35f460074efc67b783b53b785222543c0203b4795dfa8445d99fb
32 56 100 255 63 1 :b87a89e3e2971f88897c5c3339100c1f6d46b17ded99bd3d87546f243c189279d80a2f5e1e2b7e0aaa049460b3d890c711e5aa436cb69895
32 57 100 255 63 1 :944a6421ceec8655336c0341f7e398ce9e149ec207441542796a4978af123e5ee389316453d722e43d9f71c41c01447415c6f6a34a5898c581
32 58 100 255 63 1 :2f18bdc659ee1ce7a035ae6eaa392fca84ce48e6b659b352d751d948c95ef5e7dc59623ff5cc8257bb96f08e742e7849657af440eeb164366c29
32 59 100 255 63 1 :1e8add7eb117c38417af925994bb9774c1c05066a6c8ab569dcda7abfdb28d78896cb2652bd979b3de52341f28555c07255090c4892fd3fd8ace27
32 60 100 255 63 1 :2180544e05bcf5a01b300bdda89b3e566f8d4d87e922837a932d44859e81b278eba8a66e1be9efeb9d09c84bced5e363cb02b435b64613c0cae5c80a
32 61 100 255 63 1 :7c578a4f4455c384c2cbc46e252631a164cd365dbaccdfdcea0c4b0c634031e7823c1ff3137113733be4f5d07e3dd0fb1a278230d82078e63cb4ed6072
32 62 100 255 63 1 :1f8eb32102f93277550a05a3495c20ab2da1097f3dc6f1ee21214649f5675ad30b87a5ea1cbd06cec29e7b63196af7adf4e95822e372917c634c3b06bfff
32 63 100 255 62 1 :fc411bfbe0af6b0fd9169186a33ae66c27b8a0d2cf988f312fd8cf0528a59c2de6a9b04775defae308d4e9f7f504338265b895c120618baa4d93eabf4de908
32 64 100 255 63 1 :54928035c850e68c35c12756c916fdab4b4f42687afff62e23418ebffd1fd5495f501b3c447586ade84f72e114f5dcdcfef2ceed7c9c5e382dbdbfbcb590fdd3
32 65 100 255 63 1 :fe0c7d8f3db56cc275b5a18f81f778cdb1f389cf60371e6ab4b7980073972740fa48fe7c73c2fdf33b5c402259d6fe0e15f0d47cfffc897e5542e6f6aaa7f9a75a
32 66 100 255 63 1 :b416b28b5b45658bc1340677a0d1dfa014b962219ab6f466611c62ef40b36535c615c6cfc2c10fa0d87db185782b613ac860b37982b1225b35bb4e0bb0fbad0a3ae7
32 67 100 255 63 1 :d70c40e2cb93e42e934a8274e4aec7558d8fd0a6a85ae0dbfb770de90bb29d52b302dd750d48a162a8d33d7a0853380d3b54ecf560f2f999f21eb4fa0504e11db01e03
32 68 100 255 63 1 :69c027a54f51fa0404dbdb99df8a802719bbad5b59a475a62e3edc0a7a6ced8a680163ffdc397d65fccfb70c3e869b3e60132fbc105959902a367720af9bc0e434a76191
32 69 100 255 63 1 :ae36011041281f1c0cb012211647ef29367a621b58658fd5adc2eac0df5b13731f05e63e877be71ee518590d358cb8a1bb0444eb36e8190c40a3e835b6ef9c26acaf550e4e
32 70 100 255 63 1 :8d335189031fae2178441c3435effff6eea2566d4a54239996ed2d5af193e4ab1074c1a504882a677a2fa30c6c0d9f90b012d6aad54f6b2de40d52f52677e69382997463ee3b
32 71 100 255 63 1 :9640bfec16f45f89a3b1ae27e7881b1af846d9b64849acf79601640a8a7386348a1f8f377adb7327f654d7831faa59c5cd7215b897c392afc8f79600d252d0301e763f405f0cd8
32 72 100 255 63 1 :dea77c84fc24316d30945081676ba22ffd50c589cd8ffe78553f9ee6d92ffca86f4c4d0b24302a8370b6e3637d63b66ff9a37e6dd6997148772b3e7222c232cfe557ea525a511624
32 73 100 255 63 1 :48c3a3472194961837aa4af2161b1c4fbba90b7cec3698665d3036033ee0811f6b4313d2c92e9510fc72db4abe6f50a3f884b39f2fb22929eff6261ba6e9e631a84672c2c4333c99db
32 74 100 255 63 1 :ef9c35319148d0891d6516c2cacce0e44f48c046d9498f482e09303ddb7a07ff3643b7b841780a8ff358285559141a4c692b969fb26cfe76180e22b2a97322e8ef4b4d877f71c3a8b419
32 75 100 255 63 1 :1233839174c19e97572c1c3041666d66256651fa0ab7b3f089cab2376760c5204b9d726b5f2baad4cf39c3c6282739d031cdb515343e9a0334503c100946038fa25d1cde4f606762b81228
32 76 100 255 63 1 :917db7715cdc24567d2193ab1b9981b48adc722df8a47c95d6f99450a594b414b28932798850aba5e4155b4ffde03a6304a9aacd2573dedd24ad706ebc6e1e136ce7a235436c42f1c5309f36
32 77 100 255 63 1 :fe114cf1b3aba9685118d9f675c21f343bc701173452186c39338577d5e48eb5ba3b6f11728b43a18e9de31d1e6412071e67694d05083e8e24fbe8376500a3dbfff3a9c971214df8bba35e68e6
32 78 100 255 63 1 :5bcebfd8ba479bf816afac07456b471fc42fd1418052c373c535aa203ea2c9ab14768d6321e005a00b45c47c5dc710a30bb50a37f0969ace403b0a4a637f7267e6194719a481ccb712a9b9042d50
32 79 100 255 63 1 :d56edf6166c49985b1277e353045db6e1b0ad11131e029b6aa785d5d15d17a524df517956b71ac9cbc8d0bc35a7ea23db4d476c7ca9224dbd2af1f301cd828d5813d30c88eb8b9795ebed4843dd97e
32 80 100 255 63 1 :0e0e7ed0c4dcbc285644bb9a1f585bcfeebaf3837528a7c2fab9d00f626915e169a78d7ea577fef73438c6b2ca266b7d74b892faa44477248e1e6f84662e55f7ebbf1ae5a011cb7843f3de99b52abcfb
32 81 100 255 63 1 :91ae4e93f8ae5ad7ac40eebb720958543fea10ff381d4630323300cb6c739ae76e06c931c1015be7f5cec1dd3fe848fda9a3bf7b3ba1141bc114d602566aacabb810a97ae5fecc10d529badd274748c7eb
32 82 100 255 63 1 :5a67c6d377b2ed96abdf6fad56bd29286e1ce5a7b6773f252a1592613693ebf399bba5a72e85c31fa5b57e5c1a64117a7fdecd80e7d5509fe0865043d2bbc56d1fb2ba2c7adf03cae99cad450f91b260178e
32 83 100 255 63 1 :2533578b3d01fbd990ac1f24d4e26641fce42eb5ab75b8dcc644caaef22061a3d0ee44dd5523ac0e448858949c1cd0a71458202491da57483b7badcbe7be7eae4b0e96553c0b71aab501dc9a313f2dc0a3e666
32 84 100 255 63 1 :f04760bda76bd43a1fbe4be3d31fdc87700c5415bbe081f6e4a7ede9cf8a2dea3b0e7e705f756dbd5dfa8d0ff81ebb0ea30f46b0323bffed845d567b1a9c9575f06b26918e3dfef1be12e58458a86b6a54a6c5d1
32 85 100 255 63 1 :8ff97a21c1dca61a7e0b7c649a31db8979332a3140240f7a16989ca0edd6369ecb3121ff1cebd13fd1f22400182003ec029a9416b8a988dbad71c699759bab4dc53e0b896c5c6aacf834247f3d72520848d60731e0
32 86 100 255 63 1 :bb41944484a82cd0de5971438d40c0b088b744817f054b5f79b4320969a2c1b75281b68ea7a2c49575f562fa8d95b53163de179c59d5fd56c660b78e64c017d9cc11004dfa1617572e1ae5eb6a0778e68125ae3d0d8f
32 87 100 255 63 1 :103a216dd25d326d39730706cbc10e55e85e7de37d5ac29bb88d4b3802e9993b6247ff894dcf33c9cef54c631efac1a4334ad9de0766255e94e6ca7ac047278287fe0ed5607d6f7e1f9c9dc96db5eee95e3cd5ecdef29b
32 88 100 255 63 1 :5d6b622b8726473c959c688ae91e18342720f51a1fb77c5fa73edd7ab6c42c785ffbc458daaa2c3e94a7a99d66be8e4cba11b60e9ac17263fcf2d54018541984122391a338642ed717b9332220e101428df65070583bdcd5
32 89 100 255 63 1 :b1210c969469ace6a7442d5d9540fb02a743d2360b2f2a9ef9e5d1a1315134e947edb3287882b1cabd2eda69941a611d316621ff56b1b506fed7aaccb44b91cf1dec8f841e9d4ed859ca326215b474a40dec6ddace739c4d6c
32 90 100 255 63 1 :d6ff6496d50d99db6ddd159571042830eb1c59ce2c3cc533bdb002f4cad8ea8bd2ac8c6a341d0a94318a11456db2f5537b66b029b7c46bb8ef965991debb92dc3a092a949d4b275cc34c35737879b828c6b937c02f0532c6c1cc
32 91 100 255 63 1 :d6e3ef81df68c0e5ecd1c37f4bf6761bd575325b419c35b2b88fc6b874f2b7991210b81e33a61c9e5ce53a543649486ec96ab522aa1207862b77a4bae8aee63ad8e0119d4d1b6ccae040fec5169f665a91dec31850354cd25d75ae
32 92 100 255 63 1 :e77515b1ef146522f7bd09f6938c5b7f7babb1b8e341603ce12d7ac37ab9049951b175d64b4cbf89e07ac7525d8cff6145eaf8437089f203dcb04783695702a877f2142d2f3e9a3d3f1bf22de0568fb6c4e1db3bdf583491f0772807
32 93 100 255 63 1 :8e784c399382819366bcb59cf76d0e9f47c4ee9aeb012e607f0236ab9497c978d169b6b0f8a4dc1956b2c20f785ef868287de0f761610a442401f716603994ab79749273a9b98317dd3d10b571c15643085b93f9ff9b004737bb4a9ef1
32 94 100 255 63 1 :506f7daec131754cfd3e1d2d721b9c11ef1b60903455687e7fe0d9a6e75e3c125ba16e238131ba1d6d809c1cb51c9455773ddd2ce035675a2a54de03b75eb7f605b3cdd9b77bdf62d89ee28f6fc7a79dd4f10b1c3f52b2e301d5b40b5339
32 95 100 255 63 1 :7d3e3f941c80d2fc7fd283d3a26f0dd9442d1258e4f42c98f975862981648508277766ded186a15a79fdefe1377ee82ac27313c9d67330476ef5f7523d911a5da425841566b43cfb3806bd2563bc1179dc4af549ae91877dbb360e9fe5a825
32 96 100 255 63 1 :2fffacaa304cb7bfb4e116454682d579ecb32ecfdacdbcd7c443da5c5d38eaf15106c369963ca83b7f313a86ec5223d53427087e5754b75a65764ea3ac68a9cc68e8a0086706061902f8a0b58b676166de16c293884819cbe7b202aa611af4c3
32 97 100 255 63 1 :6b4ffbfd80e5eaa202e71d838c380e1c95a9295a40a804a7cf9581d82ba06e08febcf2e49a651887062df45c33313d3857c3ad260e32d817330b2dd1304c354caa322fe03f4597164174a0e9c5b6cb0804161918f9defb5d4f77f86cb5152d2550
32 98 100 255 63 1 :49a0c639891b0c69e6bd493647d4d6dddba08d5c21ad130d77543e9ddbd7f8b458e9f560ffe3812069d6ebdd8bc357b38a1dfb45e66e29bc039f66b99fbb77bfe1323ae18f4e9dea3041f5564eb30d687596f84c5914215b385f57528d0191452359
32 99 100 255 63 1 :76e5b77abc72cb34d57125eeec92a4efa5e0829935047653e3a650dfb179e2688bc3e4479856020e0373f8829c37fb26b94d3132b6059ac00c3e9cf65cc9627008f0d7c630c5765d08e738cc5db9b8e9e0f4a6999009d39a1e413ead5e9d083be00310
32 100 100 255 63 1 :9a1777a94c8b564f176e7e88ec0aacaeb0d345916699915f5c8d854a8d0d598cdde55bd507cb3f5f52c4b4aa23341824241e99bb8f6b60ed8a23a2936b3f1dea4705a1a65045ca95afab4015f36024e60ba2533fed78e093e12a23131cd08a80b04076d5
32 101 100 255 63 1 :c3fae8c654b1edfa6907e37709ed21973be18ce7e1ae66ae8692ff3f38728c6bd1918b0a3d418171145a29c12914c7150ca2c4aedd71ce277145d8e86c694aee0889db5919fe65470d40023d4ec86180c225c745e6eccaa39b8c8857df9d6ab96d1cea196b
32 102 100 255 63 1 :1b8a3bda71b61ed5b083e26e6557d8b5f4fcbb5e16ecf43795100e05cddde2e8d8b8fb33f4e8f6a2044572d7721771e93f9deccf28134990cc344435215023dece63b4d35960c1d55a19734eed3b428ac5c125d632644dc11a15bcd26e1fc2abb090ec05bc05
32 103 100 255 63 1 :11d2b58c00ae2d2364b9e58fc95d8936f188a96cd9b340cb3a882362a1bbc3ca29a0fa5a6a249f4f00fb90cc9d4a92e596f620db5aeb967f925b69dac7422a61a8434b05bddd99ca6ab81e0783a01eb483ef7d34d66d0e01b5411b0425e4cee69f859b53813895
32 104 100 255 63 1 :7223ab4e6bf3553b8b27e706d871c8b765f2b73ea27b9a16e232c4e5f97dfbc117e513a97591405a597f8fac77e478f38c373d2480e29e8da0999384870c9dd91360af52a79c0e34fc8683112e2a21e74b216ede32bb0ebd8e348349f8504c4ddb49264164678540
32 105 100 255 63 1 :b4ab2b985691957128d4644cfd1c2ba1aea9f3bbb7acdc6af9416ec1b4d8c8747019231ff5389b719901355b19434d3200cba48ebb28f1dd64b70f41116dc6556d338517379a2896a7b1573008fa4728b29261151dccf58e44246a690cc1c0b2eee4b777b999208b43
32 106 100 255 63 1 :7cf29736eef5428a69bb81b502633eb601b95063d0133415f7f538d84d82632159e74a5a3d83af291eaacabaa4fc8515b6ceb6e97360e71da2159ecb0e093e967fdce622ea24cb1776af608bf41ed71ffa5c0d92ef2dd46e7d83c6db8dbd184fbd626a56067dea0197ce
32 107 100 255 63 1 :4d95d65f14ddf7209ef88027b86868af628313d71d5aa997815fbf0d5e641c3fb2024adf5ed5555f3525f2c4336bd494f093681ea433f6e76020ca2bb54a51ed3ce9f4d377be5c91285c9722828b738aa4b3ad8daf236dbd53ff19738b685c6045fb17d5da10f2fac5dc3e
32 108 100 255 63 1 :9869c959b5cafa59c09db68c7565a6c221ba3fb5c582f11e9c2879497e6812486b81381b31a60f8f0d06ebb1c84c4406ac364c8c43eb21b6e1c5a39b6f5c73441bb0cfcda52649f3fe8bd774f987879ff79ce5b785d88cc584cdd1b5cd52bcaddd203795fd4c6a49dfd462f1
32 109 100 255 63 1 :b995effd82e1269b8e52ae5240612135c8cccfda3fb6187574388037ea4798e1c5a88eb1dbb1ca35a85383de8cf8253c8215d9aba0c5835cdcf85b0dc8f4ce4668c49af2498d9568e9ab11dc7772c4f2d6f0b4b1998d0f6c9533f6a6ecf399ffcc0df8e30693fd8ffd0b60e568
32 110 100 255 63 1 :f8b2d0f62158c519b271e7562afa678a93c83468d43d6c2a2854eae89ed0aa15e16929d636c8cc22d36493f243a129fcbf7c6f446d1abd2e6110de31563c3a84eaaff7ce48a478d72e730df11c2b5a733162ac203adb65269c318fd28246928a0a0357a7f45c023e35a93166cf9d
32 111 100 255 63 1 :2ed974620dccc1fff54a6c44604e0551539d40b62dde00bf19d16a961396944dc2dfbe0a517d2d14c6c14ba964220929e4b75e42aa1435cc2f1014d064d641da89db6b6bcc1d529b0f481720e65eba986ee5fc9fb8e5d9073788142d534733810d1e3a752f36e97773c0b2ae085d24
32 112 100 255 63 1 :214e1c7291779763e34a1e2db0291f756a5531f6ecb3cfa266534dfe241e72133e105abdc1f6d1807452b1d7d1cb3ba80ed6b69411eeb6e8d0975d7fb81c6e704a1bc47c513920056c576e4cbc5b2daae4e8b13a484d95f7e7f7d92dd7dc9163634b3d40cf72f5ef740ce77105cd4b18
32 113 100 255 63 1 :ec0d35821c598bfc49c9b22713766583afd14cfe4f829aabdbc69514aecc2b8b5c97b9f0eabfd48631d8900c6105ebc70b8678de0129223ba2780678b5797434cc319d93e06f6b50363bda4943327967a029fe705031ca1cbb167a04291fc4612b9b00a2058e809943e981bbc4773f318d
32 114 100 255 63 1 :43900d09f4993ef5fb6f693f19a1f3df4ea980accd457656811468eb7362d2b4ab3a6bc6f5d672cc59244266ef02a7bc2dc6ebc9255a9aa96ee8fa2f998fdf5f40dba75ab69a957ff09209cd8dfcad897b1cc6a94c92bbb7b4fa243b93f9c816373dde99e47e33141fa227f7a13458111fe0
32 115 100 255 63 1 :4e342bd41887b1745cfd41d2e8937f830048bfd73ea0adc9b9887950ec91c53c6939c193f6232521154240c93984a3a81a49c210b3ac3f00bc0d686c65126e299e4197a1fc20558ef1bfa71d6322ee83412dc998c3ec96b5b0b97b8039f674b632fe5a5d315252118f834db0a287ffac34994a
32 116 100 255 63 1 :e26d8fcdb948948b17da3c8ac6453ad9a1c3319609f5209838949ebdb2aa93cde7ed87986ddacf4d786cdcd561e67cd708b50a7ecf0aedc33f751959aeee4de2412e99ac7d74159ece868d567ee0ad9426a8d18d661e799f5ace6585822d82485ea1e378ba7d773196ca003533197e395c7078d1
32 117 100 255 63 1 :fa5b2fc3522742132f5ce69bb2623d73c167b7f41c39918bba317ebaae45029dbcaae1e9302350d4ed962c09c09b058658fdba2b229dd46b48ac2c338fcbf04b6b55ea64ef95d6f6ac552bfd34d8d46695ba9bbb2080b40d67a1728723be103a1efbb383621736b2b43e57c442fa9f490a74a81a08
32 118 100 255 63 1 :52093c0ccedb83e04854df8ac5d5684430689f0d4fc1ee8f5c61ca0ff4b8f96ec34f1deb7d8387d8944be46c68da1aac4c4af242b2d7c77369ba44ae113a271dad66c7350bce01e288555e8b603e636a611fee9805f57e37b96697c9912e199a1707e34d48a35569108d851f561fac06f764c085424e
32 119 100 255 63 1 :16d2a6ba1a1a19be2f7e2d34dedd452f3d87136d7d6d8e10229ae270d8b20e2effdff43e03861cb79682de77b174a40e6cc57d81514beeef1c764a9d28113fcdc9fc59705fe0f8c27d059ec426947be2695b9eb8fc93abed18df67d31f03dc65f229ef3a24d66c4e2d2139691d4e9d0cdec35f91768942
32 120 100 255 63 1 :4125c468862f19f12151563484c082385435011622dda5ab7370727acf6bc759cbc83a918a7ba6fbd7319bbdd971194058832373ebe489e7ed85e19669de05fc6efa509889a2d238cde74aa86b14104d09c69d120a5508e2661249fa55eadc2c289c313c62890451807598a8db0f7b3361829fa90aa4ad52
32 121 100 255 63 1 :f80f021f85ef5b9ee4cae4d3b8665ce1f34c7d18f2560d62457301ce9016bb0fa4e5b04101d88c89f307bef71ed4c90d3ad6faaa7a48e4b1ff847d076cf080a19eeaee12ccf412bc3f0249e89d1d3db34cee90b47e138b03905a4ee6604e05bea79a543dad077999949fcacc0def35ab7510c1d5a2418d1da7
32 122 100 255 63 1 :c7542c09f22019bb1d78331ffc0e79dae5954d65fc531b9372f7f0c986961dc021104dfeee0aa90355b47a225e07f44bb3fc54e6262ecf47af1770c421dd1ce78359ebcc42f4e3dc460a2163f50cd78bae46f8e464aed42c7e77049f344f1536523022f9242bb40f30a20a48d7898c9c1b2e465e2f3b1173df46
32 123 100 255 63 1 :ff168791037cc838bdee68d59ce74c4b5380b6b41aa6cead44d838fed4fad6ca678bb67a186437434351c5fcece354f4114bf14b8287899a4912bac1db04f5e40a8a3252abec21b6b42fe6fa64c7d83803cd83b5c40f290d04143b6da92ae729fa30c9ae7506eddccfca96c7fe07addd1cd4926adc44085b5c2edb
32 124 100 255 63 1 :2de74252db694f52eea18e2550dc58402f072b06724b8e801ea343a4d9e5bd4ba708d092cdbb9943ff46d584101ca1414bc582fe34fcc34b9a8af029b68b711aaa58a1c1111fde6eb4ecd177cc9217447707cbd1b2e6bba56c9699d7437bf093fdb355274c1b9d1024de51c963c452a0fad4d095a17c5b4475af2458
32 125 100 255 63 1 :290c28940f3461b3e4e9ca10bdc343664235e731a4ba530490bdd7fc65463c91ac9e522b9544ddd03163704034952424ab29e3178b1d7661b225c84885a980eb18d02b7a41f7d466196648775c6eda9079a45c158cb00183326a0956772382b6b22562402c864963fca398032f6b746c8331f2faf4edfdf96e2df9cad9
32 126 100 255 63 1 :6da0320b91e1d3b59215717b7559282d539f3026d58f113ce4ab35fd86f40cbc847f13dc8d64d509ec7bc84a99b52fb918cc69034292aeddf642a5fe53affb36669a9ad32cf71db0d25a4e56bb70d16fa1ace5332c0823341a03f3837b90096baca51f94146306c74c5a945bad85ecee8a3e7420236a12025e74901cd3eb
32 127 100 255 63 1 :4b76268ba4e452e684d3c2322090e0ef26bc3421da5ee26e8a7c2ab47115fa52767028ca99172ae359801439225e51bde870e966ddb29514cfe310accc6947ccdde537da102cd91c422b168686874d2ab73bb2c0d8e130941640f5611177b6b69fc9a768d77fd89b8f313764455b81687cb87d4dbda4097d6313ea46123d73
32 128 100 255 63 1 :107dc24e39408e9246a136eaf0f2b824e848e89fb49bd6d904f314c06d5f4a446cfc8e29d7f06f6b2b84b3cec6792fca1ab301c9e857b009ff11b297bdadf92270c463115814fe030f296d213cc77d322c009cc4cbe577551b41fec0422a017fe2f8b96cbbaaaf02728bc865251e4c2415ff3aca7f63f3d421e1b133c797ae52
32 129 100 255 63 1 :cfba285eb04dc8c111666c01d943a70ed18ef12b9d5b89dcd99ed8ee37928c512320bb10d1f7b16e6e0195a85ea3ae797212e8bb56353cf6379edf4e7c55f769e3edbe0d7dbb0f7e817110e3e596582de36d1561916c40e4d93e6914fa167f4eb3b80e18d5239a8cc291b828cae7404c620e5380cf9fd4a628b4ed5947fb6e3c78
32 130 100 255 63 1 :bc994d25c159c716474428068b478c2b3f1c9acaf38145f9cc6944a4a1210321525d41d7644cb5a75713d6b5045cc60a70d54e4c6fb2017f381296ab4a7b15a095da7d0cbc0699139a0806459b89bb17d89e8910cc79290d4d2e3f7d01f88d33f9f4bb16180217da4c06d4509fb2a2449ea421829612a1d9e6e66870483385eb6b18
32 131 100 255 63 1 :72cb0e1c3e4302d7358700a9d6a921196dac5937af1db84323d4343ea94b7f7f2324940d37d416f0f95b0ead4102d6520aef81cfb45b966cf76e697117a43cb1d7562a8623b854daef9ca71610c038ad627002b0f6b6204afdc2bc9219fbcda6310a77dc8b3c4d99d6737d460016f3d63d9bc950c149827031a79654279291b71dcbe7
32 132 100 255 63 1 :12ffb9bbe83709fb1d6a5b1a844d33a02d6193ecdb0f9e98597fc63a22528a40f07f41e00959ad493046100d53a7ffd50b451f782c458a5340da0486d3fb3c502072d04c1be8af41a9502cdc0363ef07018dcea6d0880944d9957c7720984df5097b94996007168802ecb4cbb736981890463294a7e4cc22ed00b2aea457522e8a06f6f0
32 133 100 255 63 1 :36e6eca2918f943d4d4fa9720e73adc1472d1a52b97b8f1d91cf9ff3506c677b5c9fb84d2f9dd4bbef3c0f3de3ed817057bc5058c371744798afa140b8448f11ff2698d41078feed471105a158da2492640d2c41e3b7c104b42a0c74a101cb70e0e0545f53ce5929f6b4b691e28c305d5400707c059220e006a06b1434fa876470ba564cda
32 134 100 255 63 1 :27ca25e9b14bb5a7619c3285362a552c118ac9783cea47c1337b2d74ec8ebebef679a62459967673ff001681d99956a2721146dfadb88f8cc30d240a3be276d9cc86b4de130b987c5e01f92fa42ddd487b9bf82b4ae1731a26f4fa03664c6120d65bdcfaeea29d69224f8118fe011718d2f56093ffa51f9019795dd79c86d3f29214f1116818
32 135 100 255 63 1 :8ed148b07783299d8c2659c2f21843056f74d5514f5898aef007c6bd6d758191832e5a092ae5398ffb247cbbe54f9b9c92a90a8221cbbfa753f3aadfe6b92a02af46b7e61d9919b0ca1c99b2465366d44005571e9ea06d4415cf6fa2b9f3867d27873c741913033885903d8d4e8e2e1212dc843d2180f38bc0f041f1303a83ca7017e2031e8f12
32 136 100 255 63 1 :a5a9b02653bdbaca88fe0a8e37d6723cb8f913855cad974c1f8d773b7490c7f850cd96344ebdfeea41ab5682ad1607ebd36eb143e3e0f366574eb61025e3118ca57b08675a0bc42a88dfc2581213ea0d6bebb74f3c53cd5608338a13d360781e176428d7dbd3013e3873ef8b3c40dd3b22c6fa8df11b2d7c02a1a28b55810a51687941715a4a3222
32 137 100 255 63 1 :37fc9301285cde2e34ef8f06288c967791f28db87fff1bde0bbbef67192d79d61c072ee26e87850c9d8a057f1875f932cbb6c50da81d2484fe6396d35b5c6d3d74050b096155a4192a6e0c32a4061147b6e98b99d1b282642f3c5a0c83e90de2dcff436e6c5591c6a470cb8ea19c81e3256c149dab36f924a434bfa763847572b42c952a5eac0e12bf
32 138 100 255 63 1 :cbaa53552136eb9b39645c1a2bade6daee6a61725ff9576a9e23f927933234d94cd4dfbef29535fd3c5c85797878eb2ff4378963ebba1022fb932ae5d365615ed8a7fc8c496de861454e448f8001c188dd6bf72cfd4186ccc9c563583dd1f03d8abc3b1d09d6f53cf5080e6952a1c44cd05c5bce5f4c87f3018de85a686fff7094123c7e8d5c37fd4018
32 139 100 255 63 1 :eb6ee695a88ff695de16e965aaf7b5df91cfdf666e5bee374686ec3345cb6cfdd202eb0dfc39294ffb84a97a5a42f35b079fa386f7e5763c6bcf3a6665080ecd9260537ad877b31c51b34b7086f5ed6fef69513334ec658c462b7cfd4f4c46906495219978fe0bcc5902d1313d74f815bbe7f68d5f1e2cd5fc67810a8e60c0c2485a6d7e73e596be9fe9fc
32 140 100 255 63 1 :46658aca8e909b2f0e50987688d37d559811d2c40f5fab0df2665801e327f7075dfb7653507a2cd2317ac8e61e62e45b278aa110801da5d571f783ead9bcd32e40115d4e0345b9feb9790fbd65cf511fa12839826647e4bb04ef7f7d7b31a7d408d20d2c8c4424b5be59f04956a301784014ce56bd85f41067a21956e27745b79d289efbca4c94c0303f9d98
32 141 100 255 63 1 :facbf226706d6b3a0f8186e8cf23269d46651ebe2abc936685cb472378b269db46e3f48c46530c9c6b5dd823d0140275d109ec4e74698adcf5d64c91f2f7d3a0c93054faf9c4d6fe821de6674c201d8c12fea7a5de3d3802f65f47cf98295379ce7f952c0f39e94d32c34be445f3f0b323339585a2f0d0567d83b08780d1acbe3b445c6f1eb10e990596e963d5
32 142 100 255 63 1 :8d384cd4be720c63df0cec3dfb28eaf3035c34e0ccec27b565298e6ae98042cb104c8fd1f8d4d58ca9605cab75460e3df25041e79a7d8621698308fe7b9b42162d48544bd8cedea5f37790ff6db561e959f729e069e78151cb9f20107ee6c137975e5c3b4f3ddb81a6f3c73bf98d23f5e1b86168a56b41bf5ff917077597292a65ecc3f67c7ff7d28ffd8528ea37
32 143 100 255 63 1 :75dbcff3ee2a5c0788e945ba2b314e0e2cb4999f13fb0f53ea50222e95c000c708f4d89faaa7f151b4ed7288b50399c88c245bc0a450c5c6d19f76767746901effc43b39720a83f0072a099fa049110cf177e71816f424e0d9ae209ee5ac0b1993b1de090b7e41981955c5b7c33f8ade406a973b4dfa3fba6f92d03e3821d200c42eb051a9c68a24d9da0f5a9fc77f
32 144 100 255 63 1 :4b39d6c3b6b96bf1d80f55512ee192745b7bb73eb98421ec15937ffd3aeb3ade080423aed924cde7dd2c01af10ea836207b58dc0839c1ac9e62e2cbc5ac46583df99b20b6ea685d9d7efc15cf038ad983a672b24c873fcd8708289d64db6955aaaf60f89a4cde2e6cd2089121b72958c8dd4a5721581f6bdeee9f34ef1a7b4016eb2fa65a6d4804c3817ed0c98be314a
32 145 100 255 63 1 :6d997de92b3d5a4421ab1396f06926da455e431334823b9ed3f8f29b0023649bfd931621075ba8c2b83cf92f1242d2b27fae1073e58d48786e2dd6f24291a936337ed958bcf02b6354b7becfe8c3348d5bb9ce15d4d0a31ce104d68d0f0ccb55bf14c6946030395dd53c062928e818010ad24c1273b5fb39280122e80556c4d72778baf63c0caa2c2b7bb8de34a19fe3fa
32 146 100 255 63 1 :3fc5b262972fa40ace79a44e815ec3eabc6fdf1be90fa9cb05e54a3248b087efd71194d1bee8c891871c2d0c92ebdeffaff17410bc32050d07ce916d1d1102be95a707592aeba6fe7ee628c643bc2f2946dbc583e98637a5b07255d6e150cf4931702fa267ae5ed651a608f0deb2d402315105e67bc7ab38974f8463d1ca14d36a78d49fb28113b0f6e79797ba3b0f3a2a51
32 147 100 255 63 1 :85c0f924ded16ede927d3eac9cd292c1a3c70e4519213d73ac1e31f4a80cb89b22901ef64b5c3a075df8931a18fb3ec2594de627843931505772dc9191fd06a34b40329c194cc00bcd316adfe98f09322c95837916298f2e57e4d89a651b6207eff32d9c57f410a4653dc49c0d2ed95be003eaec512d8176800651cd7617bfd1cd62889a1a4540261cf44ba1731156a4a09970
32 148 100 255 63 1 :8bd65fbb805d0504498d0b0be3d97816a62a217ba89324647bd80067be556025e608bddbf09286dbca949c04c58266d55e3181bd6c2108d94a12d1068a752c3a77a733ba506ac8d4a1bffefa84b9382841e81d45291cf5b6979dd1414a09f1e4a72fa79545d6740ea3b2ca2ca0bf764e3edcf5fd2bcb6ccb1085121272935bda7501bc38098cefccb686a866a9b0bd2db1ee1673
32 149 100 255 63 1 :3a02492ba09e34a79c87a8f0055d377518ec32b74601e91b13ac92f0ae0ab09fa54a5af864838f88d0b477beade19e9629bfce61f362f46c96c6f8f33f02ac7c9265b8010f1102ca24b68acef873edf5c386cfa5db799a9427b989d5a3e90cc3ff690e52cfbfe37a22fa86c23cbe5eea8e5258edae3f4482751c875d1f6eb4cb1ed3ec4cea4bf9612a5841c50163786aedd4507810
32 150 100 255 63 1 :79d67975ceed3523ba3d83e5513d033da38b891a20a0a90805e005bd7927cf37952534f6d10967a1f312f6cd556b099d49a145bc871e15e3828d0d9c57ac5a0f2e0c0844cebae0c98e39b5eec15c204ed58aa5ef1bb927e9d7c5fec4f07709665fef7edc48d773d25814c4982181f0f04ae9792c8fcf6d26d198c56ed69cb858584926fea36eefeada92e2bdaeafd6cd319dfe8f3bc8
32 151 100 255 63 1 :9e10e7cf10ea4a675c3fe51e3784d8db2c1043fbeaf02bcb8da02b85135774ab116dad92391f82c1c7a046f9669e5853172979deb845319cf564627067e054d917121a64c4f2793945ebb60f77bc95a768991bbcf581948e9b4094aee3f83720a5426b96e60f0a1e05b8328f814cb7627a23a2758f9106411a2d4407d91578cbbcbfc189f3e9ace5c54d56c5089aa680e236ce75636c37
32 152 100 255 63 1 :abf95e328ca82d8b9abe200accc5757da5da6e1f2be8ed765e9a96259f1f7bde4a86c58b2d2e29d36d1550790e1d70b7bd92a91d1d8d468e22fb2eab311505736f3bf43946f46f925b8b679767855a824b9b377852a1a9ccfbc210e8da3269c32cf596160625290d9b29740aad014e6c393b5c4236e88843ba763d6a0358d424389ff9653e37626094a2e9df7e4f9da9dcc3fa63e497ee20
32 153 100 255 63 1 :b3a4ace919b80f0087819f21cfcff6541a0d2a1c5c81ef4b8dd544cfc33132aa95c80151fe05799dc39fd85321b1308d6f8345723b476aed6074f1c8fb6f0c8b2008d1e1555509420fa753a774a4d872057b4bfa5cd4a03e9809c290015528db76a0e3872555d74b36987d2dbc7daa33030d5b134dc3891d5dcac9c8faf2ffd6f2a1f7d4cc40056569283c26dd920fe4a42cac32c44e4bf14d
32 154 100 255 63 1 :434b3b4fcd03ed0f0acdf143988c71882069116c9a35f745ae30de3f5aad2a6e7291f9ebd8473336ad9efffc084e34776642656f7118c776e2763953204a3725ca072be8ae160d9e1de02736824f361c17ed274b89e93c829d093366d9a6eeb90533f600114c900ede6dad3a938026d884bc4b5a00a5b61f102ccdbb8171332fc784abaeecef3adbc4f71b5dcbf8cc9e0b83bdf58643a1195b13
32 155 100 255 63 1 :43e6dbfa2a5450b729966610b899f05f4a8a8285613c135e2c0b274490f971e960e370df9d77322c39bc11d7e556beb2e067cb9d48e293836e9a0fa28299af5ad37732bf6c93e728ce7ce8ed43860526ba81b89efa9ead6053f21cb2e10b8b91a1f01000c26a6369fe98bbcb5a8c2aecdd147434dbba1a8f58c94faae856aee8e2324cddd290974829c042d1e9c934cdfde5bbfe19b1f65112e7f0
32 156 100 255 63 1 :a0eb3ef0e743480bf9e2324adca9ebb23bd85336b3e7cb8d63499daf777a870300d61007a22c02d1a868b850bab436d4357565631cf7f5018850ab88898c67398a07bef3e25bd8864c9f0dc005f369b50a22ddd39a06dca11d9e516e30e1e6cc46f35a5afcbc1190be147fd851bd60eb328fc6d520c4185a084a12ddaf93fc77badd483ce73810ad665f74d2f561613e356cf6bc308dc68023ed6fb7
32 157 100 255 63 1 :1cab01de0bf81d21d01819435433b653bae391a7db58ca955cedfa7ee2bc1481aacd5322b177cb76380f24fed87d58a5d4754f2451a71ea62701f58728a5276bc2120bc773f8297f4895d53343b09971028f1c88ef2b372d6d5468dda563c528cd97e79c40175af0f4129427132043dca7c10e4ed3b48672c19aaccd86496ef9f4e8d9e28a49774e837a4b95dc0e2a810d5ceb26f281cdac754bf0e197
32 158 100 255 63 1 :f240b896083256763008eade9a4b84672f26c6fdfa85b807bf0944d55b287d33c685eadbdcf8b931abb76825be38af4c1ac8f91c8b56c261901e11d7d105ad954ebcee336074d052a95847b07ddf6758199aa9e560ee7556c671883e89892a359d20c5b7d050ef8fbb233a14ea6c60a94631582f0018756f7e11306744b660b1e492f5b09a255177288de4fe58bbd5ed7c700e5febfc9734167bf6ab6670
32 159 100 255 63 1 :5b548a37ceaa7ef303e27d85119a69c6447d0c5ee958d2681b6c91e959663fde0650643af0f547609dcab1d11d114832f4b2563705f3b79143b262266a17f82b04c5d2ac66a50c4c0085116f7145e00a771e3d32c3dd188c36540a7ecee11df229fad0a0e91b88fb9db3b5a45bd4e4cbcf9614f0b8263b64922b9794d41daab4c0ce448464077fcff8fe71ae21506d757da89fcf81772ad41b3a1451d2d33f
32 160 100 255 63 1 :54ceb0895a1f68c87bcd4273d39b0654c2aa10eba8d81d59c09edaaa7389bb1980fdc3f585750d4d2a1d7062d4059309a77faf7c3700f4cd752b41f2c8787867f889d93706043e62af9741d843a95ba69ca4aa74f6ae030d7325476af875cc403a991c63f98abc10051fbb63dd4726622636a1916e0c36cfbcea7a3e208375ad3efb054e79382dd32c013430c3a41a7fbc3336ddf48bf8d4fc1629221c776e7f
32 161 100 255 63 1 :f51f24b08a4da038bdc6d3a624d13cfe7cca1c63960ce439c385b621b4124d22752165c41e714a786e6da3f8231a4875a7e6b4ac7399ce7e8ebd82c11bf824ec096ae108702be28679f2efd6d05ebbd23fe893b0c97e7fb90b99daea091ac9a1f05f0ff9883586dd9cc79a879da2139072d3120e50f298f2e04be69173f7532fd259e9b55fbf16d51b0da6354cd2f821f74e559f82033d1ac45461d44a89dbd4d8
32 162 100 255 63 1 :0725b15f59b097e7719ba2e64b567274a07464f14e5b5116db6aa490402f7b21d1034744b441a144be7717ee04f099e9d44ceb39b5262c07c84377a6ce4ddf22fda60bd98d94cbdb69b4b8845feeb5ac9e4df6c87fe25786cf50f6aa8392f12bd17ddd9c3700aa515fc8cc4cf063fdb91905ca037233d774029e06e9b2426b96ee14c5e7af800894b7ea57ff178b70e551e7988418c7222efe175f115f2ad614fd87
32 163 100 255 63 1 :18fdaf4a243bfa94e34ad1da219eb1ac854b45939402815c7380bcf080d3b17ec96478177cf7d73189cc90f1ca14ba520215bcd431c2fa239fd551b2f8341ad3ee5565186c058c8f995a2f0b0c0e940f763955fd063af08f7b30620d8bd4a863e214350f72b98dcc05edb0b02901c2883b57781fb4b4e4dc7eec1a8b9da4f93c97c7a3e80f957d8001b7c0927faf8a4f04b9ddc6cdd344aa54b55f3df5229f80d3a825
32 164 100 255 63 1 :ebc075dbe33939304ab3e734dcfb6d63b651a4cc3a3b9888f80ae82c0bfae79c1d1aff2c1193d5b0481e5f3590c61fd0df101faefa9234b3cb72bc72be9813fd95981cd369b82b0af80eb42460e7872ebadab2e674b423f722f3897cfce999482bccf48bdcfafea85cf9249edf27bb32e35b15aa7f17b855afb0fca3b42bb291017feda82afa740817ef5df7e951e4fadcb42b884c4e1b5f7e07229a4d84e2d3ab7346fe
32 165 100 255 63 1 :0d41337ffd0b4e3e232c3219c6c61c483fdf21f58ef3e45f3bb7512b3ef79a92258a648dec8765dec37f624c0789b0c29682995cc983aac5c4c02b4560746b2707d090f7e3e6f7ad8127665ac9a1dcc8e98f287a1bafd1c8f17140879a7436c901e45bb780c866c5f969670d8afbd2e7c7f3634aa7cd8beb8c504be36e8b3e545026b855151ce1a55e63eebab949f582e76689b39503e7295028484899b2802a58b4095cad
32 166 100 255 63 1 :031dcb87e7fe7d6ccd5d17b1c0f4c6a5cf835000eede4208eb157cae83046d4eb6fb87b409dd37c4279e72e2371cf93a908acaaf0b92da766d17640d3705a5518da0f646923dae3f286814da08175149a56d1a47c397ac0531b45d7c916b8689d6200a5387ba595a78c6a05e001b0d7b9ba4f722fb23d361938001d72b8d4d205a6f97edd24551862c23888d6933f34948f583f4aa5c31bd7257855dc3ca7adc94432108f96f
32 167 100 255 63 1 :be4757842cef345b2804e7dd98ddb32abe1b7c3d04450d9782e6e289aed62ca9b7de38c4eefdd05d67e79e37ad9f0ad80f22c0bf1f1c9b726e0c3454c791d935f488b40dad319a6c7c8559d01cd0b8bd1a23a5f9a8eddd1958ceac8bda101d075d43548bcfcadc9b8f8d5c1b748ff0a7b527831edca8597ef2e87cd4fc1bc50ee757fea576e61ca2e832340a10f24b98d4c94b92f5c477113ead2c7d48864543a142bb867dd7d5
32 168 100 255 63 1 :b044bf47cb3cb28247b2f8be45355c9bf8b07855db3fc406c6bfcc05d656eabdf5cb5bfbc1fe87fb1ad38caeadde5d5f3f906ae9e3a56dddee628d0d74c6992d4e8670dd4d4d561a01187a7a608065783372f60e7f09f878d08814ee1afe203cf6cf863109abd8c174ab66105774c4a9a16b0de8213b22114e444077892ffc117ad2a5438f1bc70c7c479371da8dd15a6a0185316c0158a0839965bcc8bc2c4a1acb486ddf13fd1f
32 169 100 255 63 1 :7747d0758f86ddc76bc136d7eb2566e5ca85db2c1acdddbf8e1d7ffef0b024bb18cd02209c984b73f12abb906e45c83d7e0c1ad993de32b74d6f2c5a28797b0bf1ce2693af792b63eb5763f3dc3ec5e5d8072da1328e3a3e7ed60175359e3c3d8af872c33ea11e95b84b40603cd6c3b39412a9a77ff5d0d278f5772924c32e8d710f4a38a4efdd32192f6dcfece9520e15b41b499d01d50f346770932bf5094942f10b3caf1c12f01e
32 170 100 255 63 1 :56a6bf1a2320ca3af16cb0df4d4bd4eb34de479cc5d3b589b9c777fea9865380b570cc06bc61ebf457202a123bca83f9e8ade9560786d0c3e99e3affaac89983cd42b3feb476c93659e8a4f3388bb6632401a05a28516488aedb62d899066146c3010632e543eaa50def6b1b7631e6d3260d7207afe4d6bed73d3be48182c52f3dd8480a138c23f45da27edd898fcd7b29b033c3a69cfaa0c50fdead609cbd2f56c9fc75f12f8d079e7d
32 171 100 255 63 1 :ddd58c5c2652af34cc5ae932e24da7df1dd5b6806d703d183d99a942d48412f3c56806eeb86284325416280c29591c4984b03da22a74d0ec082733a810a6acadff5359460fed82fc58a99ea1364082ea5796df8f8b287f243499d51f83496b89c299ea8df3bae37d7a4d19a8eed77912517ac5f8c683ca4c379241c4ac6be9242793ed965d562c7125c4ab8438dcb3e3cea957922406351fb45cf6d892d5f40abde65352cdc587b92791dd
32 172 100 255 63 1 :851ae60059ba263671a45c15ccaebe3bf40943fb1108667e77458e5ced3237c1442b5d4e6db4c0c0c0ea1f4896244c9282e3f87e98cf45edc08f69a9578c12fbd47fa302ec73c7e3fad94654ffcb97cf51f88fd59d3815bc6bbcfb4c07e40e787e6e41b8b5b7d6d56b80441eeaafa826e1b09047cd19f35cb93dbf10fad2abc156fb09e83748b0fcb4483a76b1f05181015ac3ca2f99bb9ecc4fb28e10df82f361bcecf3bb571b7aa9fd4532
32 173 100 255 63 1 :8be75d0b5e972a49790687028de0ce1b0b736d3558a86781999a149f5ecd4cae22d514d221f814f0dfeedcd45f05cf868cf8c9ece965994f2e392bc273e4b44aacee5702f8a613a7f69f313cc2ad23df30e67cb1d9dd6657e7ae347099b589d6b6a3a018ca2a402b47a589e5654985500d0aa708dec18fd2c831ed0bbac2e332f98b9921d1004739374ecce96a9164a4e6e61c2c49d87b283c7eb50d558503c8087bcb75ce2e180a3c5471f8e9
32 174 100 255 63 1 :41c2431792a5af23a36a5a10f2cbe648586c020cdd1ea8ca01efb59131733ddde97a51f735164701ae8fbe1c061f24c1d6b157a954fd5f36d867a8584f705e65a93e1d6fac05bccf2768af0fe58b5144a80aa524355dfab6b2426089f0549e43f0c01f23c3c4bde5ecee233899cc3685ef16bad31e4227b0c79e91b85abab29eca419444e320aec11d5dfcb72b1fc66f7de58c53b628c6740755591d1abfcbe3a6ddfa6e83e01d4e5e6f1224f413
32 175 100 255 63 1 :445fa72aa655689cc656ef9a9443624bec30a0649db2a6fc61927d7f9255767487b1649f9f1aad2d35834c99f9fabb33130425c17d7460c3ae026c4920304617f526d5644d62f4b123484320933721718e631b6c2a175e5f654a720d17c737ef2a1defff0a61dfead04147f39f8edd005a2b89ebbd0bc40f5a6b2689225c0c1ba029d614703a5c4be7af359e377e3ab855e19835cf360a2fd92e7283836225f39c7537e30594ebb719a08b95e33f1b
32 176 100 255 63 1 :34f24a730484e98c7acc93933e3cddd992c971aac1a5c3725f9034428860019c157a8a4f18a96f9e63ba282da2ff193d61fae055e190191828f80b204222beb53e1f704e226094bcf5634e2e0a27a2fa2d7a6f133731da679247bcacfcccedd65976039304957ea2d4484784d9e1d5ade83f6e651a143a08f0a4d5d82550da3338ff25d630254b59e23371d9bee09ab5ff24e9066de5bad2469a5a859bebe023730e1fb534673fb6197be62efe9cd2c7
32 177 100 255 63 1 :acd08399e9fe682a103a8c71ceb7ea39a377b6f0bf101d2526e2ef796479bc952d9fb50a5f787a672f1d98c45c337cb9fcf0e7adae4130f8a21f4b9164c2df837ae6abbf7c97da0b2c1b5353965282cb7c6f61509e2bed14688affb8e48a1177955fc5504c558144717198d6f0c7673b6c2be0949472eab1fbb0cdfae90203eeec735ac8501a54d9186b9c7f3ec1f15c0859652ca420ecca3cfb4078bcfdeb9cd9dce57fd2004720817d9229905a57d209
32 178 100 255 63 1 :2b75621fe151764a19a4d575767170410603d0d045a81174ab53fd7d28e4ed63baab8fdec41851fe53857445cf61db725d511b460b4cfd980fb2be50ffdf2628701ba52921ca39e414f3bb925c8eda6cd2fee40c55b038f78704ddd21be1ce1daebe406e02b63ea96360e6b5540714ac29d20b068d2a032f474a82c1bd846c0095962d68e1c2bdbe1d3f16592c5a058cc377f0efee1e6d954f9bffe4b3e2ab8594ab29a339bee40024192bb5b979fc59392c
32 179 100 255 63 1 :b7a503137e6ac15b96c702b9a88da5c4f9ec9f5696dd06ed5c169e2046d3543bbe0ae08a41a80642a86e40b7390833f24fe3bffe21417a36545e880747f5c271ec19c40d31a7ed485c2387e928b3c56ceba855f8f75bd0a96a6a2dfbecc6ef162bcfed994ac126d6b755f9957912a6d9df0d28c6adf2ba10ed3a509996f2624821fc0956283a335a14a9bbfc3541bd611150ff36bfcde927ef91f58ab0efe9e45bf9390b0224113592678c5f2e5c0b71a5d076
32 180 100 255 63 1 :e2af8fc1760c2f694ad30c7a2deafe18b42964916e619bc0abbfe5acb33b4cb19af9d799be3b74f7ab5853e595d72a1a6bfa552f082648c376fac357ccc7bfd22153bd5f70a01d90ee701ebee9e88e8166e92f86fa3d2548c29ef8bd7571b53bf05cee98cb3467a32027c0ab7eea9f1aa6380ea16cc3868f496001470eaab7322cfb728c9786be2d7e2cbc08a9dc732f18daf14326a7c0330b60b14d05154f24964847101b8bec5077a9cc9d5311b2fd0b4fc14b
32 181 100 255 63 1 :d6f176e0a5a7cd3b885a7b1096542bc0f809106af813eae4724a3cbfc6d11665e0b93664f02f2b7989c4bb0b4c4d743418fc3285fa0287d95b6b5c3a2596a4ce32bcd55e13de2910a13441d9128b42edb18a843e25997c582f03ebc63f4c770ba739f2896e250747c170b574e26f0f3fc543adf526f13b775edffce7a7c36b6e1ce0e41a104885d16b020060df8ccf458758cb813fd32b68d01e3f78f0e84e09d5c11f240f56386d0a3e8944d9b4da35ca94768afd
32 182 100 255 63 1 :8b8e3e096942337a0b51bf97bd91d4961284939c857a839145f418507b81e8cb2be95aaba1cbcb928a92029b918f93d548f1d7231972b94f7240a24267ca515d3f8779bdafb778ff6642469680d0d571824a2984f7eb2f4d2a344ea367add030870f4788d5234f5665e8e7aafa792ff8ad26db8fcedd0873c7fc9269fdcc39ca9f62dcae11b76bb957f9bbcf6fe9d8941c840c402fb69b4436a647ef7a5a64e58842f986ddc48a381b05c9012b459175aa86e0b9f3da
32 183 100 255 63 1 :bd5d4fee86c2ce8668df4857daa0511676065c72b32a60c765e0349fa99d23ab20f31406042371fc9ae40cc58769eb604a968485832cdf9a7a8eaf0d89f6521811b05a5641c56fd8debc8360a928fc109664bd38c14e3525097912e51aa81c27009e535efbb57f75a09e355220e20caef1940694cdc52c5a0da544fc18d6f5cbbfb93df14569f455a9f5e0157b9688038ab559855694acb28451d04b602a870e55fa1d612c9118a987003abb714d7e1c7cda6650a33208
32 184 100 255 63 1 :68dd7ba419b9358de0d98ead43ab648a29cbeddf0f80295b5e4226d361f94e3fc7563b4f5804b9dc1212bd63c1b94a1f22fab6c6a64e9779cc9d27655ee9118de8cb4e879b67f6fe3b5ee636ac94d3648929db541203ab3324f87362d34a8597a09dd73d22c00f3284f5d59c36250f1daabc85453fe8361d4a6f266530304ec63b01a4558816cd7066150b4ee33a1bfe7fe52a0123c743025ce7de1dd5fff7b439002c63c7f1fc317fa7234d82419706fc4df98eb16bd7c0
32 185 100 255 63 1 :8ea4d5641bbf174511ad232785d8ddc1ebe5ef0a31fc1ba05afbb0d8c6918f9f652c42e9de68b25c2957ee63c77f7d865fcc08f77c4165ab59aaf45cc2c83294d8c00af4be71a8b5561b5ce78cc27d311de2c766a3b4a53388b4cf14340c468c012c063c8c15347d9f36f0887db880e885429e22d3af3948ebc7059a76a2083558d5d2400ff78d377037557922003aebde4c212913a26da30251b192674f5da175385f1447bc0c53cecb613ef05d72a0696683593da32db5ff
32 186 100 255 63 1 :3183be3c0a1230ffe9d651ee8c0feda4325e3df42d8a0f9092aa2272051b93f788aad6f996ee166e3ffeada6fb33eeea5c4cc70597d623b69f73c274e71798032576308e1127b9a3ca74ad6fd8dcd2df48bab48b4a88848aa9716f94785299ef05ef69cb594f3f6ae28a1e04bf520eadd9519be0b425bf5a02a8cb4c4efd6c26048492e55637337ee61d0855ce3b99f21f6b59df6b7876cf8ea0f04acb5784e61dac5c9afe35c09a7da609c7c90c9bcfcdadb15f0c9f5f4437fc
32 187 100 255 63 1 :705d9dd0b1a34475e91cd62d99bb0a0bb6d7b606df92b08dad2ca45969fbe768a3d1238a5c0ff68ec458cbf36ac20b4f8a27dcbfa3d994012977b86b5f3dcb930ef41eea5cce2328d46a7b1e72cf292b028c988d426b77ac94445b084e19007a6147db0cda44c586dc4860ad6335860fca0b4136aa3d41c76f57449b6fc8887e4c963c6cd54b2a1b91b1c85d65cfd9b517db990a7ec8eeb6e6c602f1fa113e85e2420d466f35877c8373860b965151af6faf7b6ad7537eabf6dc57
32 188 100 255 63 1 :71ea9c25db6ec2155e7d85c0f1ce8c7cc1f3362762701949bbd4aa6b31c8e311ad70342bb2ee242ab1e3effbeeb03a303e15da6987b32df78a395ae5ef9723403d24044e07529a533a9758a72ce87e5e72738139d969af3918cba2e2897185760fb05e4f3f1df7e99e062900a543c94308f62be540a69d810cfe016d6a3eef4b103a2e432a3f0eb19d92af27365c9fa5f329c6d968acfeacf5b425d0aa031504560c9ae4582d2f7e60a7b6459ba106d96c423552aa1c9ab51fee93ab
32 189 100 255 63 1 :c3d48af8d991ed6d679e1bb0766887f58c24df19326518a23084f7f328aeca5b794a8c06d3a8c123d050ca2543127d9e6b11b0107bb4e0b0d2a748560ee2be5dab0da35a6bfb13573cf2c3316daaf227652ec2bf48dfc37748fbb1d6b9d573e690a43f4fd90cc26515752a4baa67f7b6399441980e7717657a26d226cc61752ccfe6a09ee840bcfd394b7deeeb828fda52fab467b56430aece317103f8414e8dc25a038fd4fe23ff0bc7126e6d498461da6d015e2643f529d37a3615e9
32 190 100 255 63 1 :dd304cee7cba076414c221d12351217cf811321373d872abed5b40f2076516a1b49a902675d76c4c55cb56301917f3aecb86f877096f384d9713af21e578a1bf55f41b5080857dabfb426397bf7af3e799e6d0c3349944f7a2b1bd84a99b5e9fbd3092bce8b62939bc2144f34e3d41ecde8969ce91e5332767344d5b6eddedd51b04d6195c4215502fb35ea9e340b53351d725240d0a7d8548793fc75470d7013dca5d117f92080f50e6627242b84d11469d6f855dd77d28c273693eeb7f
32 191 100 255 63 1 :6cad8bf52ca4a07420ddf6bf726bb8b8e9af213b222b373687821a5413d7ec2aa26b5bfb3335a8e4d0154adb9d2371f98d51fbd388957213a09c727ba4ccb27e19dba4b7d4f025f8b15f2ab8acb099604f9126d65c8451b6fce908cd13e8dc51b174834ad4374b8ef4b4a5fa14a88a54d512f86fa4637869529acc52faf70de3b853f703cd5dc1879d6b6c0a909ad3b8c69d6b7b524b7850be65e0f604071ba62006a668f20bdcee949d58542bf10d3e6d6e65f984f63e8c59edc25cf07d2b
32 192 100 255 63 1 :424544e3c13fdc20db774ce3fa2c13b8261aca8509418e2f97bb9eea1d7dde21233f1ce5db1efe75638664f87543437876994d5d2fc0d90affe45fd7384b91d89958540b8995fec260ab8cfef4378b56b7efa4b9419ecc01a747047e052a170f8c65ec7936a67e85553abf76b4bd537856a8a8c424cbec277e49e169d4401ebdf5baccefb1887c9db9dfb2148719ef6a5e12693ce24262471613940d8bfbd23e9fce867d775e6dd8c5605d803a64db15883abb214114bca47097688857226f19
32 193 100 255 63 1 :b1b774dff854ec9dbb16ee042b9f4a18f86ea2f81933b2f086d461c1ec22c39ad9c2e002593cff77d7248829887e6797bdf488d55ad07b9ab92e7c2204a64abbfb73a006ba89dfe44cf7fc62223d18c81106d6e5c345b8b699c9cc8025fbfd586bab628b2386c1f29f2066ed4e73c5148f6d7b105f4e8c69e825015ddba643e246ae96bb09d0b8d3bc3db067b67adc2dacdf712f4eb7264c7e9fb6c7392618ac0a8b206fbb375d9bccdd97bf58b150ff03aee2f16a9ff836cc0771ea6d9977df9f
32 194 100 255 63 1 :34ee4fd66afb7204157e590154a1a2a06560896b1d658eb383ee6e484fd2965c79a9d4af1d2437377d0cebb9910bdb2941b8d168c21d3f0b43e7937662ec9e460ec3a2992a6f0a3cc646a37467a0338344a26405580eff4bde3d3f7b265a96dbf090c05b694e23ac3a93ffe635956ba3c061c6906227163da8c598f09539d7d82c13d08d761f40a65320c903d47dec03937873aa9933b847c619560ee2c54409a41505c4aa62c5415d254f75e79aec863fd44f1a558acf0b076819078ce5d4ccdf47
32 195 100 255 63 1 :7bb1dbb44917a68f2d7df1c1e5273de0afc382fb1d8cdf35f5f51ea97d791eb5c02f21f9496ad5f1e949f16cb154154d1239025e4f374ed836029dc16cc4d3e0995b7918ed5f6145706075373311e5cfc62afeedf444988ee4820e67f7c4d63956f3eb6b2cb77a4b2239a00539ca115410b2466917b5d08ac7a74c36d51684cd38343f7c3fe5dce76bbea2bdf26bb9b730506c8e0d1dfb5998a1593a1390712a70f11fc35d22d50f8d66a9954fbfcaa135c37e1ed9a95926ef96e1dffc23d479fcd4db
32 196 100 255 63 1 :e14acfa7cc5355e55ff286e358f2678305bfed5ca8e9bf12730aedf9458ee633a53c1bce92fe321004bda3529802392db73a46d0ca558e473c0b7e86a1a3aa1f1ebd1e381b962250f6df7b5e739ce3fd400932228ef210d60f1f2c614bb1ae2aa6ba514c311ceb161a5cfc422869559130301b4748919b65fc0bd2f3711dffb4982e5553b3d27fa006a0049f958d6b44f1555a6280de25dfc6887961e8a6503f29bec1076b298fa5630f97808a143d07437c8f904605619fd3721842c999abe79ceafe6b
32 197 100 255 63 1 :14458c66d4b649a26e243bb71df9a7f040e860140a1478c52869b029c08dbd7fb13f50ebcdf083c0d4c782cfdcba5d9aaefcb29258270f8487df99e14042fa803c6e3f89eb207e3795e76c4dc14a02b96370c5379a7a05fdb81cc2be56a7088f60ce0b03e421aa675765482d1d8305df78b775ab40636ea6e4cfcf991817d8ed758156ee98a9c8d2410501cff8a777c951e7265379e30fe11d1f5156082e7d2b6109fe49ebc2a3014695bad63d3c82db19049cac0fb44437d055da70764477e99e45d2fce7
32 198 100 255 63 1 :980d79b59d77090ec843562849665b62eec2822d62a364d170782c534166549db09dfcede30c3f941506209ea1bec8134002f9f4f9d6e9e989283e6e902d93379de17185c099e25973339975eed1c08b1d2baee411b65dc903335c9f606608e9065731264fe07821710d06b5a0cebe677c01f00563b338d6c6f006205fe75f99b35f5fd51bfb5b5d2f072699d4ce322a28f8c9a6c3e4af680788ee5b613aae48d41c0035b3088c581d10b1435e80c03010365f4b7cd1126abef9dcf45912a187a2c16aeab7a5
32 199 100 255 63 1 :c9bfb55a9b3751109c20b31720bf8a38a9bd94cd9ab59184070931bbff0d70dd39ac7373b7f4311529ca0cfd8d9c6643b4b946362d257c1c861dc58ad27a5be3fd6bfe9c44e4816d3ed75ee74d13369eaec42788028be224375e3b01072abd890a20057b2fada685de1edeecc5bd1491bd4c0bf4cc7cbb6b3e1573aea9eb436ec30520065d2f4b9decd24e33f499d63dd86d8d8f0f1c8052a3e5334d6f205482a15a30ad94ce0c54348194e43ed2c3aac368933536e420a58508e62a1a9807e5db7fa89a112d64
32 200 100 255 63 1 :ab581e024575e60cff92074b66bc1e67429964bc2ff634dde56803ae5ce85858eb8f7d9ae9dc42a9a61bf8ac7abb263e7d685a16dd8ee29bc567e3a78a3817f40ca72c4afc7c3880fc42da4f00f61be7090fa22b7472ab7fe760ec2d73a6cae6e04e634e93505b71607a9b7450341b02c951d1db699e94c2141651054218cdfeb0289cc783d464a4824e98b259bd6a26b0a323e228898b1e4818f5ae273a0ef2dc78a3aab6ed916be07da9cae0dce0ee4ce4c43d4f7751ee563dd33f129f1b317d052d2219e14709
32 201 100 255 63 1 :697617bb74716327040e1359a98c1b1a09d49342e71486bfcd8b22fa81e7a336fc340bdd6a505533bad7566f6c37f230549f4d5e509400e1259558c024f48f933ac5c70054d7f35d47464b11d26bf36c0605a39ca416a7cdfca65ed7aa49f360b1d22b8dbf5567da65b9e6012f91d08ed975f1a6ccee26d94e5bfe40da59db468fe33a27d14a9bb8dad9fd4a716f455e692c2ad6399ae7f44bde991452ddbf4c935a0dd62634e3b1c3daa1ce8a31d2059741d098bd063139a3eea95a13529dd8ec69b3626e95c7937a
32 202 100 255 63 1 :e2a214d6bc9c12f6ec876a3ff79a178da098e54dc92511e94a5228729c02a595127b6c532f01ed829d45b28f291470062401903f1af39acaed3ba3e49e86247dd0fc0113b1d4632582c842dc2167ce3c744326208a36fac79f7a2d04d2fcde2ca63f2ae5f2f0a9ec9be9fcfa044fffbe690226e6f6a6d8f776585ab0f7af7dd95b28258580d2001f7cf7337f82154defbd9d4baadf68b4c5602e7b5640f701e4564713e8467b4a74162a255690bbad947a339fd139be96a47e422f1055b98bcb6024ad50742e092c6a67
32 203 100 255 63 1 :eb6815a54fed73a1756a3b74bdb65a6c1fda7adb6a51ba97fc9e7937c4abd4cd84ba88c39c872c1ebc9d20e57efed3ed887c0079404b8eda3e818acf1e81d85775c6a88b36d1dede607059abba02acf939ce4d70b6cb4e1b59b64d776adcb7476a1e7a7b921cf5d2d644085dfba68d25e69113b9b5c442d34643bf47f26030d6ea2fc6d25ce04d5a30213b12f2ace1022ea0714778be077e8159f16067c0dc48e324e3c7db3105754432b6e120891903aae9ebfaac97b3ca810a275cca0d922922d45adb71b2621e9f2a4d
32 204 100 255 63 1 :325dbacf1f479c869ae0cbfa94aa884a4cfe619c723358339184f87283bfcb9783a892d9acbc47493d5e58d7ff02aefc8448adc5b0d9dd76b4810f01ef867721f452a268e88531b5b8d6b866ec762848e9de72ed7238479441f3e8ebb50b94d1781b9219b81ec88d97e34618c17fa644d9321680d1d9fdfdf2b70b8e33c5a149da5e8115546d5373994bf758980149eab9925006a39c8aada7a6e078c5585445637f1270b3f3e2c1e3e89dc3dd1ffb5de9609762c732150e25a9e0b026e90a07819e59d78f0ea529b534d215
32 205 100 255 63 1 :c253741401559ed73410141a8304f25e964afc72d92c61f9aa128a9ca55aeefaae12ddd1d32c670f8dde60dd95b7fcc15053a1a1606bd54ec9d484f95ee4143dee1460a6444221147c82c04ca80a63dda1da1cc72e9bad13441698893d6db75d2ec1c91498141f0b9400136365df212e64e0db6d0da6edd6fa8dfe549c43efcabbb36f5f2d82d27d10303c3fd4ad45e68c2a3309e3e4b9a7e4dccc129d08617c2fa9b0f97cf8304430bc5412ee51ba3d0f3738ca1980e905a2ed12a4595e5f395dcf0e61491b57ad6f78bb47ac
32 206 100 255 63 1 :21b02f1aa7d65d3de9961548c03d395d7a803ddcac29d70fa102c8f072c61cbc866bd7fa5769e9777abf9770ce357a3855e7228e17e4cec12b01a956f67b8d71f5ce228e0b93b1f523f440ddb562473c6338b435e341f014ffea0f600459bbc2437a54c61b152c37797f051750cd49cb9a8bbe5513dd71aa848006030ba31a67cb44e171776e24d709dbc4d6f24faedfb5add002c68ade5c497daa9633a395c96d13cd1ccf5c83120a0e0b0f4587a3a4a08e9d02e5e3a525a8f99c4b35a0736a4c2efade15a33c695ed2749f33c0
32 207 100 255 63 1 :f45715c82ce4aabc25a050d8fcdcb12526d693e647bc083a1fadc892919ac6628eca5c06d3f3e4d24fef87f1bf7fa6ae8427b109e09b6f8d8e4040d61c88c41896f14b1f4753d6fe96e6d1852d73b32940532f681ad06e79d18b4dd258f7fd2aa190d8306d94f5477c6fba1a54a5b57560d20af71fc3618743c398bd28a2d7870749db3712fe6eba5393ce0b2861484ee4080edcacf0ed646d645e1c955d021d175a334c1bb49f38bef892a973525af254c82afe25fee087f88fd0748cac702ab0d0f757b15fef3acddcdb8d7ba405
32 208 100 255 63 1 :0d2f55d0ebd065428f65ed00edf24ee8a17aba1bb7e7022c327d90bde5d15a7a32cd783c9e1e10a483e0acbed239b3938dd479c11256c495641a40b72309e98f0dc07ed09e1660d53e1029a06ae89f98a857ffbe92e8f640a1ac0ff7f31f40a846549538a669ba80c57475b487458a0d02ae16e3a511cfd3b1fa02c98f9bda52758b95e7becb572935ce0e6deb18bcfd6e0b40f25286afc488d14987203b160eca8f37b891ffc67bfa094eeef4c4690c396dd420958d07984279ee2ac61424e8992c708ffff6933afd433e441b0f4c16
32 209 100 255 63 1 :4f818e63bdc757a80214b42f6dc71d4aa3da9538ffd0920eedcc095be5ed49ac79ee63c1c22e120cf8c1b40fa8c81e3dc5c362a60910efdb9f1b514ab71c1c4cf7aef228a5e47cd20ce9cd931a6d929a149ac7653bcc1c93c7799bc4d1184da7a30a62d5b6fd13d9b9dc2e442da99db19f333babe0f7f0a3929e379ecb02e2b7b9cedc36475c905a1e1577a0df93bace87732221d22407d783fe9a63b646a90efa59359fe045b7db7f02a78f64429e0f66afb54603539eab0015534a6d587bd5f951cf27b105f144eb952de601df483cea
32 210 100 255 63 1 :a5d2fa204c1e234fe00f8fc3634d4bdb1b87bac7394c6fed37508cebd16fc84ce6757a11a46532d759540537a397475587341115feb8e2e1e87d7883f9b03ced1f6968cf51bb4eb9ca4773fc6c4a5e89d41dab75f2552d357fb4d945aca1d9842828583829115cb0bf5120e2545f7fcba1a1c0d70c26078cbfe8071ba9c8f619ab3cf861fa75f218779a5dc60ba55354266304b3f64a3889100fd5700f72dfaa9b3f24fdba6efd552ce084b1f6e1a16f0bbb71fcb4c5f6c9612831036c2deaa0ba168b99f1e4fca99eeec87273f6965f5f9f
32 211 100 255 63 1 :42770e267466c4b532eb258225504504ec3c4369e6b902f85ee2088d580030b3251a55a9f79a92999ff625e49cd74ee886056a36475c80f831dc0c7faf37427eefa2f82d6fa21cfc6f2a0fc07942a83293c908c197566b858ab76e26afa6eed9ed3d9352d4521a1cea2cbf99bbe9d35652a2e9b436debe0331e84a8d400e2d1369cfeafc3f58484476d437ee75487feea6fa3415add2b357a02e3177667039ffa1318fb1a507ae17f7396519012645344117542c2a72447cd43ae3bda2b46b0b672a59921614a1476dcdf0c114c6f244645e14
32 212 100 255 63 1 :7d97e15034ee3b048afc948cf005e3e7a88c43635360bf76d497ad12ec6ba27afd9b9b248a3714e8223df658d959ab6f49831dda76c907959ce273615d27263d5572361cfb6044d895d1ffc8feca3918a75b6e3fb20df8a6f814a43f5e759d6f40793b4d7e586f537211d486ec75534eb55f0e096af881dc9ca9bde2ac5d2cb26d78a278dcc782d32268aa8d8ec453822272b3876bff2d923d4806aaaed984292d147695ad3a0e951fd069a727df406c1011df7d4b90812c48765ee23aa55d978d4e29cb6b9f485eaeae921c4a2a3a67aebdb99e
32 213 100 255 63 1 :86375ed8c000b47d51c28ae314f24ea85c9dbf2f7d0ccc9aac3b778b72db329060087dae4b114dad706221b143dc7dca52d6c983312a6c9297bf161fcb074a73ee8c133c669b29737f2988d4ee035cf9e4911df4e98df7a9112e91b994e6092fa9634137c2dc59ebeefa484276e4c83544386bdde2ad2e4a8002275545da27621f289342b7e127e9cc4ac1d618853e41ec6c4c1a0b347c3e5dca64eddcb407ceb298c37cf96d61f56ae0c97f126a4d33979bba073902a559796889e1b8338b51e928b90f5b57802070215db4d58d76cdbc31dfa07a
32 214 100 255 63 1 :fdf6d5c3a9f6f65f376c42bb6d12cadb0f150fd24b47ea743413f05d5d3dbb8acbac6ea0c5283d8116dd94826a305b5d3baa8c88cf1ec8f7af285492569d0bfae02d96a2c9295b96b25ca1ca5ef21e2d804f913100567022b7b310cf335d70f7935a3ffeab3703ecca924351afe0124981e385fd720d4f2a6e6050f7367a2bf070d4371acc39e8aa9a62ea8b8f2b531cbdd587c6f39e57de80aa5373c87d4e04d761d5780e0444a80c7cd3e48b37994be7842eb3ac734686783723cc507eaeeaef2f0a53e893e883d23f93df91652855616039694310
32 215 100 255 63 1 :ab87d12ed1595b21d2c8f9aedb6940e2907bd161aabe85a1e8839b395a7795b2fd32ce55a42395fa2ddfffd171bb0ed427b59f8c3369ed98a3603aa451a5f621118e7ce678e9bc161218feeba2e7ed105990dc851490863612028e79f40cbb24a5a4dde891ebf1c7a50a831a2a751899a5792564aed5b0f6753e49c60305a47f25da241f5c27bff27af51df1d7219e3a74ca3469305e6ef2c263a3b8d6d36ecc84ff3ba6237049eacd7e15fec58fd645eba006054d414e9615fdecfedfee255c636c0122a3c8395e582c218b49f89544d33706cc08a159
32 216 100 255 63 1 :defe17c3bf55692ad2365e39d3f974c86b09ac00392b65b986f310f8abf72f5bddc9f99b8017d02673b9ec5637c968545f8cd369c262909a000fdf471ab5b6ead54af2894376fd82ef684c7095364d83f05e3a1c30322f8b767a5ccd6d0bc391e9a517218c347056e4b96c1d35f48356b5ab36f764b5fb38de21476a2670888c04fa6e2ff090e0a6fc0f7531b35a0ee73f4c86d0edf7ccdfd2304c25b73f346d6c8eaab5f837634a28dd230385335c82aa862bc199f2761446a2e82f24af6d4f5c6c4d466ce0b81e31544a4b444548bdb68bfe3f9b4c945f
32 217 100 255 63 1 :584e62b97ddc6eb5a60d7e2d90bc2af6949183f3a5e64df409e99d15929f78c863d5378ce1ba90055d887e6308520b7a4e78fb9c264022def8034267db5712e6a6ead5889fe5cfd874608dcf40fedd330f2a8fc2d7dfc69a7618d76fdb9a4841ea41c4b69652d48e69d6c980113d35ed79036564f0c6051b498f9371efc24402674f9b716acc004621b40faffe1b9e4eca682d6115aae764119009c17f0a258001a63b0eb7ba389529b451fcbf1771901dc23ea8688e853404a69391319bf00e6bac0378bff07eec9e8ef5fae9f20dbd157963ca0751f8e975
32 218 100 255 63 1 :80330824885bbdb30df41f99fc4d26167bfb56d1848fcf509632b2f15e805b8031f7a5d39319c15940fc396f083076994c6f29267ed3bad10c684e678fe0232278ed4aa14c52df98e504e8291f636c2dbae46a61b37e6e33538b4bfa9b9c6a1f555fd658c419d3fea269818ec7fd70ab06a1d4d4dd50e989872c4276bfd7278ae6621dc96747ed1d0204904a47320e1933dc977ea7d1b083a5c3684bd7c88f641b7ea8e8e5526d47bc80cbab8597ac255fe7e6df13ecef19b00b7a0a4657a96b3ad10f041a78eaf977f76b99f25b29948c321044176aef89f963
32 219 100 255 63 1 :ce2b87492ecfef42adeb67bc15a44b414ab9343af480ec67926fa1a48b0ea3a33081815db6484aafe5545ff3c7ddf9e668fb3215ec601b9e485b6cf4a26f0d47b6e22f50d4fb3122de813734ee83b86e71ee2cda3dce60493f9f89e1d319f68fb3ff4240783e2a644d0c3cd2e665ceada51afe8d25dcdfa38c9ba0410f481ccd83c9ba15cbfd037249a3140508156ec5c43490cdb11a071eba1562aed2ff4d426202c0807025019f895a3eb4b4b00079351fd9c7e7cd05c2a36e27e7714a32dee348eeb82c18c7cfcc89984332f06baf97655f114e96664ccd366b
32 220 100 255 63 1 :3e011621291fc6412a911c88cf353b0ac583e8cded234c16d63e8e7f73930445992e601d4062933ef02334d69b5cdb86dacc1c7513293301064542ce8e09f772569640373eb38db338a9d4e31c6b87bd4bea3b0b612812a191d8376dd919915a807791011146cda39c5db6e95e6dd8c090357736c9b4343f70ec46fdda79575f2a7cf0cbde6be4be770a264eb3a995677eb8240480203c2e70cf9c3c2810be2b01bd1f32fd7da2db4d939a56b8ae480381947eac2fd3e50f5280587c8216ddc7d41500c010e685f2dc21ed0c25657daaa6e700965168fdb8eccc6b64
32 221 100 255 63 1 :1ec05d501aef8acf5d40425f1392655c5113b692ea368eae1728857c56094258606b36bdb0416beba52f5f7a503745df7de6fa752c56a961fd31cf640e7a4e2337c2ad7939bfa477eed46a4d9e2b31196400d7c7a7a6c867c5af42ee0a4673990c931c0a5a3163c7ada0dda7d2a76d891420bbf7f76f7abb7fe0245e2269a117ebe04478331c58710296338a76f755bbc361ca609729b1332d8da532ce9e1fbca0d2cb0a649af49e95f41e6fcc7bbba2f00e36945d9fd18d3f0e57ceb1d75504f1f00db19a4950f260c8ec2c2f57c4096b8a5731bcac9158bf09377a97
32 222 100 255 63 1 :1fe33903960dfd9dc9d1fd4fada485ead68d4c7992118cb0368ef4754c8c78ec4cf0e9970f856269e6d25eb262af7d8b894d102f3e31c3b29f0b6352a0712521ac5e7c483e1a0113d71cfc24985352f4ca4fc945c0758375abe000d0362c61fff37126edc4c6ca588f1bc6d15e9dae07bdf0d7eb5b4ca8686a80286f54150270efa597aa6be0d1dd562aab9468024399758d964818645c8fa6b15618c155bd4654d0ad43948c72adbcf0b6f84ce2ae45bfe55c6f5fc3c9bf65356811ac07bb13a1a83333c5b34fa026ce66074cff69e5eb0622e58c81207cd66f758d4c4b
32 223 100 255 63 1 :ca3f4509a7bb9fce780f728c83fd668e3f500efff4e5d77b49c1055fb9b45c9d4a383335d1f07e6692bd67f9727ad10c71c8893816bd6320ee1209e61a6210478657b91c7d79609d3e2fdf27f184a8f672c8eb798317178c2507af0e23d32d99b5d035b59b7862a6d80e8c7871a2c52b27de370e6207053da3bc9cf0a428e8edbbf3d4b896cae95c01c172a3c3a779caa9fc7d42584642212ca33986c933c140ece74707285e3f6b3685651f1813298a011c1499bf2f2d530ef77cdb65f1112e6a5fcf44367f1721bf45a327013fa029b1ed15474352e001e70487a76d7351
32 224 100 255 63 1 :ce07534cd03d74ffa51fea80bdd0d8a408987733c4aa935eebc6b948706fbdc9dc1937c2dc31c43eb810cc2137a09afb03443195f796be3732f036ecfde999f99694183ab8f2195aa5e2a039f6d32779d32c07112f74e24a8c09eba5bce882e7bd87eaf71999a491020c096e40678ebfe7e9ef022f2d1922803b00944d54a5c91c201f86efa9dddb633ed78f8ccc6dbe467ebab26972c38043fde91465e0520592d5df0b9fb8782d8770d8a0ddd188582a93aa0257a2c36f9666d1d93e450d38b9c5de1a48978bd680d6f2d7a739f99e7490ea21053198e3d53155e320d47a74
32 225 100 255 63 1 :7ecd4fb6b03131a19e9166db4ef8b80e179c7c38788e14b93bbdbcb768ae327e966680df1a9f445e6875bb55d9b3b094a9fa11869f7a23dcfcc4c019a2ec698f685fdcbbf6441d2246ce92dbe38a854e24d5dff55f925ee41d6486c562b3237633b98627fe2f8aecb4e33f517b9aa77413a3f6fc7192074ea023cf56d349cb6477a84c501271bf191ef18097a44956d5b8f10e6c2f5cd324247966c1b769293e037e8e442e182f4aa47c35aa0e11e8b61226b6861ee2978e4bba9e1798c36d864d1a7b09c8e6ff5bbd92e6f29c84fb054909ce068c655169d3b2bef79836efae90
32 226 100 255 63 1 :0bfecbc0b8ea6dc66fbc72906bc64a4c2056501984b4f9ac565dbc2b2dad322297af4f36169b6af19e01b8ad02020b7188b775cf610003d67296209f4e3db77cdbcd3d6cbaedeec1b657262a24a126a6983f90dac32eb4bfc713a2858a8a2217219f752b631be6adc0d304e06968474c1c59a5f79ca8bc22153190df9c33de13102e804cd43f5f523fd20d32503f11df7e41dfbdc160fde89c82cc40efef5dd7bb7f264c33d0abd4b2c366c39f475f9d7fb804d3269fabc8591652cc97e0afa57819d0b6bf519da7c58e531bbd269fe2969874adc623a10f2c579523e4818f73abb1
32 227 100 255 63 1 :7455c7b9de78d7ce11b5c927282ef340656d1f025ab525136d1c6a339088a500503c7f40b6e2002ab4f0f279cc0e410c488aa97f296dc42f9f769d406f4f452734d01605f0545d85b5ce84b594199f26825778361882584df2a2a270bd1f1d014a76015542f5b081670e3bf6c5d40fb03accee80d9a88c46919dfb8082075ee84507426f0e90e112eb02c4f75d3eba9b9e737f704a56998ccf06c9b8612b0b83a803fede424881698c23dac91107f09412e72da4f9a329c4dbd344544691714443480875f57f6fd205abb846feec86059474abf2bb06f687aae50a9c42e67ebb864416
32 228 100 255 63 1 :215add869b8529d78d2ba606ec85daa187ca1e4ef43a983bb4f135bd890557c0ad512c4df63001608a06412728baf1544ee24a9c169475328e7bcfee4bbf10e0de5e6cfaed739283056f5d97566cdf1f62620670c8306670b503f825be3c39f85a607317b1290d806a518db7992e4b9e32b16234cae0bae8c865948db6a46702a905b84e657c5ebce99f0197de2331016d5d7f0d69ca2e53845b25987d0381b90c5dbb8487a2577167536dcce8efed712ad925d833aefb3b82eda1103faee820aedf49c13edbd9e92ed03323e0554551eb905699432f689a79c61ffa26c0bd48128c7a40
32 229 100 255 63 1 :49653ed0fd312e87f0bb4eacddaf3e7e4f2e06204edb000e0dc89882990ce29b4bb20e962191519e65d6ba54d6886778dd742aa60e7305f6a2a9b2463a49d292eef15be2d70e03b2370d9bbb0bd92709317c1f231dd953eb6812434021bf623f50e6a48bfa3d8814006bcd1a8a59753133c50ebb1d0f13a6d1f2dea5a1e6d088c4b42300923c26b793e79e63009d52032fc2b256bc497892251f081fd21919be90bf29ae43f18890b612b16dda90c649dbafe94b0ea16e8e647a43d01892d0c683e925478312c8d612371f1a469f46a2ce86f71feaa8647ca88310474aa7fd4f4a2c905adb
32 230 100 255 63 1 :b7f70c25f83fe60a04c20c0318210e3664bf3cee7c8a5ee2fefae45ff476316db2c7f4a03a93c0b5c26de11c6dfa23be566c41db2080b8e4e92cf9a382f705033fc4ded643dfb65d14a5afc9a2f59a6f6baaf37573a3e43f351247bf73bf835b5c3804504237fdc11d42efddce7a865c7af12308a0f52a4773c9b765a297f5f3991ad56e44e97a13f386e0cb4d7968560a66c11591ffbe6b662f02b76840f2a7968412021ed4a414240b6a68b80860dab4799a92b2ca9ac6dae812a2b8bc81b05026f6fefd2f5cd9d78b80e922d39a00a88c2ee857744d23598a666f52f5ee4f272ac0e4f3b4
32 231 100 255 63 1 :a60ce65f21ac03e1c48542d7698bf1d7efc85afe74915e1889eb159d8d354eb5375f8f331e4d13e8b364090cd7d094fd755d71e76043df3e0679e861e10f9a71ab4e97c2b47583a87b06c2aa51177e51d724ccf26708a7f669602be341e1dc7d4965fe643bc527f245ccacb54f68cdfb6389ba4d13903512f5a33d1a84d842d1d88e440eb33fdca44be086b41f15980900e822718d2ea4edd53526ee1fa89c79c49caa9719ee146f8206e4dc9ea55b2a77a9470b12456ebcccff941dbc2df032a2701a64dbe7f8c1560e9aed1c75e28f23c21e2b16b2c67166ce9044929386525a90ea9641133a
32 232 100 255 63 1 :9ad5fa21b42060b05b3724cee839e2d060bf5dd6ae202aa920537db56cfd1ab4a8df32c746bae656b69d4f8422a5fd056a73a119e777b0411b807b42196da50a51dc2f086005683b6b56f79b1a82849c01b963d3766aab13f69dc92cf18d8ffcaf7263c058948f0c5ac30d9666a0cf8ddea4245a7502eeb8cfeb2323ad0cb8a7ac644ffabfb0f73856e3f23853a6b59151facaaafa6f0c57d34fb009ab89b77d3f95f932c556e5a1b4c9e6ce435723540a8f4061fcb4179fe82493778bd8a64df3f5cdb39aec3a09e81e22b6c1797d9ba36523eb74cf73696b7c92d228e545843d0e4fd03f33c9a2
32 233 100 255 63 1 :4bb9db731e97cc4046eadbceaf7a07b7d32a533bddf570067250f60be55bb9b27268eecf50129bb124fafb8e07fba9f69d6f85be20e8901c48360b0fcc0c646ac600e69b68b59c3e1fdb935a876695a9decc23b88135b7c1a581a4c60d535813ba52b5a80c9ca5c036a5d2dae4c613486ee4f83f5548d27d76c39e5255cb92d2f04b98132f4b60d7d4d5f40d93af2102ffb8e14d150357cf9dfdbc76bc44aea1f429c138a9e129c022c39775c3bea5f6cdd5ff3dcbdfd55813ddc1fefadb30ffa40a93a3a2b5d09b1858bbe9398e35e9741d15ed1cb44f5052b3a862eb0f4ca19560fd60bbe65505a7
32 234 100 255 63 1 :abbf2ad0f95852b981c9a9723950ae7ece5ef5432631532065741ac60002797f9404cbafbfbe2be043d659062425755c0c935e848640e4052a4a9dd73ad3b08bb14beffe1176187c6b40725d60badb839884f52cb6cfa609f8eac326a1298d106528f2fdaa5c54d9c2449fb5cd2df6485bc353c6702794faf6b2ec5b9ce0bcfb3bd97f485c0e513917ce86635243a0398aa1d316be437c01814b753e01a05ed172bd967e8a7a71d85edc839cd5f84180fe88c5172b4aca1f3ae35923994954d444571f2496bb37b9742f7a41d08e00082497c9eab9502ef88318b16efdc2e94477c7f69038745ab9ca40
32 235 100 255 63 1 :082d02f0ea9cd08d9ed6ee626fb8f685a8fed71bd377f588c2d990f5ed82a834c878d8fc077953ef449716367d2d0b610a5f53cb8ae0a1660b24e1e81b26c8ed98874caa8ecaca66d20c0b8fddce5e98e905c3ba022cf520038f642e48d06e58a4eb945c9eee89152bc329690d2e740ece081bb2da9c02c9d0deca7cc31b157978582748b8d5de9d90f24630b1f29a07d2c701f85eae742481be294c1107584a17d5a0afdc3b90fa78a3c74c468c47b1e0a67a6da68a5b6f1061181ad0b7cb999c59075ce26f26647805db3d99177d4d81f5ea733b4ade4de77f4a124c474adc34381b1fb0ac89b30a62b1
32 236 100 255 63 1 :fe7d8688fc7845c82ad839e4aa14e9199e54f84f80b2312bf3f69e90565dcdb11505dc81f69c38fb6e45a21ff8b87ef8abc13e0c63caf97524ec5fb3cd0200c32646fdc39f204d84fb4e1f164515f008c04b923eb1f746e30c59883fab74876455bfb6336ab609e9f7f1b4959f25ecdd6d127b877bb37d1c3e8c0180fefefd05c5a666697aeeb489e1e6ff9eb6386c2f9ec3c1d4f09e013837e56ef32b208b0dee2c05ba612ca8583bc05588de000d4d3dbde8f18fe963c3ccb2bca379605fa4d40f5a574bf8c938bd18e18d896a8662fa0d7b4169429e3cabcaa4b34712525fdce3e37b39d22d69432917c4
32 237 100 255 63 1 :6c40b4176c5b211b880e4a9304372804a47092b193bbcb09b3b58c07fc27f21c5f29518e7653ecdfa48bd61b5f8246c85e2fe9d2fe1d8be7c9cee70e86366ca0752d0e48fd65ae3894cc8313d7e88a912dd3d67a5ff73109ee994b232d2c0190f04eca59b1f5bc13be4a34535b4da7db72573ec627cac3c610fcbcc1b561ac0029c06ff315105ad66193b99ac91045a8dd8e973173b09bea9e738d43ef75f6867d1e6b3a683ab208978a7e7e668eb80e0cc47e752c812b7b02486dc9e83a9597c6f88ede413d1c65ab67d450484d18691616d3dd2569dec9a2df4a7b2f7f2fc8ba7408fa5e830c64525f800ae8
32 238 100 255 63 1 :50cf3d1ed408aa01dc3ccbc43b7693a99853f89d5f0202013c39d6137c9e428f4b73cc1cbbe942b50f4363e13ea916dd1a6c3ef3124edee3240a2fbffa2cf90dd573599f4ea536ba0d33e89d1e3b92ae84267cb88222eea8f7fdf46b6eb2d9bdb31fff60ae16b3cfc278911b0b7d63f7dcde88a5cbe7b4fa9a71e98a40eaab8a8e467c07cb27a1937969e78f38c5390ac169d0ffe1e6e485b3aa99dbd8c8b922a293e9ec3737fef8f7a7876acf6cf137afa042af8f46f0ced55ae97ea20f4a7943ed3114bf9bb1d6035acf1ae530d5b3b41743441f326094a991d9da10c3559143addd7f7a7d15b1ea73523d59dd
32 239 100 255 63 1 :3cac127026d4cacc4a3d53d12e64b0701d599682c326b71240ff73bfda580c3f7c0991538d679961c752e42ed1373bda479da2151344325ad2c434e5cc7535046e5d3dc337df0616ae614b3b9d78ea76f3bfb814fc6b577638cd6915d6aee136466358f32dacf1bba528ce062911657cb049e78bc00eaee383b9264782ab8d59dd951209d682a575abdad2b6f0a6c4911a44ce1e3280d72d1e32cddaf2a3237f3cb2db8c0f38dd9f0d362795bf1d0c99a6382324e52454aba7bd0fd8f7b3795dfdd6dd22e420f924a1216076bc176712f226aa067c8139719826fad3805a847d8c0a6732b18016e6034418a844f858
32 240 100 255 63 1 :aa617ae484282fa42f151f8168834532978b88f6b93d1cb7231dfbc76f270184028be06634a44ace11d8df82991485c57c9ccb198841e1eea26dbc97f4e6fa3c180c28a4b2f5c5c6829fb9bd295face127aa43a9de8400fd47810037fc75e50987a97f0a54414903c316566cf9fd2cceb77fa2f45f882b7ab9c7485c7c038170c43e369c3f3958fb40abd621e44d67e9fd433cad9dc022e089f2812f6c661305d58cfad2438dbadc6f549045308d1ed310e705a390bc708005d648d70c4a81825d44c47aa717c373e5a5e7cf2c2d1cfc631f8bc174bc528464ef2fdccaf03bc2a6e40af1d0de4a813ceb554b3dbc358c
32 241 100 255 63 1 :6246415e778369efb9452132cd86e30b5c3b976c92a254d1685b5152f04d08db771da4151e87b9f9cd988dff439dd763b9e32b679bfb643baba9cfae7f6d2da52c92e9a655a9b93bee1a7cf1826566d7b8c9a131f20968dc809d44566ee15009b70cb5d8b5b3278332bd9cb24a10f20541a363bfed629627e6c75d610f7f3d8b18526c75eb42aed5e70c63c42c14229b9504d78ed461d2a3f1acf7d3edc68c37e821617dd0a4d19ee88186ad9dbc6e93883e122e2c636a969fdb6d9f48272ab4c6299fc0a155761729e1f9d465df079737ff9629d7326d1fdd6582f62ae4131660cccae00d6e17c5279849d04839c80b41
32 242 100 255 63 1 :ec323ca7ec06db59f94fa58c478e4f48f64e9a4c71bd306fcdfe13690dbf4f2663a7e706986933d64d374da90bc3f68ea2d0513b446616895ae3027a9bbbf76282a4f5658c39aa5927eb382b7f9bc73f3968cdb070fff49e865a222044ccb06cd1606aa244e23a2752a4574d975ecd68ec5e56612c446dd1fe9a99bdbd1464253b9423cc1e508ab256ea91e6729aa4842d710788dd7927dac70d049cf4243bc2eff9e0bfa3d3646b210bd2a9cdcea0cfdb505aa2e7acedacc1afe8ef8884ecf41702fe42398c8f87b4c252cd4c0679d0ed39e41b2c4c759306b1f1a1e14a8bda846fb08618062d7d72e81056bc51f16d441f
32 243 100 255 63 1 :33d8d9614ad2fb031f538163830f2ef6e4ca20494f40283010289fa3a77d5497a89b0853b3878de1c508116e3ca1cc5b019f54503f9fa5ecb31ef22692dcf126eb4db58f894d605c741b0a32123a7730c8e19e55662a3a5df8a3a272ca488db487dfd823c35225731f90084ed87f114a888c121cf21416697a5784f6d0b18a4acb77c632f42d6732138d9c01a2a2aed97e87605a93fb28cb2edba615285d1d257f9a795655a34dba648252bc394ad1ea5b550282330713be3f58a8d6952b0baa66bbce2f5c4bc91f5a918ca38f5665a51b94e807cb9a4fc891bf4afcdbe22cf191e6b3887ef1ccbf8f11abf52f7eca5e5bc6e2
32 244 100 255 63 1 :d0a361077786c5e9b2189f9d5ee4223f542afb392e857bca4d84c172046d46704246f35a3e7af3145ff065817f8a4a619d6ef9b8a85a680218b16daea0641acbf79fb37fe242bd0314b63289a516cb3f00f0a587c9cbaec9eea3b35e4e2065c5d610f7e0ee0017933f5eb693ccd4b8b8e2527b73eae19193757b04cd55e9413e7f9038c4213603737a77e5b8507568899073cb99be8f4788a07e0d71933975dd22ba24adc6563c4b9f81b9265b14d201276ed7a9fd162773c3a52b4b09f51e657be62c27b18376e09076aadf51ff9b84de1176e9a53ee608b5e29478ac9a38370e22fce0623ff0a3562c8ec414b98972f0e3f712
32 245 100 255 63 1 :a049415bade93c27f52244699d8846c4a04fbb127fa836786e2b98a20e8b843deceaf800d10303e0511266248a01c1c0217e104e8cf7c845e199604d69c50babbd822917a817e6cb225b2052f9aaac9ec87a55a282472f155f001ce0f9b9c0f6f01e125bfbfedc818b93985af13434ed032ed84c7baaec99f50a2a0f5e9a842c3baaa12ddc96dc2d70a8334725080c95cc53c96f8c6145b8dbdd21cad964090ca9ff2f0e88df2e847b4f336ae6836f591b09834510d78ebcbf897ac13b3bae22d6911ddc0407116c7146d35355c5c0d9be5581e518b038558b2dffa5725745769cfd84e42afcc72e9235b7703cc926e37a2a4ba6c0
32 246 100 255 63 1 :f5ab452b7fe4151979f66b7e9b2411693c93c1dbabf89dd985155a4c5eeea3f13a808009fb11643d51ba0e65db430bf6d68a39f3b45e0c767a6e98a42dd14dcbe4f05e756419813108ca25adf4259e5f953c5d0df2dcafe14f506e2385fe018db23a8fb91bfc0885da81568916bdf0bb07d6a75bc9680333f39f0e84b327d24dd4598c9aa4d4f67334ff192f95365c84b3ece76240dd7f1536ab4fc339a050f17efb351df6cf111d2ccbcedfe16c4ecf8c798c63ce79a9f94a46f7c58b038a9f6fe6615ee7e3b9b6dd82a4d5997d637d40e91e52071bd7fdf5d4c1e276aed62ccd97d4c285f2468a18548fcba320276b5e16d0ed9aff
32 247 100 255 63 1 :81a22929b60ea4dfec15897f843273922aad67f9755c0e67d99ec2fb40489b95f8a199227d914688f5ae6790369081c37172f95cbd9f5ab51127c07b98818fec5096ecf64e2b4a048f7246cd6bd0540d3fe40195883ef8463cdfa8dc5d775fc7ae9f053608b610d74f2355915720d959d7ad8fe11f5949e67c281a39e486ed1337d528e7e1cdd08c28081fa256fd22c25e65fba38fe62e2826f654d8f5193a50a5882b3095ce621ac3cb1ba6aab3ebaf79e5b1dbc539d1caeee9150695cc3c28b6a460a3fac0f370a14bb1cf9da797a0aeea75a5ab4b4d12f8ad3e03d876251d1fcfc24f233563bcc92b470c92141ace7a1b95e54905c7
32 248 100 255 63 1 :071cfe3b8d7bae669361b39540bbb3b9ed10e6c6ae87553ccacefe641f50dd82e1ff0ad9ef238e35280189ca6fdc8a5bb4f59b2072de0cd4ead6ee1ee842ebe5ac01e62714bbbcedfd693521a4a1f34ce56bbfb746ccf983c8a1517e2f45b6ea6316cfed3a86c9f0a66581d21d3929ab69f58f569ee3bfa25c2dbc39ad035246f407515dbffa1a0fb3cefedc96a2a3492eeac3b1ace44266fffd9534ef379a198de1fc59e36c53b6c1c4af054f163dae6247102cdd9444fdde303c72f1e5df09e326c882694e407ba645fb30c94d46ffe9da0bbb2bca4117488cc36726320364252412fd3788c575b31b7da1e8b7118f2e5866dd873fd353
32 249 100 255 63 1 :b8faf9fb3ca95111f4c470814a2d2b1e8d114dbf6b8e01a3414aba0df2b2b92bc8fa6c6a4de868f0590b3201ed318a241a8e24fe6a41b0d63215e1a8445056d719bacfafe0d101dc6823600da6c11ec2c09c6ee55ecd430598d5417777f01f6d6985ed0e834f09406e9d664763765feb5e822c3b8b03ce0061565e1f9aa7b30e055c305d0c9e3cecb5debe1730b0a2bbc114d43db9746670c127f1724b6eef9adf3a4c7bb30b33d70864dbdac35218fd98a5f031e59420d179acf4cb48dcb1823aa36d02290d92cd8bafcbb34d9fff7988df1d800c6986f665006fb03076c47228fe5205eb1f5db12bcee833b25cb0b9afdf3493f61e2a9dff
32 250 100 255 63 1 :2143d7e8c17b760ef5a10fa30aaa15ccb160510e21c208c1385e939265eda7d91dc131f03922c4c743c5b7016d714a2bade5b67ebdc942968ce22a1d183a45bcbf50e1c0be7af176901f8d6936e6f07180d61b46e7a257d7e14112ceba515f6b359feb3f0eba5b44faac5da493d9854ee032267c67cfbeacf310950ef8bc30b063b4ba7c845d7f903e3957c86966b63e9a486d1006099207f8e920edc3b91862ebb99cca2d845fdd2d92108456ddea2fa758be19d568d501ff358754d936efe62d04be44c0e397d4e3d536ca767fd55b35000a6be0db86c0318dbeaed4422f30ea244bda6ea40ee1258a08bf2ca9eff26bed883ac635b416f65b
32 251 100 255 63 1 :0c2f6f5048501d5b793331521eafd4e2207c31c87e2544402df0214fc2dbd6d483e6354c4f66deb8758764e4a4e402b8b61a99812ed59153b813866d76357116df8bc2c1cda8c2db99e48f9905d5743cf934ccd9f5443c925a2d3281bdd41cd09da057f3f5d33b5700fb17b1c817a5bd9b562100e82b802c568c9833e04c8a4cd2ccfd5ee985ddf308f494ec6549f4e77cfe5a28e572d7f6512cf9284fdb4fd40e09dfe067b244a9348241314d579c13e1af92f80790527136cd6f97a5cba4053036b6831c3c1c4fd5fe11378d2a2163514ef8b25dfea2f4b28fb8bb3f2f1d7a750b0134eecf0e75181fdef8c63e403cb2f99c07ccd939d3b7b953
32 252 100 255 63 1 :a3ca07591c8872e3992b6704f7b50a2ff35b884f1a4fb719390a98c8b76b1a5da9d05e9e9ac3221008ffbb473e92562a9d8778272b2caebe621cdcd959c3024626ad01caabe9ecfbdef3e4fbc040f18d5450cbf206eb7ab2a6a6b384c0cf489905aa43793b446dd24b5df557bea9180872815283223d6c9ec8757c2ee8f7863c3cefb3485c6c4494d6737819175990127ea930f6df4d19e7437ad5f3f2f53846ee24b8cee96fcaabca6abdcb19810be1c627317c86b42a5db66962a8c174969c0910cbfbb5a644e60ab61072b338c3884a624a03ed7407f31eae313a7ff4cd280aa288f4f66ac094e3df9fa72107eb6b7d5ecc88fd7356ff57b3afc5
32 253 100 255 63 1 :861ac461d49775cd224f3a83d02d5001b970ac4aaa9e30d43915ed5415e5f2c234e4ee80e7fc6e20e1213e8fd247712513a950b0fd3a08b186729ffb64009a07360135f5f10737ebe31154eb128e73fc5ae29d46a414960cc9fa697c52d892f19b8009bf9b77370371e0a906a96e9fa8b5ca0db6e9ee6df36a5e0495ec52833fbfed61d6d08d57547cb405fd7137a9d12096cead53f9736af90b3c7900191cc80f9baf75be54d641bdbd72b7e7cf904445a07a0edd066b621d6cd7d1cd5e1fdf72d0f4e6587e4cf6459c26d224feb210327a41fd51fef6acb53f2bbb1ee0916286d7f6d75dd799eaea1d981eae20d1dbfe77b3187671870d9fc2d8bb5c
32 254 100 255 63 1 :d00cd887383e8bcd42fe5d533fce1d03b8a9ce00914b72151a6f04fdeca84a24919389b08c3d1ef334444093f0b8cb15fd43f387a7d3287873214f332e0849fd67f1e1c87fd549fa43e518a69ae9015a65c5b070e7e401e96b83e3bd6d33583e5a57f7696ce9f07a5139a528e82b3f9a89d4c0572aadd72c2611b0ce344ce34e00f626a388268c9ce4538f8efc689f0db9d1e285858a18c962d34568b499db5d650d17c05c5bc474e6c182224855ed2bbd04edda24c4a4c912018f04672814a8d00c4571a18f9e56b0f6abfe3379c2fa198e991ec4d34b903324416399b847ce5ec2c5a99439909dc900ae6dafb57174900459d0b80fc91678a2280f2c88
32 255 100 255 63 1 :deec3efbacc10583eea1272a0b077ce0f333f56acecc14170b8724fce79c891a38df9d69d2cd624d79401d0077e01fc983c64f48e52a8416c2534ede9c21545d36bacf9248475b3676c29ca0e020c8d3a145c6578a2429e1a8f4f87b0c42f57d2f399797c4572bbf2c3f92f115b0dfff21aea966b6e39045e215c8dc4e580fde56172b2967780b89b11ac8456ffdc6b5213bbbfb490f7b511f8e30ce2ca5ec882f949f4624dbc4954e74b3183733237b93b2cf5f3f684716390e6d0faac7c245468c5ddd67a5f6f27a0a60a6b60f6f492cada23f1275fae3b7afb5960c17f9bbb4a9d5c4b655f3b7e6df734f6a0ad11f3c972585fb459f7f3995c1f664bba1
32 256 100 255 63 1 :6315a78f4da528b572baa99b9166a09db1026e8602f8605d72bcc982047cc772416ee158e59470abe52a6b187eab3825e1cb65eabbdf5abbf8d00bc9f6041dd22f81d27acba1a0c957e901d5d6f0ff108a7876975e42dfb74783251257c67c1c89f7f2c93fc2f78c630e0a84bbc34cc68c5bb1480ca80c2defe281fe8055479668ab8ebcf84bb3dd1f6b23e5caaeb12fd7f8f56baa72915adb45e387f09a46768f0fcb6f26eb3fe03b35792dac4e2dc3de2df9ff9bd1be5b8717780856ddcdb4749ae1037f55ab96a5503c937e8901898cf15d0744ba7fc7e7a3f18bc14001f54d2c139ea47db3d9b521c8a3c6cb49ad21ade037375f1f8958b0cee235dcd84f
32 257 100 255 63 1 :621957b47afed480b7dfbea060a1a2976f11636424bc1d023de75d792a929e6dda2e7e66c94ef91cdd25e8d2406dec96725486d3f27469cea072a68d99aec864513460a45e5d347da46682c19a6f4d417df9b27328c39a2ee11f9fd486292689c89d2225bc7b0e5773af37d3c18f49519e2f1ff8eaf19428891056d62019b5b47638d3a429ea1d0e1cf6f6841911154152beb2d4b17932ffe19e2d39c4534818ae56f96a78947461f7511a95290734c53ef6d64d09d3ab2d671a9a9874d43858ceb47917fc39eb4fac475ba0cf8734731c9803305f0b175ff83b1a7e544c00f97a6bf3f8fff17413256b097413323646282ccb057dbe937bbaeca9312fb87c74be
32 258 100 255 63 1 :857155383e74df5d068eb3e4c1879348a98bb90054fc45d54c44d8ff82fb4e96cefc6b38d1299ba53aa5fdec99d4b19ae6e580c3388ee85c9cdcf0fbe91fb6133760b1273f42b07add270f82bfa1aab1a8ef3cad0c60eec225ddfc40293a086fc42a36f13b98831590e779bb7820eb2b86fc73f729e235092c0b5100dbf080b0cc93785044bb9466ee4042680d3570921a2e337b1f4f3ad583adbcc74637c8585bc604ab4426b556e064793fbe4ef679a945a0822c89777e42ddfcb2337b3157dd1f3127c5bf7d518b91c32512d6513bae41bb498eb5a1d24e8f6c647476c694888714edf353a84e901892b0e29627f4d1c820bc31326a13eb5ab5a66f8ede23eeac
32 259 100 255 63 1 :7998959837c32ea37cccf5e5dff7d390ed16f004835f6494f322743cc50478c7f8a96302297c31b458467d70a8f81d58d8b85ce84b3c38723b1fc010fa97c3048aa0b60bed2e6b6d3385874286541a637ce3c7a3db18cc92b4f6f61be6ef1f14e6ea6aa00e96823a9abd5f0a2569ce8a123e86213919d74223c4e6d02b4b68377ac28a3595a006baee14ee0ffe85e1b802cbdf1cd6f7c2466002434dbc9a8d7273d2c3f5a3fdcddaf1b37da44383e742ac252b539cd5584bb2e92cd85b400fed3555803068a6f2652f45fbdb134dcd2c5095bf7ca21f7702620b5c9f2d55fa2aa421d4cd9874747820fe56184d29a4e78741bb291f80c3e3f2a7911ea12cccae212c91
32 260 100 255 63 1 :e4d645ca0cf1cbf51318769f1ed9119b475720a30fbfda1de9aa99f395bfdfad255c63a735a3d947248b89469df717f7dc2df5dbf548ad6bf5ddf80346ee96471df23ea69166265b4d524fe3f2be48e8a2d683145d0d315b4b17d1335cc9337910f3883cfb148c83dc9df1af2dfd69154926e5402e857cf7a36389fb59763f7ae200691289d1ce8beb2b183f208798210440048bd0ea85cb7ac702ab3224adba1ddce68bc730d1a89277b0077afb2561aecc2818cf9bfcfd6793f7edc28e617afeebac5daba16f21f732727e88642e7e8a1092d17f37ce547be4f4b7d2bc32085fa99d9b335ef8eccad888375c79d8cfaa056128b90b930d30f8c76b12948866ba191c86
32 261 100 255 63 1 :0803115bf513e3d4048bd1b436abb5e939a90bf1b1b03855440a8f31348570c560721a23615865ee7afd94a4dfc85dc5ae03aa17298895c15e1a6f5f6e4218f8e4a82f4f1ffcc3dbee2da87e23e0b2832a238dc76d7d992a559626125993450cac5f88e0056fc4d7774d2b197f5eef01be74561ade3863be808959367a8c6125c16a6d09283d83766600db0a3dc2d40905ebe53723683d5ecd8e6bbc67dbbc67b107cfe1105f5a55650dae0db61326f49e2ed09bca63ea9cb277a8e430de64bb222e1d6472b2ab1a8f10632a56fbdb0ff7fbb680be8ea8995d65aef7c8e90caaa96234e9e06b97e115c38a6a6a3cf177d505cc219fed394b800e9a6c106a9fb220660e38d1
32 262 100 255 63 1 :f488a145c324060cffc85f7060b9fe667cad73ddceb05b265deeb16dd3b06620ba0256c2ece0513eb8b62153462d4360d29e0f12f2c56b4b46cf2dd3caab2f54a0d8fa6c3e87bacfd789d0984e5fa3d5f97d1fb676f6f3874f3e311b212b8724e7b2e53e2155cd27becfb66e12b1f287872db63d92f139abf7571aebe3ef775b53256be7b13498ab90e4bd15cfd812a517ed134ccc85687fe9e57d60df48697a024da4efd39d90d94aa5fc20705b95fe356c3babe340b904a8833a36d67b67b7a8eee0db2608eceba691b35e5b2aff66d8c02772a6df2bcab8beb653acf2c240591bec1500b525e63e41adc2e4193dc9c01e042fb943e69599870f54b07214c41d2c7c4710ec
32 263 100 255 63 1 :10d687ab869d5fc99b5100c5c2f85ec3f2c2285fabd3d77ce0a0ff7b7a45f8844bf98d455b44831cba79ae6a0fb11505beec9cc678f15c92268f36c9959eecd8b3946287a4bf3d0972c7dde567f99b7dbe5748f22c2fcfcfc75ea1ed620a55548deb41fca5a9d9b650d13c70d40619d88ef5e91aaab8a5f04e1945b1ec3afb111b335b5030f4865fb52701c43ea2d8a1971f75b9b9e4f600d495ff5034620521641233d2166b8fdca359e7443cc3f71ba5a5ba9ddb28825759aac2d0475ceff3c9e1bb23fc92244a5813923976f8b6a2c56df61492eabfddf6d4367b597e1a80f2f7cc56209f1c73d00dbc173ab096f8e441abc8e183b5e7fe5b5b703e8046fb8b3c5ee8d66677
32 264 100 255 63 1 :b743a0f3aec97c6d005d3c801774c76da550840467f687bd8d34325d7fa96df88647b0c86c4743b85cb0334d0e759d89e1fa197626faf64bb5a597aabab7a7eca97cfeaad9351303bfcd679a6c15934db51f585d40d284f46580cd50208559f09ef477e35596fbf7ca8b66900e1e4dbf2115ee1cbb0d80a2628aa0b33ab648f71a5de9d0a15fd27d8b1f99c676a2b22fac92af8319fe37127cedb1da64e69bc6581f88d6b830806eab764c7b04bf5dec995dabcab039cded5103447faa4e233f0464bceb22d8e46bd149bf05b69189911f11ade21e1b00aed1db21bf07072adda6aeb075981352a1b1f260353ec8d28f1ec794a71ccea5189bb32c7006b886a80fbfce839b0616ff
32 265 100 255 63 1 :98bbe4d3d09a1b3b1942c350b7b6b94cb932f99350f5e8e9248e0e0e2718deaea052eb87dd2c1102d2f465157bb3e013a253f340e8980a46fac59c05f6efc7ddac9a1f95d612899954527ef6ab021227b614b8dbdcf1b4c8bc55278cbdf4b984faf0b3eef412cc5118b930406c52f119156f04f8c4142d255476cac9651bcfd59d7703b62ee425fc45775ebd3b7937c6de39bc4c5d402cf70dc02be11eba371f5bd5c04907f077906071121c5c7d95c1e093eecbce53994c3d303b2e16d67330d4d00947297c1478c5aa36bbc22e4de4ab954372f97a5bc0d4407a7c0692779819c9feaff9c4e6fbcd08f8706250f3afd419b25b6cdc3f1db974c599925e749a335d70b34d80407ef9
32 266 100 255 63 1 :c1bfded8d736c64c48b7396e735bc23fcb200dbb07687b6ee9dd071a181f0a638ecbb38768e08a23dc560bdbff1197a9f0e96d7b12e5ea59074bcbf01652743824dff79eb97c363c0bd6292ccb06c43b83ad7bd89518ead34fc6f76d05ed46fa1f203ff8b7bb91276c61eb4f37f184548b65964fd0cc48fca57e0c22a6638b1a84a9937980308775856c67b390d2b7940b53747f98e769f23f5b5cdbd52658f90040e4157f61c5ec98e3a5b81416bcf5d7a5ce36f148d2100d6e2881bae023fee7a51fceb6d4d32ed76311bd9bc28178b32e840584e5d38d3c165e8cb1102e158b32a81a360a396c92937f5b05c42c693f9e42af0a6cbddd10d324870580c163daad30deeb3bc6a1c51e
32 267 100 255 63 1 :825ad882a9ec8b9ada8b60cb85d810723bc20e9f412087e5776cc3d9bfc41db18175e4a7375cb7e39537bfeef31b0ff4723b13d44108856f640fac741f2ed197a0bd32382248d2684dcdba367c4cbef8eda406331b6868740ba2f3ac6c60acee1a18991737c3734898b34fe8b6189c6a5d6792e51816977c433be87070e378752f7f9d510bbbfb199e998e11a48aee1f7b3619600a5a1926bfaf0a6bd897afc52fa8fd5fce34e70c151d46f535f4b76fb0b30343a2095cd515653c7c701b0fbb7255da032829e635959f85b72d154805d92c09d60f5a3cbf0728d0fa506ee9c82e764ddc4bc958bb9a7d09260a8d6aa0b76e4061284b9e7251af9b84881157d9de8fc8aeaa8855b540dbb3
32 268 100 255 63 1 :5b556353a2b43f415bf3c4b2576123f8d6bcdd3d8f7b8c6311302933f94fde0b82bda9893eed22c56e66bf7b59b13262998494e94d183cad4a378f063c85e24d971b6c49ad3aa4d805e00822484058febcd4dae3614c1569160d4be607c24d36979a3f127b9b080944aa2f035510d311c3a403efb66d610740606745a40c9139d2e63827c57f8fca4ca1bd150b69d5bc39c8979f60757604915beff08b7f64a236b33891e89c3ba904d92456ca72dbf2b4d9df27b400277b1a40d14fae17ecdbc80e3d12f3f83c7550aed0442315aa480f88dd4f67592c7284e78aca5bd5165de310dc57d2290b023f619b0552d71778db77963540a8e9846de977a30791178ce02e6e66135ae2aa2c490a8e
32 269 100 255 63 1 :8cf8e8254afab962841ec4524c58548716d4bf6a947033fa14f89fde6adb6ed870000303c27e9326cce1e0c2a27d313bcfa4b91fdb9d0d82e535950fb7f67291b407658ed69f983e93d0c2bb3c82db161e4577d0aac0c51dec708344952b7b5a38cc00f310b1aa3395a50dcb4a1389730fbd8c5e5dfe6db47b73a3f8db04fd2804e9d98c53968922dc0d0c99b7290abf1e06724fb178182f68ca11a43d9a082d95485abb88e6203b85c6a4383ef2e26b65b97cd61f0625f2e865e68bfe70bbe212a514e491e74a19fbd340f97b0c91a4eb16a390be969b11f59be65c7854b514c9e9603f6f861184332d61eb07dc4c594352815555e62fa3eb9a713682d2e3c595ad54a1e865a59117335aaf41
32 270 100 255 63 1 :c4cfea3c1b653442d17db8196f49a77476586088e9b7f3db371ac17a2435de7ef493b9a28300518de5497db5ea96efe8b01fd2f4980e0057951623faec8fe8e8e1908ea2465e973b7a807b01452e892ff2b309d6591cb83f6b92cb1d6b2127318f7f8e69ed16958369359923556c30672d17d84c7cc94f927e3e90892a5702d5718ae33e07d11b23213937fc8a82ca3d5c37fb80b523e2692cdc6b925801288a8ef1372a42ba234a80e56ae61b98b28bd925145f0c23077da4f986b3623b4b1fb540f4caa80a8c9635533972c6d3de18b9235c90c1d389866c1df5b4d451f797f2d2cd1b8b466e571a3e3b54d99694f84cb04218895410109bc8d8380006d6872bdf29141686d68cee4d2b17a77f
32 271 100 255 63 1 :998a1f1b3f5a3a177ddfa35efef5d0aa186ff59e857dcb75551b3b9e129a7e318e9e207ca8902b91e0d91b22ef76f76968f3ffe3d0ed03dbff619009d0dbfd3312ec8466d101378c8af9ee33b6bea901bb1c4a6ca489bef69ce521a16f4ffd2dbe1009708747568f3beda14a02761e167260b437ae2b4604f22ac1418c75308e7ffc3887363022e28abfa3f942e1be17b475e1e60e6360d212f017241a564c319e1198d4fc8b31a695054a37ab4c0214e297f7099cc0e9f0e97bf481cb77f4620f1dff1d10ca564d7f5312ffe5faf162f516fd3eb481496ad0143e845c4216fe9029923c1143fd1e19f53877dbc3c00e472ac080141daad0d842e9b43e16225085d3dceacf17d53d25230ba1a97160
32 272 100 255 63 1 :a103b88ce77c7bae7449ceeb22d9fd6b80f88ae48e096deee50312c97529f94c118ce0044019f119b50f57f39a404cd61d206119e4a2453f9bd7cf56563a95c532b52bb239a1a307bf12ea30ff11b351c8a41b74fda2bdeaead9341675e4a1947f8b4bf85a97e5506c72dcbd3b2fa555182a06d9c169b2a8351a65d5f9a2eb43c97fdb097bdcb55d2d71826e22275c7d819ddf9bffa44107dd7a0f0bf0283435735923cb0ae230ef850c225702d1bf80de8c746b8d972289ed101d764248ae9d6741460e711976466fac7312544889079216d734e7f0221486dd1ce7465fd52913611a86e1f511de019662e2b5ba63a5676963e3062cfb9dfae1a383f8ccf79a92238e76cd715b3d4f5dc9e5733c3f39
32 273 100 255 63 1 :776967b38cc4e4a502021e8c7c7ca965b8485b7b691a81cd81aae4de70f306168403008f1fea9b5310f3add75499bc9b1a428a85a65124a0a6877e28b6f08e779d19b41373ca46c3a27783e23dedc09d6d0053e2d6c1931f93e1d8fb73924b5573f14bcf9f1cf6e7be7b2f8a6822ed187c0ab181a637ca94d54053b49e98c506551b6ac475e9dd6786562970ad4717aad4bfd222619d78d5437308a234247ac801baebb2b94ddc84c50c18b8696e29763526da982f1a92f242f6ba580a40c354b532330930242a9966045f1892cb9122d2a969396f5822eab65425ca7f1c4dee3c61e33402217c1506db012909affc43033fac751a33e284edfc9752fbe73ddf414e21ae5b4f51a50debd8af3d2bac6d23
32 274 100 255 63 1 :9dc21bed4775eb13b4f0054e8b4ceda7a7a56a2002c935dd694c80b538baebbc5caf87af7cdeeb4e5d9742b7f1588e29c99dd282e9289f6b8c4ab63047fdb05d294ab9dc1b1b6b42d59f9850e495f18214172ea99cc4aedfd1e66ae3ef6ebe8b32598259297327f103300e650d2730743666418f23213a33187f0fad31b956a234d2b219c1ec29db17b56393f19a02a8f7c2302cffe7bee2956f50d3c3b83378de248e2318d03d22401b64a1eee96e6bc806606c0c4844836e4d45102aa680bc03072bdef02ba8d9e1f795d25a470bd1600dc009cdc1fccbc8eacf0f754fc82dee670b19bbccd3ebb2bedc9d79a3289607ddefaff1c2e313d718ee626684912a6b64c50522548852141d75d94728f31e24ca
32 275 100 255 63 1 :3f7fbe098476bb754e7c5a4f26c2390a5949539941b803bb41882e230e4a2ebedd5b2d60e62fb2cfb64fb8a2fdf2238615dcbb480a401bd33c5dd1befc1c02a5cfff73d98cfda7ad0480f674d3a4fda47cb39bcf264d9b28614c2d7d07369ee8503fbc921f351cec930218b95c8dcaef6c0e5890054879a4f6ef007c8787964202f82f6d15b2851146f03511d0099263daebcac526ff3909d1aceb677fbd4f9c8e946ccd4ed526375c92c8dd0508944fce07a88a84610851b7822a6ca69fb2964d60661582a2914985d4b4d379bb713202f9e66d48c8cf0338415702e2c438e048ce98dda2491848e64064a9f9ab8b6e3899213e2ccc0e7bd916f24f1165ace593429770c79846c084f04400cc4ae0190b1e34
32 276 100 255 63 1 :af7cfa7f04e6646d371adc094466acec5cf07728ea67182b00ca57dae17fc402c6f0ac4e626c2e74b5b83c5697189a941e6bef8290c1b90cd157a38393c8e7ab0f2640ae0f8aa272d1b6b7e96724a19735d142879b3b4e81706fa6399c84436dc7e7ffec057bd24c1de3eb5595ebc29582886749b70579f484ab827af93735f880defbb8edb77f2d501225039257abebab7487f29b4856cabac766ca17a9b26e8871cc3c3a8a6db28f84ec3ac66dddd0a8c9fba27426099ea9484e1ef222fb24f2f850bb7bd20df8f39b1fa6f55b7f8f98db61f2b9608da6801eb26b93219e8d55996d086b217091172a811bd34732350d22c411319de527eec0d183a6655fafa858d7bed59bcb9180950d414f3322dd92e62659
32 277 100 255 63 1 :4397d5265a004ff471cfd3d9bb5342a0dc9d530c241171a657f68c7d1d939bfe05a691ea8e0a6ef869237c9f4a3ec840ca486c44023b3f916096400b19395378f1d8e705023dd3106e47ff1555af268c65222cc51a7f038c2da838c28cd7e330e7aa16cce34c30b0c0d6d4d89807fee2cc4a19e5031318226b4ca0996a5cfa380d632b0ded6e8c3ef77ff508acce59c33ff9e8bd3f70519632d4a8471c6a3d6dc79d30c1c3dca24c31b6e2d97f4e3c34f293b4a1fbb7b1d9514f17fa93a94fe1e15c722ac0f85796efead45010a409fee58dc202c0cccaa2ce7ff51215acd90c9ddd80d046a95db53e82e6df34fc82c3a529a2b1fab82a09c10bcb8eb14480355557828ace0e5095d05c846ef89aca79adae3cbcc6
32 278 100 255 63 1 :752ddff5d330e6971195586a445f627e7aa505a8749fc3f84b2ed66bbef37248577d54254963de2c491aaa52ef10522115925860a307e98bc43cdef03bc728f8b80be52af31480367802599008dbe1075731a320cb7e1e634c254bd9823658e564183e2b032db3c19848f491cf21a5e1f6a2ea5409368f05a5a47994e62a3db34ef45a28960d68d69195c74bae715b1edbbab122b9bfde14bde92d1d488b3ec314c17150f14c40b4d6335c33e03ea0f69449aa4cfbd2055d68bd2944cbd7f60bd05ea0c638970ca81fe2b214f11373360d24ff8386a292db1d6f86daa265ad4655cd748d500737ffe3c1e78d12780c51601166ac7623389edf5640f1ba4313d5c42b6b78bd698503494f9c56f324284347118d7eae56
32 279 100 255 63 1 :240ad03088fe863a3fb5786003f22a84fa07e0475f3f9db62912843b4a73b555258f32ab8a358e6a36b4411e6ee599bb44f07aa919959451b19906225ae6e73dcc27d33b80ef3dca345d3b853bcf779819e371a232ead471d6205c6257acbaa56181b424c775438c1fc8ec3d37592b5bf79352a6fc8385a59d2cdb9aa5a005b4ab107da48bad0ce2d1914d1139f53efcb0f4b1c4337f2a5210c9e90718fe2594084b93ac57158661d3bc668170518428dc5d908d569f796ac38c6d6a39948ea2da264d3f23f841fc806276dd5077ab733f37c36d80e499e382207960740cebe7ff3a20ae049808bd018d8471e339de8a661b7b8e53076255d65d9ed62bdacf2808b7e5260d2d9e90f1675dec73db8d207a8665a2ecc5ce
32 280 100 255 63 1 :6d2c9bab3ffe6c52b3489e0ac9369cc0a0adfefacac9670c123b2f64bf8b76e0ea6bd9e648458f8430d86f2cdec364f3622428da98a2f84a4f344aa3124aab8e65a9df7c7fb809faf51bb9fbf920d3a70b8c81781dc52bfad49d96e4a0ec9f70fc9a77f8d2faef2f3861a68eeada82c13c451968fc903c146e8d5f19dc7c8cd92e081a6d21549a9c89f7ed672a8a5c3fa6c1e2499f91de0aa44727e009c8091f1f16e81b2e328a953dc460132a27c950da3ffb0d4eeac66026747f97d2074e150acfa0d5abff2b33a4a662f917fd81c44b5b984f147154a58b7024159bb84fa47499b3952b129b603b3e8f106f511c3dad868961c0b534a895eea29c3bc81e42d8bfb65a292095504b1d49c34b853366b7de05dae6f6e97d
32 281 100 255 63 1 :108bb4713ff24806ba93b0a1b5bfba2e2a2edeb8793866422763f9329dbfa561a0afc106507063e57db6f5f91cac35f86cb2c8ab9594fd1c4fe5fe37136bbd58b1c93eda2c584deb1683399cb4ac3e8b648870e9f02db7aec0fb7ff750ef206296747dbbffeec3de2be8f623d9de7e817e9812ffe75d212fd5ccab07ce58d9be6738488dac1250e76439a7c691e8b774ad244e279feedebc92dc717e22e56d9c27d3db710e17d8f375a2b617d9d02c615d08117c911a41524cc0f76f053e9b8cd5ce80fcb29316e56b518437a2d02348203bd05c7c0ec3a750feb7867114fa1ad8c723bd3a17e22bd1e4313ac7ae57d5e85aa096214939a0fee49c364be8df0a6fe4acc6b4be3c907030a19bd88962b1c34dcffd439cdc6f01
32 282 100 255 63 1 :4f33a958e3ded4d96b4f04688326a32499a9f00f345a00b3a07c27a514453adb0441b054ba5a753f72370a8d8ac7eaea2ade0b03de4193c85203b9f7077877e69909f7b611d071536238f531fb4644cada15613d5ae98d320b6bd2ef243f37031bbc048bbbdd39b0dc4d6e036101ed79f953d7fce35e6cbac89be34914c56672eaf55b96cb267b87ce1b9765ed6e8a5b446456e05635291de9c11e63517cce81775ecd3fa7b217109074a578eafd5a537718412487314840fd3c0ca1d98b88da71700f2235244056cceba213ca60e34b6a8065b00e73bbf89e1ddfd5b312c41f2fe9ab60becd5e6d787b0396be6d1cef242b5f0cd0f040ccc2c78968ed4ebfdcbf952542bc4c95379e8b1e2cc1c7084eceab2c6d5102f23d70bc
32 283 100 255 63 1 :229531c34c99fcd542dbfdeb0ac22b389732b5036f580b9cd9c10b81b5151c7406ffb58be33cb09494930da791e81f3a0bedbd7b74e3c0e808fcab9629c19f468f3a1099b6d102bb2ee0a2f002d47f2eed31a2a0ff1f7fc06ee3de292cbecf3edc5c53fa0052c507e9dc5a8f25236d44ba8753d07895a1a3ed8244dbb07ac8168cad3172706f78c84219da30666146a72658f87a4c26da7f5f21cdfe3926c18c87284908c04af8dcd5a267d87c194b0857488b630bc5b9be73ca82010d4837d68fec2ea5aade0f2942f2918c6d2f67827c8c701f7916064d1c1618b83e0b4ab626b7e688bb1e848b5fa606e413cb176bb0d8e8f01267854f12650ad6755458dc8a0741a9fa004ae464f62ce1a6f8a7bbd83309d06cc275b56f7654
32 284 100 255 63 1 :9351bd87c3f039ddfd7a92e86539582937404309eec01bee72b79075e7b5c82d027c83d298252976c09736c8f9ab44e65f63e3f0b7800af47f0a504bec2f1f8d297d6381c286b7e3d2abf0fedbb621c71bb6c60f8af149793ecf5a088549b7b4b9d9d1b102630b43308fdc36c23a57f3b8fa09762abc5eade5ecadf8f7c6fd7cd088e5adf8903f968e899969c14380615c5afeb4ffdb94057d59d1fc70c60958f4bc8383e1e3c22f581969344c7dd084ae2035ecefc12e6b60fb046a19a2c49b67b2f4400c96ce2a6bf5223958119c0fcdd7a7eb74c15abaa8a8760f9e118a057d399f66dbab0d2d9e96c61b64bc5f713dc04ead13ef3baf96955a88b249d21ab61a05586c275bc21b4b0682b1be8584e8c258c04662b36fec511bb2
32 285 100 255 63 1 :33ffdf69b1ae4e3c6156c9e051a9adaa184f6fcca3b78ef62ff88fa16be8cf0b564b0528c3781bfb64da0f79547f209f172a9bc8a8f7d9598b0b4a80e8fa599216a85d1aeb3548205b44dd9cc5371293845470372e4aac4a85e622ecece19cb7aef809e2b5839f43471b5de8426d47adb0f1c5e964e9d56b2e81d002d00938ba286cc3db766aaeabd40e864fc21cbf88d1fe19ea8f19740dc20707abde7748773a734f0e3f2ccf119046c469f998f5e5b94eac906d9a7224848f9e3ef024017700cb80106be94b33e3f42ff65b7c37a52cda74e838a5266df270e8f431b2a655a93e0f54524e03f0e4bf1fbeb981bceba8169f1001113b2018ad9acfa29a22fd59eab7e83b1dea55996bc0b28e13bac70e28e647c8fc96cb1add23237f
32 286 100 255 63 1 :6e9c342f9dd8f7080f225d0a86957fd74361065a670ca2ffc236227ca242cbb1669ccd25104c387f04fa37b06c5d7047b4797e4dc46a4e8b66389926f4fdf11f62f062216b75a9f9775fcc1871df4b4b9bad3e5e17e1f7b985081cecdb10a3956932deb6e282daccb088e9377d0f6f0dbd5a72c5dc1bd6d02a6059dce3ea4f1b085649e6863421e93d15f3b75b57c0bd76cc5d679b1bff517e274fee42d5a9dd4116fdb396b740332cdae4fb0cbddd2ff9eb083e70c8c31c496fa49dd6fc695d67bf5c589ffa73cdac4bdf2024599c88149d5841c1025aa295f201e80787b3dbff3184cd3a45e771b37b57261fee972da8df8bd091e49a2fedbf6e230cca831c9479265b87fd59d568aad81659b3820d07e92b7a0984662a04fe9c54aa39
32 287 100 255 63 1 :687e03a4168ca61260d61230916aa8cbe55115f52749ce336d1b944844df8785ea95e556a52b72b8d29db6189843ddbd0b307bde0a5193c698c30d4e1a4ef974fb1ac028589ac9cf20dc0c40da7ae2104f373a116cf9c7c7945ca986cb20ccc125b79d255e8ce8791f5dfbc1fe0bf42a326f036831e86f51963691a2c23a55d460868d1d4339b1dfaad9ab6f75b14338aa5ae588f95ce257b44a5f13dbac0d5e1069969789c345e73cc16db8ebd457ae549dccd464bf0b96f8dfc2b7fe4994f4c9288ccf7366dffef4d09749846cbc4ce7a996131f6478fe4f6b28732929dfaf20e2ec8017536eb0002868c6e4d7d46a84bb9a88fffc889455a2501ceb4d96a6f835def9550b0bc5cecfd43e23bf01b5f9a800d9aa4bb2e40328069b9cd6e0
32 288 100 255 63 1 :5d29b4934e012deb9e4ed305f681317826611df56686ac8adc7514194c01c631504ffa4f01a4838360ba032b156836031b8df540be4184f05940891b59d15fdfa9d500f177180dc0e94b95f00cb000bc5a5696cb443afe42661ecfdc94e2d9f38a7f876b07fb771df68af76b818ff320307f2bff71982c04d7ebef863497623e97494f7d1bcfc6c93430d9ce43ab3ad97ce246a2293e255d1e1aed59f2efbcc1d80058707a72287d05557a5a0dd99620c2690294e48e7f39aaa68f2a0674814bf2d14406f85c8050e04653a78b396820284d3df6c4c0013cecfeb302ee26ecfe7dc1b18065614e145152940d14614bc5260d66c32a3793196cc29fed3140667f71b9e273e45702abf89c4c6070c27b7f57a0e085f2c743dc8f9d8a42cc55f7c0
32 289 100 255 63 1 :5ab2558a9845237857dd3b59b3cf05983d302f3fac205b2ad2bb047843a25a6681c7a81378431e8d97a2d2b0d275c310f5d88817ec2f340ba37ad11a83dfd4007c5b283e0c6d9683cb345be2ae80325f3c327c407a3d234dd974076da9d2d1d3072116c99bad19ec7d065d39fc62a0412c8ed370119cd36d73e27c30f2f1bc7ccd3fafa115e74e1ba253b61d7bacdd548917c984f1c01cd149eec41792a1337c8dad99b69c87357219e39be71d39619c5d7ad0956034e5504e5f579d33347c2b9cb67009c8a2aa9a4aca2567d3b9ce363a6fc1a763db3eb8bcdace26a07c4ffe4f0d84b7a475d211052844de143cf42768897fe635d4052230f74901790a546e0e422cae619da8f14d47511aed4653e1bec609033f7b88efb97f6e9d0a0f494b66
32 290 100 255 63 1 :4104452574bac41c0006d76695fd695efbb20b33fcff99d45a3305d05d847b29d7f49fceaf7df4625c5f411adfcd10b2429f49f4d71ee94f1df13c4f41cf90b3b45157c6efcc8d8179af2c8201914524ac837734cedd83fe7f84421c4d98db4af66301119d844a88cf82d327a3cf6041c123677153e10609018523dca378c6d35711c94c0a89af7310f46fb14a9146bc56fb6ad447490f4f8b53425955485ed80966fcf6b2aa23cf03712249796b92a76d4a33242f46418287456fbf5863a3cd4b1e4c258410dc2addc02a23cb98a28c2af75014ec26e8ebf294f734f8dbd87ae97ad7ce3f44cf9b39b695a22d3cd5ca9a02009582ab96e45a8965f4dae34be941dbf49277052aeed9c57c9787862b783862fbbfe37a7ed1af6245e00b6e41ca07a2
32 291 100 255 63 1 :b9ee2cf7b071ed45c4b9d3b2016afa95acf575929c3e294329de041c50c7f66c8593459e190a1af0ba3052abcb6b1049a39ea20701e8249ec98f156ec364e787dbb245204ffa3e82541388acbc9296e4703334900f90320c45963fe420ceb7b5405b647d8d34e77e11f6dec8fabd65debafb56df4ae507f7d137e89d8460f63c8d5b81e9b63a6b5eb254de8450d3331fa6fe402a599bee9b0df6e7a588aa145376cff8a252c792139012b1a416d7eb810d18c7fc7e3b96aec01f048f8787382b909c44f2d59fe0e5a64c2f24bba6db26b5887bbc8e4bf595a9183c573b19c62e58823e6cb3562b1c268cd1dd95b85d25ba7daeed15868b98f22a57fafeefcdfab48282f3a4194013e1ea5b20b7bff49db91f742dd2f1147f7547301777db1c38d6044c
32 292 100 255 63 1 :aaf2bde429b265dd6d84112a3bbd069d8d56719c24f11e2c46abd09dc6e1754396ebe190447e2b17cd6d074d096bc01cb875132723583b68d1229458979db6fbae4bfc512856d9064a32f3c77b641ac010bd66c566be84091ab4b4b5ee0b87c89900d0fdbd76eb3bf5f75774336b449e96839a2b339388d4131f867c02354579729c0a5f694db607764a719fe5b2be5644de5f9a9d285126010c2a0d21c4bcce35ec739d33e906f0cd751ab4d8c94052dc22b748b7c84b749838eaa2281e1a3e6d7688222a0ed207c1e5edac70a10116a2b33ecbd3664309d7be66723688269f71d2b19908a2aae28b7a50fec2eec2fdc86b62db41eec211b9b65a4a1f3de1319ab193ccf69cf9dbea8c19e09e8b3c74ece72ff94d9fdfcd99f117218abda3b765fa29e1
32 293 100 255 63 1 :9d747ccf82e248bcb9f82546648fbcd149fb01a10bc767b0984aef276079bc77ca39f2ef1f92786e00aaea3c01e5b7374eff9047ade57d4eee69905395246cf1b367aead15878e9cdb94fce255b92de1e12940a98339d1531c46b0222abfb41391c0f37cbc0cde3e98417328f0c00529438bdea42027ef55469384c41a76ad2b823e066fe1e562b54b3e00f9cf751574cbe8eb7d11e82e63c1b309d42ab0b01e66c240e88ca0ecab784e7899db30e08864dc39ea0d3146d8de24dfa59e6d71f38d8551e61bdb0b8cee79c5b1a0314dde4ce70ee43f659f56875ef63c61a24965c3df99d4aa4b589ad123e9b97cb29c4dd126486890aea4f41f81c67e49244def27c294a689d572a48def10bc4663bc0240bc0b9e56bcb25a3e7d9b31acce0f73e4c2e32551
32 294 100 255 63 1 :c6f7022c85d0852c2390bfe911bbd9386e161db8b33cfe36bfa8d7424647065b442bc2126c003f80110442e97cbbeea08f6f2170843d59e8640e3897fa33cd97626d43e02ef5bed1ede187ee2cf7b8bff20a3031267a9d30b48891834c87c09a44ddbc4b268ed5997cd0f17c4b62663b9843b3a9a77cc9d2e77a38397b4e51a2c0618ea7fb86527ba4f5eaa23a119903692ce9fb3e2211e742ebe7cf0644bee57dc5e6de0014b4a7f0d226e60e786d0d54b31d740f84de67976b176e7ec3f5e74b8e07b8d058dc70c0fef0a91d8758e3f790243a0583558f7cfaa7616cc30e6c2568c75d2cafdc65abaf44e0eeb7d8fc46b2af58a14a24c2a3983d89aa754caad4002f9182f603feeaa513466470fcaa05683dd519d450a340134238b7666ac4c5a0c0933d89
32 295 100 255 63 1 :f627907ee56435c5ba5180352a4751ca3635fdd5b0c8141362f7e00d7632eae85c00e489ba3de6d2422429bd0af5815ad8fd823574fec0324355c08a8c9bb0891f8f63461a15040296c6ecc763d524a545559d9677dcd8754aa9ece00a2c77f0f1d8849403a0c6c223647622cbc8f3720e2f75e5d9836a8ee10126ed17bde99009df63b543ed640b3b788dc5b36d0d695519787b1977146b9d84a560dbcb473bc123869648edfdf0a5f771c8e623da7306107f2715bba6a198684842669d198d4a8683537f1c5477bb90ebcb2948f203f621fe8f135d4893a58938a7d9cd22aca9e33d1d35ad7400f49fbbe8e53587d6eced3f79ed0f3b1531f13cf43703328e9c0d66e11fc4f4f4ce97e7b5c97531a062c5347bc2f91e4eb7379201713d477dcff830ffd307dc
32 296 100 255 63 1 :d28cc8eab17cf430de6a40fe500dddc35f29ab8cddf11c1a30b3c67fdee96189f24ce66da2eea0845998b431b391b11f27fb1b1747364830c06ea284812a661b61ab689196729138c6b5c1b0ed2b9eae353c46c4772680374029bfcb89ad101ddb5d6aebe5e09d2d2e4a18e99a070690f72939ccb03830b92321bf0c0d0b38df744d5b64d0a537aff1356e78743d32ab94d3fda77b951b243c05ef09a1bd98a59f77f64b966097fa9c241d19dc184b71921eb9ad95716e67fa816382f563d6bf73528b090a516b37c60b6e19691d2a9c30ff1bf6aa670b3132e7450ebedd7215f160b861e6131cab3a9459aa070a61e8bb3af38284bf9c2a0db8e37728ce4bf302d88285fb860f16562b0629f6083406818f8ec0372d9a8a70e6d0f58e07b87fad4a09410cfeec27
32 297 100 255 63 1 :b9251d6d72a67dc933dcb6c51b1ca5685d3a8f78e024ad71d6b0f649591488d6d3fafadc6dc93cab0a6ad606bc09deeb32367e74e389e8c6fd2c6a3a4508c9a18bbd93a1c25c6aa08403d337b8ddd8138ee0e3818b6733b069de52243ca99d53a03addd3ab759941019712ad79e68e119832c5a65b648ce6813da3be40af6f9ecb7e351504d7cbbe87602f6eebbede2eba71799289579e75e468de7512ee3ffcaf9c8defda4d1ac26455441710155faad206ab743442f3eaf91f63c2274e6af90abba04eafca9109be9e0f34d6784219f729f9a7b06035306352fd070a632d7704d3f51b30448a5449576e1a1921d9b778e817b84b76e1b2e4921270e26767b206e6df7ab5383992b512fccc22156cb11016f4acf66e40402e712b62ee96ddfdfd0011275ae50ac234
32 298 100 255 63 1 :bbc6a332b4856b2114a92ccfbab39ff2339894d198784b75467c2549d361c521c70694fe13b0b3a3091e1f2e33e58a8db830f121c28bc871990ffc6749b2688cac180aeef01de02b162c601f9f91a9b8c216aa33d70865de7dee05127e7bbb8874a3ca9544e2efef5177ca6eca0516f0ad8c6e7b4df6eb555e2e5a7001388b4e020bff643a44f0dd99f8bbd62909fb536a1cb26d5d07820fa14a5abcd88b14a3ceca7c7bc13cacba2377c166e389d057fdb7c7680e5e45a9c708ec615fc52e5ae8a1be525417add95be4d9ab05cbeb1a5d0be081b1f0c6e15a4c87c478d11892e627e9c4474fd8f02ee0c71a70329036021cf28c38b89bb5a7661593cbda97c1c840ef9aa8b4e6755e689b0c9fa073135359e6d769d2b100bd406410ec7bda93e7bf533000edd255f607
32 299 100 255 63 1 :e292fd03271c730e9cab03ab9f0f1b3d82317997b1c625a8823aa174ff63147fa8c09948d993b8eac49fa99a1fbbff452ed33c6819fb406407d2d341518a02bc79c4a410336489f9806c74c5833ab77a814dc2b7faab7949a3c0889a6c02c94ea378a6e6b3caa7e017227d00713a161684fc31fed677de5eb096a6285bd53cc59840ca1401349f6548c4f390d91231fd5ca042257b4c60700dd531764e1895ee56e7ece98e44520c89cbfd214dc560004a07e0708d1dcb23e00fb731abc2446b2221c396234b7c5c090dbc86163acfce7d8e12104821c61a33e3595b13c4c77e793a80b558d8f71a27dfae627ba525b81918dbfe5ee48f93ad1a7837eb3efda93c45ca8cc2079856e84727f4962bf439daf77db2d79f5322f0670da35023143896d508e99e946cb63de36f
32 300 100 255 63 1 :44382b6aad3ad2ca888f409e9394cd207c6fed93a4924c0302d88c06c3900921ab703770c1fc8c9a2865037d07a5da80a6acab59260ddb12e832e6ee7fb1c96cfb1b2dad22b0d50adc49c2db9169fa0f05b4ff7610fc4044be2609f42c8663554491486372299a9daa71b5dd875be1aa37ff662703883621371d43efad6f85528e62b729943248e83501f27967835875a9a50ae8f3601196ac2f97370184989239a39064c5c921d8aed0938cbfe7357f6f3ebdf339e7b923e70c781c2bbfa6ddb7969bd62d4fc6d11b7292c9f476f37f39ef9a7b922897fa3acae2d4441fb7c2c9127a8dd6c875ceacdc3b3762e3dfc8eae8bd29094bf1151a3ea181a9b46b8b9dc577b0c515d69a8e74710e37cc4a9cb5aa0070d6e1806a5696f689dfb38e3e725fff72d5a028fab0969abc
