# in_len out_len m_cost t_cost time[ms] memory[kB]
32 1 10 60 212 1 :f5
32 2 10 60 212 1 :bbcf
32 3 10 60 212 1 :6249ab
32 4 10 60 212 1 :e9fb19ec
32 5 10 60 212 1 :30d8e5e3c5
32 6 10 60 212 1 :5bcea241a8e8
32 7 10 60 212 1 :9a977e0207ab17
32 8 10 60 212 1 :9510744929125240
32 9 10 60 212 1 :3b2637310df41b7ef4
32 10 10 60 212 1 :9fce40bd2b61bb5a748f
32 11 10 60 212 1 :fd35c53cf308b89d0c860f
32 12 10 60 212 1 :b4c44d0b1822456b1d5b1953
32 13 10 60 212 1 :d9e7d1b5c07b0da5caac87a40d
32 14 10 60 212 1 :82364cee313aa01858349f99b6f1
32 15 10 60 212 1 :a8d03dbff05986ab60ae10367c7df3
32 16 10 60 212 1 :a840e7667726954b4fd2034773c28680
32 17 10 60 212 1 :2a5966c7cbe827b19c0ad95d5632b47a27
32 18 10 60 212 1 :b56eb49fad32a4fb5fca4e05190168a83af5
32 19 10 60 212 1 :8411cea624e4faea56268e66f555d6ae583793
32 20 10 60 212 1 :dd8d3f4ad4fa0b60001ba2af8560d2bef7aeec0d
32 21 10 60 212 1 :cddee033d55e21de67ab7dd65112b4b15939b94a09
32 22 10 60 212 1 :e75dd57deb3cd2ea55bba9a358fc863e85e7a2073bbd
32 23 10 60 212 1 :725aae781397899885a26a56238b536a20350b5513dde3
32 24 10 60 212 1 :14be398fc0b8d9dc1bec042eb508eab74dbfd5ed6ef244af
32 25 10 60 212 1 :68cdf5235816cb60d7b45c6dea0194fb489bef9416f4822b41
32 26 10 60 212 1 :44cd2f629f069bd5834f9da1934288532d57e78548b945957494
32 27 10 60 212 1 :7e9e7c8058743d6f587da036f6f9739a91c5db75a1dbc784bd300c
32 28 10 60 212 1 :3d5d7659121bb4e4faedaafcc3fc4f4b043584510a8355f1a8b7051a
32 29 10 60 212 1 :265a7a5e5632b54b9f31593af8a714ee241218fcad722435800be33339
32 30 10 60 212 1 :47fb6f5094a4d0f62f1dece7e39b4f9456ce8260f3f2e828a95b12b75411
32 31 10 60 212 1 :615f0142920d3bbaf68948fad3f4ae0f9d5af253b67387a4ecc69001b7275b
32 32 10 60 212 1 :a5904f5701ebc0283197d54cf23f470dffbd6246ff1dc187567fa59a6409cf09
32 33 10 60 212 1 :fc091640c8cd5d860b471b5e017d6999968ae586257ecd0be4bce0c90af3d95bb7
32 34 10 60 212 1 :c5f30e8c08a1ed30a2dafc393c92dbb5fbadc155ec7d953c6467d1ce8146bc9e07d0
32 35 10 60 212 1 :312ec986e9e626c9e15b1ff28ef864643dc2cfc8f5da8780150d312c29b8f45f337558
32 36 10 60 212 1 :bd73aa380a0066900e36ef32568ee8c569d91d175e925783ebbed1340b4074e9370638f5
32 37 10 60 212 1 :5e172078b590d079a2283901d16d7bd7486b248851ede1b2aee90c8da625fc67233366723f
32 38 10 60 212 1 :4f252c604a9b8da278258153cfe1cd208e3c7c808ef9837793d392c9b403f443191d1faed9f4
32 39 10 60 212 1 :82f8ecb6e1ba9f226a8186c3ec371f6bf23b7acdb8c98990b8661d5fcca478859252a11eab05fa
32 40 10 60 212 1 :c9138b1d59af099436aba5c8660c19d4868c7944bdc75915092760733c730ce5a94ebc1de72df152
32 41 10 60 212 1 :de0ce67eb9f00c95ac039b8ba1d561d7291d991bc6776b81e7bc4a544cf553f5ab36d3bede57cc009f
32 42 10 60 212 1 :8793345fc5647466d5ee33d9706712cd205a5b233fea7bdca6f77775871243534811ac76e6b5adc402c6
32 43 10 60 212 1 :5d7a0d5e077541691dbd8cfee787fa96051206bff32d6f81e1ca58b0e6212847a6672c266ccf1dbe9ddc00
32 44 10 60 212 1 :c415d5eda8fadace98693c99149c3f8a5dfb9c2b15e607f8d8599c930933ad714d492330e426a7b34bf32a36
32 45 10 60 212 1 :ce58aa47effb8bdf12de3cf5e7197eaade6293bd4c57dbefaa80c2dfd48f2003d8d8dcf5dd1142193a2ad29584
32 46 10 60 212 1 :5eb72a21225cf6b0d979c1bc8e2141df6906014cd8aac8ac45c5ac4433fd6f486177ac83c1dfd44dbcd94168de3e
32 47 10 60 212 1 :ad110d17aade7c1c08283b363aa6a42f48d699904cd623187153af73982a7176753551804d6c41f3a8130691829274
32 48 10 60 212 1 :01110995f03636692a431c50306ef3666f78254aac304ba784e0781b275419798dc2112583bbc3b9f6f875d3350568ce
32 49 10 60 212 1 :98da5106b250c0d93561729eb5426d94473d1b06ef9e77d14e85848e4a978d78f2e4b59c34d4233db91bb57aeabb783c34
32 50 10 60 212 1 :4a7b4e2ce8a7f5d12d9e43b317d05b805a117ec73a263dfc28b078bcdd2af6276fa394bf50c0372bfa4b081077c81ad548c1
32 51 10 60 212 1 :8fe065fe00973251d41247c4d2a5025d64e2ab9205f7244051c8722fd6f1bd3b39bcafa011b323fd5784f9c0bde4fb226cbdae
32 52 10 60 212 1 :70701d39bc6db6dcde1559d3ff10559383d5753cd7da7f1b0cc4db7c2ad23a2b430b8dc01f6d7f237d073ab11307ecc841fddd80
32 53 10 60 212 1 :1921120598dc3ca8251f9899c7f6c0801f234346c7615e2dab0d18eb74745c565564e17119410c5d7ebf1be0a95be7003a918fa085
32 54 10 60 212 1 :bf3deefca6849afe4c362a622b1033de349936564fb3f5f64a01cdf994ee97a0f559bf7229af6e1be945e9de0e4de3fed0be6318289d
32 55 10 60 212 1 :11ce1ceaff9e70db8295b487f3c77a12b8be04fe69549b6965ab9574e93a9717a52ac0ee0514a5eaad0b77a294d8083fe7ea16e16810cd
32 56 10 60 212 1 :83780b6944b3b7b07acc2f7576bc6441cf70cccb272ad5e5a01898b11c96f5a7459086eac01231bb823c7af87a46c410de6c108f004d5685
32 57 10 60 212 1 :f8991dfad6ed3c30fc433f4ff8d9937cc89b3473765410a2c27e6d1571b9fe5a4085ebda4889823ad7549130bd576286920df7679c21e0ba33
32 58 10 60 212 1 :2a1ae4542e863902bb5629ef1d33cf01e4995d6994caa9008037b064481ae84431d84f8e7ca7ebaf8d7f989146b550957858aa2d350462cf9a22
32 59 10 60 212 1 :cddeab06581ac6761ab89d2e32c391ea360a003b5605eb36564ec20a4bbb985c6e99385bba7bb94e5c34487e2aaab147e13a794d997bd14c831f5a
32 60 10 60 212 1 :eb965ceacdbcccdb43cf5d9b243b0c56653e3e551fe39502ab6831ed558e52450bba68dd81e8d1364924c389481efc8f047c7b841cbba8e6b25b0e52
32 61 10 60 212 1 :88e3e039ed68ee74f98201e67befc3ccb4de8fb7928e10d8a9edd56129efd633a4e1d8406a7a8df437eb4ef13cf297b7f1847a7322aacc7b5fbaa04e06
32 62 10 60 212 1 :889a7257167bf3f771066ea6c5aaa1cff5e01ba0c539a048ab227731e63c39a75ab0e28c9d158b24d75add61b5ad329a3f3096227fdda27ecb506296af91
32 63 10 60 212 1 :5e6f2bc82abbe80709d9a3b31bb7e29514ba9a7920c543c95fbc10e3b1f552da5418880e78b7d9b8e8794f7c77af4d8cb1da69247753cd71afd42295cc674b
32 64 10 60 212 1 :0fc2741e6fb982e300394717ae0e049e92140b842170be414e8090f996d3e7026e0158deb79b0ce89af25cd9b695fa48de66d55c8e8fbcb4ec30e423cc45395e
# ERROR 32 65 10 60
# ERROR 32 66 10 60
# ERROR 32 67 10 60
# ERROR 32 68 10 60
# ERROR 32 69 10 60
# ERROR 32 70 10 60
# ERROR 32 71 10 60
# ERROR 32 72 10 60
# ERROR 32 73 10 60
# ERROR 32 74 10 60
# ERROR 32 75 10 60
# ERROR 32 76 10 60
# ERROR 32 77 10 60
# ERROR 32 78 10 60
# ERROR 32 79 10 60
# ERROR 32 80 10 60
# ERROR 32 81 10 60
# ERROR 32 82 10 60
# ERROR 32 83 10 60
# ERROR 32 84 10 60
# ERROR 32 85 10 60
# ERROR 32 86 10 60
# ERROR 32 87 10 60
# ERROR 32 88 10 60
# ERROR 32 89 10 60
# ERROR 32 90 10 60
# ERROR 32 91 10 60
# ERROR 32 92 10 60
# ERROR 32 93 10 60
# ERROR 32 94 10 60
# ERROR 32 95 10 60
# ERROR 32 96 10 60
# ERROR 32 97 10 60
# ERROR 32 98 10 60
# ERROR 32 99 10 60
# ERROR 32 100 10 60
# ERROR 32 101 10 60
# ERROR 32 102 10 60
# ERROR 32 103 10 60
# ERROR 32 104 10 60
# ERROR 32 105 10 60
# ERROR 32 106 10 60
# ERROR 32 107 10 60
# ERROR 32 108 10 60
# ERROR 32 109 10 60
# ERROR 32 110 10 60
# ERROR 32 111 10 60
# ERROR 32 112 10 60
# ERROR 32 113 10 60
# ERROR 32 114 10 60
# ERROR 32 115 10 60
# ERROR 32 116 10 60
# ERROR 32 117 10 60
# ERROR 32 118 10 60
# ERROR 32 119 10 60
# ERROR 32 120 10 60
# ERROR 32 121 10 60
# ERROR 32 122 10 60
# ERROR 32 123 10 60
# ERROR 32 124 10 60
# ERROR 32 125 10 60
# ERROR 32 126 10 60
# ERROR 32 127 10 60
# ERROR 32 128 10 60
# ERROR 32 129 10 60
# ERROR 32 130 10 60
# ERROR 32 131 10 60
# ERROR 32 132 10 60
# ERROR 32 133 10 60
# ERROR 32 134 10 60
# ERROR 32 135 10 60
# ERROR 32 136 10 60
# ERROR 32 137 10 60
# ERROR 32 138 10 60
# ERROR 32 139 10 60
# ERROR 32 140 10 60
# ERROR 32 141 10 60
# ERROR 32 142 10 60
# ERROR 32 143 10 60
# ERROR 32 144 10 60
# ERROR 32 145 10 60
# ERROR 32 146 10 60
# ERROR 32 147 10 60
# ERROR 32 148 10 60
# ERROR 32 149 10 60
# ERROR 32 150 10 60
# ERROR 32 151 10 60
# ERROR 32 152 10 60
# ERROR 32 153 10 60
# ERROR 32 154 10 60
# ERROR 32 155 10 60
# ERROR 32 156 10 60
# ERROR 32 157 10 60
# ERROR 32 158 10 60
# ERROR 32 159 10 60
# ERROR 32 160 10 60
# ERROR 32 161 10 60
# ERROR 32 162 10 60
# ERROR 32 163 10 60
# ERROR 32 164 10 60
# ERROR 32 165 10 60
# ERROR 32 166 10 60
# ERROR 32 167 10 60
# ERROR 32 168 10 60
# ERROR 32 169 10 60
# ERROR 32 170 10 60
# ERROR 32 171 10 60
# ERROR 32 172 10 60
# ERROR 32 173 10 60
# ERROR 32 174 10 60
# ERROR 32 175 10 60
# ERROR 32 176 10 60
# ERROR 32 177 10 60
# ERROR 32 178 10 60
# ERROR 32 179 10 60
# ERROR 32 180 10 60
# ERROR 32 181 10 60
# ERROR 32 182 10 60
# ERROR 32 183 10 60
# ERROR 32 184 10 60
# ERROR 32 185 10 60
# ERROR 32 186 10 60
# ERROR 32 187 10 60
# ERROR 32 188 10 60
# ERROR 32 189 10 60
# ERROR 32 190 10 60
# ERROR 32 191 10 60
# ERROR 32 192 10 60
# ERROR 32 193 10 60
# ERROR 32 194 10 60
# ERROR 32 195 10 60
# ERROR 32 196 10 60
# ERROR 32 197 10 60
# ERROR 32 198 10 60
# ERROR 32 199 10 60
# ERROR 32 200 10 60
# ERROR 32 201 10 60
# ERROR 32 202 10 60
# ERROR 32 203 10 60
# ERROR 32 204 10 60
# ERROR 32 205 10 60
# ERROR 32 206 10 60
# ERROR 32 207 10 60
# ERROR 32 208 10 60
# ERROR 32 209 10 60
# ERROR 32 210 10 60
# ERROR 32 211 10 60
# ERROR 32 212 10 60
# ERROR 32 213 10 60
# ERROR 32 214 10 60
# ERROR 32 215 10 60
# ERROR 32 216 10 60
# ERROR 32 217 10 60
# ERROR 32 218 10 60
# ERROR 32 219 10 60
# ERROR 32 220 10 60
# ERROR 32 221 10 60
# ERROR 32 222 10 60
# ERROR 32 223 10 60
# ERROR 32 224 10 60
# ERROR 32 225 10 60
# ERROR 32 226 10 60
# ERROR 32 227 10 60
# ERROR 32 228 10 60
# ERROR 32 229 10 60
# ERROR 32 230 10 60
# ERROR 32 231 10 60
# ERROR 32 232 10 60
# ERROR 32 233 10 60
# ERROR 32 234 10 60
# ERROR 32 235 10 60
# ERROR 32 236 10 60
# ERROR 32 237 10 60
# ERROR 32 238 10 60
# ERROR 32 239 10 60
# ERROR 32 240 10 60
# ERROR 32 241 10 60
# ERROR 32 242 10 60
# ERROR 32 243 10 60
# ERROR 32 244 10 60
# ERROR 32 245 10 60
# ERROR 32 246 10 60
# ERROR 32 247 10 60
# ERROR 32 248 10 60
# ERROR 32 249 10 60
# ERROR 32 250 10 60
# ERROR 32 251 10 60
# ERROR 32 252 10 60
# ERROR 32 253 10 60
# ERROR 32 254 10 60
# ERROR 32 255 10 60
# ERROR 32 256 10 60
# ERROR 32 257 10 60
# ERROR 32 258 10 60
# ERROR 32 259 10 60
# ERROR 32 260 10 60
# ERROR 32 261 10 60
# ERROR 32 262 10 60
# ERROR 32 263 10 60
# ERROR 32 264 10 60
# ERROR 32 265 10 60
# ERROR 32 266 10 60
# ERROR 32 267 10 60
# ERROR 32 268 10 60
# ERROR 32 269 10 60
# ERROR 32 270 10 60
# ERROR 32 271 10 60
# ERROR 32 272 10 60
# ERROR 32 273 10 60
# ERROR 32 274 10 60
# ERROR 32 275 10 60
# ERROR 32 276 10 60
# ERROR 32 277 10 60
# ERROR 32 278 10 60
# ERROR 32 279 10 60
# ERROR 32 280 10 60
# ERROR 32 281 10 60
# ERROR 32 282 10 60
# ERROR 32 283 10 60
# ERROR 32 284 10 60
# ERROR 32 285 10 60
# ERROR 32 286 10 60
# ERROR 32 287 10 60
# ERROR 32 288 10 60
# ERROR 32 289 10 60
# ERROR 32 290 10 60
# ERROR 32 291 10 60
# ERROR 32 292 10 60
# ERROR 32 293 10 60
# ERROR 32 294 10 60
# ERROR 32 295 10 60
# ERROR 32 296 10 60
# ERROR 32 297 10 60
# ERROR 32 298 10 60
# ERROR 32 299 10 60
# ERROR 32 300 10 60
