# in_len out_len m_cost t_cost time[ms] memory[kB]
32 1 6 500 71 1 :29
32 2 6 500 71 1 :7a59
32 3 6 500 71 1 :581e79
32 4 6 500 71 1 :c9f00faa
32 5 6 500 71 1 :ab05a99782
32 6 6 500 71 1 :ffce226de70f
32 7 6 500 71 1 :b20b755a25245e
32 8 6 500 71 1 :5909dde74aa28e04
32 9 6 500 71 1 :9845a8accf58a11b0f
32 10 6 500 71 1 :d26eeeec95f0434e9e29
32 11 6 500 71 1 :4b1350f9838421dfcbff2f
32 12 6 500 71 1 :392f13f72be057a2d7fefc5a
32 13 6 500 71 1 :55c47e57307a309ecff7b839d5
32 14 6 500 71 1 :de902693438008e5e2c105ab820d
32 15 6 500 71 1 :5375660d866d22d30ee5bec35554b2
32 16 6 500 71 1 :96583fbfb55d84d812eb61a28d178bd6
32 17 6 500 71 1 :16fee93a592277c902d036a40c4f9f9702
32 18 6 500 71 1 :9c0634c7b68f4f04c1c50d3b03c816eb6274
32 19 6 500 71 1 :155c47ce2a342912db0dbd5764f5d14adec9c7
32 20 6 500 71 1 :db89aa0dfcdc57d2f30cade792f38f258ec5dfd0
32 21 6 500 71 1 :307dcc5a704313eef09da0ce297a0917fe418a3794
32 22 6 500 71 1 :f402866e8f4880ab9f8d3b67ef6d45f06d9c9afc900a
32 23 6 500 71 1 :5bdae07dcf6dbb92929e152cbcea90c997437d88196e60
32 24 6 500 71 1 :c91605cf24ab07337ad59c1d8084277905e21fd0e4708b95
32 25 6 500 71 1 :be040416735814f3970ebef95e532b3e542fcb35c36d29925f
32 26 6 500 71 1 :7ec3e512269565fdd410ed7ce4682c9630dd6ab2642b9ea168ff
32 27 6 500 71 1 :b60d9ed7fd2c21da855eca5f5fa3ef0b007ea77f79969d4f723fe2
32 28 6 500 71 1 :f876730b41360608a73252bf49ff157973e92b551f984719714d5a59
32 29 6 500 71 1 :70c19538afe10d2316af8c3c457295bda9cc1259319b109e4f4c67725b
32 30 6 500 71 1 :880d41885c34ecd87992b898de6e151bf693d956a09ac97e0216743fe6c7
32 31 6 500 71 1 :61c24a9ddf743ec6fa434f2524061e442a6212d0f985d818146da76d419d7c
32 32 6 500 71 1 :66356657ed56c1a13f27506be62de186686ab5b6fb44ac830224c6e1f9bf4600
32 33 6 500 71 1 :2d67a3aeadb0ec22126996159682319b9f41d46d1538ef7cd9d0d7aaa5697aab30
32 34 6 500 71 1 :d37f33e27edb9e61fac1cf62ff2779e819447cda8f80dc24dd286fcdc83b9301c5ac
32 35 6 500 71 1 :518d7e9b223f860e3235c93d5139ba5eebc53dd6e2972fea38f9da820c0c632b6c8ad1
32 36 6 500 71 1 :c3b745198005f03c25a54b6a4bcc476dd48e25b7ec32485985d3a622c87f04a775049e42
32 37 6 500 71 1 :8850c22f635c0aa7dd2ba0ea03a838f0417927c7d7e4a72c7f56d31185507372a0d3be7da1
32 38 6 500 71 1 :be487640b2ad8ad8070f4cba6d8205770c36b6e8f3635666fb9170efe271eef11e9b5a64d8a9
32 39 6 500 71 1 :fcc1942b0b0d946b75d354059953d4be708e6f2c266f8773e21e901e4b7566c7bd89cd605dd0b9
32 40 6 500 71 1 :a6ccd9be1ecedb352fbe5614c3d54b5cc81058c50d3d5fe8fcb9205fce06c8bb1d5935a0c6d3caf5
32 41 6 500 71 1 :9b8f9e9917a3bcf79f1629fc8ff5279682506d0390c96ab1fd4dc75abcacb9319cc19f057368fad255
32 42 6 500 71 1 :2f2ed8bf424b7d3788db923ce1726b64b379126faac599294ef1eb7fc873690f58c0ae59e472ba7ae058
32 43 6 500 71 1 :b5619697c0787e6f88160a270b1c8442b4c3835d93d4c04de337a72865c82986784fbb55c1a1d1e76e38f0
32 44 6 500 71 1 :da5fc44ad8c4e88e23ad3c6f1e92c5ecee8f99bef4f2f69b405d66f2fc3cb711e631b70546976d44f95e22f7
32 45 6 500 71 1 :fb05cc88d561cde5bca99d47c459a883e9ccc65649db6a2de5d101b39f4398cb018899abc2dc861d478bbaa1a7
32 46 6 500 71 1 :cf4ed7dda70009f597a91d4dfa3901ae1dd16b310c35fdf4f76148aa7f9f903e76bdf3cd3002f631597f2e9b5420
32 47 6 500 71 1 :747183209824ce09ae0f76c6a51089cfa5832ab658c212cfbfa7d29bfcb374d6ed6a73e65a771bd69fbc26237a8fd4
32 48 6 500 71 1 :18e86ab85d5e6dac4504ec158a575e9a8d7bb2282eb3f59c77f78cae34a4152010bdfb2fd614934d670953a750ca5418
32 49 6 500 71 1 :fe88bc36dce5b14986352056780a3e90818f3170fcda53d59d5ff4f5163de55472d518ec05f8de4efa5c9a9e71f36b43f6
32 50 6 500 71 1 :250032e145026fd37f42d4681861be14ad88b6567646f2abe4e6d571c1089290b4d798f2425b8c7bf8da51a34162ff31c2eb
32 51 6 500 71 1 :15aadca7c3212a2b7705e8989c069fb99330a10f5f8832e67954de5f2969aceb44d446f39f919aaf533462f9bf09c9fbba9d8d
32 52 6 500 71 1 :941db5168938c0b41fc8e9dd4f8c61448828bac2347a67ed8bdd87ec27d59bb4de606b2c3b24a4a08997e1727a9753975fb19674
32 53 6 500 71 1 :d226047a2cb6fc430683f27e5d011768c92d027fe927fbd897e02c60af395ad3af969d6adc9e0f4e443653e12bc19680603eac4a32
32 54 6 500 71 1 :d513c34ea830f432abf7c4f4a8d75b6bcf7dce1f74a341f8ea765f552621c98247676c99a7690b337b402dcd7e309cda1ca36118c75b
32 55 6 500 71 1 :1fb575527c1ae748b83f70e766e5930c2fd1af8880440b668fc167726c663998b6753f4ddd1cacc1bb90ed954707a908a8d9751775c25a
32 56 6 500 71 1 :89693565fea24b54669adc4772d8dc11cfdab0d8a8f6aebc835bd84099f176f2e2c6dae93d1d296e5ae4727c41c4d1788bf6ea6c785d1b9a
32 57 6 500 71 1 :9a1e1d4dd4c04d2aac960fd7d1359245b882557525af58f714196beb53716ed95b04267538ed9ca140c1cecf53c800b55921ceaf3af3ab2529
32 58 6 500 71 1 :0b8439995bd56cffc46ffdac27574f2b7c319fac053464610ef71df4403801e93bdb11b7f73aac9831a46a27eb171d4333c015f681689e1f1059
32 59 6 500 71 1 :93e9b8926a515385fe77ff91f5c3cff8212d519b8b0e651ad1ee1d45c912c3d1d33b70dfaa0feee802846f1425a016348593d23be012cebb5e095e
32 60 6 500 71 1 :78b29ed07aad7fd067d9579f6ed105d10627f3b9d43e78264651f9f144e7e95de08bea2d6b8165c1e15d786f1983c61fba2a640db7409029053c42b2
32 61 6 500 71 1 :a163f9b4486f453162df12339adcf258df536b17e2cdfe34d4615de9576ad2fcfc307811c43c797acbdfa01dd17750ad3c8570f8a194fbf30724b7b584
32 62 6 500 71 1 :766335b4cdf3bcfd26de5fea8f671ced95214c5ad0cbd6612891d5990b10181babdc08dde3f50645e32a10afb7649e97038778b101976fecada270470056
32 63 6 500 71 1 :c476da729fea6cb15c29de11a0cf9656267be604c5ca53a0a3ad0f225a97c73442fd68099d081268a1461b3d99fdd23d6b5c4447800a861a3ac86c0a82e6b0
32 64 6 500 71 1 :f9d85d4275b9733b7985e1a5e46d9a8c0af58dd52dd3061bd34214abf10b2bed0472b093f4d88925a08742fc795be792f076187021fb886f8a8a332cba352d5f
32 65 6 500 71 1 :942446c262dee3693f905057d494232533b850677324131aa3d0bb482f9905a766614d1dfbf628f019dc1bfb31c85a25a62698ccf38d120f8e2aa5d58776ca92b3
32 66 6 500 71 1 :95acf00676e0456b76057a44e4ec2973b67190981f5d9f63620c49cb2e29a9f0f561aedbc9dcbc5bf3f3232570235f0680cd032ce3c031f601ae87b0cb68c33be407
32 67 6 500 71 1 :de3897caab02b4a8c75100dd9d6f8d4d455977961b4a9f0d6e86f66336a7e100e2d68405fa47e2b5c3e4a3ad7cdc94509fdd8c1e0556b05a280340349337758ce9563e
32 68 6 500 71 1 :212f817cd2b1ab440104de5dc86a9557d0145356c6a08d15431c654c1304c8391be8b904b8f3b0b06ae0f89ef6d48406b3016190edc42efe6a883105980239efafa61065
32 69 6 500 71 1 :19bbaef78ef7450c51dd24e2b3ee39002bf11709d3397cdaf19f300f156d2df0127382b609198b2eb7e94f969d72d34f0c838f055354d03a82575bf71c12572fa308133a0e
32 70 6 500 71 1 :01ccdb3ff1b104969c7ab9d32b004702c7bdff6ee8aa2467879aa966108d755487448c1291be80b37c27db4a7aa8f35ffdfc06430ac926c1216b4f5fbf2bdf18050f402ad41f
32 71 6 500 71 1 :e47915b63a0a2366200946875ce8cb66862208022b30702ee21247e73c98dfb9c4b8f3fe3244ed2ee60a0040acf1c9bf796dd986f40c07adce9f1a38828106b7fc6171e21f6d67
32 72 6 500 71 1 :13ecee606c9a14e15257c9730299b34482f42597670e87828ef4b373a160ac036bf8422538d1b6a68e293e8df7992caa77db052eb8a7ee0cb00c837fe3298349ebe94fdb9419aa29
32 73 6 500 71 1 :849675597b90bb8aeda00e1238bea9c0e5406894675362609ac0b16aa379cf596adafe12e6eca003fe94d95a62c7d2977ead21cc686a73e29ca2da6613a9dc5889b94662158cdad9f8
32 74 6 500 71 1 :deb67a2c1983fcc7edc6560c019985a0a944acb581caf3e3f90d37db80ee937eb69253e93b09ed777018860ee3750aa20a4813e66acd72d31ace2d0074b17c183d147b94fa8fe57b348f
32 75 6 500 71 1 :dae7fdab4dbae2090d92e09d13f43e2a134c7293ab9fd7bb90c6802514fd3a845732c899c4dfd0c919f2974b92907c7d127e2cdf277776340e07b92025b40684ae0e94426bba2eeef50194
32 76 6 500 71 1 :f29f038205c29b5144ac942dac74ad401dfd62fffcfff49dc28545c88f55a2fd88dc53d5fe1b000fb840acb44693d104664a968e02fd3b420f7c595240faf722b77127f031ea74d624084d83
32 77 6 500 71 1 :cbcbba1bdbbda81ed693181dd429b88a0a65ef2144872a6ee689fd7401e9b0d4ba53b813d11cdd977fdccb38d95d2b1f4244cd6f2978e91b3f7440543d287574925169dded34e4a725891fc6f5
32 78 6 500 71 1 :b2276e4580208b0577d1a8893134956c6b75c9e70f4e68bcb2e47f951d98eb29bc3f35f35f4605a525f7fb711604ae784a0b1e43cc55daeb8d754e21c5b746b681cad5ab5c98a6688de6d9bbfc8c
32 79 6 500 71 1 :342aed150105ada6ab43a9b20e6a5f1e1f74a2d602e04931e72bdfb30bdf69d043e67e97392bd4d52359676a2bbdb6bb87d79779d3cbfd5fa17e4e7bff1394a5b0e2051e7893468091204f447a5a59
32 80 6 500 71 1 :af9c795a5f0b37302f849a92d42a441c084ea260d1523524f4ba54d23cff6a023745b00efd8c31efe1fddc93075778f6ed30c1b95b5454df50d8a8ef1add48f04eaa6d407e515278f3f2ac0549ef9740
32 81 6 500 71 1 :366e6f4febd23083974e76f6059480153cce52e7e423289439b39087ed21bf4f99bef051330d6c64bf2eb2227547b46dd48c89dfe16ce512c8835a3d64cef30c12d13e2bc18d39f46b65f501e1aec6a598
32 82 6 500 71 1 :179fd14effe6bb7294bfc08d0c8e982969f24a4f99990a7a1955238efd2c41eda553b2645d167877f56d11242b7380798704b4e1c9634542a75fdb371ed4ab04b4714af8e0b9eb8fad38ca828001404074b9
32 83 6 500 71 1 :c2e30ee42186496d825a6960415c1f32725b24a9771b11a9d29510462fb2a23c4888d5f968d0161b97b23a3e482bcece538f517001464719bcd9f61a6319772deba74deb797e08105f9796dcc396aae8607183
32 84 6 500 71 1 :f2aec3dad5ccf3711cb7c99cbcf1bee0cb794a847926c70ab205654ac6df3be9cd60e6f0f93e0719a60b480518b310e7bf58b39babfb383f48bf27b1cfe915e3ca27ec28ece3a6cfb30a3b131d2678716aa46366
32 85 6 500 71 1 :4017eb836236f526123b8024c78d7d8a4d00d29d638aff0fd73607a3a527e41bd20f7e93baf83ca77e485b9aaec5dcf8e39a6d8474b3fdcf2609781e52aa3d4358916173ae348650e898db33cfadce49bd1747b3c7
32 86 6 500 71 1 :8de1623191073bfac60d1bfc24476e46c92fe1df0a6175c56ca7e0c57aca95776de461ade40111136fc425fc2afc451ab0320bd40bc9c63a0809f001f952462470c5487b85c8c68a038ed68df41b89e868690c184f06
32 87 6 500 71 1 :bb8ee2f7762fd312a6652e9974af2130f1c532fe9de5726dae2c9ad036d87da643a4b18c4ba664ee420d156c14cf3c56b88dce69f732f5e874a223dabae60702b518540c7ce8425f42ba7781b9506fcbb78dcd35170070
32 88 6 500 71 1 :4568034c5676418589d180b42b3e248917d73228452914cf74d16d4eaec91e4b5a75a759804210ebb85deb6ac50453670138e903f9fe8d26df336da0891bda0dbb01c269bca18d193444167224a898606d8552e84d3f9fe7
32 89 6 500 71 1 :4a06b095b43b4a1a8f4243c457100888b8fca7d3bd05048e2d0c44f0e3e72947d68238a1bb459cdf8d5a250e75702ba756f6cb8ac86c28ec560ee7e645de2e4d2f5af60acf32efc9793cf9e833b1c78e7ece24ea1ee72d27eb
32 90 6 500 71 1 :a130739589fa43268a8c643b977dd513d3dbc6559661769264d17bdb78da30a90bc6143f3030e3feab83f24f75590739f3b9bec35a2fd84e79c647e58c75877164633b5e3dbcef4fcb37338b8164a5b6bf73feb0fc93bc89cd95
32 91 6 500 71 1 :8b982686e3f39dfefe2a04a01ed583f6a383508f4b08e39cbf5b3f5424aca69364434e5d1c9f1a2e38355ed7fa7036498d1de4c428714e5791805f496fbda77d86d235e8badf1e49cfc377ac86cd9109ad1ecf43c28afe68d62b85
32 92 6 500 71 1 :96b55f4d07910288fd4c5b65bd5ab85c9e3c919b735abb0c568de091d7c8ce36620c5460df9f8ed3959be8e7effa35929b12600bd72d0afe9b289420c01aae1654d48ee367d97d43ab4ff48ce74bc1bc99f2f551524903bcde1cba82
32 93 6 500 71 1 :708c8757a99c2c2a647815ca6a2a3616dfb77ced3ff334f8697d2c30d4d5b99d96799fa17d720551f655e65b4ebee56e33a7f045fc8627e51b5bb8175a5a00cdca996024fdc138ef95bda99581adca9ddfda83a0c142d142e7dacce30f
32 94 6 500 71 1 :ed18fc0268cc56df1f8e66122b783637fe3aa1bba952e61145ca2d7e8ac8bf0ace84551ae81097c1eab431705846a4b533f0653876ce30b8e8636a9af84fd809dd765ca96fc566a36ef606bcc1d3c898fd38de8a9e6994ad025967624d46
32 95 6 500 71 1 :5abeba0a561e6360ab6bd71ac08ee65a2c55bfaa470763dd03dc90567c2f76568f0f3f55f43ddd79722442bfbdbfc7ba02cd89cd6fcc710303b924f75f557805b706429e0c7ae3fc50a0644b342a8d58562e33f097d540b99beefc31f35d8d
32 96 6 500 71 1 :88dd141a8c9755bee07c8d9d3a82d500feee813a17159f13f15e1bf90c15f01781c5aa6fc467df12d946b57f86155f7678b421fcc6af593172d912379c10a354d66e775dce869d5329b1f012f86c4217d852fdc54c3dd0b94722351ce219910d
32 97 6 500 71 1 :c3e3289ecbbb58ced0fa2f0c35034cfe893c58b8527e4df14d60d09ce85b69c117f86c4b4a09ed73eee1de10195cd8f7e69a0987a75a8f91fe53249eab12f4ce8ef48a97d785a116014f7ae77dfa75854f7aa5df8df881cac5e62458b5ecc23de1
32 98 6 500 71 1 :d57c7ff3dac6e55a602dbbf9e3c615ac6ab53a3660ad3f41ef4a20a8185fe0d902cdd8eaf85062d1248e76279198e00af9edd4764862714579cec8cb9cf782d0cd3f54d9d201c0f396d57a4b00f4664c32c6e27232765724cf4c79bea699df3655c8
32 99 6 500 71 1 :8c04395d3521895c334d8efe1eec9c5af7d7b74f87a9452f5915325481c080f81c46cea1b4b0ceb260c1ba24231d37a8ed0d5526191861b10262d627ee824223d2a7502f9db1e96f90ce419a19b2fae5157f04a2a297101404296edee1c8cf87ebf6ee
32 100 6 500 71 1 :0e0c7feeffb4aee2b1f5b335d7282cfef63d7b4fd80cf9fa102a3004b2661071b7c3bcd0a71ef4b8df962458f8c4adbf6f591c36023bcded952610cb03b4872d7ba4d5a6314a0b911609be89147243e9ec9506fd5909296374f9207c5298293c9b77e25c
32 101 6 500 71 1 :d8c50de6e31e974386ab7d06dfd4e58bbf1e0f0b3397e0c637ab266aa34a127f69af390133df52f6403b206ec2d307b0f723d4f0cde0fa1a21e3d2d5e2b199ad5861df0a8f49d3f9d3de58f2385897d63a8e8314cb70e6caa2db86435cdf9d6c98a1d4c886
32 102 6 500 71 1 :48ca4d1180c326a4c91634c9dd3a315bb06e59adc0e85f4859e846656ea9ca70cc42d89e9803bc2b355e230ecfdda54425b955757569df963842fd144e2e2bf3c92be5feba3ea2468531fc878b52bce6c9c2d82ada53b2d640f6313140b5e75a1ed5e4bd2200
32 103 6 500 71 1 :6ab55baa8bde7c381ed856608e1fdb44be518fccf67ac1622738dd713cabff12a145c6835b43ab2883d33767cc32060cc16faa6aeb63a81ac9b9ab579cf071d34fb7efc4565b9d14bc97ea5e2f04919b1abd8f5a94e1ac91445a2a4748a0ae0e51c8a0f9866cdf
32 104 6 500 71 1 :1c79df08d3b3ec1da84d3ec6de45ed0a7afd28056a828b73b8b2728e95cfe915f02995425718bf479c1d5d45834eecdf24c052808b7217ed890ab241b0e7e69aa6891e8cae18d31cf0b612647313e55e0ba848dce9281255ee0f0f74701182e3426f8fba80ff1806
32 105 6 500 71 1 :0ed981af6bf411215cd40bc3647d8be98ea11299d42ad69608e7ae52ea7e92fdf39074da2444b603e6f48287948523b24ab1a3a16f4d19cabb06a158176a8732b2a1616782060304e5ec41ea7425365a5465e98cb16c06c67b1b94fbaa0a37299efd344711e5e571b6
32 106 6 500 71 1 :d5fdb7a4943c903d2cf0520b60bc9d488c660c37236b2d5efcfce6eafaa15ed1c2d2f85dc44b1b53cfa4faddc6e710f5a03a73a82941bbf99a2cad94a63140450ddc8c38464af96875dcdc63b1bfbd7aaad03c2ce1af22b5d551003483315db6bbb489996abad11dc9d8
32 107 6 500 71 1 :e10fef6dc75f2ebc6406dc13a73f05e171e8c4c5db568513834133fa25ac1ef41d51f2d48951932a42fafbfa30bfdbad81fe51952f28b6fa25c30e9ef98796ff580b1e5e52336d2b15aea2e3bc798ca5ec84c688257c5fbc0acd77643d82708f398ac36b871887e1b1dd9c
32 108 6 500 71 1 :d1308fd0babf089159ecc597f618ca07e877273f9d690bb2a36d3c929b4dfb3ac40376719a15d360f825fef382a774d04142413eff5ad4bd5217afdea24177f5f2c07076f2c886e0e5af47c5e9a715d12ef30eb5737723f2c6d876841c8f301cef3ade0f4bbf1b30f049f676
32 109 6 500 71 1 :ba5d5897708257203bc765dd68bbeaad5f72f8ce671805fcc80e2529d4947e43d1b3f3633e40d3f49cd3a13b07dfe5161d528c268079694db97cc6b4aa396b90ea21ad8795872aba700714eadb231460ce1396c7f8a31602a976f0ee851f0e409fb6561414f736468f0cb3961e
32 110 6 500 71 1 :a42e6f85d75f2a242c9c713c5877060afd5236317257bed319bb8db0997486714324f9b1cddc2215de49a724740b201d0ae5192760151d305899745117058e2f17f210e57d1206efd148ad122981c16495de6bb3602ebb5d2ab2a59abfb611bb1f3f4846216eea9074ced88e95a6
32 111 6 500 71 1 :01f3aa2278d848d08b72a4999cf9720de7b9ea710d53a53eba2815255d9f89040ffe3735f74d86976d5e212bb4d1d63d3b31a7645cd111aa8c89728740dd4a49880e6fbd7062519be47890115a9c79c724982d293ce6200624931ad030328785dbc2acea94d3d1bd6f710843c34d1e
32 112 6 500 71 1 :cbf0fa197c84a1c2e82ab6918cff2b2f52b1ba65df4b8c231810951eab929d3559c6e04d4c2e6847db9af79e3e9a818a7296ee7b68612789793cffb71c18d08dbc3502cc48a2afe8e6895b3692d2337954834c3fb98d2debaa1e80be029551d8c07e150979ebd4236373958120883626
32 113 6 500 71 1 :4015c696d8e4f7c2eaf1b35078443f31bce98cc72e92eff92df9215997e965fa1aad9f81a1078a1156f8c636cdf60e347dc880bdf9540ae8769e7d3592648754f7faffbfe861f816506a7cb0537fbec8b6193061f531c99fc3ec9e7f9d74a0bc3005461a7fcc39298056150d103fab629a
32 114 6 500 71 1 :2dd92e062977da09923cacdc934eecad85a768df10f118cb06498f4c785094e48581d03711c736e63537f3f28785cfb372781dbdcbd33f03b92b0b22e2b8418e8b0dcadc65ebb06836dcb7e4dd8bbb756523ec79d8bd841070817ee4475d2ca8720be0c5af34112514d0aceaa6e5b2998ca3
32 115 6 500 71 1 :4579e8aa9b8990430b1fb24c898ad7be8e1fc132d56aa759f6271e06f9baa7ae936aa1f71381daffba7cead710260f8a7afd3ae389df5719b9a0b228598d75bf241f6677db722126653d74370b20538e244f689fa4eda8477159d516d947d5977815c78a22e3efe1a04069a5f13f195121b517
32 116 6 500 71 1 :75a34a61c84b788e133ae1744d2064148760df03ac99bf9253c7c5ef71198d7b219f7a207a72a2ea46d675fef9890373b03b257cba68179e721bb99670173024447cc7562ea930f789cb4bf92332068b80fb4eefb171a575567fe9431998f5eb2b21b1557fac56f2036f46060d8dcd010b971b3c
32 117 6 500 71 1 :f4f4e055a69b4c6749fd52ce045dd93293fb131bea9c829da7a57cda280d971b62c31d67cea7993f7ab2daacf296226fa73cee81969d2ed0201e208412448e5d99689439d7a6bc6cb72b50dd81454f0fcc296794ba34c1322b23a3a5a0fe25cc797c35eb78fd3afc12c63cc40a02bc23085b3636da
32 118 6 500 71 1 :0847fba31b7c14fba87fd47eb05304fb0dee24979f1e47f8764cd32c9cc26278dacc30af47e23bdc778fbf75d85e29c1716f0e0a5eab982a74bc211b9ed11b19bc04eac6771237dcdaa704abf04a603e3735b629b81384377a856f84d0e2737d4b5ce950120f6edf860c2110e6201f818e26282763cf
32 119 6 500 71 1 :7b8b203dcbc0775638c06ebf4a25eee265abfb448194b0fd3fe270d6342d8079f96220c22b82d974f75ba4ab396e0ce6fce704d8d4ea1e6712ef6272014324029ffcd5991036a8b771d8318ca1c8f0b9573988ca2233ff3ec9d4c569ee65f6cbf5dafbc9522645fd3266fc99b4d40641cc6b619392e200
32 120 6 500 71 1 :f83019a601fccab9c32088818cf3e16fea5c527e7f93348b53cd0277cb9427a30c4495f0e2563fedf6cd02879e3370150d9359ae0f9e767acc7c784edb784abefbc50f8143f6dbaf93af13ca49aadb0cca9ff4beb1750949b52411b9740da3935b769c3ea5e907f980f4c59ac9d342ce3638f32e63ce4c65
32 121 6 500 71 1 :c362e470cfcce5d6db8c377d636c29e723b04e16bbab88b1ef430e4f464147c1eeec9fa7b179a11568f59ee01dcfc06609ed01210bc6babf22b151a07606a5aaa976f11ebe589a356162cc32d715e9fa9860d2719b1e08b7ba05296896ec6d1f4e08f65bb9fc6d99e67697be9c58d929e9d0a9f1ba24ecd1af
32 122 6 500 71 1 :078d0bcc0c7277922ae0728674e1ff666a230d9d527a70027fb3dbcdbe57e2d3495a39d6f86d19d78613b126ae3f2f4a90d7a43583bb40a18c8c7ddb9a743bf1dfade11c80e2777cd8b2090ed3d5416ded6dfa9f7fced69bb98190b132a1af00a99b81f71645ef76e26bcbda1decbd6ba1e31f61c869912643bd
32 123 6 500 71 1 :738473ad354caed2049ef16ca217deab0c36c21b2c4daf2ce4858b14b739ce6ef2f164bb91bd94a66fc0dec7861e5059783b4d824224b1d0c747d3a344cc0618510fd5b0a2c03b9a5423394066bf6199ae5e924e0932577213200e7270f376479b987bffc4477ac365f994020127180657e28468925e3fa1b454e6
32 124 6 500 71 1 :416199825cddd44e9838e339db16bc7c4f7671b559061d5aa51a97354f6ae43e2e02652fe42e7880d518024cb3e61ab430a37053aabf727acf36e635ef052e0b25d6ff3f5bcb438945fc755516351a88e0808b70102139d2c3cee22c8b1d1e743f2dc9007d58260a6e329bfa4f9bea00abcde0ba449cfba7871558da
32 125 6 500 71 1 :0e289fe8f8bf2ceecb9497a959d92e94ad00460880cf6d93998d12cc9c751378aef9408358843fe87ac3ed571d44908946e505f954b302238b748ca48b77d9819429121a49e57c409e57a21774967cb9a4e8e96b3cee5daaacc1b254e065ae966ac9132847cdcdb38261b03f4016c2298335b9ea593d989a11e569239a
32 126 6 500 71 1 :0f541f79eeb65e367286efd9a871031ead7e6fe8d50a7e51f18703175124de88a0eac38e1dd2a285e494d22633a286591aeb7d64a73586e495520d5b828398f8714b76d0153e10d008aa77342e30fffda9862e4c5ecfc0a5e98231e94058452b45eafbf249faa8b7471055b8a7d4c913002c68574c75f8aef77584b81fee
32 127 6 500 71 1 :4bf2b617b8c768379605556519e8fbf33881010ca1024e31d77229a08148d0979ac869380a3c294e527bfccd767cda996ea0fb6fc7fcd4daecc8e354ebbb23d2359f46043f2a79369a873c8cdbfce16e72b96e1335718eb30da828a143f0b9d731606284b6111d28bfa6e22f68b97905b06bafefebcd726b0b7e0203a46c46
32 128 6 500 71 1 :289a4945009c407a69ceee7f7250d9f0f0de02556b73bdc1c5a56775697405cae4030356ada0e430c000171fc1717651784e6868c56f9c8f8d34aad9f7f8cb18c516ba0b1bc6196887b9df5c65b95dfedc21f5bf6262d612cabd66b844ba94a62c07cf3ae594197d27649a46035bb8c38f58688a1c2327f91dcf6dc208d4c98f
32 129 6 500 71 1 :578d544291b8701d5955a16258e360161fedb44590ec4c8da3509d77e8255822d7ef05741754e08cfd8e7fa6b8894637f388bb67cd9e69cd243502b241af1a017232327c20ca481b4f093efe8aab67377f3b3e12381784115d81d3f38a6778b3140cfa95716304c2873891c8369d1cee5f48af56299a6d0754d3a1f06df907fe4d
32 130 6 500 71 1 :c7b31da4a50225dc8f0130ec212fc3f77a30bbaac682c9b70cfaeaed4d05de49e95a3ae315fb40aa93d0d3070f9f2834fa416af0f0ba3d0edb3faa1f41326957d67ae01f4ee1a6b9e656eb7bd24d9db47a2d4428af044d265c85eac77f4d00f93c67e483d6740447ab8cf760858c531a5576637a3551812a58ce61f8ce3a9fe4a65c
32 131 6 500 71 1 :a4e7e562b8819ff59579bb9190d1f5223972df18d53436cfaf41c2ae99b34fa39e13645517eb4794e3f77358e3342c07225afed0d0c43349db52b343fbadae3f74117e7be9b5f346dd8f6faaa95912f18e4244fa08b19148a6e714d8da68935058830fa312693b2e04d1ae989657391ce7e8b9e0630931ff5414e818b326ed6acfb756
32 132 6 500 71 1 :5554e4cbcbf86ad6701970e61e00d0097b20a448658115c4dffa995c93ea8c7a3cfbf95edf0298409a86ea0d1fd21cf205d77abf068d8207937bd9a8d1f5be24812928c46ca22b6f007f5cd6df2a4fb9c1094c4a66021704351d7f7e519190d0fb3c9b219c63e624df55967c60f01d405a5e36b72d620bcac18b351e10dbfe48321ec02c
32 133 6 500 71 1 :2d3ae7b9a7944c5fcce078d0f99e88652298f3dc8030afb52d6657a172386a6e841b609d744e7f4c2b8e6c700f82cf1107d6ff2092cc9ee8220cbd67358860bad1deb2007599b5ab69ec597e23d387c33ef999d65b78a43d6508e062efe9b0f5a82b9b73dc284d62646a19501a9753152c649c487ecd216028e8009d14ed26e6dc24240d0a
32 134 6 500 71 1 :d2f13de8eaeac455493b1ff627a3258a40c3faab965faa83c2acdde2d3e5042e67e424cff7a34b8c36dd7278b813888fa07b88bd288e1e0037eafb13aa700b273ac6fba76573243513d585350217a68bfd5b1dbf4d7634dc427dd3dc9304e3ea93d215f38f7627dc4448ffa5e0c602ae7c9aac66dd8718d9ac73cd898eb27c02bd79ba1cec55
32 135 6 500 71 1 :086606c53c22566b9c4469e892e4ca1394efda7607aff6379d4dc9a9f88ace0a5de87ca38855fe8b78288c988ad8cb220452299ae719e5f4bbebd28b33a61d5b321b3c7e455a8d76452625163e17dd43fee06477e3112059e4c69c941fad87d0671a0634566e911a993c4aa53c1ab8fdcfaf6047e3dfce660d29693ce1bbf5cdcac4be5b80c106
32 136 6 500 71 1 :7a7b753f978721e64d49b5f232c60faffe3e7d9c41688c53fe5f7d653fb68755b603b3515953a788e8f6204589094337c0c18455ac672a09bbb691fbeca97b95ceeb4184c4822725919daab0f4756f73f962d49d34d6251d1c0c908aa3e58d1754246ffb03ecc8af5f3857fa158305110992c3a7bd5c9c07ac0f462eee69f1df42b9fde829fa3cf2
32 137 6 500 71 1 :a24a58d16114f8228da660ded8c3738389548c571f56d1d356d6f1831d3a4d0123f2179d23dbdd835e7941c39ef209cfbefde568e4512a16da351dbf70bb05e05b34aeba3e4718341f580725337ceb266633289675d58b089207ea9c0f05f313d4b7b15036dbba1b58ae6a168437e0469851c85fe0d100677ef3a79d0cbe283faea9c3e47e92f05038
32 138 6 500 71 1 :980486b2773b1bcc5fd7212939927ce447e03c775812e103f803af88c8f83ad6e7d536ccf58b06b370102a5232bb857fe6ea88f4d734944fb5a5d12b7c369491da349ae5916a302b7d6803a7ae0cd67318a16f18e3f9ef04cd12cd62d24a02c4163f8c159dc986aa964202d3181680cfc706c56bd08c46d08294386954613c4b4288d3090385ce36e17b
32 139 6 500 71 1 :9c83b008b5df38ab527efb0ba439ac3fa34b31148d120a2769f5d523dc8affdd711c8f0a2685fac09de714b5a3e3cbf22f629f056556c2b48f6fa4c2da52d50c3f78758ad162fd4dedd95ea182054bafc211403c3a4a25d81ba21b65199a8fc60fcf9760c24bb37afc0dd8c7898cdc0a8115b918435ce7649e80eccf06670dd4e6b4e396c0cfe9a74582a5
32 140 6 500 71 1 :cd2828caf279e3fc9abfae7e0bd432ec27ae742d02d7595df905190cc60f972925b3bb021a1d5742b8db57b51e43d62d36b331ad7e2a15f53be4d9cb0bcd59b75f250ca642c41eea23cc15a640f6957f11c84bd89d7eca68311558c8a80705cf802c72825bb235e478a0d2a82c94b2f3965c2aafd0190de0039adb4c80b78bd9a72cd669b52ef6e5146a1e5e
32 141 6 500 71 1 :2685fb5fe37b84eca10f71de427261f07af5fe8d46a9235071e6d0d7a17b950f3395d0ac2c311a4861bab4ec862da353c25db545f1e5c4f8038ab2f3af08e6cf318f4fbe7991e4f05d0e4a293ef7621474926bd5e52e116823afa5d8985b2ba5ea294c026888239ec817c007b44acd1654b0352ab24029cd028de0f6b5b4dcf156ed863b54649724afdc0081cf
32 142 6 500 71 1 :6241d12d0f14d8aa7b94fc69008567d74c37f27ae33884fb0d06453c2c1b5cf486a6824948bb64759a109514136711f0ea8362771dc7bc4043506539eb9193b61ba78685ee6355007c47602e768aa0285028a3dd9c900c46bead0f42e9aa33fd22a216c4b8084f341f2ec22e34f1ceeec1ca62d01c14a585a49a93c39f134ad097bf71c5dbaf9ab9e511049419bb
32 143 6 500 71 1 :99a3c65cc353308503c482197ed3c331e6efb5e3fc8a3a22724e69ef30b8449500489e5640e29ef65bd1a4a338cda6ecfb7659b926901a5115e4073d5c0fc3949b3b73c05d6acd194e266a84ccd343d5820668242e3d60710a9d4d1057a4decf8738447b6a14b4f6f47c90098c56a2ee551fd7120423b1ea3101e2aa469be34517a37c141025d2416b2e7603d42758
32 144 6 500 71 1 :075e563538a076a054e754af67ddc4996682bc72577af5392d3e1e40bf58b8e76656b9662fc5c91c9f5a621448a347893a0c739a63968e253b6e0e035ea8d252dff8159c3a561b4621c75674aaee4869654e726b4f09f0e4949cf4ad58b04e02f660e432323dc2bd4a7dca8b9e2ec2412e7ca0204f9f1ac58bf7bf3d896aefdddb7b1c9ab53e1e9ea2b6df20b5a3ec4f
32 145 6 500 71 1 :3ca957e1923ba467f073b4eab7d30819f6192395fc96a4a5b16281e7a9b945ba3e99b626bb069b9b65a6f4fe033935c9714d6890c28cc0f7917a2d2df8f2a2741b8592cd2cc07563d61604b47e9599e31970f89c179d15457e759a02a01a174ad18d541cc504ce2f65ea66def6c8199744d5201e92cdca58aa9e187e539c235bfb4658ae21c25f649732e1af8d77f45cfa
32 146 6 500 71 1 :4e16c20ca4d0f348000e25c83a7413ebb9a83e080cc3d0e3f26e06df5af940d41142fc90a02dfd021abc5216e02de14a71ab9eff91771fa065f0e0818e0d98d4dd2a058dc75bfb2dcb654b322e2d46d398538d54fbac623a1be9d59cb4ab0aa97b4b792c5351d8a765323acbc56a5510eac28a0b4150a1439be4197b4f3932bb1a66b6f9a1ec421c973f663c81e55e2c0244
32 147 6 500 71 1 :5c2fe68312ad90a39aeb63335c3f6a07fa92c197d40bcb4ecb9b76d439cf82aed14201c03eadde903bd45928e95c4f7831233ae2e01b4dc5c212e5f8f90b9004e8d549723e67b493c3a608f781ecee351cc030f320259e817696d63c1d72d878ebedb889e8c774546e7727486758558dec17de5980c94c732b8913159c061a237289b348bba77309c71b7ddb6d6a693a467e6e
32 148 6 500 71 1 :0ee5c3a2364556f75aadfbf126d637129eedc374d8ae370aa8062be8496b8efaa7f69aabd191a4f63354e86dd3a800418a6e2d8435c2b55ebc5b397263bccc0a14041afac90eaec5d3adc508f15c049d115a4d8b2206390f811c45e700ecd8e37035ba9c2ebeb958eb09f02ffa37b5e839d0d0869906d219df1b340822d07d330a4b8673368bbcf8d6b6af8dbc136ea4d8e23c54
32 149 6 500 71 1 :08037d65985d4414cbe4447f85089a3e56825f728afc955dec59f109680982f53a947aeb254cf6ffd0d5ed4a5396260cbca918fb7d31deff8231d89c65b0b7e01a05b9a0d32a5c45c3097cfdd9a521eb376a7244bd4cefc478391a5e10096a2ac0cb458bcee7a3c799dd0aa4cbd0cddd9c2cc0138e0b55b6467caa2e6d97a002f1e0b73d5ad02746de8a4da199d127ec9d90f5aab4
32 150 6 500 71 1 :dea542f9d7cfa59ea98c2dedd22ce230acf198c2633901468fa0b543b907dbc66ab6fbc62517df34b33701095b826bb74b3c4ccc6c88122ec4317563b6aa296dbc82da34b967831e33f9129c628c578a8f3b616fa470ff07ab009979821798acd3176f0ad28b3d623bcee29d8bba46c3727cdd0b054d1bd5c5eb0f6a0df6019be6a81ea907601a4bfb5cb5b445fd065e6c34af512956
32 151 6 500 71 1 :1413d1341267e2b258a422d5426f651ffa36d0870b58ee6ffba40ba93f1d7948e3177342cffbea6b6e5908fe31891de82c6d6eeaf58c07b034b6df52682f082e3101f1759c7a82c15a348d1e2050f63070af88767ef75dd09c38898873eaa23a0d91c5e5397bb696e95a9b389f06f8f23e37d38ba9781d128bc4c0887f8ff5bdf94e78eddc30c0797cdf7f677e3bd767199caed68eb98b
32 152 6 500 71 1 :28bfd7e8e656aa3d42aedba006641791e01b6b5668a9f09a7529807435f9b8a2d212c9091debd7ddf534626e79aefdd12f2783f6a7576e5de245d00429cdaa2053c0d093a2a7877ade42b0acbee980854db968463cc32a042208e08ffc657d2eb2aa2b34f538cc05689d380b64eb8562cbdec2f83440706acecac32c8d20f77b56684e5e50fd0c7abb0d73f77c1818b1f3053de54769d2c4
32 153 6 500 71 1 :f5d1eff24d9d755330d25a3ed5c58778916978b94c5989040a1446cb3ec431cea030998ca270f8cd0c57db975d8562cc57c33e539a91145789f1ba808bdd9d2bc612078521162a7940b78db5c19d1441ed4ee6bd8a9eaa8e5e73b3c6c2dc61c719e78dbe2624fe67316ef4377ebf008549d6784891655e03df6354e2d424c51593c92d1bd2d68e5ebac94d410ba451452096ddabd8f9186ece
32 154 6 500 71 1 :034cabada5aefe03c5bc4291902a1d2a3e0b4a3a400338c6716409945603caecb3763b3db028b6a94deb05cf639c3ba3486c82fa2012fa185d2f367c61c99d28fb1a636d867616aacf6041e499bdabe1674c7b7d7e84da84d1407f7259409d93f02bfbbd5a41dae8f17f6acb9ebbacc25119ec6464e4049376a2f5c52a4f061cdb724fc848fa135e60152782fd641854012baf2963042cbb0199
32 155 6 500 71 1 :ebd17f26c4618931f4e522a835468ad12136e6a55a571dde30f8f5ad224366a563e5dc36bf26e2754e973e5ad22d775a5e4d2a05a3b19d3b335adb7dac589819761cae839d644cb8af7f543d51e4329f75f155b9f16b9d04f69b786cc972d95df046b136d144202d5bbd01dbcecfbe86ffda2e8074181e07bbdb39d3574230b6ccb06da2a7c8cb3880b5acd7b49992eb18069a9a89f9d337720131
32 156 6 500 71 1 :1e88882526bb37de8b1713eb51d3478fec156e224e44c3b177bec0445a0624441d1028a3c2bab09c9dfbf948d549d088df44bd6810682e03929a3e82331b85bc6fafc83e732846234f5f4d2a1fa583a8ef9e8d38514009c1aef421132a7c7ca238ccdfc32bcb02ee451feb03c4d1b803605dbeb6f70f74b03b1f383596a439da6d70c286c7866be0a6bded94691fba6ebd05b5c7ccead2d73f098f98
32 157 6 500 71 1 :1d9b638811d8c511227cdcf8eaa51e9be36bc997f7cc044f146bdd15cea860bdab65fdcdf5ab438e71d9d2ead14991da4cb61626f7bb0c79541635f8f041bf4b8868f13a321067dd45de81f9729921cb391b9741fe60357f370f9ff3c28d26d2bb82454f35bb49b3198df6e21dcbd425d2dfc4647debaa9a1a98a50365e03b31ca14de442f408f0d32fdd010e3e5fbb9dcf8bd3da7f73f7d2948f80aa8
32 158 6 500 71 1 :80360749ef23480a8d78b8c75b476dc2c54125a8c5b8c33fdeafab890f2140967ab34f88673208db981a6bfb6e634a19665dd853e6414d12f2df9a1cc2f891d9b288f86f92a8768b44173167ecc8edab352407daff7efe7837ec6e3276c8c143062ef127f0fe3d2bfb3555661fe24a1eda715a6f381df78240159466471d59061c8c342be62f1017f70db57fdc9e6189cd628c044a91513665522b0b7ae3
32 159 6 500 71 1 :2c35ea3b6383cb8852194ec0feccb9896822771b621ce163a13bd24fc49f08ca31be5e17eac956af476db5f85771e97780ea70a39bf87472966caa76a0bf3b6f781631bab7801c1e1a3f4ec2f53d9e736c0f5ebf9af814580114987cc98bdc86824876aaaea899ad109335f1c0f48f0959e85042c37b00391041d8ae61fe9208923ca404d48622026ba484393b752f7e61aaa1f41fc1d77160b9d81006a9a5
32 160 6 500 71 1 :a971ba74d461cbf160a2d0885ed50fd7907e7a162c2081afb0937a37652998c2f2641bbabbd3135480231ae12a3528eafcfe26da0e48bdf21d809fd6185419d1b015660623f9768249af3878ba5f8914fbc66d6f9ba24a4f38124c4f4f1744b46a90e03c5501a4d07dd8eb507a3dec54423bf53f4af536c92c9cac3ad1cef6b4c7330e25e9bd29335b1918ff140eae57f63cc3824f98204457699d4edafbfde6
32 161 6 500 71 1 :6d6eb90ad323e9a126f7e60c6f1cb45b331fbe3f8c5fd25561c4b33572154702c88361b2e9b9ffb58e203e06c6ab7f43e7382349e286f076e8e17d52b0982350ec685fa8a339db64004e0abc3c27a430a68f2bb5ae879c5feec3482070e73db6fa5a3d442613c1b62dd846332120ce6a1dd5b71722526b629e78353f4da94ecba4bfd9b317b0d1c6c0898f5bb6a0f66b8551a8a6ceb403f9d2de7fc592b470aa0e
32 162 6 500 71 1 :83ef3f85e09e50202f3b143ef7583999edf4eaef529baadd8633297f0738069f14d0c6075f031b7320ea0b33c227ab066cd7c9acd5479a45f61f6a93ba2ee7a9d011766fb5af09036f11d5d72efad0d9ec478ff8446559f4fa8d1078a7711a1043b39e4bfff23398f234e78ca53e6677e19f682d08bb8298e0ca5cefa3a4719abdda7e7b88b53c67ab99926d54ad0f029f5eb11c0468624f77bfae463982685889f5
32 163 6 500 71 1 :b3c64ceebb01f70947244b9a703c6cb4474a8df3180f8eaacdaae0220c4637d12df1d25ed3493ff237613da33f619e4d7b1a3579f5e6735bc2a959655dcdf8d325e74982f610325aeac816a3a973273d421d3d39c17dd8a5bed04ee30bad664904f00b58b10672d9b536b2de33532df9f70dd349b08a985db771c7ae6023f9560d380e2dac2fa09c70966a2fac3282a7d2a0dedff83118ee8e234d99512c66f851154e
32 164 6 500 71 1 :72c0fe05a601c1d6571520a675338091d6df4017720ab26ea68a33b6a1a8eb183d55552bc93edba94ec0fe9c13dcdd27fee728b6e0880591de47b30e35fb43151eca34c485b29b07a2d6c108915d355e75f9502fe41c48e249b614c74adbb65cc6050b4fa82d778ccc7df55b5abe5d819f7dcc6052a001160c300bf96b6082b5bb025c710ebc2755d83550c5733111cc65a32cd5f11fdccf92d5b4218cb1f0ec0241c83b
32 165 6 500 71 1 :b20647473cf508fb875d09d3a17afa2f55417510de4e84e5eb51eb33ad45ab71c1fd08157feb80deb8deda97f1c56c3515d43c67e571e23af82793e1cc12444df9793e4e792368720fa6e65fba36afbc44d276f169b83eace9eb5de918a308afa2289b9a68cd1c26acac76a1d4825a656fc7f5b778d281235ff6c081990cb1bcdc546b830fdb6ffaa16f6f41ae4a5754c86f4b09b8199ffc1436ecbb545869e464b46e025c
32 166 6 500 71 1 :23c8dcadfb5117363e0270146fc9513e7f16237ba9e792c3d9550906ef7a0c70d4e8df2ee9c8eb940ee08f42b3d8446a6f1c830e62c602e47f0f466d5b77f13be8cc410c642606faed75a952f5c88247539889431e0d7f58a847c8936a9696ca90f5e484f4c95096b75b1b2e3b841721c657630e6e56706abec4badf56b441a7e129b8e9b1b9434ed8e8e6d3d4bce4170f507a5b6c7b710274a74fcc0439e984283cd3eab923
32 167 6 500 71 1 :f123b0e036e81492026e5f27cbda0da1f30c45beae1cd475ae504597862f574091e86bc2235f426dc8c804f2625a8c0bd5942987dc08e83460561e2ed52ad31a736a9f8c34fccc7a52c409514df4ddb00f9b94d1fc27e8a3435a1664e12d2d0c98179717a9bc82e41d0a1c75e9e2cbc541c1fd859d83a444fceac003a3f1d4a3e6c21a0946cc6853264e6d220876ed11ee3a3dbd68ce547b7c966aa34f10908ff5cd6f63776533
32 168 6 500 71 1 :264442fdb7d1fcde230d2add3cfa1e3d488ab1cf84a9852a82ed486d39a4e9a445c224aed1ea258c04b8de396ba8520518e9a7bef81e2fd711458d9190f8e90341ddb68ae440470041aaa8e94d52cfe8b23f0ff84af0ab0206050aa2548f615578f41dc6a9048536080269b511108c118645b7827e58aa9955a55d513d1ffce95fbbe4508b8888ef7fcae06c564ae164a60405ed40cf330d2b0f93c67a2d5b4d9e05ffd41670ca5a
32 169 6 500 71 1 :4fdce44284fd7ec71268f494ded5c14548ec265a18edb40765c34e520d9ac70e5245a326345c5bd7822dbe6ecddda5e56c30740979e8d07ef01067f48bacbaf1c42a92c3e32269425b2e48dc2c5f154224c3fdcf9113c4642bbaa93e6b6b557d45d750acc2c71312755b3421a365fb50b95a8bc4dd1e0e865d1f733ef5d6a59f485f69cfcb232609fee1e89538283f8e0d7bcf1e58055b1a67cb3882e95beee3ad7a553338c1863054
32 170 6 500 71 1 :f68d608176ae182115b7c7030cf578713211e631fe833a4991b21c0a7a0335549feecc59c90890a028d33dba559eb3826d40ac8714b65dfd433000a11e9ccc20331ba831c9571e090f2776604ba6b1abe739cb36689fbf46b5c99428c2ba5194d25a96b95f282c0ff0e49ae453d2ce429801d770baa2fdd0b0269a8c49f0081ab622b571752aa8b0609ea263610a24a214e7e99237d82c1bff8748861df63e86616dd81f7293b5e8d9ef
32 171 6 500 71 1 :9b19829652d103b3d949cbbc9b8010b00bbe1ec38b5c25f5e298710195f1351e98eef35504242850f9578a60f1a2ca870bee7b2bca8f7c8c3c333efbf894c9d507a0b06917d9b97eb0ba0454aea3adc3fb828e8bd1aece0f667e834eb56b6d9edc6b87951ab7dae733af96e566243aaa78ecdd36823d18aa6f49bd5bddf8336053a891bb654e545184d8035a9d3ab83b4f9e5fe8b2426a355f3a963037b1a723f351dc12364aa3a154fed8
32 172 6 500 71 1 :028b2516648cf90bbdec48205ebf5cc918009576c5419a2ebefd855099cea82147d90e8ab3f5ba0f163145ae76223024569b0d9e3664d6211fcd4cc597c977af5d52f406b2a2e188327213acf2e19090870ecdd03385e9d1b91c7fc608d46e246aad54c91ca34279d9b771f9aab1d1118cc6396f97e25d887e7e02427d5a48a298d45410293ab368f5f1b275056e62ad8dd902e34130aa89c5f01d9b6fc20a916a3089818d9b2978a98654b3
32 173 6 500 71 1 :b716c34e39d0913a3039f86543333f66334e92bfbedbc3bad67b6e6049337d203cd1088be7b3ef1f2fce68b4e7eff81c24c2591389c96e857e01ea009055d3b27a43860b50ee59bcfba494c3f66a25836f78852d9f83ba1d46e93ee78bf367200549897ba6a6ec51500be20d3ac8e5a1c9ec2de07c11fea38e08b61a5cc93e6920e355df2542227a287bb1cc0f2250c4e6d2c26c40ff543228ffdf2a45058f17c6a5f1e360e39a06d99b71fee4
32 174 6 500 71 1 :ad27f6642f9216aa15ef0920f551f5458c5638619c8cc920a844c00ed722cf889c8a82ccc822f7e30630a9eaae9f0f76e94f0377e25a10f289084abd552034ce4a66c7bbad74688a10ca409a64332109cb25ee41e5c322f8b9e3f332ed712750136c9315d61876bbc9a5c754a7a72421cd92bf77e6d7587b88d78ac0bc0c7d2de0091d05fae055cdc31b25be3ef173cdc2b375c01837b715c76c0937700cf1409dbd9fd62063929db5bfb557f2ad
32 175 6 500 71 1 :4e6bcbbe7c0da38ddfcbb8eadbc5aecd764a6ecb1614555a97fd17033b8074657bb43c2c280c7f93c597c0729e333ed51e45c33d36d1bc6138dac49e74c9b23f1e68ea4e36add20799c419ff8e034402b2b68746fa6d8f6395e90b8e00ba647a60a68b003db3fcb4b90d60d7a653efbedca3686abb5fd77babf616f60654f2a7130bb10342441491850cb872125b66b8876ed32302d805e09c15bbe58d5378239028a2e8742845d3d28ff0566bf363
32 176 6 500 71 1 :f0a9f4cf133ec53a10964e4672707ff628a89005bebc6814a337f93dfc8f0d3537a2aa40bdcd90641c41427001a75a4d57391b1de7bca14cc347c6a6f61bdce0220429631726091014826bb666aa1362d5fc381a307d04e2eb9bfc57b214af7714315307c17f2bf0ffb67df6a38e7cc5130dda94c57c1c57b0a114f5154f0964518325823d9464aa37023b47f6cbadc5b13cc9e2ca8935759cf63f7b86e9edd03a6f2a98cbd08ca38d9f76a4ab0b5111
32 177 6 500 71 1 :6594205e0d69beb9a69ea3d3fec8f94a27a17a13956ed997b3b205b5ae8f1ac5953d3a249d9b05b71d1039204adf8c1922b21a59630cb5ce7178c9ffeeb526ee693facd36c43e76bb345d3a3da7c7e6cd4611f634c72225f3c9cfda8b2bf1c5976d292fbff0ed1b6fad8f0cb41233e9fb618b67621f81186b9746327718fa78e109e5d9ce4a0dc410abd276fc2159d3fac8282e868f28408e25f9b36d5396763d00902f99ea110b6333e6d054c7ea04ad1
32 178 6 500 71 1 :c575c4b769348d8fb4ce04c1db0aad51f0cbbf61fc4ad9a74ad37ac75d9555a32dd55e8bb1c858011f336bd096a45866801e4099c6ca684a99a14fea4dfbe99142c54499095e535bebdc987169bbf0fe82b880e062a3734265e8b25f50a43799041074b84a962f692af3ceef7ac63b6104d3b83413b5b3a3b7c1f05a427493b78bb6a713514f909eae787041a2a001e9a0a3c40b3567fa2c3212029f02ca52c2c4c76db93badcb45a81b696b00ac848ee316
32 179 6 500 71 1 :d0853f2362abb0581296367e5b360d681921898cab52023a67ef63d9ca0efafc3ce8cb4350798c3d8982036fbeff49aa4e509acc41d69c76485c301bfeea2bfff3a40680957aabc02e6002dea73453c47a87b57be749604c7fc72e7243a453209dae0e174187fbf828acef1fd76d92759c9ee2a6e99b8bd2e8e80d9ceeb16d60fc6dd2c5f791eb67b25c5f33a3b6aef5598347d5ef7325e2c21611e700c360821b905d8a659c4d3ecf3a0b45694d98f938a30e
32 180 6 500 71 1 :d933ec4a3ff3541336e321cb16f02554982b7d230e03066893b84685b6fbb2bec079afe4e6d05cd5faee6ebcf15297392aa2fed1f2c0d509e5cf3e037a03f7329eb5f932b676744f28ff64c4cfa686a267e390081e9a54919f4cb01a0172cec4a454eeaaf0de03d5284eda458f7448eddb8b7f54a45405ee51fc1ae6680cf15b69ddbe907a1961c33a3e171ccd95ae69e4d1d6bbc63ade8fcb3edf58d3dbe4160d68fe630e80c7a8e133601177a8c24815def244
32 181 6 500 71 1 :5cb1c612ad4d70c27573b2088cb875cb418d85557c165c1f58af205d9f694595a27d0994600fe29a3ad224ec887b79d4781aacba2886471586b10abc8c227dd174c268e56e7d6d11e28118b156deb348f391fe978f441893183c9892416383047a8d722878480983f4856b8486a288aa0d8dec6a4bba634a07bef4f09dbf632dfa80ae45d05a7f36323e82a3da9531bdd7614c91e63262085c58d9ae750d7002caa7ffc664d1336de4be8c0e4ff94f6d1cd89a63a8
32 182 6 500 71 1 :6eb1e83cb92f9cb916ecc6b7c08b34827590fc77061c4fe6bd6638329df244606303b66d4eceaa461762a9aa9af3000b70b4310c4110eea169fcf937b38cf22ef99d67f4a88c0f01f86eb850c82095892026e297c926bf15acd078a362c956e5eb3d1f9870acc008d7a516efa28a02b7fcb236f95c00ec8fb5b332dca6b295a03286375732f01a13d137289f593824fabdf3dd476e77a67cfb219151f1400ba9f930692b039249999b27a2cc2bb3deaab64be7baa107
32 183 6 500 71 1 :cc4b35ad0cfb32e53a01269cfe30ad175ae5f34733a864b5e8ff55e5f545c9a2af1ae29793b7f232259b0672441745667b8f69e83c836ba703266e20d08c0bd8458ce1f4d31fbbae30e23ded78c214095370ebeeb0abc2837af371fb48f1a33695d431c75ba09489495f3fbee89776ac806d920400603c2ce4e04e6ba640b0dfa53a8be167709d9b31824039c31720da3efeee058133646122a60b4fa5f667d85af74ab469cfcf0ecf1460abd3e8dca7e15079266dbbfe
32 184 6 500 71 1 :9dad5f6d03c233b73f2971e48493b1a7e6782bb2e74622d46009e28cbbef5a238182f89fda6085122b1fc46bccc0d8a7d07649e6564301661cecfb9c6f2f9ec7755c86aab584040d993aef72568f341574cdb6e0d05788ae54b673ea44b3b555ec1ff2b322d8e7b97e384da6718feb39a105418038d614c3fb804af3e44d7b183712683b27a7d39fe29bfc6b7684eb4d970750caeb025cc179bf330f370afac5847b23838073db4f6cc70cb7118ff962169511c0f9bedfc5
32 185 6 500 71 1 :d46a243a065d02bc7fc0afe7007ae1063b3082e6a47d1203a6249b828ce1195fa65a05057c394cb0c85ac543ebcf469f83f462e6f7d3ae09f509cc2bdf67ce30d6064dab0ca576e834c0f9a248d35c83f9c38ce3cfcad300dbb1f1731414b634ca29188fc997d65f75cf55723faaa89bd1dae547c5b666bd9c7b4603eba0ce92936e561c02b75d5a87f48b5a8b5d06a1fe1b7a96a0c7c20152201d7acf91a6b93cd0aeec85393c2976d1af7da9f9e1c61fe1ea0568402e0997
32 186 6 500 71 1 :fde65201f5c286f2b315ff49f0a91a3ac3269d58294307ba9b3d4d385183a7725611d9c0c2e318dc15c5f7e19b5645543133f99da220f6160883271f25f6b14970f567dd15f485304b147f2d4853a608aea6c676d388328f9c97f234f64ff2c727fba1183f041792a1de932be58af11caaa9c467c29ad0b597e0ff35889e781d9e39f6eac645152502c77a25dbdc3ee5cac1719732d786c5f8af113abc76b2572bf5b0ca0ef652e81421655f3798c550bfc5e1868f6d77d529cb
32 187 6 500 71 1 :168458bf2b31881a8b4199aa3de601d1d115d18faca44c03b7946c5b016ddffd3fef8c08fc10bf05342645e5774b9790ba3d7f3246f00d394c6f68d967ca822acd57a1db5f9ada7470ed57035ae74bec80fe89ef0d6337b474fa48de43b3dbcf06e41fc9862f91c504865f373357562142c47d9d525905775393e88484e3fde4c003495a42c694414e6f3462469a8fd412866a039fda7958d9136487ba818576b341aae5ea65724137b89cd596d60279da8a6d3980acf7a2785bec
32 188 6 500 71 1 :8254a1350c35962a4d0c7181d6387f3d1ee07c35116c2d8dd02e29d445a1e4ecd23210a851747093237fa6760b4ffdadf5e6607bf6ffe56b469bc51851176861d93cd3f83bbf3ade7c9ad1a2bf29f24c427d928ba5fd000bc43fa96db3013b7d9d7e0c43215dc0fd1280851727c2c74245e3b6bdbec5b86f0c03a9f34492d6511298af3db2c3861aab9246399aaad4db7c73cb7b7653187c1ef53d298d67c1a086cdf8810438ad48f47d709631a446ddd2cd2104875bb531bb220687
32 189 6 500 71 1 :29c3aef32258e9bbf005c771ce70e157bcc369d0db71880396a862216d9ca07dd1254297a581a3aa50df4ff72c4a0b6cfe7042654639fb069ed84044d7bacb14262069da3edda4cbf0435b2d89a57283940b5d64df3d1c07d5592b047e5ff2463ef753f8605b056abe00efc6b88b473e3c926acadc4185687e700ef570464f883a2831b5976ecf84f54e1579ab39f9fbcdd09676a420079058cbc1d8754d1121cd3efba9ca28547bb892d4ac355be090618d8572143aa9b88838f3b688
32 190 6 500 71 1 :366d799a8af2a0c997385d23f19c677eb24ee8057ac43d9d92fbff88d607e1788056a565823db025840835141bb00cfe85970f694c0a1b462917ad4be82ce1c81811549b5c64d8285dea3e2c7f0bedb509c0da1260fd3f2645580e7e864c46849e351df49711fa2ee2caf032485932f8e744835ab58233eac20e604fee1222d31a67ba183e65affb5a3b5f1280ba3890e9b8fb53a6b03d34ef8fcdafc2635d88945058d37bf5df5fdc2b0019cdd59795a812f333e1bf87e41e872ffa437c
32 191 6 500 71 1 :5eff70dacd52c947589ec1524441ed2b5d0ea512932ffb69be1cb08fa35585c0959757657c51eae9b5c870dac382b72d89aac7823ec6b10b893f6cf0cf419afdf95f7661b84cbc84c65c30f9de0e0e656e189537b521554244af912a62b8ff2b967cf32ab56a34f31761df543e0b8e29b719b698fa9f7830368d59416f469e1a784e93189eb6d05efd65a423a09e8910ea46758a7522008911840ae88779993df74860cc29becb4096e41fe34cc599e958c10f6cd285f542206c234a488d4e
32 192 6 500 71 1 :967e2efbd1c66422b679ab61fde9556ec05993e06632afb2509238f44a663e3071584bc67e2bdad6d269e4adbb6229ea7335700c8b963fc8c2055734d13e2b0c33897a5ef9400b4acf2761481e074184242324bf5881f4568f6f4f354bc23b254ed72f36d1457376f72919c7b6337d29e4911e52806c515cb654b091bb3b1a6a21dd431824d1aa63b94854434b24ed75236b45e7614ae6e98ec046fb378c509e5c652baf38c4b0e3d9bbda4dbcd506229219fba336007e8bb69bea486d0f4fe5
32 193 6 500 71 1 :6dc6de412aa68f5f4a7f6b237d51c2c7b8c042e9d114e309f54642af7ed10f15915269376bb1fbd11bc3e1c3d561b2e1cd4000f52d3fdd93d6ed758a8aa5443244fb7088fc41415922ab54e200ac1cf873cdacde9b8a7688144099d5f48b397cd94258e3cdd2f3abb06f66986722fee8b9fc8f06bfcda732be1927369b4dea4f63e1189619f5aa93608a15eec289775e678b977e1c68943652e291d8c5f60b95a483ad4d30b2206ea45466ecdc110d6f291108b6c871c3fe7f030adfa38c06078e
32 194 6 500 71 1 :f78bea10247a6579c1cc5fad7c412be015a38088123f5af3ccd82d64aad335de52540706d92e992093f271b517ceda31ebaa13380ba173d110e5a45d91df04e5ff7d436b19bff0908992053274055764790fc5972dc3f4db110b50bb6dcbaaacde176552b563d4eed50e7740eceb04a510fa92d599bf2cdebc012ec73c0687cbb41974ae50627429444fb71a259d9dc94f5b7e0318c0cee35a7f074efc3654febeed4a42aaa4c9a0a66ff17920ed79369273f03792c693fd5160b21a56d665d9eb48
32 195 6 500 71 1 :c5ecbfb769221e54325ec63a12dc8c2644da939cd26dd1703e264423acd96fce7a2add19ea5598aef5e1164864fec09e3b9c0e11cb8d313d610ddbf9330acb4e6d1178ec3528d96463177385f0684245c52c84a10719794c6dec7cca9dc2987ca7bfc9ed5a1d7aa9c5656a54f938b8af76f7a7e1c66e6cda7d42fcfc213a789fbbc9d87d6b8b3799deb8b56350789d44d0a9143414e39f4703c0a0580ca1c6734fab3eda5aad6ebd524e95ccbe034f0bc250a938c6e9a25977694778dcd59f2a085a95
32 196 6 500 71 1 :d68ee22b311431c2b415872becff4476eff6d001b3bb84c53853774509b3360eb1d23196fe8e8e675ff94e40b51a279d2941b5ebe19b3c0fbd2c031f3cf9cb64648624cbb852f57d732330f9ccbcde451601b99ff272117b80fac43553eb78c77c4bb3d275d79c06c0b1f1468ea719f612e3e7b117f6f2c0fee166899249e8b4aa7a89b376a8917bc084581c2f4c2ed5f1a5865d0c6c5f96226aaf3550f319390ca8043e8235e200aadc4bf32033127d7dda41a2de9111e39e808c1ed7292443891f857c
32 197 6 500 71 1 :494d1149cf1df250594e1bc36a001d85981e3789459540c2d80b3e3bd6c366a3451b74335271d071c6c0f3c90e564b4bdffad1f3eba21698f1f256f0e51decd23f2b905e027d204d97e99660e4cb63155c2b0ce20e88984f9b7208f6e97a6209bffa44e7d040daaffb91e197e3ea8e1485f77a58b87bb06b4c8b9a7137e4b304736b0d5c9da293fd73df69061c849d0ba7bcdebf593329d93ffe6db7edcae3ddcb676dd2f95e1f4e7106059285f7ebe03736e258f5c7d349b65ec815a5483cdf375c7d37f4
32 198 6 500 71 1 :1b69bf26f72cdebb8f71352f84b411ba478b4dea0dc7792b4df31a847e29f4c5cbe16381ac98017a1c593e54b23c66e95f91ad2ba133a65f47f3efad843ac14afee0a4affac4e30bbebb11e5cc0978a8df18516a411ba7420cc9c5daefd2bf5e1bb17be36b8bc572bb906f00d02f34e648eb079270fedf39daedff7f89207795ef397d3f74d817d5302a54e7b9f512ef901bd218cb9f928d296ca2de2e6efca354f7c09989e25ac906c5478cb5fc6300600b6a02e1b551205deb9686f722134d9b0f63f0d7d1
32 199 6 500 71 1 :d35f936b21fdffc11479b5ccd32b5998b5ece48749e4b2a318882d566e81a7cb9b3148fbafa405ee92c2f8ff387673196054122dabe02f377cfea78c320e2da48ae99d564d944f5e1fa21be6b6d050d7a183c4452137435f22e62b9abbf899b9b9fbe4731ebf3945e9bf2f1c9dc77c264f8c31d304693292ec41be64852788329bb164de8b4ec87277f62cb1d7b3349f7488258073b097136baf7d29eddd18b95711aeedd28dbc6d9cf09e95316a4c1058581b7f077512606c4627cdd994b1257c918308c9d8c7
32 200 6 500 71 1 :97e59a360f6f4af1853bdbdada398126647bcdc1edf5091f48f9ed4b222a5a41754fa8fc786ddb1c17c3f1b951d9b7df7730e08e86fe7906ede8c810946aed6282d1e17e6e34ffd83e900186e6267de394932762566b2ec83039082fe39a9ff7582367c9d29150112c504307e4941442d9e0d90603853afbb0ffec8fff3e43f59c3bd83c1d62b19a3a3bc227e5882f588e3b319a9b409da4f5671296aef5a3eea66c32e6f339c7ca1f99119a889f0e1346d14faceada1480e6ec3d332e842d70ba3919e2c0d88eab
32 201 6 500 71 1 :a66490098a5e1e9f2db91e12b58de8d0f6a87dd9e1018fb8fc600fb85a03ddccf7479d2c87007185a1af3a867e031bdfa32b014b6162e3117d8084803ade396d46c8e119a8acdba129e158b2acf4b846679112287ace2e8ccdda735c5cc5f3235a4ce7323c61332f6d97c4bc2b2b3de3ce2c090700ccb33647cb2aba60563bbaed64bd547a578a8498bc59f91b2356d960d6a6ed01d1f76544fd97984863959b31419d688dbe967224d931aceae757b41ad9b5edb953cb21b61352d90eb557a00b694a4b63e36d8e35
32 202 6 500 71 1 :179ff9633c7e642603f6469ab6ba2c70c241faf9c7f1210856161edcc82b7031dce421c108fbcb741d9e026d2d6ecaaa23e1dfbacf14eaa37904a35929b9872d4c354fdb025e653109f5c5914065cb05bff08ff64e03bbff643a7097d4934484af14c7fdc4a4f80fdafc0c27320f5d9d0f5f8789dc32c8a03f67ac9af1b6467679edb9b2962774003510b0941e0f86f6eb1c6ef2b329957eedfd2c0a04c7fbf331c706daff9f46ecafe66fd2c212f21dec165aa5f569341afc223421ab919c797935948743b285411af8
32 203 6 500 71 1 :45d600f3a7322e2e3ff9fb5d8aaa9352b43e0e5ea7576282666bb3b222134831f7de9ea61e59efb9faccea27c0f2a340eca923d4055394857ea3a536ff2b0ddc52982c204a41658b7c3c8eaa221a1dcdd3ac25a1c998ea71a799bcc581aba982976a383da936fcb78176fed4c1747e1d971fcb2a9809b6aa4fcd4c959d45bc8453e0ee970e9b9fa53e51ef51e56302d7cbdcedc9a1095c63d768ab22706f252ca68fbcb81d1bf4b1a3602c0e13dbfd07020d76a0acc273d101c779c97d4ed4af567bb4a45136bc7847d979
32 204 6 500 71 1 :2da92bdb0492791710cf208e13120948966e69d98ef330fd20bd5b686cd3a7b28bba170a86ddf324444ab2713aa8d84b513b01e326a565125da3d527c5ff62cd394d978b87b974e79d7ebd80289081ce92cac1e90bbb8d0701fd35027b95601e95c530c38906288b9cb508a0c18635a5c430520e76a96e80bc9f02d559f54cc090826bdb7e89dc2b83142bd513fcfb125812b971dadef8b7c4a799b0ecf3fa979e7dd1ae1618776227eb3613e964b07c08c31e5ab510d1d5154e6fdf875b63a0cddc2b41093b82aa7d9bed4c
32 205 6 500 71 1 :c261e0e3059353ff29456c03da4f9ef882d33d7fb030982daed1527e397529a001b85a789a7dfcc956f81b5efc28ccffe45736a981299d430cf91af44731a824ad15b67ed38ea386de6d302c68b9dff52ef1e38fd8f840ed8aa02a3703c5d1a3aa3218430e8bd2c867416549c7b0f1878f04848a69c71a2f298c3ef751e3c31645844b89dcce73885cd78ba8db3904a4bda2f7d3465ae4f9ef377b3959ec9bb1305dbfd8134cff7a3c035eab87cd6fee0bae676ee133faceb2f94472a24e06f2d6725ccee36d2a42fd2c797552
32 206 6 500 71 1 :0813498ce8ed7e947edd4131ddef37b965993fff64f72f0cefd7224e896aaf1b13a81aedf03b4b724b8c924b1079ec027bbcc215ff20b75440cf0f7164c7eac34a327729b035915f7bb51cdae5e751c190154a03857f06fcedc877f620891d7564931d8eb19641faf5a9ab199918ae5c906639fd3773bb35da0f53bfa56071f21d7af058f33b059bb98421bd32092aa44a9eb2c8916929e2a23ce200596d294720f567199cefceaa5e52a8017de4272be03daa59d4fa1521aad1260baaf302f7389951fa6c19cc649a4aaf5b9305
32 207 6 500 71 1 :1d4012ef803b289b02284406a331b28ee81f236dbd328cbe0bff2b761c9b46f4002e2a7da9964881468adf907d41c0337eca1f6850b308d67a9d81bb2d7e3ba9fb1a28edfc73cf5229920783d4862293b6369c3a2e6538c38dabf2545cab422c4a5d48010aca9b07e95b26c97fcb654e42a56e87c4dc2e82894036990dbeb28ce6e8f354fb358c76cd6f0593ccb095704102620cfbf7c88df7c9a9bc3e292bb72ef18b627a224423ac40fb6f719b2eeb9ca714171ad7da55549a828f165d772e92485f6d1e87e28b245cc72c4e7e94
32 208 6 500 71 1 :525ca887817e1d73bc9723f9786b5ea37a6a335110b24024fdda56fc446c27b01adcf627348f868b3c9db5fc420f05983e88343e6afcd46c415f024392c29bccd49a3410d4ba480f0c364717821fd4700fcbf4aafbc39ef7fb3984582637d34f1b1b64427ac8e6071b1bbdb87b138fa5a53b40637fc4431edc9eee076e81eb3d735da31379e60060be9232edb4aac5a35469f7d6a79173682f3cbfeeaf1c3684a740e90aa0caa0937973ac1cd57c17c97778e6911d1231c735c1cda8e7227884a31bc56fe34f9ec8666ba9eaa2d90ed9
32 209 6 500 71 1 :88d2ade11ad19b8a7f178a24af4403e42525445fe881952d628919b04e728ae25417f4c8c446d0bf67056cf320f0c935b3abe299887dc2c0daeb13839682b6a1c1e1bd8f48b3086f58f4403b45c98a6d19a5554ebc7bc096376a1f6df50f7cee20652609752c692ff9d37f398ae678490b1906d79c731a4d1a396a5a1c90cc45ed6f4458d4d13f75adb771f8a459defb5b5b21491ea3326e20cae6f3b9094e65a297f9fb024d14c4c6d3502c1ae303da02a9966c8a9d59c12f5a0e8ff7e6d7119b56eb446a8e535624f77fa6b78501f2b5
32 210 6 500 71 1 :43d43f7d19e7adee421aabda2ba1086f42ca000a50d0cb9f731894713fca479cf7fb4277506e166af6de5afd0edc034da597f18c77efcd0d8a0d0c85c680126b9e16f4595b23b76fb5578628870e470d220c29c5a0c2b2fabf909e4f85d23914fee106fd4bc101402c68e4082ca5a633d470933213af676d4727a2df0f1f4ee7157732ce0ae7c992992039a117b6dc3490ebfc9ef12429e4c102e90370cf78a16a133e59cfe1613d955745fa884b62d293cf5118ea69fedb6ca9a6232191cd8024b671dbe337ec5162eadf584d500fceb79d
32 211 6 500 71 1 :68a20cb0bbadfcbeb413dcc1903eebe3b9af0e6815639c94ba74a0ee6f1b22e359b9f3b644fa57fc6224b64e55879c200108ea5f9e05c7b9c179eebbf00e5c6b64f1d785ba5af246a597ca84eb736ba06f328b21532dfcc4a966aab1e8c7cd5fa6fc42a2d96d4a4fbbc4a20115fbaf1865f08709f8206aa8127696cde35afb8158a2d2bffe8132739dab50a3dc638a91387522a6c9546c65cf30569236c5e9d2fa00cea71af73d47be21ec426a80914b1739c34a11f9db5b9063179fb5b18f76e45289582b6e63137edf6f2ff09ecd2bdb1701
32 212 6 500 71 1 :c27457668718e27e47318cf63b38d8cb2f5f98d6d24d7b512b10bd83be9925ea36f91081b61225795a179d8dc96ec18a538a4080f1ae57682881860495bc95e5dd8a0550974c61b297629725ca4e937349b6072f1d947c22279cf8ec749d20b949171e0bdce7fa0d836ca5714bd1382dabdfa25d8f61b2f6e1b5305508c235fceff911ca09f411cddc4196b973d17dfb82e734b9ced5b2839a8e1b0ba89461ebb402f150960d6ab0f38ada5cf681a40862926c32dc570b79e66e50165eae7cdf65b3da28291304f23c5f0a5bb9592797edcc8f80
32 213 6 500 71 1 :40e9dabc1467de06067f7a749258c57c4a778dee359a2846e6aaceff9466e0a5df6db30dcf540543dc6310786b5a36fa640343c50b822d0e7695d12bfe123b906391af8cce693822cad082f3030dd131a8ed21601372aa8b8da56ea6dc57554da595570d517a58168f2a87067e5714d7fc955fe291e1d1bed23feca7e498d03dcebb636d60898412cf19060683076946865574d50ae61543a55c380b0262db77e6396f0ca7cd0bee8e72af3275de3d031dfac404208e1351b8148c16b283c341911d4824c6a4516b7fc30cc8b2a028f1cf5cab8523
32 214 6 500 71 1 :7c37744388fb5f06a8741f9a3238c67604d85255668d56d12248d5b844209dad657d35aaa616dabd0c645306deebbf8b6df7bafd3308559f6939abd705f37fedec2cadd83f8ea1093129991cad17b7fe51a971bff109e15f2a78f8b72a151d3c4fa76c6232a72b4002db4726f51a5bafcce0f1b836b3177179db0820c15e50fe4d6e4e54731c8d4faf01bd236ee611c333c9f9488de7bc321868a74a1a39cd20ece2464de009227d786f1ef51f4b06fcbc1a1dd05a5f3b0a478de7a6e776e56b554476323ce0149b228fae2583ea4fb2c89671190183
32 215 6 500 71 1 :b7e637a4c6fb0418b3e98483e767e4294c6240ac67a94112dab520de6728d905f0a3a753f21db553bacac738740212b711291230e74d88a1d557ccff25320cbb4def84d8aa627a50857722f41147d9a4e8a34101176381f160b67a281f609904a01b5a560afc497065e1bbc65674644be1494cbf3af5635a0cd40523d3ecd71491b24d61036bbda371da6a7530310b7155605ab79695ddc685526ffae48feabf66cd026676a76e7baa94a5e277eac0ea1c539c14959319f299b75ff82968a8904bed00d45ee111756c0a2a9327e9c19eaf0b89de1af654
32 216 6 500 71 1 :b4a3037362715da3c054c772610b68c65b738be7ffebf76e5aa47dfd5e1cfb8021f9f27277ae4d13367ee8a957a25cedf5b744989ceb3893b59415ad0e861a0f0e1b591c78db54c75cc3c5720b8e9ea6d513a9d2ba11e283d8160c0325045b7023f78f8ad63031461ba9f1bd0de21bef1e64443672fd740dab2f66553973219d3fb5b4a7fc41df9874837fd8a7baaf98a27941035426ce5add6c8bda2a0fb6e69df41f477a9540d35bc1d63ddc0c411061e4965f08f19a78b82bae3d4617db0c64872e71b18ae3167a94b4d5ff98105c812c25e8fb9331b0
32 217 6 500 71 1 :20b9b15794cd04b640adfd45998ebbf7fb37c556af8913d4fd0eac59acec80fce0abd3a16642654084f0dfd5f2179d906d938507a00cd7c74b625bd7e2fa70977355bba5040f24335b8275c6a43b93ad32f856ba2369d2729232310d4a92eb9495b3e3cba0575c1e82a657ecd820b7ae8d1c0b72c490f8e09527243b8c0ca568c74176b6004cc57ec1c8370b8a27a3a4db432bab081206788e4d1149ea8b04dffb8e2327685240f9df13098738de7f7516ab23b8e57718bd945c7b9250ec72366ef9d0a0d8dad187fc3df15ab72c46bab538a8f8d6e35d98a5
32 218 6 500 71 1 :f3ce4166d450ff19202ab79e84245002fcfd8b5fceac94e9448a771a86af30974a57a630edd6c3615292d166a27fc4c31821b510fb7919fe287429d5935a52b11576f51a4890564af57c005aac8d9954cce7e44f60c9cc1aae85df08455cb9745df9ca53be529cdd4db46e6e059d28f02a6a990fd738d46df3ec906a2d7bb776e8362c688ed7a8936a12f5c569bf6301b73c464b839715082b36e68439dd5328f1f80464c91c973822acd5f52620f4dd825d19d2cae7b04b36426dca80a5ec51e3b5fdd68b6816be4c0e49ad341d425e429a585e675dd61bc535
32 219 6 500 71 1 :7dbfdc500ba5043b282e148959bf968bb02cbc66ca2ec0f9671e4506aa6390b114ee732ea5e414bd3c1c71c0993aa2eb9ba6e13c8bdac96a4de842fcf445c3b6a00aacd958deacc5afffb80ced6efb8ff204fd3c880b78d08f981235fb2dde5f74eccdd2add035cd272e0e92c5d03848e45d66091c5111dca7b0800e138a382cdf0390b75761cd4929c4b00e774bbb8689e9840ae7fbe4266737261320bc64da3992183c71be3a7dbc22c5a357501e963f05d36cabf67286f4b563e003a32ef5866c851b3691eff81e0d566bc08af229bb6b65c2ea34ec9f8a5a27
32 220 6 500 71 1 :3270395e9096aaafdaf4454a222fb24c5212af596703f75dfd47f74393bb3bbc55e2c0e5aea8cde8f229961a00faa510ae1d885696e695b360df76dd3d0aa28c1119d593ba826416db74b6d8649ae72a09d8ca5653812db0a973227f48de7089ef07b0460143237bc6faebd9907346c1aab450f5d0a3dfe3fa739090c9e41603f70f9e6c93542f8f1055513ef8c32887b2d75473159c7b77863da715d93e17963260bbfae372baf28e3642de535cfc265f27beab494ced1801e46baf76126e7e23da76eb1745f96d5bc4a91e8b67099917177c6e6de437436d23d66e
32 221 6 500 71 1 :60a73b9314bbe0a4748ff75dcd07c9f13cfef311f454e3140deb82850d792c44ad38a9455c24df2d033ec1e8859059139cadeef9bec4e821060331c1dfad0e9bc6cf66fc92ae1f02a632c4d55352490b98c628e5fdc8f66c74553f511449ba3696171afe700762b2d95c0b300df165b7092599c714896d7b5fa970e5ede05fcdd7c1d924c81472f01a7108d12e45f42466cd3628478b615c145b25ae37d2e14da0adfdeb171bd1e0cf9d4419000f7bcc6925a0561ba152c6f9b0973b8fd1673d9e6816c930e336712b6b8a465fe3e009bf65ee1bacde3ac714dacc83e8
32 222 6 500 71 1 :f9b693243d66d9f38a6a5355177caa955f99ac8dc499c9edcd736f9ee84dd4505adfa1fa3e18fe79be3781bd3cc3e1c5c5cc7477122af12ef5f05aaecf19b3228c6035eb666e1d25798a881c1afcc9c47819ce5f7c984977a82a0803db527e954576e058874b192c658ecbe5f4c10da29e17a40b56b334599ab241ac4195468ae616c62a49df469b1f29d4afdfeee3aef2859dc6bce7a1f849b4e7a3a8b72e6e5e2d80750e73ff9274563ad3b5d1e66cad2c042fe25380d58b73e689e932c4e2a44116a0ea6a29a2f534c7403f03ef540199f89ccaa0b30245571db0b1b1
32 223 6 500 71 1 :760e1a67c258c9c72085b9c7abc0b5a03b4a9c5c78d6857852f796b2b3f148abefe5e595924029abf61aac921cc9945e3457ce42098136c76f9ab7fd7df645bf5e627cd43142c1d4f8158ad2d9ab06fe603b6fda5b32194e2000686ba493239100fac59a106cbeffbbd30a4102d55800c54d8084691f499543c61bdd8ad802a49de06549bc8cecdd863d297968e248d5eb39838a2ce5d388a977e21de00fd751dc1c5e19ba4527fd8ce14e8afacedcb0f2f83a71a182e0645316362ed30bf41d4f7b27287ae75ee79ec651f9779e1dbc3220367cf645b931653d870d44f178
32 224 6 500 71 1 :d7ab960f0676b52ba545a27dc1612ec0efd52d1451accae6d9eb7220efa0cd5d18c699b604dd56aa69fa7dc227e0593a095ee0b7dafd138703be658803249ec4e601886dde3c0371bff029d2d0990e18a76b1ece45fe3dbed308f6c3f5f3f001b17ac0a9ecad22c23a5a808a0e6f7b141d23c690b0f286d4844e02d61cfe760996896648206e7169f6d4a0141a1a3c1968c5709617b9c08a49b8996546df8d28eb61f6d4c604317d4e15031bfb671f0a64b7a06814f5bb9a99f283730229a0c4d78fd60f50755cff4052637ec0c2546b21473585980d1d531dfff50bc1419304
32 225 6 500 71 1 :96dc8cad2d663083569ecefd729aeb4c74c5a20ff609a1dbe39e1cece6fa7567ade2b4b55dfac072b1cf34c072aee190efb921e045de0f4967a567b17669c72499abb9ee86919eefda149b9c87b2cf7df587acc34b5cf29dcdabc5c8dc620258e0c45866701ca5e1b7aa842485273c5fe7e22aaccc1478a84a31cdc25f3f76e65aeeef79ee116a8743f97f669f5d614ceae78d6e5b7f6156cf7640ccc1b21b98dd414bf7eb003db2430659ea0a46222e69cf2ecbb81fcf63af4dc939e8468055c4b2dd652c2f435d3769208ebc8c49c04eb2083c35dbb81d3ff6ca303d87dabea1
32 226 6 500 71 1 :d48cd8d72cd61298e7c909ba97b6dc3919840b53c1cf9037a6182663053e7e385672ec467e712ea0531f09f4e9c3e0301fd4fc1193e0ee31f7958a5411f6462e10d46db1530a350f5cdfafebc0adeede5f6aaea85d5074585787ce2504b3bee2ee549c982f424472e587e6fc061c6cf191dc2b7f65216554dd71c85a23e5f8cee411a2e3242124eacc63db7c95fb6442c6390d43045c4513692804d981e384e648829415dc8edea5f89c67aa6759c25c5a995219cfb1328b88f1054b24bce9cb63e68df64370af85a7c44a665d6af46169670d7ace70682b0339da4ae1dfcdd2e79f
32 227 6 500 71 1 :daf1c8ec3fe913fbc838aa6f9c2c98d982afab6f0990e78b534466773a72d710bf2e6ac38dced86c947b839e08d8782759bd29e01a7fa04c5a29626bc88f7e88d41c3c3ad99ddb57cbaeb8757621566f6329a4d9d2a72a76a036f3431ec079b53db7121be453f4dfbd284199886560d88bdfd067a5f0fe6bae5692ef462bc989471ea188948e880adc5ec062cda5a9c21b9e8eff25516766b4a4e2b372aae6031510fe5e724766ec9f1a4f30d50e25b93d030d189d40a8d1e7a8b421e62d491b8224c39680a6706c020b216071a826d545760c906257e42af7c4e10134a37ebeb9405c
32 228 6 500 71 1 :769f2b8d65775773e3cadc427dc5bcfd46cf465a73aa82bd753ac565b0731438c25153f53a5a307e80fa8ca4cad85010b9749005e4cd4cb7809764fde8763b5fe9883cec6660b35049f61afdea50aeba05d56d54f0bba075c70714a9294c2508f1ef58c7832be44dd05ba8320fc1a6af4c60853123443d0c190c2f1c2fa7a1e0ef63902eeba89d1eb18c0160ee6d24fd3e2ea9f7f68ab214f90c9586137208ada37de76e65e54ac8df27c1eba65306846d9972003a8b9b085e706714b7253f0e853bba3c55acf3cd09aec83548bfed018f12815b82cbe4164421f4a3eaf50d1c45b4e2d6
32 229 6 500 71 1 :52db5b2c73a0c18701417dbe8c1ed6ac32e51e48f24b93adc7a8b02a3489bce3d9483e7425fd49492186081eb1290f3e46485eeb8498a4e3d2d67333924e5a23bc411d6fafcc59b3c8e3577d57f5cb28c0f7a1edda166469e458fd0bb68eedbc858a773f1d410c73798b75ccb20b455c434c6418e8ee0991705b5d3752a34f2e764bf6a3bc7d2cf2501b2f3a246a63ac3fb2dd8c8e2c23be51da9a5266d97ac8676e44818bd5ad6f5cca6fbfc2c0e608139787d67350c3bf241b7dfb937b41e3e6a5a0a609b515fce2d7646b6d4d88226154c3ee8845c63a073d80ff5d164a9df6d87f410f
32 230 6 500 71 1 :acb31abebe6aa5d1377004c84654d5efcb052e90d5bbbc1048d245e21b7f84fc98a677ba61b55a0cb6679dca0d152664cdf2e12866b852b631ab89989e14d0bf0f4b480d5a858d5d8e49fde98c3eaa12d6193233cadf440a1eb3a8d467e1dd20524a8e5d1f1552e30f4f9bf404a3b07f2a51df6924fb569216fb444808aa9e20a15270c55d1fb6b6966c7503fde2267ee52ab370a9027f25c0156776b6aea053aabbb2cc534f7b12490b7a7d871fa58acf2d8213dc1027b71c348a9358fc257f95ddedc72211baf0769092278e237c59b928ded9834f5bd165ab3b495850320c2cd187030dac
32 231 6 500 71 1 :2576b3af1c23610945edb6bb2ec10528c35251a5df310e22da9c564851e1765b47dcf6b7416dd138f638b0fcdfc6abb9b735d91ebc342f2a911d5668ea08c9202e9f9d99358a9f8c3f21208c1b0460388715324f62ee36523eafe1334239e2c6f5bf4a542e376c4b371fcac2b14e6fdd197fb2b6d9a197a27ea387d98ac3a3e2ef298e7da3aef0efe062229f16984ae5d8d1273b8bf45d37eaafb6e3984bc96991ad3e94f3c9443466bbc87b9318c48e0e1e0f29ca7c0ddb7fb2b3d5e82cf085e6d0eeb654531d2be77192e1099520f0fe0ae0b2a294e0b1c8c2f5d27563382abd5c22fccf75dd
32 232 6 500 71 1 :11cc2a670ec473194e62223a252bf6cbe3a8812f44fd15369ef6617f955e9e45dedbeeae57479c65a94c9195d02d0c3b65977a928302009d1f4de5799decd256500fe0cd04055efa1447c492844f2bf3400aa3fd3f79d49fa7428a12c6c006911addd4a2b3ca32d8ca9d44f5da9a3993481daccde1c3dc6dc1ecbcfb28a92df8389f73035864f66d156f5a123bf84c51b0f200a08b46617c6c3b770ca795f9a26f4653aceaae0cbd08eb2682026cba5e44402a2fe587842a9043a5bf832f89d9004cbbf3a47af774b0269015f9d8355d0d93e7fc3e171ccfa7b23112edaec72dbd6ddcd1efde416d
32 233 6 500 71 1 :90401b984e3d596d2a5208234dd1d1079de01d2ff9eae49f83df9ccf61fb743d67a71da2fc67ae85a17ecefd1c8292b1d1afef274de8a3e8adbcda0fbe3aa7b3cb1a6a10b690218efddc0c969d49db5659e9c39ea3874f47daa21c631fa63143db46a797045cfc9166581b81afed99e03b6e00a0cde9ecd536bc035bbe5400aa7e22541ed616aab3f8ed617087fe56e48675d72fe540e3e0a31e7e30dd5ee8103bdd211eeda2401a827fcfaaf929b0acb5fdee2b1f5f5a96fb42efa0d42c709bff6ea7a469488c8fec2e20c0fe71315bba39d5d7884a94ec834d343ad990421fc1a58ce6afad75ffd5
32 234 6 500 71 1 :847d2f8186aba1179dc5e0050babf2e4004746734a2caaa5622930b2ade1a14bca3fb99fc83421d39fc58a171b84524aba138c6a818754458b138215b0ec29c32031b91b6183da4f51d04f4c7374e1e76dfd16a4e9e5c5e9489724cbf9d8a9edb8ec8037478bee749ad32298cfd6ae8cee192e114c0c2e6a36ddcf5e7c52a40790fec1c4275b4067d154109f8f75a4aab2a8d75bbd86e9c2ab1e9499a802806526a8fc5a9efe46981feec1e6da64d3eaf35d4b3ea37dcb981618ea75676cd2bb74d740d165192424db7882130a7db10b29a9f49afe43b8552770c7a83bc4a45b3facf362ae94768b55ca
32 235 6 500 71 1 :c25546d4a7c38d60056e21f44f436325b1b9a6d0d028f82ad531995be045dd39faca442b9570fa620fe875ab2012f943c10c492727a5ccebe0349389b63680f27c156535a926bed05c8c75af2382a10d1332ee2839e6a3512168e117263007e90602f7e100eb42ffc3a3cefe4f9f6808c362f2bf906a068d9acae95eff071f84865cc2825f8a6872645ff44c6c8fcf324c660d399e2dc2fbec9f170cb6e9bdfed6e76db5e27ac0d6685c52edf7ae95602315cd5f06ede4fe085e853915d6d60176e64fbf1b1b32d40565069b777e6a3c1f956c8f753ebb0abebfe5cb9fb39f9f449f339421315e9f541c29
32 236 6 500 71 1 :5fe4f1033e0268b537db6292d0b950f31685a38c957942d0d1dbe1e3e2e52e4c666d719e219a795cb82f6ebfe0823153fb87275ea414a54ac17d4fdad8ecb7286442366a1d8929fde71bd2c05d868fa860cbfc4ad48de65c8211d778aab3d45f427efea81a3a2fd87128836a5c2ab0ce74b2c343f2e9daff3b5ed97fca901f7df348bbaaf9fb38b7d2b1bd26806204331f42091a8d86a6ef812d06894a2901ad00519da48a8019593e4e8657b5e936630067c3ff49318420bb2708c5e149a732425aae8220ff9e0f4226895b07d4c3cb31be5e6f9c02dabaf359fada526f9c0990e36cb0dd7015b4371f676c
32 237 6 500 71 1 :50e5e0ea169d03a07f631915f281e033e53347e9aa4fc3bbf4bf1c1d735c74a332cc07b75b10dec5b4d8c1331fe7093d5463cf03bb22d2b97fccde64356cb2eb8dada104c9bc22f2811b29711a467f5b8b355b30a0f3c6035cceaaf3f150f04a5909f3caa819e6ccb094ab5391cc45f5ac0462b6193bd06f35306e21aa895f4faa1a18f9d1c6e00469a163c8adcebc14b64b4af8af23e288861f48ae53099723d2c0b337fad99a64985c2304ee3528a3e5bc4fce64c698780446747f85449e2783e47f8a356d0aaf121f08384ceea7b094fa3584d6d0274df764aa8ff464c44b02d4da86c44b358ec6b52152e8
32 238 6 500 71 1 :eceaa0c9aebf7316f5c738cbbd099983ca33e346f21335c44c9b35b8414f387aaedae57e5a863761ed9677d6bb92c202bef9b3c2ff36e916c86d4cc9043081bd0bdd374a245b2ec0f4ac8480a02775bfa23d9b7a684edc8eb8f2242e26c7b32fc7d338254d5170ac4fdce1c5904b81e328301973fc7ff2d009416f284f650c567edba8332d32e6b5e6702277d931a4ad473f926d200fe7df046fc84289ff51b4cebd29240e318a96b220b336a9d2afb2d7fdd805c9d1d5ffe4fd09f17023d1f05622dfec352b81f05825dec1012f393eedbd1e82a97690e1e1f571262aad314534fd1290bc1e5479a30ccbbcdaee
32 239 6 500 71 1 :7dbd69f498e653e436b657cfbe23729051fec780df409c6c13255f37e06d322884ab711989a60e4f3871c4e32cb26d62b26feea13e94400b8d5a0a0599ab335df9f0657ab9eaef7cee92ecb0c1d06cf152d8e30fbf172a21c56bfdbb43fd5b471b779231b1467186fc73640af2ee8eecc50f6b8ffecaa606622a4b5c23b48965c8c95793e3ed09b7f7f3f1c8481e3481c61b34be0456814222fe83eb5ff7af61b8ea606657dac4b87688885a8b213c368485af2361dbd55bb229e81c962f1bf114e0238ca9c76b3f7311ee0cdbc9efc55d1d70f5b774ff663517b2e1cff54c3467a2a711c46b9eb06de7866f06bd17
32 240 6 500 71 1 :d8395fe66fdf3778b1bfeb311e6b1c08be46ee23cb2cc6377a6afc176802d03ef62d1ff9d1a90d2cfff769f91b7b0c8766f72204dc49863d859f1cc0d279489a35e1dca0ceab7952867ae6ca8d04c2fc5d98e23f9ddb68f5b0f9e30588342b2c1b8f3157ac4c9f2d85fd8a66a506d3c3e27a4f1130e34a9e4c17d8e2519c823f3fa1b68dc3b97c2652bb2f052e4e043c6e9598957c1e13913683a909c5074a06074d148b2bced15474419b57504a8007240266e8b9981e0796c607b24b3cfe7c06c0e2c0c4bd4d11583638bc8b039d00c9ca904067bcdb96fb44e04988dac0b00210edf034ea70a3a1e814c24ea47027
32 241 6 500 71 1 :f4427d6f17622610e23109319402a3fe6f570ad2dba4a641212376667d5b4370f7445acfd842dab007668b621dcadc28ddf3105f86d315ca6b0bccd450d8f26689917aab753ab72f9ac54a8ec1a730f4eb122c213abf77b536c07e5045945d43d97cd9329ea013c8a63c030ada0f2a36c6f534254d04a920fa1553eefd35f9e816d08a92a095b025d0bf17bb41009728b10403a4db40fc45123a107a82e90681824f196b1195e60714a6aec696f87cc1ed273694f2594cbffb4d71ccf7068f3dc29bef365775bdf679b8ba4ab6361e00937cb0762d159050a4b166d0c8ebcf5110630cadd4d46f455aa965b67f174913d9
32 242 6 500 71 1 :1aeaf0c43ebcf0f6070a8015a0c833846b3706425605369993b2cf66fbb3b4de511ac4ca53fc320b795a48f5e254922f450ea210a4ab1b83b8d9dc69d9e52c8949881b6193aaadab949de66ddef8b7bb7f83ab7b11ab086e352bd85710b1f5cf1b035d4cdeead781770b509de98cb56717687fac4355d4c94fe8bf4d717b44502020e20e5b39a8c64355acdf6c48b9b79e4d26de769047472adbc23d8179bd9a733ea10ff0814524c77b82ef644fa2e50646c0055553465fcc4aa07344c859dec6e380a6926a8314251e28e1229f9be355787821523c05b17332d51911ad8312c2334d699d61be0ee2fb93072704aeea7776
32 243 6 500 71 1 :d0f8f496917947169a4f2c61d3c335fe1ad4c2eaafe1da802fecc07ff8f29ca29d2793c921e3489aca3a86892631e9cf351fdeea9fc4e6bbf404297b3c73539b2f742070e7ac83f34eae880e5bb4fd712b0f585a2aed4bee74798316bd454013100bb06660e201ad76fb91297aab21335d5aedc76c0eed29ecb7e367e3715bb97b22cd2f7f88077e960d1e3d2e69b5290859f8855e769218a50c69a151ad2ce738f25d7e74f83928dad0e1dc99f61eac16cf5001ea10191223d92ee05f571923006b8df1d2fe083608f1db281e579d9e3946a55e5c4e6e03fec588acf35c8f737365d8e1ab4d531a672c06683325a538b39855
32 244 6 500 71 1 :97d071c2b34d3e3eac2cacb6d80a1fe8ed1c6ccece01ae2db2c12bb2f68e3d7f8617b57745a6f3b1ea00a04d8e69d27f758ac9bc41b44f95f63cd5cb2a894044e4e7c475483b036b8a28c74484b9a16141e3bbbd45a35ff43fb47e6df0825f3f90b9da959fce566bc31b70c4e1417583a82494d9902d5f0740f35d821b741ea11b0742ccdcef83c0f2127940e9dbe2d4eb67c77add48b46d647905f2665d42e73fc2afd9b90da25c70d349116c0fa5fdc974c2fab07ee4df6c7207f131dc762aa4bfc594aa99c14bee5d696965b61fc6995be62c23b9bbf6b2f3cdc44f1423256d9ae52444ad3b964b1362bcb1e2b327670ed499
32 245 6 500 71 1 :196aae0fd49b044987dd0f5f8a040846b230ef59ac45d8c52c1afbba112cb69d6d9d21d82c0ffe0a77665f957724a5daaba3cf0164a90e1579528906923cf42b44b906d5423dd47edfaa7c86b7afcb7056245236913cefb9732f75a50c04146aa456183b5dc6ad9cacbac5a5d86f2dd6b874236cec25a733daac1d60a886773db5125dcc0721064b5be7d36148a101bbb0f44294d20be9b343ab0b1a26b36e7dfeaf10061d1cddee6b21f124dbf72e2309fac1e77c78358214c5a579ed9d07ff9faeb39f6d76cf404feed10a49e80c13754c74f7f5ea594a36697e7549c8b4f328fa9bfe57ce1bdfb6eb8b7aa13fde1ecf3504a2e3
32 246 6 500 71 1 :d00975caf4e9b09473d6a2b28848aa804fe3dd6d46de3318b9f96d0d5b8e6c42debb5282b69ab01476c6ddc32833f5c545a7259055762fd9b6ac2f761486505670394e47eddff9033ff4ce052542b0b206a3c2c7e909bcb773af5a920d73f6235d497c008f04068eb634471e6dfc2eb005b79ebc7d894f7593f34c8b2ad1fe5d8a45fe2056e344f2c05f3bc95aa3795be02aab2638b563a3575c2dea640859b6b283e1de31459b97a64712dba94e754bb4ebee50adf43fc191ee766ac3163745c2bf31e6cdde49ec5a898382eccff4e5dfdd5c2a2ca411238f128239a2dba4dac0526f361156642cca7db4e329ea54fdad13efd68d7e
32 247 6 500 71 1 :f04ff2a6b6ba0d78c03a56ed5bfe089c4db9695132ba96b748c9ff8ad85890f57b94e62050ae4f86e75c61294d7c4fa0b4dfaa40f33dc35618a23fedd0b7ef72d984be4197e5738be027285e96eafdad3dc7894d7062f149ef9e52832861a9ba2d71232b704a692ffbfa59cc88d8dc0d998268c502a10e7f08b3c70c6cd998f133fe7febbb4ba25c47b0a5c9f0dd4fe8b74a9d49ea530465a9d5e86cab705eee37e6db6916492ee17ef0db526519a25b94d45423451e4c8247b51f871a92c5aa30dcbeba248fef02d68c7ecca8a84433699ec8c7d778c2032526a8f6e5f699b5787c7165f5fdc516e6b3906c854b173b1204b54db4c59b
32 248 6 500 71 1 :360ac81c1fcb3268e52cf2e047fddad281d3c475c0a5bca7bd993632896e53f1e2a11caef4e4efddb4772bf3c59c8aa142357afd193f56ab924cc8fd82a6ac446b4b259fd1cde426ccdd45c641d7da0271c2fe677d55b9479ee6269d8ba4436729fd1ec4a633d146a2afd3a27ede597b5dec6c30a769dd2309afa1bd9b6314d480a900f1086dc06dc756e3faefdbab3aede38832ca7b42c3ac1f06e39377755b5dcf5f8ae85253839bd93e35c1a820aa5fd70922741c291203ef75d88332ecdf4c9ed6cd1f53b26e99c0c6e1dc6dc92d577320c575058443722a59cae6eaf1e3b61b32dd7dd8263985c5f1c5041b6a2085ee46ee9325c7a4
32 249 6 500 71 1 :3817069a0aca4854217b1ef52eac689ff5a906cef6ff6ba4b40b2bd0204a5b38181dfeaf21fa3c3b88fc7526dcb7f2cb2bec6274656556670d997bf3ee12cd00643dae61b3f1c6d4b689c9c694082c337d8085a4a085772f414989aab78d4076150a74bb589864fc50b63447a162276b9599a94e3811441835b9060b5f0b04ceb3b0b1f8e40498944542d5496874dafbceb3f1ce8c31858f7d37943d8f825f06ecc8bfb4bd1b983b5cc3539e9c295fccb3040aa0f29a045d9c7d85d872873dd56b7b509fdb96c0f36c4274ba8e955a96a187aead734d0e1cd5beef87cae968dfc8959006b2adc9be36a7ed22a9e86f511840ff0481c8edf3d6
32 250 6 500 71 1 :b854e6b1152c14ed135c01efa6631ee2843ba31993325253d099b5be2340d5f9b66f3dca8ebb8829d6972f62ef0791011ff1cd5c6db2f298fa2dc54f1fd991379396abf07ead542da8a1953203a3ee5fd764b79b85477841494481bf8cd197e6b8b58dafd7ead82613fe95b00ca605c0e40161676dfa55ebd9cb975a2d7d24c826a4bec923445b5ae5fe072d760a0083c72998a15e3fa9f9baefa67b7113080402d5aed2ac9e53cf12c51f8738005cdb5976c950e827ede8c0b8b702c33373bfff24f2c0655e16ffdfea7ee79f7970fa98280732f9d52ca0c86f1bfac81ddfbff9e3d6d1926d618895316b2b695e94f3b570a6313016c42d955c
32 251 6 500 71 1 :066c152e3c2872a9805068a60e74415540e1fa38107e2108feb4ac5db27b498be767a8794265d35be0085d4e772d2b477486c61b3aed47b65b8223706180f5c99c081ff7963e15953665e8815f4e5623c13361389ec2c5607cce31405ea6d4e946cb6802d0ee24104157ea9e5dde0e690e14cb0eea485d98286a6e879954007da15eaa707c16051035690af9b6e1f5c97f9b9b9a7dd42f2d269fb5892efb9f2976e0ab980c083a6e7c7770332c78ca8f369079c8f125edb38f896f7dcd425316658280d61e3c067b900f7348982c0f1ae66dd591b072a781141801f379c0927fe804735f8c1a497b8fda95d978fe12376dd623aa26751eabf90b5f
32 252 6 500 71 1 :affb4a1fe595c8fa1d4a661df25750928da619fd09857907d29bcf2bbc09342da7915e5e9a3c0799118f41e02e9ab625b722002407d022234db2494ec451ebada8357c523cc9a693eff78acb9318f7d7eb7994345c194c5aaf01df7bdbade08575871766931b91b61c9fc77c59fb5d3434c656c1093b47a1a50611146b46ee1daed9355b7878eb9f9dd6014d6384097300eafd430f0782126228cc549e308d4a8a455646dc76ee69ccbf2b56bf3c7efe9e3ded8077920fa0f026674a5c90ca349d3bcb91c4adda9bcd0a3023396130a2579dd603a9e747462b2e12ded11dbb0297d50912d892be1d4ef02e766290d274932113338c9efedf5d9f8233
32 253 6 500 71 1 :c7add1ab63d6c2aef05d3cf9dee17fedce7b22a707d459e95f6a0852e5d3de10446d336f294ee34317dc98bb6bfce53a4ee26dab984e423802add12f76df568dcf50c65c0ebd9a0c9bc4324a8b78815f9ec01e6b5d73e8331ce3afc81002a9a65232ab6b44084a69bd582727b976cd62490d09ff2d0eb744e070d21e6e4313a9ea829647515d527fcb7aad34e2330c8d493e34011de6056a37e7849db915ee695f64d76560e8545bca7ce19e60ba3306c68014b034d6e9990456871d93db2a2b5a90733321fe32e4a7318c46d4d950689198be7baeb0839a79fcb9bae57a1d2da927c30331312ccc13b151c85ee4346a149129bfbe7aa16fb05d088322
32 254 6 500 71 1 :82480aafb56b6d45241d3771cbe3b781fed1109d703f11c1364127f7fef4045e00616c29c71344d71f9e7b8fa018d61af6ade5571af2daf726ae8b5310bc92553cdfce103d5c66a18d5433177f38ab4ce58754e16abbc4859b567551492668743df008eac2f2c6542d4a8687e5ba84ec21a8a2d3b34802d8ba9187d2f3dbb56107846542d27a43b862bddb1118f755aa0878f587a7803b5e197266d4e5e5af8dc3134e92c40fec0944b0f171a59e67c6dcd2cdc6d2f17f521d75e57e38a722ba1bf0b3699a68e8b7117acdea5b323fdf513d24bac9cf5cf8e5d19ef25b5dcac9ec3258054e2068bf455708b39baa19c9254b470f39827502e21b4cefd40c
32 255 6 500 71 1 :53a8f87dc1f184ca92961639a1ba0d5803fdb313655e6c90be65df81fb043396b1c14d389054ec4f5aafd028820bddc017a69432c96b0e15a40fecc8e17eb883113948a9c402710338ea43698ab341c2bf240e3fb6546f6d51031bc7b0b1af3fa4f640b00911f3e5fc0d5812cd66a09ef1ed2ebff6505a382451f0eddfb6cc76403f8b1e66307fb1176e39124d89df52e7dbf400eb5e5bef845b99c03c63e7fc19d642b0d9067f1875168681f3e2e358c45bf919b2133ec48e8253f45e3d3f571d804124185b133b287ba4de77f003d9b6aaafb24bd48695d25a027e8388af129018f062783e12cdc7b1fd2f7b7e7c5d80b64043bbb6243d339f3eb1e9ac0a
32 256 6 500 71 1 :9a08a3e7c5102db31c9942c9842ae0484fd6cf4cd41faac4835878b4b3fc12f0ae890905db95a612c700333e5daecece5b33d011b4b95ea8b6bbbc655740dd9ab00554d314e7458273971c4e8c84d6f2321c209a82d3f4ab23074a1d4b54753332eda4fcf2f0b627d49b6d10340182f5c90d8f75c832dbac55d28ce34cf1783addfa4bf079a8f1762835a65ce4438ffd9be1ed9e1e36953850b2afcc8ddf808768a1def274f1af5c39d2a4c5a82fea35dcaf258dbfb097fc5b1e95d832a9a47c1652a0068ccb98a1a68780fa9d34857fb13b3ef73ccf280cdfbfa566b7eb4c2214f567094dc340a85bd5ceb676385db00949f7090f246e084294f4ea51ed7adf
32 257 6 500 71 1 :3d17ae4ba9a8d1c457ae755933950ee9744862b6c6799f6f5fd579a7227d288a0ce78ef6112272cd3b090d40aa26ebaf8c9c04b666b6aa4028196cb0dad9cd7c5c279cb6c454354f185a2612527f61a7943e994dd1d40c05759d7081ad4cec781a75eaaa3ecb99bca036e845abf91958fbf83b093aeffcb8c0e82df75c6e6a2da2cf8c49ce617c98fcb0042fca75cf25540a256ccd262e61698f168341132dfdef8f52fef797126199e069290639c6e05a097597a22deb5e9286da90f713977b1b09b2bcca3efcbf021e6be779424e5288c48c12983469e27e35284663bd52590b3b73de48a3aa94dca47e93767a58104f661e31c80447ee905a1310117b0c86c8
32 258 6 500 71 1 :4e96ac53436972e35ce182ed6f601fc6df8310aad4b4e32ea33949aa74dee970ce596d8c1855a146331a92f290851e3fdaef1eef2c75cc613a6937e5e79369db325652ce74ca2d7f1858e34999b453496d1e04982b2db88260558a717c5bbd71f12ab97274f03607b96866882d4f03e73c4b86a44cc7e75b96d15844037a55c2af823ae615c1607fc5f9b36f5a8a1a31c0a3c252d16bd39b0233e3c9d51a7c2f13e16b4f4b038fc9dbcb40da4e4b0f903f2cc5208b2f7ae0ca6b7f07798a640ece564d97190452abe096e51d2b13e20e5b07a3eebc7732aa86279807d47f9044e8bdb559c172187b66e63f5c17fd655af2a762be1be2e21f7a018c2c3742b8743ae1
32 259 6 500 71 1 :fca6ed619725c46250851be8e390ee1c814d3d33392e1b4603435074bdd866a83e67a8b394ab0a9a9b4b20ba5bba3244a1805ff0f4fb3b6393654923e5577dd6dfe7194e3db900f714de8f1c6ee107acb77e4b63e9ad838d3ff6a79d086a274a14c9594fa300f519566d3a22f2b40e3c70073b7716b6d771aa36ac2705faba723c3873c822a012f56405b3067aa9e0dc346af733a49165744c51101a7b1c09074705ed9c33d21066c4cc34296b76f2a9345c7c706e3f2fee544972b5b97a4d5f67669a42964abb7dc2adc53ad6a08a109c31294643fadf164b020170085804fce1d3971551c45ea87da391513c743b9e39367a1fd6ba7257a849fbb085bede3da2c149
32 260 6 500 71 1 :93cc89d06016772aceec65632f3361cbfb16e4bb2973b29c09c771d3ca81782b603ca7f6dbd414a21f870d505e312a5cdba27f49b02e0cac7a4aa0837d73ee035024f1c764dd8ef42ba530d67d3d7bf733ae984d586b1b7afcf0938aadd6631316b2cfd9dd70b94cab5a29d817c3180d654591bd1c491736026c772daee7138d82f707b53ac35eac7da01883f917401dee326a8e495f54f1a399c137e384045875d415044b0e197b0495d82f1df1ff7690f2bb9dc74fc1807e3bb3317ad8438ae821ac0dc5afd1573457748ad23dc82d474b6c76c5cbefc748fcf480e2446cdff42385db3ce1be0ef345fa169e6134b526c4f3cf91d4c7339e30f73e08d373eaab92a98b
32 261 6 500 71 1 :6a10ed32fb2813f117c18f8aa35958e1557c8f7c206bd83d8667ce2b597c2539b9c83a3d2e503a1a480b65a6332a74e74de4edde23a08dc8dde7c7b22fc82bdce79fe7e4fe2c87cc2f1f662a8ea0555866d94bca82f7d2e59695864d039e70a9e04f4c98cc2b3c87824ae24da204e41534f8524d388ad755bc6940a5836092abe18da790433ca1bcbd7a2a7308ae957b81b19977f7fe28a1340f60292d827abf797f4175103a7208733b28231d8d19096928ae9887d85818ea9fe96dbbbb79d3de021d5c03bcb63b20e455827e3332285fea12dc43f2013b35727c820d56803603a2284abbe857202ac016e4d2ac3642677e6b62f72ec6e14528abe5d13f6eb5247648fd30
32 262 6 500 71 1 :1ee2328f3dd9d07dad05c5c577099c54d8c4f38284ae586b818d5f9221fcf160d5ff3cf86f4d5a9834a53711616a05f9ae0a0267d867f0ebdfaefb589db3b14a0da4855c770487f236b98c5a1b2e7f012478b2ab75c46f27b7c258a03249bc1d9a28c9ef2aaf93fc513fdb7e7b2247f0f490e2bebd7ed3d0a541a36be54d0e1ce5128a3a945cd67c83e3d52572d6534e07e5309ed6ceea421a74ea1d1acc70d67e6aa2f233b2618cab26129a1cfa6959c751c1a72f4acc606fb3b45fd1ebecbbe852637ad276b86ca2c720ce6dc43c406e5486f81784bd6714bc8cfb7a7f760e8cb19e2af7568f0be0c82d9530078c8560ce3c9dce2bbd080129b836a93504e2c8a856eab6b7
32 263 6 500 71 1 :598d2e4fb0b18438b7a0651328d2611f08c74021f0bf345b00ee895859aab771d45a2529a8ed8b8ca0d754914f18c8bdb7c60ee066cac8c332611919f0f6cb73906d7114e5396a34e2721ba929215b19f239c664a98329bc4ad953813f40493a94faeb74bfa5cbda4055da0a0e234cb67a9a5d5514d0c80c30f5b8722e15f876bb7cc23c6a29ad378ab2c6211c21bbf0c3fdccfcf9a06cf82e42838ec82c99dd9ccaaa40c20cb0bd38ae2ad8c57b618ea1e13572e35fa0bbd613784319f5a905fca4405d03ec6e5808d37e09fd5dcedb9ce04eeeaa848ab8824b38fb09c252ffacb2ae33f77598813962de39e3db46c88b24d76f7354b2022165541f6d066013db277bc2c37abf
32 264 6 500 71 1 :3cade9aa9cfbfe6992788a964460f9bcf7989077049a121b6aa8ad475da430fc7643f1f87701066025ab4cd08cc5edc095b4bd285f6c2183fe55c7c20aca92726c37e048f2fd502c8e39612859175bf9628f3f05fd95f804aa32accc64214057711a480b643aab6a51b77153573adfd2e3c55838c394441defd781dd337e97e129549e440f8088e6014a0679a4e7c06de2e7cf1a56c8504830204ce052723e138fa1a05bd216f2710055d68c2144210e20369f616116e099607d1e0ce26db3f593b513830ebd41f75634c6e3ea670f446befcff1fd04c8c895f3578459fe1085443b1913aa3cb4af2e930347f210225a522165014e8ca53293322347bc85e40ab01b3d56146c48b1
32 265 6 500 71 1 :f615ab308f19f8a7a4847006beffadc94fdf253ae70d3185b7280aabb07f6a239fdf1ba66664456d64b086bce101daab0d0ef91ec70c4f6fc2adbfc29be5a30c3a32a9965f0fc461420c120b5b91969ab681876fd013c1bb5a18936afa1bff1fcf0f8b0d0848ce2c9b6820afc9e5aa60b993f3c475df74d4f0c486c14c20610a18cf6024ca97628cd39ba9361f60f7cd9b2ad6d1c3b59224de3009a62493992ed727ebd80360c569af0d448dc1a84138117b79afd158a9973e558e79bae3049458eed69642972ac6df48b55c2ecf584a69e7f4a942d11e8be5ecf52f89f6ec30a2f14c202838676b3ac74155292552ca9a1fd2119bfcfec9694664a03bb34a76da985d8a72301335c7
32 266 6 500 71 1 :67e823a5d318cbc93bd483d982e210a1fa5003230d8ed28be8c05fb505cf41747c4ae50efa1e1f8a1937d71127e550de46042b2c7e709f2875a7051e997fe82270e876c8bdd560b98980062d332d3d1cb1339556e864a682d9887641f6031012c62480185fbc1e2a84fb5d0c4435dded6d63812ef08ceeb768ddff2c1a85b4b3355586e074ab4dae36d2ec86e89593b8b68209b51bd26c093abc823f839090d5e6eb63eb1386ba2bba23ce56e2eab33a418f1f44e977af45b2d684da50eb8fe5199de55665e62d3b6a4097c17efbc0d73a45ac7c2f7591a4497a09e572d2cc8786c26d90972ffb6233d1aebf33934a027f69b45c5c50b94a52d7fc0074a8969afeb76f47926e90bed819
32 267 6 500 71 1 :fd2cfbfd778496576bbf9c33a920ae0283ae3761bc6726b8a7e954464a006e427377a205f8f51ec510476186b5e9015a52f62b1ecc2ef4de92fc61f09326368806615cd51036d35a59e6bf58448faf0b867f7d8c090b020b095d8a6fbb15d2d3ab763e3324813f6a0f480e36193273fca0ba7a9bfaae26a3c611fd8eb68577c429d049f0a3cebfca07b319ee06e0b9cba318c41f33f0720ce23326f201cbccf7198cb91ddad9c4c9a840f10987f7a885eef4a228a0fdf774e3b930cffb160d8dac34943f47d33781790001ae3a01cd3ac591734ceaa7d6540d42ae9b6531028256daf1d88acff073114214a7d3599cfdef81675a7e605f3ed11c7fec34e9b2d9893cabaefb124d6b020b42
32 268 6 500 71 1 :2a3163d940b2f88a4bde693419b63f56337e5d1b120693be765c43055a265fbebc688841cae762afe8eed900c894c00082cf2ba6148e20f1ab7bab368f5c3a44ca124703b96ce6d56156f9b0985023857949641f858b760f19fbd45ccb84779b41aef14c1ce3c6297218169c08d64e29e7739e41bb98172273c87bf4e9070a604a088341a07196bbd3d01acbb920111125e349b51d6f6c88bd1b09e15af25227abdddbeff896707b1e57eaf653bb17e082428acf77e4a0cf7068634e03af4451bf8f39f595551e5800557f32429048fdd06aa9c78772313d5adcf883a3cd383f55d8b1d93b9a00cdd6735d391ac9e26c30d85da0e5cd60913c984846fc127db7be3dc397317197774db464a6
32 269 6 500 71 1 :1faf97ce08a3f92c592c8d88e65567b1224ba9acaf856d248ca50474f080b706d1f653c5f563467ec9a95e04704cacf1dc456917200abbc1e3efeae801ac134ac826d0c4aea0cd8bacde9ea58fd17eba4f0be608f13e9ffbf2ce5d63840e6f1088aa58a619450f515035f29cdd77770cc4f5f400f6e76d4672249dc5d2b5d81ef24a49f86037f906536ac9bd24a85de031a8b418e316c14be2cc66ccc1bed6e4f1655d74a58657c93852fa897694d13e75f4439912c3702e9b709041a3c70e5fafd50e842b743136dd1af4b9812cfa14a3afa4cc98034dad7fb27241b941f4285a273dbe6ccf121b2fbfc3a74737d5c6fbc1e7067f07f5eb674c00b8e413357103cc4e38b0f07415b5d3678db2
32 270 6 500 71 1 :e22a4428f7859ab41c55ed728aa2f287862ddec83179e869bcdbc588a7d14fc5804f69de5b2719b62a214fca5e3dd011fd8ac8d801092f94337afbb8dcbc792f7e14667bdb5ad97d0f8fc078ad3734669c7a20448bcdbd8321b65ef8ae66b2c3fc32064428852941a4425ec2f0d90942623b78890eceeee3ff5866b609b42fd7e41d08e26a9f1d2901566ed8a79fe314e01325fa0a14566cef5ae168dce51129c771c36900aa860a36a948a4887115962abcc5d6b19ea84c8102f3f160b6e62029d1ff4a74ce0852aeb13bd9c38031a1defe47f431f4f55bbb80ad4e82bd6c3b7915457e73f4aea2fb7cfcd0f2c5603f9075523fa7e610b81d09b90294fb649dc935d3caeb8353aa781249e329d1
32 271 6 500 71 1 :77d3f168a7a5e3c71c8e69f165a676581c34de1b3281d666b1b014e1f8a2f0ab9be3a4224479beff69139aa7dfcda6bd57063f8ddcd9198b1dc039aadbc31ffeade0de1b79ee2f2f7cdaecca311c332c2f58d3cf724c063844e49eae5b6d980ef2c7bdf6fb8e644ab0db3bdfb695aabe79e9ef5982af00c8092aaf558bcb6b0f567e8446870ace940b57ab8a5c7c711d4298a9c0904a6b813c2a842d0039eaf9e854a850ad08eceec9058f2e6437e74e104fcf2743cd2373373576dea25f576c5f728b06f5c4f0d5a21c2afadbbca5a680671be12e6e67a4b687228627b1e56b2fe9d70c565858c0a3440c32b74f3941e06422302c517b8bb6db70b0cd7907f88fbdac67a445516cd43b6f745b80a0
32 272 6 500 71 1 :529f22eb29b3516f2238fc54b9cbc319d32a614cc4e25d438d58c631b2447f1dee052b6415b796c5ab0286a2af8823f9eabc11a0658903deb387471ada8cdefaddc58c8ae8f5f04cfa68f13f6ad00bc4a65284d6cc5b6a3c4a0786142dd58b5f97522089f09c1a515640fcee7064c2d34b7192d4bd45007431c152b099777ba1067cbf322574f165ea5b55ff60e00896a14c73e79796273fe2211c78fb9e091c20020a47d88bdcf57ebe9a44d80fc3243fdedc3748afd3a63fc345b6aa57f75fb2a7529cf857ce25c3a4044a537b80e4ad49fbd7cfc95c695378df75df1ba6fe08429d86edc1a5a3826d012bd2a14e230d56194166bb82bac39014e4c9e1b5be10e3e106d4103e57f1433a12c3f9d7fa
32 273 6 500 71 1 :2d6c8182801648d1d1eee19cab863e1734b30c7a351972402ef5c2f983f6c0a50a8ca1f034325920349b03bf868973fbc2eeab8cd043bc0060b7344509bb962706e4117d84abe2e73f2f3a00907281d53e427933b222d17659c63b6651a63e0996159c5d7b11afcf0527763033293832c0b21fc478b28d85e6cc6f25f9d9a13c2fc23181e1b1304edd2f79d44f2ec661079302cb6a26194560baf1abda687b303098735448093d55da3fd24a36ce9f4514c9aca31306211e5a8d8c8b1e5febfe173827dfa115516f468891fb28f02c5cd2e978b3459851e3279147a898f9ba024f89ebfc4876308f6cb0bed6b1aa26541e84fb7ad488ca53e70444fb4206e07b658a5145945153865a7c1727c3ae2b031f
32 274 6 500 71 1 :65afed58cc286a9a46ca87cf4c807d5278f46e31ee49082ca9b86955e6fe96125228a1355a672ca14bd9b55053fd8bf8b72dc826d9bc532db15adce4f754f2f760548f9bcdcee963e9149a232ff52689392a5e7889d576f6e96458c033a9f592a4f81cc0fd197746e75899fc50377cb7a3b3527efe5181deb985350730efc74d65cca8b54518038eb8e6904fa42270d411deaf295290f251d6f055318fd7e2a469eb6b2fa9a0f6f2d3a275118f0d1effe9ecba013dca7c3955775a15b1dd70868af0bfaebea058a0de4fbacdd5765005c1dc8a14c7ae68ebbf8d747e1a532e1d617d019de881463489dfea696ea37e1e1a51313609e14b6b8a19ad5b59dc46a7e3717b4a3f45a98c96b6bed8912c38d7045a
32 275 6 500 71 1 :428b0b27ecd7d7d4e077d3ca1120ce15102a7c1a7ad988c5cd43e264ab2343d45174a608f8d2e4ad1456e0bfe035d160b1834ad4dcd44bbbd194e0fab8059bf5ea7469868964e812f9eb6306287f36cdaf04d0b0e6c872870943aeaa1a352556035517c083fba6d8362695743c562ab60c2f7364d81840d78a69fe3a5097f63c92146aacb875cd7124e776c984523931c9cc5e4dd7dc895c44d3537419091d5dc5b26fafec37e1e684a22c5ffeed3665f5dc427960b87498644c218a41f40da54431697a05400d5e2bcab90d3a64b3a215755c871019478a49a1a89970515067c37743f53b3fe494b7e7fdaa4c38f11ffb579ab407aeed6cf06a3738528d2e1f27674094ff8285678fb9f7deb153c6ef215b2f
32 276 6 500 71 1 :dff5c086a04b08f6dff5e4a9f6be8669004dbec20168a312938eee21a482c95e11b9e042e61272396f5cb3992b614b9dd0b4e66507c0a95e5a513a0cf74f1e6df46874fa113377f8e03c889fe85907971f97642d6589f596c71408a6b090c8a3d9b07b7765e9769f764e216c7bb35979bf6cfceb209ffb5f94e64b2653fba658b1e9104512495e892b3d5d7d2da0508d6c8834bd4313a970a0bfdb11cadd212b01881d33c1eda39b2e1602239a60b4ccdbbb3569e429d1753ca1986bfb66103f90ec440fe56e955376f6e2fedc2328b593aa68c37451723b20d5f3ddaab3649edabc328674cd1ce3b9b2797c3ff859245a00c1e68b17432565ee199e682e4f225e75b95c2921d2d48646cd324a3b03723f03c7f7
32 277 6 500 71 1 :6031780c359dba258eb3e971e61a0074fbefad0993a4d8d963edbf8220e40a827c71442551b5e5865d3636f61f266057ff51e70c98dc0afdbb411ef8535f38d963e544b18c4df1f46a02ed2c99e0b9eaf6b10da2f9d0c7f9de07f3214d7636f5ba76be06d8dd37f70fbdea75ac763dce554fe66f05ac41e69d97dd90ee53e8ffd9ed0af39fafe0c089839f5667997671342421f0a297646c3d9ce1c7932c1af53e7e603a228d7b072b0a7bc60cc69ce79a6bf85885bb4239ad670fafa92f8c6626a83a8c9102882535309967492a6ddc83246e53bea0df16cda9aae515c88971361748259ba013c0e646eead94732dd09bc3d45ab79d1ba11dfd3e12f0afe701f05ca6aa645ad578b271e102619736343351fd05a6
32 278 6 500 71 1 :b2d7615e7c80bacacd565d52173680498d6a400a5ee2aef3d86c9dff101711b239e9ca78ecf9a10d892f206f78b9c702c96571d0294eee50da4faa473e43432f9b49e734822717091d17498bbd83969ad86d821aaf220eee711045636400a47aa300cac4cd781ef5a784cb485c6fac1b6b80c1a544bdd656f67775421015b0885906ba652db319fd1d81326f8d45fc1f0b43339689488b8e50b167d66d1c7ac2235d6670c8aac8533a35e63a7cedd902adb68eda83dd27c492fc41738684f135dfc91cf112b603c4213f88f1ae3340b9b9207b1c6cea9676bf1f5cf44ad566c6ac6c6503f2e9b923028a7ffd7c6908f7a6785e4a4406483b9ae90e59794446e738f903b13e5ef396d211827c7287147d86f7195cc5af
32 279 6 500 71 1 :ba9dddc6373be5cb49bd195a383bc4c6392d492e36eae5481d399623ab5ec6cd993e12e3fc93e21ed22cbf113af7dbbaa1cf4b3103c4aab8dd97dbdbebd7fbab84a465d81cd9421c1f5482c07cd15f6b798aeac89425cc7e0a790b8fee2018879c2c4af866ca1d41950cfe5abb217cc4ad6d251b4725f8833ee8ad086b93c1d44bdd27508d33a9a2d411d4583b2136ac29f9794526c84ff084fa188984cf47053b5311c0dd4a435c92937aba3e4576af05fa5cff0800410a670a10e79228b3a4fdfd57d345f350b0fed466b86343a0a398ba7a00d1319d6a4c2bf84e3f71db5d809ca5ed42eeb4da685b126c1f6631de6eaffd372730ca7f91f7d741c48d80f9c2ec68a33863e7f870a785fcb8fadc457627c4ad92f446
32 280 6 500 71 1 :9af697fac9017aa7d5c1e172139454c4dca700e3184a48882afba54b7c694448814c47727acecd143adfacc59dbec358cfd412a29a1440fb2590bdcab3435ed2483833aa674033d7ebe5d8f33b54cace8e2da112e5185bbc04217aed79a1dc3d901e8b90a76ba71f17c26d3212b46c8ced3e1b309d6302f0f18d63260bbf66efc33bb26d856eb5675bfc2d08bbf7fc07c5581fe6099da5fc9e2951a76ab6dc776a1c45dbfb0b94100362de523d6c092128b1d6e918701a293de2d70584399f845436e1efa855ecabaffff1f2802f27225d738ab0aeca7e91402c48b20f7cf7dac7b7fad08a9f48a001a2c5722c8486bb034af20529bd638692c1dcecc3cbb869cf89e6c67c9e5bcfa02440adb0c8224de98067a8b70adfd9
32 281 6 500 71 1 :2916def3d9414d0848236aba4d72d1eaee3438d776cd6bf8c4a29bc8a72ccd19960b05b01fc527c052b83ed2004bf0714ef41f0fd00c06dd382eae41b59c47c964facf96c12e5dd4200dbc4a7b622750f5264a4927912e33765910a3df1b37b12d5b4a6c7459dc0187ee1796cfefd6da5f44a866b9e7739a3913626b65b772043e25f6d54f42328f78d29d979d9b84ba760e98407de99ddc4a0dfd7c8c060e0295febdfc2cc61d448ad2a3929db4c6db5aed80172f85624937d73e9b6569f9b4e26438f08335d29662c98c23d3312272481cd20c4f02164b1cdb4a14c63b6360d3103078cd9aa3b6f368e988f282a3b79b19a6aa7e6b9d89dd4a75ace582d9de5d99a16f8ea451a0a1ca9e22f62b93c51c46a8fd42bbbf7ff9
32 282 6 500 71 1 :719080d334ab6b0694cb894990190e5464f6b5e2b707161892069c061b23748424f6057d1f08636052a7373c7b4b248e0ac10b475272769d47c48f48efd225c2cdb2c4e6cf7dacab45470276f223ace20bc299b0e91f08a018031a533dcac706e008de2d7455b6cd52e2599cfe6fea9e92fba9f16446543c6fae85229fb033b90182eaa89dd41e224c1656bb5522fcfc4fd40c5d6965edb37ed7807e85a590e80d0cf458d19b05dd99376676e78f74d687b94f99d1ef064945949133658190552682e67390e4011e0e916cf7cd29e6d7de811afd7069bc5bd68a8ddfd7d5a56aa6bf2f2d91820734c8fa402b1c8ecb3cf04a7f26c2569d37bcd84ed660d58e6e75f66c65854c9b04e8adf013ccb7ca59b5d01ab73b5163a73f4e
32 283 6 500 71 1 :f01a6c73f9a5619c2f8c48ff4b409405b27ea0c936f313a3ad61abb96f5049123eb6362bc6caaf21c03f8e3ce915d8b7412043d3a0cd7630736a56e3aab1b765af2841f10586873e823a5e3fa94228d4834c23f38ee5d79537615eee2c9120464622a7708681fcaff9db5f3f9c57c517cdeb803867f961c1049807613b50029a3c955a376a2ede8351e7e249f9a20ef2d8f71bec5a4ac9d8c8feb29cd7274143dd9a40275f05c40c824f9cca1b1a34b66d2d8a3aa45f978897aa8749d15a2fff5f8de68db24b08c1743d20b05c84fced465f025fe45c2509ba503310bb6cd4537a1a59c6f2fd491a12208a6455fedc032792bf7938d7f96c461ea70cffeb254bb13214dc9e82bbfe52db1eff631d098becfbf7b873a70bd9f721ca
32 284 6 500 71 1 :b90ceab08b92af6f7981fbf73e0fd3d67fcce02502f1dd14cff7842696b1814d43431b242c53c9f090b40838232291922468a01308b3db524387b87ef0123080d2d4398ec3897513c456634aec6d775cde4d428003b99bc5ca33d155dda584dbd7db63688af52fa39e7d51c224ad912a6aaa218f26c03f45e7acac999e8ae12d3390e489586783a58f55b7782c1ed58c2ad77461d50e231682e84ab5d6f0a68a6fae5e42bb1570809d0e071c6843defb8287490ccb07e409eb2f044cbf9635e950f7f07860eae73e8dae3407a60db23b6cc0aaaeb98b4076eece25e44bbdcd7b65c7e7eb2be3c243b399b4ff399e87d2887e080655367ed747393292eaf927fd1d45a0d6d1e2fd4c8ff7e306b181754a9d8490c428e5348ba1427493
32 285 6 500 71 1 :7124181224cb82858f68ee787f1a610d17845ca8c143ff86ff5e9b1fdb2e9b1dff19c622a3a0147bdb550f568b62b8dffcbb0cf4423520ffe242cd00bb38ee95b7a97a46c97f57e873cf57d1f2032a729a6956bfc2a2c9752b48d05908f4a2a87fa9af6deb8f88a051f01a1172ea3c080d2d2e45b1c53bf344a708e5f2784f2d5ccf51544797b18ee8ef654a7e61f10edb10332e9365a38a93001bdc0ff23e8d4da13c3965ebe86e8e6ffc655e342cf95deeb5ec3820d408f768f27717227011662edb5aad42931e2d4b71764b82e43616005c8d9c0014a88fb8d5632bd2733d54339268e499ffa30911a61b045b133652a1e31b31e0c78f434e970eb8293e548dbaf13166d6c54b8fe78a525c139d5cbb1c084a026dd5328d9fb4bcb5
32 286 6 500 71 1 :31f72e39059ad76b940daf6aa2a527bdbc61415640523afa355ebf1999d43e045cd46597f7cc1e91e8c96c99bb9942f1b3633676d7ef1bd88cef16121e0b937eabbb7e2ef974960c722bb58b272f02cbd39b8be0e02dd5d09823edd10358d26f79c7d17e4df65779d60756fb98da5de14a65f50d5dbf65dd4967d7c6c9c2807299ca0fc00e17d748e85f3959b222be039d3b3cf5f7f9bca3ead000a4a4c78201c27f11e7d4a1d9382c3c653355bc006d7381270ce758b07ae04aa88825a02e1e9d234c03540cfb9d56e84a3157ec5dcdde90dd6977c01fd2c78370187ff31892fd315e36fffa9dc25cff07b5c36ec89ef0b75ec4c740a54bc62aae821769bd819d795122174950a93f2b5cb1eee859652d5b4c984352b9baf79c4ba097c0
32 287 6 500 71 1 :180dff4a74edf2950ae345409e73a51215e7246f01fb61cc03692f4000f65f4f8df84d4687c171df0bc687f22d4da8458c1f9c84179c4f824cf89edb75013963ec64ea64ee4dcbe387d3186fc1269b5f4a41fc4173a167202645d7ebb1881b7ac8806f8c104f1a38367a2f6903d0efd51dedd1ffe5fd02ea7385ac75b91f7fb89828db1cbb8ee50ef6b633bfc995059e84f5dc316342e97958521302ad1adbae43d1438684ccd916e64c700a04dd7cf6836709608eac696e761546020f1db53955d7098571203996c3f7daa3a8f2ac95e2b7c5dbc7aec3849a7fa4be918940aecad07feec44544d3ac91a81038e56a42eb6d0f1d9da6647257dee9fe7af25a71913040cb74141a342369271d46cffbc7f4944ee6f2de8a6a81fed42b994cb9
32 288 6 500 71 1 :02964ccceb57bf237e298bfd7bc6f805062264799a18ab11609e93e4a4b4ff5ba18c26109cfd9a7528ca66e08fe99df15db91f7367ce088e4c18ac87ea78b00a1b556488f7261d86e4d8173c642d84ae6b57d92ffcb43f8d4694a15743c86c52d65db659c17c69377f26b2e72318ab61aa26adc79e33b67813f41536288228c862450e40f3fcee6d597b3ef7a180e070623879fb81b2bbd455b5c53fa46333e36d745296af0ef5992a54a66cdcc81eb2dd430289ae886a7d11db6676fa5c858d1ecca673f6f4027b692bf0e32ea5c6c21fc7a126e004d3050ff4fdce0415d28222d015c7cdeb29c7b7180d75bec4990b562a947af982f0c879cff2908d8f02d54753632b959818235d75858172b530d1a4138938959e16da0992d3f271e9b4c6
32 289 6 500 71 1 :e1efd721df5f9502c4a8d15a02dab2ae6bddc07b1b5548c41f7910ecbae726ddbfd4a30a80c86630018a34d8cd686a42487307b4c8a965e2a392210c0b7a7a6354773cf2d7fb630d027ce702fe3c53898fe915db510971d97b6afaf68313b3a71b5a58123299af48beace7fc4fd78c4ef1047b60cf15b9960dd17d7636e35dec2666d482bfca7cfcf513c30783a12cc5dd0a8bfd5c201503924bd184ca56476acc47b35f2744c2de5f2fe552494d5ee88fafe6d794c20c3c31774fb95a806c03ba6837ab6e013387ad0711d9748b38dee8d494d408bee3af96d82ed1ded0faab3efdddcd54c21c4ce1e17cf6a9a251625347eeefb17267f9fbceef330d1084c11734ba09165f93b35a084a884830a35806dbe683145beb76211a9ffc68992f6fd2
32 290 6 500 71 1 :fa3aa56fd293e608c32a83c8658513760ba37b6171e8aa87bb69ab114b5c65bca9103e6fd6866d155b206b9179699f3d7c3433b796bc1c3961c73d2095e953929c5f01982a6609c0786e7423894afc526429707b41182876ebc102e677fa3a3a87f7aca6972fc20841425afa2032d3f602006661500c6ade647ba87e0440a3dba778553ecd3112b1b82d9c8cfc404108195a4badd144639a46c135c27e3589e763902b3ec347257340330648175fdc30470063155ffd2b56f338d6b622f9f99cd2921f62f934fa70eede182d5a408821dc5f5dd3ad8131cdf29a0b387bb818edadce642a08afedc796143bc7446310e47142122d6053416601b3093a26e176c33800e1a560b2d7f7c530d325d754bdda26f5602fbea52c463a7b823bedb11d8c83fd
32 291 6 500 71 1 :095dfc81f5acfa6a6894dc650d5c6ad3918848dcf332b428958203436fb50a7c1207ceeb4cb231a9845798bd39c52a7493198076b37d105cb0c309a6a5b48b7665000557d0af9faeddd489091f390b8cd3f95d5e9799e72c84b11e887ad365d67da0f074008e3f05d1adc51e6ba8855fe3eaa3a433c1051eb2a41c5a081b875efb806173dabbde900def6c6cd4ab5abdce1505aca19617e0eea6d1500567fcbc37f6fbd51a435c3d8d8011d869c21bebe8b95e2350c336eb3ed47d26c2c1f155c9102dcb8dc7a6bdd82823546314458fe07e1d7f3ab344297148620e9cb20a3d156cef3c552e2aeaa9b0bcb01cbd54b6c8350119a8ddbc746bd673353fcfc2dc1e7d45e5ec07413a1394649eade2c53d4e224dd624602680174a6d938528cf8f33695a
32 292 6 500 71 1 :a7f272cecf61525ba040b24c41e9bf1c67877af0f6a4e4b2d82892222d19d6b8cc1bd1880b18b1bfd83ec92586dc9ffa2e57da1149036fd021990e33b80602cefe8a09513aa3ac155b6aafdf2a4c0914e27be3f0e4b585704093d1e3bc15a95301ff83e72c35d2196fb54fed62b2d0ff435c315247c7244420095fcab6d9f9d73b237eb293b3c1d0f4db0bf9d97e9b1cecd18747bd09053021d247c10bffd6af1690a845d37c4e64811101dc7068e44d87d377e566d58b9ab11e90d223bd25eb67b390c2a21e028e29458df1f9ff4defdbde4b008843d9984b388ab1909cda69ba6bcb741c70e2cb5a83452e702a0ce92dae13e03abe7efd03cf3a0e716f9cf766d15226ad0b26189ea37dc08768c32c2db579c1d5abe1a589a671d6089367e4c9fab68d
32 293 6 500 71 1 :299ced447f4c38711322b7707c8f33c586df63831227f83399b8d93950da196f24bf3512ae7d381054a0ad2573f80bbfb171dc9f4f5a90c16b7103433bafc9e967da2049c90158c1037e55eec28ee54f55c1d907269b3c59a6e79efa8e0c442d802edb1bab5900a0353e61063dd48ac1c0b404b8972c6c394adee6fd11aa21a27eb22ba0f8f18e3f7bd2ff1d62d5e6e3a2d1f9c768ad0afabeb5b4cfe9a62ce54cea01b53c9cf801b521cbec704874f8929478a390d945b976babb8431f0e61c4526a6b45aa1cb86e5042523343620c73cb36cd77a03fe4c8aab2589590b40b1b8a4b390071978b5b7ac222db1c014b264544d68c721a38f2193cbe36ce9489835d30b3797b61ed071c71389c856829d6a95eab7fa0a2e988b3b9ce179111b9d97db416347
32 294 6 500 71 1 :11c9e2cc4cf27e3bceb008467999c90b177d2e1ce74a4a80ddfddb8a3582611988d339c965184fd7493b562e3e20d8d722a34984bc706054169ceb8ecdc0dace1f7b561931435485c24c7055dbb7d62720360e5f9298da391bc49de3abbb063fc979421777e26bcf142d354bdc6e3848d5168e5b49b34db95b3417e0a2867dddf7264d7f8531edee14ba12921d721bf947b272b930d29369fd4572e2adfb8f29e4167759f87e41cf4ae21ed5e03400e3b5a809badcdf103d2c99373b5631c1901be75394d5575b04ed6eb58bf8ab990f15c5f0e72483e83e1ba6c6e398f6af42baed59fbcfa93a8dab780e5c291c4101f5de2cae48ed1dc68e2910f100c7e3215c16880ea301a01ba7b36c44f5cc1abe435128ff79a06e9ac4f3a3b6bf979326245c815ba922
32 295 6 500 71 1 :2bf24d8dd12872173243dea22369a40e3b8c510f2b6ac6fd882b554d9caa6d6d176244fde378800473d3fa3e670943452b4a903e9f83ca32779d57379582d7fe155649f6384d933638b180ef76a00df3f354aa56ed4c771967c8a0cd55953e82849b6e83ad63ba7ed2debf0d75cfcc7f3a0478a8f452d462e2d6618edf794479df2ce1a76fed8dc15c19f10e8cd441425c8730dd7eb9586e5c03756d7a5d69b863428acbafdbc622eea52e19f4639fea1a8ad33a30d4f9cd0897b9725e456430b4f1e0fb65c7978ddb42dd92bebb4c69e2e012fc84fe0d6d31a1dee1cb015cd283314c997db8e7c5da2e333804b84f59e533a0a6b3462548d9e9e75f39c2548d61de104e34b4a9caefd68fcdf22a76374634e9080db774b662dda6e360c64027038c5ae79e9321
32 296 6 500 71 1 :7a3b86c27b98dc547886fcee0fb14b51965e2694a5aa9f81a6ec76a635c507eea19b733c4158227399b11d94e58f65bbd4d0126d6950be5e8c891d76a7378e7515245d843a20d3f462852dbd1d79e739f93d73cd60ba588b5f4cdbe1bf1f51c6e98324ff3cabeaa3ef63ca4f639b0318498dca9c4b6fed6beb7d8c77fbfb1b22ae5cb16a786855d89df286f26fe8afbeace9ccb6487ce6b9a5cef161d77d850bd3f1f2f8c3a8a2e83c4b43228439beed71681ba1cc9efb21847993ce69acf5b4446a09e00eb59efc64546661b157c4d745f6628cfebc2adb0dee1d1035980a753758be22710f723411422a9092e671091f20a780051779b21731a47278ba0476428a0b698fee370d7804f211ebb343df02bfa991069e7ada1276c62dc77f2e13af791f2f307507e6
32 297 6 500 71 1 :9d9c2fb9a23c9c9d601915f2876c7bd9bfbea0df2ad0569f6efb970e5f2b77b05b9944831a2be97ca9ed48923a3609f67cb85033613e068183c9b384269bf191b0901bdc8802a209a62c75a03d4a3553ea1ef58767138fb4957941a674597524ffd2540cbc18777ecf34b50ca82f71cb0756e1f7fc7fea007699b38ef611133ba1330b098e6043dfa629a0d90b3ceb29c8dfdba8696f35cec94fe95b0d5df1debc0d4d4c83da42bd4b5bd756fb27c57828bab7e2a0bb6f3c46950ef705190b07a214e542e035f032643c454505cad824220496313db50061c7ac8db9864f645d6a9d365914a3b111bf5fe66e30cffce3fa141da6d8ae9bdd10a3e69d867f52475cea96ec092415e571ed0f85e2edfb52ffeaabb71c17bf9c73675e28d6541cdd243eb9049dab015cbb
32 298 6 500 71 1 :148310485396068bafe877bed558f0f8f6b80db910541cf914eac18bef695d4f72c6099b55b2c4c21b09a0faa7ae91aef2557fb2149c6b27a6dc60fed277f7660f9db039a2296746a50048562657e2f1f3c818654ab328cdac486a01c5dd62f2ea001b8e5b7fd26a5c9f8d303fbc1a6b7afd83f87ff09ec91123a0b579ee2108507efdad0635a96ad537be14b551191deaeea8d587308520fe4393c48d1045047dfdf226501fc7f44f64291669263ee15b7af47699c47428dc68ff197fee26c196985400be25111bf00e5e8e6d62e84e0ab0f1e17b0b54695380deefb9c7fcccd4ab55f4f4d76167a5251399116a6e4d08555374f3f1f9aaa4094566e6e4044968458886c95cc3acd176eb27913990e7b8523893a8082ca07154c3e724d50dc20941b4e14499449c4e33
32 299 6 500 71 1 :e58e8ad14e5030e83a2cc8b6c1fad3f5d9a75c75183d5564c97d91f92365468f7df74274b23468172e9253baa67b7b9feecb0dcee12491bc798fb89fd6f0abf3549938ef4aaa8243d7467605db30372470ec37d5d3329aa01a1248692a1304401b071dff7682764dd5fade4f973adce5c9766f0d9d60b4b5fbbe3b606cecd2029f835d231ef84c4a7d20e8b64179f091f967dd86c4d8538f75aa331f512e39581672ad1b84bf48ad027f522e01e4c8c45a0c7de689b18a6b8cc391fe51dcb6f8fb146ea7ca517fa120d22471713e26806423a3d10d8b9380a530d63a6fa7f24f2ff312158a0db1674ea1752abdc8337979272e53bc903fb6748c584bc3114bc5d0697e997a97484c0afbd27e6cf650d942ccd5b9dcbf3cc0d504e3dd79e9966123ebceda1ed481a2ce31ee
32 300 6 500 71 1 :bf0ac168f6f04c402cb4fb50eef7b55c3b7e43b8e793b9d5c1271c18b64c55bf5963377c1726aa59405017a8f6403a05ba27df24892f0ffc0f97ee8d364efdfe8a8cc6fde423ed75f2f23eee2873f416a877c7064289bcc49c632510aa343e1c93b4d697beadb73ef4d88c451ef583ef39c7fef394d7b3fc512fd8c38f7e37bc0ab95facc4dc50050359a2c0bb60356cd0afcf7db38ab5022c8114ebe96b8cfc7c6d9c3957e081524065c9fa7ff9234adfea4720637ab64d24dea10258ac4dcc4d7a0b589294f91bd5237c604179e2219e9b2a798bca8ff01550e1bda68c5b6c7ad271c94fee975d85ae49e82133a737b9ecb8a67225ad017dabc4af8a9eae34696d8110ef3f21eb553cf158178ee255507f6c607b1b01f37729a1c0802e87d648316db0cbf24b19f52a1721
