# in_len out_len m_cost t_cost time[ms] memory[kB]
32 1 0 13 67 1 :4d
32 2 0 13 67 1 :bc87
32 3 0 13 67 1 :ac64bc
32 4 0 13 67 1 :6a46fd1c
32 5 0 13 67 1 :db04387968
32 6 0 13 67 1 :d3d64a4df8a3
32 7 0 13 67 1 :310fedaf1ec5ba
32 8 0 13 67 1 :9f2409e439b5435a
32 9 0 13 67 1 :1f59c9c8000effe588
32 10 0 13 67 1 :3fed447f17f184149baa
32 11 0 13 67 1 :c15666156fbe9826dfef0a
32 12 0 13 67 1 :c7140c97107c0e44450286d1
32 13 0 13 67 1 :48cc62a163bdb5c60b60c13b34
32 14 0 13 67 1 :57cbc1d56613e7ecbaf9a9cac627
32 15 0 13 67 1 :13dd16c1a2dbb76f9ae97fd4f7d6e8
32 16 0 13 67 1 :eaa360237bb29509b2e228b03018d4ee
32 17 0 13 67 1 :1ab4c54b7c18d627b010b9bbe5874b4193
32 18 0 13 67 1 :a0c29307667165b5f4dbc112d6230392744f
32 19 0 13 67 1 :0a802c86575026dabc9508649b3ed81cb26ab9
32 20 0 13 67 1 :4c8d3f2fc1baa196e17725d570808c7b22c87929
32 21 0 13 67 1 :6642b544c4e3ee983264285dbecf2d13f231c8a335
32 22 0 13 67 1 :f55aafad87a924fdb0f934866c6fb03ac0f81dd7b493
32 23 0 13 67 1 :27b4c452575d181b7a9f4cea8c230171b6538bcadef5f9
32 24 0 13 67 1 :c5939433805b371170ee466066c9b811102ca57afc705e05
32 25 0 13 67 1 :d074ca824c78ae41b2550e45e7740e23d17df206dfdc9316ac
32 26 0 13 67 1 :0a80587312dbd61400947b2f833d1881e756d4de0e255d25ccad
32 27 0 13 67 1 :fff6ccdbda2dbcc15bb9332fccbfd785c9cc84586117c3e73e385f
32 28 0 13 67 1 :db6bff8bc493aa031fc4951717a9def67a7f31dfb1206dfa95c483d8
32 29 0 13 67 1 :fc46fa1a92e537d193a840220690072af5fd37365a13a86330c3c5b3c1
32 30 0 13 67 1 :1c037bcd7741b92079fb603f381f6fd4cec5a15313bbf59a8cd223d5c7b2
32 31 0 13 67 1 :e1776f10e47b273fbe42ac32b50081bb882b836fb2889246b575ee5e80687d
32 32 0 13 67 1 :b540f010facb598b223aa0613b004a8c18396954b9de26f3625b6e7d0a7fe611
32 33 0 13 67 1 :7ba5fccc1f15bc228cd1de33c7fd4f934ed5b98cb13e8a91aefaf2d5f891d9e633
32 34 0 13 67 1 :fa723ab62a55da6bdc676a7f1734e7b2d5dffb1bb6c9a4a7987171e00f11602ebb31
32 35 0 13 67 1 :0135861e58fe646fc951494f7413e46ad9cda4f92a65782d1a7f224f85452c17b74ed7
32 36 0 13 67 1 :8c24375f46968305e1d34d98477992072d5f2e78af471a10d924755e30c8c2e79f2c5e89
32 37 0 13 67 1 :5f74cb015132d8d675ca753c4f9f57af5e18407bf7fc5eb38ad631237cb290667b27241580
32 38 0 13 67 1 :57fe85d22e7b9d5b81447633f25c0bbbac99308654ff37d194fe338aa95e448112bc126c0f83
32 39 0 13 67 1 :7751b2d8245646d07ced57459c6384aac84af2d90a2606ebc2b80f44f4dc1aa79c16f095da3b09
32 40 0 13 67 1 :2ab5c814446c943708215ca38e06569b1c1e0c2f979df63683199922086f9f61838d0d81786be20e
32 41 0 13 67 1 :ab596a021152df034a614d3ef6e87937480fafbc1c11b727282bb7165d1718d9a57f2861396ea22a9b
32 42 0 13 67 1 :c1b5779b00ed043ba1cacd0df7b0d062bcc59572995331dfa322536e5b4212eee4c5cfd0fcf311d0a5c6
32 43 0 13 67 1 :264e114d3cf0331a4a07b5ad494708a55e260e916f18424eb870600255e4928ceb42ec2482cd391f7ed421
32 44 0 13 67 1 :13761ebc2bd0040a2a8334b1b7b7852879077c9c79da9a36b6e0a2cb82cb407bc5c578c18019fd5e71be789c
32 45 0 13 67 1 :1bdb0c0e08db70449ee12cb29877ea7c502031de84701263cac37d5e381d1482cca6a11827e42d82d90662c5a9
32 46 0 13 67 1 :be239a17123cdc04ffc7a59f16eb2a34f4e821c97479f9bb1b7a8d864781d0cf24d21b7b0dc2f77f74c5244d29ef
32 47 0 13 67 1 :a72bba5bdf79ccf674d7a544c8f4f5579641d1203971bcf22b90a2e2a707908612f2423ce09f13f337ab1ae3b7da23
32 48 0 13 67 1 :2dd5b1719cf04f69809b3b5f0e9a39d14293f2d4268a21611e63f5079d07c396bccf36194e8ff9bf499e743224cee5ad
32 49 0 13 67 1 :ebd9499a2fbd7d161230c0008f60bb78eb95c438d64ad971718561a7ef1212b662dd6730d03b9d93ed70b7c517e4cbc2b6
32 50 0 13 67 1 :6e75eb094d0a21c809e73915cbffc294d1993bc43d0917c0f38a40f925b9f75d96efd154f225443013f77c8a848f04173d34
32 51 0 13 67 1 :1c130ab218fbab59b5e8d6bdfd3cbc098afbf5b956730b1b025ddc956a2d5c6ee4222c256ae54f86c44e3ffad8f30df0dbe601
32 52 0 13 67 1 :fe96f353affded69150050951d9d201f95f54b685b63ecc81e128e9c5a213e76e5e279d83f85afa9884721ec371f3560321186e8
32 53 0 13 67 1 :cfd422d92c58163b8ae53e8d0e909c10ef81a09242e961f321ea87e6fbb1d50540f8d38d7c711c04e435db748863939a31e3786d54
32 54 0 13 67 1 :fbec06b09b6b9dd2d31b0d9dc6bcd8dc7026e3f40d85a5bc5a273074edb7c5d44b87ad4169c52c4808713553197305b748a39d768fc1
32 55 0 13 67 1 :4be92d018281e6beeccb358c2ee9a0aee6245bde6422093bd30c228ae4a480bfd4766e07b338c250dfad24f7a0ff736f919f9735d8d8f0
32 56 0 13 67 1 :4ea10a75aca085411280dfd5fd47ca0db83905c3c04dc696da7fd8e23b43bec567f17b02847e98413d23e61434952ccc2229762876bc01a3
32 57 0 13 67 1 :26611044d910cb604d110c9638090937cf6d5ccdf0c85218e71cc80dd71415c7730941643243e83eef8ee95bff6ff7634c4e1500af415f39cf
32 58 0 13 67 1 :9467f8272caa51f42f6c63701a7cd06ab001bd1bbcdeefa139ca6a837893d06993949c755e7328036bd62e5bdcc7a9549478c61fe02299dd0e48
32 59 0 13 67 1 :8d08c62199341a1d87ac44fe3bdf96f0321592792f59f722f03f3489014abbaa4677539c153a17c75a9ddacfeaa94e76dab6da4a7d56fc73f5340a
32 60 0 13 67 1 :eabd86b114da406219ea862ddecff6e470890f104c902921eb15ce0226ecc4bcfff830895fa05426e85183c856decb061c6699c9fcfedc963914282e
32 61 0 13 67 1 :82c85ba01087fffac0d314b05dae2b22912c22740e7bedd425f69571648e15d8bef0e19d0e387421575a370400cae8d30681f0730b4dc18c0ada49ca53
32 62 0 13 67 1 :aad8da216f3b914140467e3b050c8df58880513f0138a2dc4006b9d8d24218870646f3533995a3ab49711c50e45f9b6214d2533c1fffd0f19e3ab779e4b9
32 63 0 13 67 1 :ea40981c38e3f183cb40a90c15662d099f8a0d37b2df0c71991f95a0cb428405bd3e4df363b2af25b00c65e469a3bb370c7d2f53c44674f1b4bd462718a93f
32 64 0 13 67 1 :c96ee26744f6c5c9e4df2545ae9110678bd975f736ceb7a307b2b8cea6254821650414ba4ab11310f12b5a8a1a1a0cfe6f049bad1d52b0a36c77ef4386822bd9
32 65 0 13 67 1 :8376deacbea0ef7b3632f10d24840793b2afd9a4e3c3c7dd59e8425d5f90dca28e3d0bb898be0e54a7afc690645f5a4564de816a29fd2d2eeb935386441253fa5a
32 66 0 13 67 1 :4df2ab2f65d2cfb87feb3f239efd511a5d2183d3ba23ab5f1a033b7407df5d2389b004e9577acaca090bf6961b3c54ce4023037790480b0fc5775060dbd0b466be43
32 67 0 13 67 1 :b2515ba518efcbd14d1bcf0184f0b55ffd0a0008e13538db56b65bb1f43646a115058191a2a1d6a7a66e7b1ff6a5f0885bcacdbec8a1e1ec6e3f34df55716805e4dbc6
32 68 0 13 67 1 :030b0d80fed16f85c23554cd255ded3b88f7e99f668d5c3122385e27f7b0f8cd2362837b337e1465e08a9226c708e29b07e35efe4bef05d2edbef4708786320a49dd6170
32 69 0 13 67 1 :4b9e673cd3758deb014d77dc0e355da6af5b4c870fec9a77ec0f54cdca14da79c3fb4b960ebd993fcedc830344a690e8a13cd827ee68a7d55571893380b3a5676955a601ca
32 70 0 13 67 1 :0fcd959bcfdb42d87ade654d784725c97cca8061b5b06d66ec2a06354f95bc6c8f836edcc1509919290c81d7358fdc7fb790603f1d77927abc0edb580809007ae2dddd733f35
32 71 0 13 67 1 :849d8c60bdeb1342f6188a2582afddfa730dc36a2bdcb5ea36e3019b6e02af0f66a810ff49a35b20d5edcd0b9008b54f58f6794211da3f2ebbfb3d8e337570bcbb8ed16ba7da6e
32 72 0 13 67 1 :81b1e5d52392b60cfd1f8d1d6fd76cf960e5f81833a61a216031f2bad1b4e48921751f7f957bb9fab7577383252fdc8035bc3f995fd3fa4a452b90e635d50e01851f03e578036533
32 73 0 13 67 1 :7fa59774416a29afc88b4baa84c30d95e2f26d0984fd4ddbf4e1cdef817d53dca935133be1a4094e8371c3b3df4d62ef685332c5b03889a26bd1deba1fcdd16e093f4174ae74440617
32 74 0 13 67 1 :ea9836181a49f6bb0b8ff6b00b49bd5191b0e8bb223e5891d354a3a234f2fb9caeb2b15ffc149495daade3fbca35425d687aa0e86621210c2b128d727bf56ded41b7249eec601d53347c
32 75 0 13 67 1 :03f549a1716da357ff6130c31dfcc05a492ebd25a5fd39264d6acdb3e8ae30753076a8d69388fe5e4140acf607eff23edf18a830a2e1d44dbcb06f9a308c0ecb6be012b0688a64dd23766c
32 76 0 13 67 1 :a00cd663078e3eca0bdb1f066a5fa8a5482b79567a3c2a0d8b84918c14e192c362b9e2f5ce1767eb52bed7e926076bb34623621e48204d00f8cb97e00658e8ee4f97b816b2e704a34a55d57b
32 77 0 13 67 1 :e44e06ae6262456a1ec5ebf8955b2806e1cad4064d5b15bd164ca7bf67ffaebf7c96e2980d5705620a26d8275136b3efc6e6e4859e1da7842fd3b60597bf70c1adae80685fa3a1d77a38a3651a
32 78 0 13 67 1 :41ff54861ddc07c8eb92e8f7b82ed01de167c7a0eacd255442805b92f786fe91e79005e700e7bb916cda1a8b560387e480ee664a8715a656ef75f5c63e5c19ec51248ca55cd426b460d4f9790911
32 79 0 13 67 1 :453de284c40185e6a8b55079e52f613efe903e8a5838d778095523a8f6a289307887caf1cf214b93aee9a401789f92ccc8e38e6c3fd8e4d1ee929588b5107d38e6ab4515b0c00a98ceaf455e7f7d73
32 80 0 13 67 1 :85e4dea8454c16276b29bf67d53daed58c24f15e500312d062da1da510710ecc99507fcccbba7e972ca76ed2687ab2fec5ac468f03b3d9bf1d3d06101c7a70917cd090446e13dabb5d69be26a03e5723
32 81 0 13 67 1 :536d1906d899d7c821bb38e22b2095650c1133f8baa2aa51089f26333a6c131747b34918b19edddf13815c135799799b676645dfc8746811b480695074c3dafb39ae7fe8a37e261a0582210f253d9d508b
32 82 0 13 67 1 :c2e6ae2ce9b18003e70385e58d1e1fc131b7e8f03efad19b1e24f119c21a82c2aa9f2722f40dbbd0344c85e44d09b2a2565cf5a5afa8dd6a8a3815f81fdfe8f9dc3ea668cf98a805d9302e07831fd51bdde4
32 83 0 13 67 1 :e1b91d444fd5c47d9108fe22c4cfd38e016836def61aedb974b10eb43ad26023f4c1c181ce46868dea80459e83bec22e4e6644ca71f10302ec2a19a94be5ff657d251af9be6fb4efe0043c53665a771b138f5a
32 84 0 13 67 1 :34d03513c883e58054d3ba65a8bd9eccab12f4ab950fc7692d0bc3aca078552a0f1a23c5f8a9f3fda2ef613a2ae8458e46ae277e743d3b19e5ec56b81f83e0acac52c5093685876904486e9d04c4e6736c69fa96
32 85 0 13 67 1 :1ae1d1b1a4f279a506fbf04eecb00f21600c6d5cba0a24e300f41baeda37b08e8d5a9bb4b176eea5363e1fff785ab6d942086b3ea4055769657b718329283b385a5c9c83d4ac4bca477aec28e4ca3fb0c70e66ab83
32 86 0 13 67 1 :0c04f31a7599149defb9ad8daed447e9f953c52648eb481096a6f6e34ace4c322a7d9292fd3ff9b9b3a9fb6f984c3137956bee5db564eecbdd25d8ff020bb24603155572cba4160409d028f4e28477b922c1175c6e3f
32 87 0 13 67 1 :fbd71533434c81a69de27625513720d730b0295fa06dd68cd12ed49ec324598924d7d240960d76b8cd2941774eba26ba74c87d9bf57a2cbdf820576117f3ded97d00d8d4a511ece58214bd6c675330c7264cd39bb23f0b
32 88 0 13 67 1 :50a6bb462a13f2059d9bdef46b63806722824040165526b846a7917d676232be9c2d79ab1c75a59e62690406f8eb38814e86e22f87ae28e566259f1763aad88f946d84edec4bfe0bff143598dbd3324780c68770b1de00f1
32 89 0 13 67 1 :04e83e97a616a47e4a2ab3b06c138f06098de5de1738376d58030b54475dabaa7a7bbef79277ae2f44aa8f90e937b75261408fcfd5bfd02f20c9322eb202ad024cedda88ba862763b5c51624558c15613db0b8c289280eab25
32 90 0 13 67 1 :cfbae465b099db38e66fc9bbdafcabcfc30118939f172a215b977b0a0a4f82e4219944a39537aedcaca022ae54ba66920c9d2c2954217b453147a0f4f7c224de01f26956c5260640f73d20de04f87827ae83caafa716dcf81278
32 91 0 13 67 1 :4a9d16e703b6bce18a8cd2641cbaf82cfedecff789691a6dcdeec6cdbf4161363f1674ecd6f46587e80bbfc0aeebc64bcbb1d73a7ceeef9a21e52d9110cde52a737c592c60b2bbbbe5cf0bb87348076bf26363c81783ab6939884f
32 92 0 13 67 1 :80507b174aa9312dd789a6fed8777db7a46b6866dc601e82f4aeb40394b01059e830d4b09c2c0bb9c7d7c0d16b30fe6939882bc5e37412acf8aff4564ec1038186b8d06b8474765cdf6280ab4777ce9dbadea98d68d6e4180eb001f1
32 93 0 13 67 1 :48dffaf3297c772662245ead6fc195eef39f625247b184a30fe1548051f0414e6c37967db1c9cd20eb54ec14383fc79fb80d8c38bb4475b9b4d4416e4a27301e6cf7e0e28c75cf3c08717ab97c5ac2764c3fc85bc9f3a92e3e2f6079a6
32 94 0 13 67 1 :cd25ae12529c0891c8140a5be1cc2555bd1623e16b03a22086837c777e1c4474c314bde1330012cbdf567a1d3110cbdb48a7ee9381550ef31467e1681977499f35183736f2252fc6f26998e175f297117796cefd9d1c0c57fbb7962ddb3f
32 95 0 13 67 1 :035a5a39ac589620f0bc4059b80dfd1cfaf3728219537412c312c22d97249c70bc504570f48cf98cc94c0b57db2546bb782dbbfe823246c7e7beeb6bcf67b0f18f68d7b91fe2ab9cbae3692d21e898662d5e67c1fb17f74b762e10754e88e2
32 96 0 13 67 1 :ae6c6f07bc503c3c5d73af88cfd6e709f5c6b9c64a0422309f27aa25cbbfcfc72901de8c7a102b9263a39cc9a3b08247e54354e6bd7eb9207f2d99a45b9056785b876e994343753bd357534dbd75165ffb187918630cebac9489f18c547c9b38
32 97 0 13 67 1 :8fe8585436a16f4477d6fe68a14ad1f604903c45ff3c05a15cc739051fbe37cfb3f8068788f2ddb7ed26544bbee8aa0ecda4ff3577576b7e30236de2d751b4d7d559974b28bd983cf204721c4d638822e0741962b56fad353d21c5e8b156603789
32 98 0 13 67 1 :a0a2978219585147062cac922b4a387327f553657c139c38948ad305382dd5675ebc21350a9d0b9e39313089b8a7aba052855e6a0233f58a55d31029a22065b989c00b2db40b118839eb3a846b43ee6d9bb7c926d3fff10d7b237019be329518ec34
32 99 0 13 67 1 :585a49066d3fae72b9808cbe03e723f39a547bbc9399ab40588702b7e65086ef12e28122a368ff39ecdd3c7020b1d1dd63bf0ff937fe01a26c2d509e87a14df52ec085f26b3ce503a325d6b0e5feeff1a976c1eb2d97ff37ee5f87077d18cd4d33288f
32 100 0 13 67 1 :59726937f247ee646d55e9814e61a0d9651d535c3a03179a6d94741d96a5806e7d6d0be04dafd47b73ffbf3ddfd29b53dd159df33043caec4e6d0ab218c7c3b61a8d412739f7a55eb8c0ff9f2ecd4d99254412c3e5bcf434a7e54d46b159834a276c06d8
32 101 0 13 67 1 :eff174d879198f204e2a6297bac7a418b26cf45a876586b6c4c0ffeb65e246ef9e59972cd97a95a246c58350dde7a51971e5107908d10924bfa27a9a4b22259f41a5ab169c190987fc96b7da0259fb89805c6d58ec088e10c7fc0af6f2ffd1b7228ea0d646
32 102 0 13 67 1 :70c0d4bba5a27abb5ea0d7886a5d7eda2f19db28b8d181eddaa704c8b3b91044d842b8938c8be3f1b19fedfc8c8edbdc63981d5d3475755b012c305481f5772c53e7d8f9366534e343cc8b6b907213d357532bd101587faa355f10edd8cfe24260bfdc170fa9
32 103 0 13 67 1 :17073f61725699ed577c0b1ccd26bf0e82f48d4ddf09f28ce8a9493647431a6b408783e0f699010e044bcff4f446a5f278e54ad06763a00146e6af4e44b94e9a1f6fe602598facbbf417a203a24f2ea4e296e657963b0b8cca4bd6aeeefec2717e0b29e320c747
32 104 0 13 67 1 :9712f8f51d2ef10a8a5165e9deb29e6506c89208e1080d4ee3e74faf5f80ba51f7b86e94e75e799ff793be3c9456abdf5159cac23b4114d8779e5c589c59df4ed806d83ed590af1596def752fa6c89843f87f0cc2739455b7eee5c8ca86400c76c098b64c0f05bc2
32 105 0 13 67 1 :d43a1c50be57a55b5e39cc6c6e0aa771d8c9d3a138926fba3e7723484a22c126a4673ee5e189e145b6778108bbe576c6154d621fe0c9e98a500eaac1b9ef27939a14127e33475f077eb67ec270dfc2cf0264a74e00b29646e2b916b13cc543a2b5f57a35d6c0072130
32 106 0 13 67 1 :5208d8c005ce7916b568065d9e8a51a3d9a927b59858857d0cafe32ea9670eedd37aabde56b16027b972a37cfbd335d6860636ad8f1cab71eb08c416f0df63e60547bffab8b7867c9c3ba67a586f8d74521a7cf3702e1022198cc8fc19f78dd2b5ea01eb531541e9b3b8
32 107 0 13 67 1 :7c1eac3d53a9fec77a40253c9b1b25cec316f3227e49edbb3ad0f5a20c478cb10a2d886cb32fac2e36df7bfdb5bb5c273e5440daff4a87e31b825667a582cba9723751f2979297b14b5fd4df46b6b8b4656a3a6f61c28cbca118427428c28b29aed4ec51b159ad4af39e23
32 108 0 13 67 1 :176766aefa4d88af53e5bd20ecb0b2da60ff54ed887caa5525343587105b90ed52261e5d6b7af37f0782e57d6d0b9898b4ae1f2550ee4bec5095abaa31e317625fe88fba03c603f9be019cd7eb4787b650ae905e1c5f60c232f09e2573ca61747aa46df7bd51190623ec65c1
32 109 0 13 67 1 :31e13c91eae8b0d1d2279b12c219979d7275a25f179a41fc0d33ff833f4a30692aa0fdf1f0d8a66b3620910e4a15958e13841354dbdb6dbb81a14f7b65a4d41178163b45514a3d2e27dd76adf90212d461bbf04a9bb3754911387e1d7dfcb6131c05b22cc62e6cc21b95edede6
32 110 0 13 67 1 :7a7697c6e186b0e2b5eff398d85f754bb960b190c6a5693448995053237ea68d376aa4430cd3631c1e7fc46ca4e160ddfba05776e2637d58f32e400365a5f3d686902cbe8b435024018411c069e4e1804026fdd07c027b265c1010d37f8cea1d1d9d95effe62cfd2f832b94d4ebb
32 111 0 13 67 1 :ac7ece507e2f88f1ba996c1985480f93b41efedfe5b897638d17c39e2a008238d27bc25457b73cf5831aa9ff2c3c5da79c255dd148e68a99b1f59174d72cea1809b2da1aa32ebaca5085c5477b6c306aaf48f2e97368cdf6655be077f8faf7e4b2aec263f94c105266adf706f0c8b5
32 112 0 13 67 1 :7ed91e9c6c04f096c78bbbfd1c78cc76321142e48c3411fb0e38bd0d8ce41af4a04e995b962ac83b012c35f208685d9d3c2d487b924e105b0fd8c151ab985572b745c40f4d70e4d414db925ed37f663546c0b0ed3406754632235306ba061bcb3ac57041a10f3a799b0e26c0630e452c
32 113 0 13 67 1 :02e0f444f8338f4e52615a3d6e4a51eb02b19c0baa1b487070faae17aa580f7c190c3358545d3269e849fc4981f3200c055dc2b33be7406dba43b2e88460d6aca0a3bea05052c9df402d8fb9b7e23f7b095344977bfb4fe424f0b96fa19a8f71c43c40d2007032ed3662a3ded248efd1b9
32 114 0 13 67 1 :530c39da280a7e317bce5f935a769fc9f3f477c5f234ee1c6728e9189d26dab97cfeb4350fbfefc9fe2e96eaa61df8b77bb6aa32dc80537158a10e4e0c36cd1785bd66709fdd97d2acb5953d243bc59a16e58891522f550b0a215fd4b231120c733f3282efcb4f0e2e2471a416186565c96e
32 115 0 13 67 1 :8616e8516cdbb201cb2e4c0c40b5e6162e143e0b246915f6d32845a2823df65c0782ffcc6f908541915a26e78fb8994450444edb500a21f9924152b9d45bfa3baddfd5b88bda050c0fe3745c043d9a56cbe1aab54df52a1956c2a4ea0582e8870d3be5a6816cf1683ce9962abbcf6cb1a4ff8a
32 116 0 13 67 1 :8340d8722509f82d5ec63933ab2727e74c651475f11e8c9766051f682574c9e864057f3f423a8a0f9f29e7f281726aa8bac14c98a32061150845b09e902b192d8dfaa058e3e2bfba19b182ff71a333b7f8d4cc5fc566330966b44ff157790effa8b8c4c09a8e4913515b530c22d3103b1e2b59b8
32 117 0 13 67 1 :62a62cfc6c3851f5e086d500b3b638329603db68e16f16d42cc56263f42ac50c4fad81ef243cdb31c998ab8050bb740c4fd7a38da3d134b255703632a2cf8c560c1f09080a0952d2cb8f601a0371bd0c6cb1bd9dd75cfd0edda3472a8dd9cb012052d458f138f1e8af478d8b5cf62846de926ddbec
32 118 0 13 67 1 :c51979a3599fca2d05cf811637160e0d6ff08561bf596d92df0f0aa5e049fa4ad1a40b4330f4e817a151578fe3c5d165e6a776499d9743014ff71fc349d46cc44ba3933b6d2a95b01cf4ca85ffcb36ff1cca1fa261438173b0d1de56189f5c72246c738fbd2525065098f8b4464629fdb12c28ec80c2
32 119 0 13 67 1 :a8ae2fb8f546af66f3d0701247a3d2ee821975448e0cf529d3caf1a33729e2d0846d8880aa8642977d0992ced29a4ffadca2c78aff20cd8fcd65a029c97f249caa077a3014edf8d584fc1dc2c879e70b963685d1576951065a28fa0112dc4ca6a76c28edf2e01647bc0ce8ef8cd0ee524003d4cea827ab
32 120 0 13 67 1 :bdebe221c1a96517ad7095252c144b095edecc7f22d7a39f088da0a717cdba7cd75e39d70e835c976d37f26ac2f70fab2cfe725a93213c773c1addf963081ccc6890074610d9a11567c4e9a7de77edf396e1a8d3d6c392d659e13c1eb6c1c1218b7f6bca92fcc555f5f43c69718e56387640306482e5d933
32 121 0 13 67 1 :f198ab1eb4adb71f4f4f45c6a9bbd508b04d740349e6ad461b8405e3d7a9543609834e97f17e14776cefd1516189b095bdabf6ab7a6396a8907b793117fe21bf6148f40f00ffb3b174a6e8e279eda05dbd2deab0da74a62b2863e7fb4e1e4f344995820eabd63d243be5e63544d31dffb657edfc4d1555dcf0
32 122 0 13 67 1 :31ffe23b0a4edb47a5ba2a300f769882dc928f2ef67834d62ee0d25ac4416f9c513c37086a07077a72f0388c99ff3b007022e4e7c27a70b0e07d9390a7e1241292d73428789d44eae3d57aa2366538e7cb868671fc5ae59e45f9aab3be33d686ae6d9d847a5555d6cf2995fb2feaa4667c129957623bbb559daf
32 123 0 13 67 1 :9c616d8f12d6b33f78c1ebf18725bd92697d96e7cee936385b9373ea32bb033bd4767d89b8c4b98061b94aed98c087b77ad4c6765e8c1ea7d9068d48dc46142fc475986660409a49a96891ccaada599df57299636db1bd265bd70293ca135fcb41547b680768c15235a8c9496f7e3c7f053d93fce9494ac3d0bbfb
32 124 0 13 67 1 :549b40d694746c03c2d49c777caf39ebbc3b8ebc3f76100a15fc3221b11ecdc19e065822c320e4ba8b0964cfbc6f4e2410ce354867409aceab237a5f3e689347034c624626557b370b80fa0170314773146293e7254f22da2cc095de789ddc102dced2f3dc38899d640d3081a8e3d46b94b093bb9d39c46e3de523af
32 125 0 13 67 1 :58033e9cda7461f90cd1cff97cba1a9984ad208cf351f817c8909c41246d6b48ea562ca9724a6169ed925297de05a4db6c79f02ae4e9707d988249a305ebf4fa9e87784cf90dced89440bd45344ead2c29c15135feea5f2239689cf5bff0f62ed5e7798bf0549908afb4d616c9909604fec5dcb9a1ed62df0044c86ce7
32 126 0 13 67 1 :1f9b31ab64b9a9c45e64f6eef2861956918bf2fa5c6081f5612c016f2d59e4f03a8beea7e561fddce37305cf30ae25692d475e8f779aa7fb3a56c29df04d32ac0720ecb424c3b21a117c7367b26e9941e668bbfa2e33a309f59eae43f365bb02153a934054548b0984a55d9febac53a66d30cc31a4e71520f2c0d6f09e9b
32 127 0 13 67 1 :a6273915953e15bd6eb9b293306e8c282354ad31d1f477e79499795447c6831c41d7017c9c04734f6580420fbcb6dc68f5087183353a1de870be0ef394f629611ee346777d35ceafda0c281f8a540c68abae87e6d6570fbad2a8c2a63b8e44b5c5e83f10fc4a8b54b19639026e81dc445d858f154ac058ca88e4d5b6b67a2a
32 128 0 13 67 1 :f014f3a55f60738dd9614a5f015af8c549dea99dd6aa5b599389d3f24828219a307d9010a700fccab5c2cad8c7c9b8329d8302e153d39795c18ffde7299ceeb98dd3e6973e785ce4462b7d564e2833e76ab72e6c3f98aff9ed928ee56fda8cb168a5be36aa3667d40c784683d72fd45474bf24306c1d89264cbfe2333b1826b6
32 129 0 13 67 1 :372dc5eb5c4f0ce5e6fb3de1dbd4d9f40b139c8a890499924ee71e41c0a0cd127fa11d2a0d47e3d8d311a0f79b082aeb42be98f7ab6838b57fb859e3f9299a311637ee11baf543f25ba927f45bebe4df249a74b6fdf84a5796dbb571d04719e1bf3ad21428c36f19439925ebc4de5abda4991e23af71b509564d0419203ddcbe45
32 130 0 13 67 1 :d059a1ed7143a5bd3ea73f22fea78cd8c0b546fba489e7fbc6662815705c7ae90b5aa3132b7e1cdf582bc58649fa6701519109cb87e0eebb9fd4813333eca12350abfdf70661e5aabf811e23c94bab7aa77868abbdcaa08d6eac56be54965fdd4042b13dbbe3b211728f8a19bd796f4fc06f0c3e691c777efac44539ddbad39396c2
32 131 0 13 67 1 :fe47a01ba3ba5e524c5625e19d9e44dbc39cfe083e546ee93da86e3805afa0190fcec2d8c6288d19bde1a5499d76f8ab6e2fb1c5550961ed74fb028e0ac25e63f93c519c14b03f692cf4314b555676c1a52963677b8fadf8a80716dbaef8e6e88b5fb2b052cc7b0bbca88a3cce89f42da6db8056c2ab1897acdad0247cd7d32f461ddb
32 132 0 13 67 1 :7ea90552b7715eb740493816a20c6dc59666fdab8be05e6d84dec4ee358217547be0b2a40ee45592976d32aa6e3e38ed10ed4c6f484a3e498288d3aeba6a59eafe39efb6df0a4f7d125fb392653d769d89f828d0eaf0cdfc2d37e8e875ac6c91b502e8e9e6ebb6b8ac405cea0555a34ffa1ab95a809299236c2bcb37bdde9d401454bcb4
32 133 0 13 67 1 :47335faa01da4903a312e0dc43b76717bb8a293dab08efa20d2adbb3afe9ea2ce915c4e6ac6170b895fc58932e1310e349deb6b6595276785b778e10384d4f4b678a7d2a502a1d6c3fc5c8cbda1a8a9cb941ace1de4f91d99d539a8bf1708cb85ac9877a3442a7c66f19aebfbe9bb858cbbcb30cc9a9c1b618eb5eb7dc32c4fd62f293e8e8
32 134 0 13 67 1 :a36e5662cd89fc69e5e6dc7d2b780fd6266a4c7b7119d203c63074a4be8f471b476f30bbfbe6fd7fd97738dfcd0a89f9fecb3d539734bf5340bdec7726e7d096f48986aa4efe39ef2b240fa815ff01a61e4c6098e70cc9743e3f2c41afe2f83958110447b233d256cdaa15066066062951cd028b76144e3e14ac00159ad9aa50ba8826a606c7
32 135 0 13 67 1 :d05c06a937830ad9c07173d3df3593f1777ff4b34bfd1f77606142480a1c58c09b7ffb70e369b96c797e76495e2cef7ff0645b2c1b29eaf60bf5fc0e10531b5252d1183ceaebb0add1354b3fbf46e25ecb3f7d48826a9c5dbb4a8d0e8c7d34d220f639f32c63c8e547b75389e75eec092f67f0d0e1b314a8c773ca4915707541b1b39db6c05246
32 136 0 13 67 1 :1681fe8b450e98fd3bfa9bafe3452b628530b91434582900d4595dc6b509a251b8c56a560cbb8472a61c7089f2dbca54427bdea973082229a856fa3ae23c972bf60bbd20a3e520da7af08fc02ddd256a055fe6f7196dd7fef5a29a1cbdc6853afc09774c38281489d3b1f2271785d94035e391a0fb3084f2620448e5d70e9d1d210e401be9e67023
32 137 0 13 67 1 :279b948a23e29ffb7bdd74943836ed3a6f197c36d3092ff4ff91aa6a17090cab2784562f6de0fbfd208698db81ed754b8202b73f548372c28575a1076cce74f5b3d4fbd086e1f6635b5720f0c8f22e71b360edbe2de92733378acfe7ee5e9de9ac38d0169e3a405b67c9ca34247654a110dbbfe3995e792f898f8bc5347b12177e01e61aa2f6627af3
32 138 0 13 67 1 :aa61dbe9f0db904e0273f51ed5aacb74191f2485fa6e7a6b6ff1340fc4468f67747687b85e49cfb697c8e20f8e74719443f8bdc1e98b6b019066b8b76b32c82b036fd1d2a84557308cee8e935586036e2d4ecfc75feed71bb8c2f0ead292533e51dae4e232464ec3df63df246b44501873db897b342b5a5915b7f2e19c6564709efd01972e85198f44e8
32 139 0 13 67 1 :0929f5b4b94ebd48541db6bd2115636d71bcaaa369a86a2b187a8225084efd9f4109f5000f0db6c711a2d3a4737b022d31b47817025210b6394107edee35cee45706b5bae257ab991a1fc935542c09b39c04d6b451c10c72057c72ce72ca911ccb90d82dc17b42129211850a6a6ce78ab989939146f391ad37838194a09edf73aac42d6f3d3d06a1d3b40d
32 140 0 13 67 1 :c989a9d691a12a1ec95a45c1512bdc14a0708fc9e7f1612c6f9d6c647b8f92b7aaa76f03ba8e1bfcd312cecd5dc082a86460967f69a9308914e1c9611bd12c4ee3cbc999d926529ffe33c82b99a196e3dcd2aded7652ce6635abf908897415009fe98f7fbf2bf4f4b5923d97ff14118baf3afa1c18d605c08978c81bd423412c2ca809912c157cd167db96a6
32 141 0 13 67 1 :5f59717187ac35b89eeb77e90b50b7d2c82abd7edb9d6300c4d677958181a56949b130dc5517cfd6f8295384ab3be078b23214a3092734cc074cde4d5149ea472a48cd48eb5e23af006a421323c6a23798e229e30141391ebe1d87d926d75b56914644c50f90e2a4160a199c9dcd2490a797b9de0a6c4c40aff0b910b06e1d5d01e8369eae45c1728688aad054
32 142 0 13 67 1 :84dafb6b12cd36c6e483d835b5f2e54fdd67287387319ae9b506cbc6b34761c4b8e20226b4c9a046cf6bd1f5c0c549b203acb63d302b5657d50e79e7083284597f6851dc497db6979d00c1b2c52ad20492480f1dbf099fd927691c6edd42f164ed9817ff3d384ffc4f7f52430b443c709e8c18ac48358a1e901c2e86a5a3d95284d482997232aa6cc632cf8cc70e
32 143 0 13 67 1 :434ce2927a6879d421506678393a2ac96a391525970b91c4c8d384feb5d3549564e742bd031b8e22b8cce10b91fe3267eca8bd33243767be7a806769ccfe5f832cb894f20499e7bd36a5688123183d721b3c486ea7a3a2e566c7a6414f3e57688009a0b77f39147bce9afb34b96cfcbd13699502c9791861c21b50f0a5f000b277f74441a4a65fb8599b70f4e0d3f9
32 144 0 13 67 1 :f8a24511254a975af98f773ce3a81169cfc9c9a68709c3bbb2443d9e7e8afb1c12a4be08f719ce55939253401cbad76995899fff382478619bc2aa981da40abc41e4c904e08fc719b81c33ac74d79f25c3d6bb466a1016de58c5780e19a1337f96701635a72678bea781ecf27e9081ec1472a1e3bf5b00703dff6654a36e220da494323268a38c00fd159bda708ac5cb
32 145 0 13 67 1 :fa839eae875d8e78a8cb1a2919271c66fc85d938b309e51b095761353f5456940ed7e27e79367e5ec7411d112675425bed7fd3ffb9bca6d25db596f688b9910d7cef1eeb7b52b9475ba8dea405edebf8597aa8c36db44dfdc667ef789008348899c77303cbd3c3f12fbc245e4416acc06920be2ef4aaa1a1ae6b1b20f8fc1d7f9e5714f8d16d07960b1a986dd5eed8b8c8
32 146 0 13 67 1 :a1e8043cc3a24282b6342b8b8aca53d70af1431b76e90a6bedc07b2496a01c1e1ebe35c6b98520ccca99b52988f02b8fae6b7d2cb10a6258eba48dc9c368d06aa8b56a3269a99ef5f9028d3062eaf15559bc9e01c1c98279947b6e818d7db91793d44ca73a06853b20ec2c9d31eec7a321c7c27903ca31717a25d39a4bfaef6247b80e9f535b27bb1059ccbf901fab3f96d8
32 147 0 13 67 1 :0259663b013b4efc591d2f0a70a1322308d975267e67d5f3c4c65c95923d8392ac29771778a77656654aa0e8c7aad7056e55bb0e6d21746c096aa58909f78cf6c1a45e673f2a8b62141d5c88ec45650214e1f7e4efe443adb16e85361a26cef35f7d79475be9c018e860cc03ca524e1cada460a7852d13f9bc679ce52e9540a68e1b2ceed3fc73b546f4eabb6b26fb5716b1e8
32 148 0 13 67 1 :118e7d6d1bf106e8a7e75dee942b997c7c6045ff3671b7801831910d29811fffd1619fc0dea0ed7c74bbfe59d79544ebc3bf8d20d50c7307efe52508a12ee985bbdb4bc034e9e32e7b9226d9af8eea28efceae976215a7b32a513103cfb71d08e71ac3105a468faf5b8110075a624137b7c6d5a7df41bc73704eab8464989d09a64e572716c693084756d1b7cf8e3a2758e50f1c
32 149 0 13 67 1 :9690bf614df78a3fd2e6169befa77c50be4f96bca39931c2eca92c3139a2e8812eeeb1b392613a26caa6131a7e29600837469da8c85cd37a4aafc0bcbaa864a27c706a8ed6698c5d9e5762f0660c95a6e9107b0daabe0a727d9db29d293d98e3064d6879cbb6f195c88d81dad29d9a7249d7026baf2a7a8661c65c992c3a5e5ba0fcd9fbcd51d5a88c373da51a284a8d4580424973
32 150 0 13 67 1 :e445462137963515c6ca32c68d874cac079129467d4b7d9302a6d1aa3869cf11f1b6c772359dcb8a131dfc492728acf3fb3f1a7111c31339482ffa6339d9892e8ef3a744cd7541e9cdf5db4f91152f78c37a94a48f5711cf1555446ac8fd2b7daf3dad542b6a54ffb2f479bc322de96481ecba7665b6913e5975e16f8ef0385eb9910bc97a1a2c51ffeb3790f92061f7d590417bb43e
32 151 0 13 67 1 :4f777ce6cc11de25c96dcd02045f1f25535fae80dbd902d1dbefe39649d41ad06a6cff8430733645a3408dd209ceaafde686f47f91ec060f6a1b7efa793a8bb20fdf1de0bb98e707d20ebb0ac7e9347a4659b919ed4183a2dfd2ad648a8dece65a710e7fc4e66ae23a770caca61b1fd8d2db67cf5a8dc316c7a803abc13d5747dd8fb897c071486988c1ca854df0fd815e382570f74b57
32 152 0 13 67 1 :25b1800beaf0ec27c84cfed81f1ed4651a9eedd6a98337f489d1bcd1fe5aae33b0ed0a65d2935c4cf31140b62cc4ead6809334dbad8d9bf28014f01cb323df9dda7a0dbdd3412ee48ec32a3b3caced87db6105fa5d518ee2346b9dc6009a8022c7a5b13e1e49fb43c9b8bc1df8aa373c093991d7b8fdbe95d1125226d9b7073113747bd83a4f6b53836dadee214454b9e3ffcc4c8661399d
32 153 0 13 67 1 :b67c848d0b354999d140f7a78a345df12bd6b09e904a80f245815189a8d9b2d6bf8db34cd8ec94604264c64880a0c7b4c7585223bb231ce5dd87a6491dbf8e05283f8ba4f9f15c4c7e4e1d4bd1bf222606a8518dc588fc5ff54897a37738b23b9c24ba34089bcbd40451f85860b9167fa2d2bbe6787518c6d31a57303668fa2e41fce7cde1dbda1d44835bd35458911d2741a9c5ff41db6a87
32 154 0 13 67 1 :8f5054745c1a2bf670032b2ca4ce81bb466a9eaca7fb4439411a953be7bf096d2fca46a8e18499d798554a2ae28ba5bad85750e090dec4b642b25e81311eae3db0bb90e3b80167f5d3a8dca14081f70829d24150f7edfabfe561336a274902dffc50ae0344265f9483717491243adaa819e3c168ff6d4134fbd63b6ba84e44d86ef2775408010c5fd74203dffa7064f767b2f32cb49a5c9c6c19
32 155 0 13 67 1 :39fd7dc94a99865b52327b9e7f0129b85f52b48afa1d0bf4d00a548e6b0b5f9967b87a8906dfdf3b8a5606ca555ddd858419290e01c1e1aa562575e8c4b9c4dbcb6e080af03cbd3199d2adf0c25479b779876534a79070d0ce8266e8e4301f6d7277da6dbbd45b852000ea5ce797de11435a5f17af1a9e6225b799b157b498f4f13502c123f031eed3563878573d1cc7da34e7492e960a31b9e158
32 156 0 13 67 1 :db264edab5f85c8ecc7879a71b1bee29f1435ac7676a56cb05d1ff2969e7fbf5531c5ff09e5b66ebdd44391cf77c9134eb82e21f3f6f7e370d41148c37006428872d703a916c1a8d73665d4384db468395b1bb91f5965fce5818a7993ab56f572a064b53c4232b042753e5e7b266f09bf21e40e92aecb89550ccc3b5a4d8e54d14c9955e2f2987674c576309e906e8c1ea2fef6dc275d90796c41c23
32 157 0 13 67 1 :4b5cdeb6e336ff6287c812f657c9ceb0206acc94e4009259b1855dcc344ab93200f213285939e0fc9b324402baa37d96b65fa5071fc222504d12ffbce6849247889cf3d20fd2e1baddce2437c3dc4f1da585276597c6e871a318499197fdac37842eda127133c266aa50ddd5c5fdb5df944b1e47c7dbfaa65151ad6c5f16b3593a709341feb4b55e3e9d86160e2cf25cd93263719e3076fde723fbb028
32 158 0 13 67 1 :f2ad6e9bdc5f445f102f87f00562264b5fd3b0139145f0af81b11455907fb42374b7f8a6b3fd7fd3e95cc359606e34daf84aa0f251c4472e553bd13509e17b9ec36f2c86b5960f7902b84cba76b96fd21e7d210b2a932a982b237853ef0cbb06a4d92f83f70455017e6d44e0856892d8e3a24bf7a9741b5f745e9e25de5ffee8969b095129aec9b6cfc320dfb5edf02ee6875437ef1ffa801803ec1d7e66
32 159 0 13 67 1 :4b1fbbee24035ce0334fb37a7665d88aa3783c883af39b0f34936c14d7f16b322001363826c1f166943a86a33e427b7c18a8f5b8ce2c70d605c5cb457c39dfc05bd7101bacabeaaff0427f1da1a1261a7e4ee682d5eacd21513478a2fe74eb7551fd5b64b352408b2c14755e02586141a914f9d470d8f3bbf4d58484806b2769568bcd079631d05e4fe74819fd86b43b87c67be0e1635c220e5860bd616c92
32 160 0 13 67 1 :c92da0ded1128647d60d7dc42ab6484070d01d0854a9abc65181847b94749b02dd8eddf9d63f503c82667b4d1295313db31b558851993a04ca47331b262d0ead97c5d27e0711093a0dbbeb3500759c1d809428f7df577ff43c393d7310251d99801a20c2f82c17ba380de6e73aeb1acf32c3878dd040b995ba8686806d11dcce2a050d498a606dffb9549cd1099f26994d9f44633bc0d668d6035fbe77fa6945
32 161 0 13 67 1 :c24b6f6e385d3133a27b3c97444b69c10f87b66c75ddf46973665628987e3caaffeb70d2d22c211eec4af96dcb5a012b73f19af743659a5517a14eb1a26e59c8159baf63a320051cb57a6e20554a0535e177280664df55f1fed6b9f946bcca6161de161f0f5cf687e5d5a45f094d54c327188e17d6d9246d9106e2a93cf5fd7ebd3c7c276bad83955a518d1974cba7fe149b5d935f213fc8e86f12154590ccb9f2
32 162 0 13 67 1 :174f385141b9b214ea715d22addec13e407b825c04fdb037b18474529abe271e86cfd8642b949aed93ae83d2d4fb42bf3eb94d81d0f898ad300401d1aa1bdb83fef1d284341d3005641e6e723b6d9ef3aba54903509c6cb0888179bc3fc8921939822c7baddfc5f00763194a600ab2618ce70a48ab943fb3d44c4206bdf0ce0c097d353357daa12c1b0a86fe709d8cd5098c0cefd3d3078399b06f5cd83a5c0c24ab
32 163 0 13 67 1 :8501afc395f5338a68ac2fef0d5ae36dd277a3cf8f305eab5d6483ed8ab7786f08279dca8772c23f1dd02bb1a7b0b36a7366eab2432d4c319756f85b2851c72ab359344effe46ef451a62b9af12fe3bd2707350d5ab57288fbe5f9f2eb70ae90ba695d6a56c2dd757708a20cd8fe386eb36a7bc2e440d0b804c84594f80f295c5a6b765a85e7ca1f5a85f37ae14712793ecd4af0b49dd49f809c314f9a6e657649951b
32 164 0 13 67 1 :cc06170d820f68addb9184bf2f1a1f20f515a3b21d828cc458df0789186a2211c6c1cdf06f315c3440d8cf1d8e2dcdd6a5440cde3093b6a77dcbbc7324f2c41fd794f9dac7ea8f1200aa97f585b1a9b1121de880a7afc0706df6e9d34c99f00fda88b33ebd374f2153f0f317ca4684e0b56c76069eb2a5116674b92c3304e82871e5a7a386d00c521e6d672095510bc33374d7b43418b4b459e4ced29dd4d6b1309ddc06
32 165 0 13 67 1 :e4c627e5f3d5ad821d693f77ae32e7ec86c990a9e2c4eb2ac7762a42deddeb85426cc366e48b8cbf5038d384c4e82f4a530f788f8b2b1b1277094a3faff3a10ca43840aa03da0e380ee023db13146df66af985436511432d04e2d10f0f3c50c8076b3a64892379629345799aaebb0e8447d74d23c43b070a780e2393f7e3cd837a09b3dca6801e6581dd1fd593840feb888b13719e4d9dc5fe987df26952088a575db4053b
32 166 0 13 67 1 :1a4cf9c33ca01ec37b5b15b2e963402aec1a8573fbcc095d0dab4fc01f8824ccaa11c8cde78e61e2c4bbf8e891e2b0155eb48bac077221eaf9010b65010e18d7345a35d15fa0ad55b84516784ec12d329bbf70b07c001f008104bbfce81a5e60ad5ead9c6b9b669eca663e1c75766440f0eea32a3869d2b70be9e5d76f6a70624466fd0694693875bcea89a4f45a2585348645d53d0fc0313e3e407d89f405393ff0766d90ce
32 167 0 13 67 1 :5699bcb6c69f70e160606c422bd0e73e133ac41346c2a12544c0419ea8fb6c22057452d33dc6562abbf985c67b7712d60022eb7263ab911b9ff2153f7d62a99adcf41c46cad9847fe2b4740878137151bdaa7a98b2241bedf744988ca70f5cd553ebd75600c05a0c0bb93c1881049910d5ceffe2f7fe614f9c20a483c1d6f9f5bbf687fc59eac2e87e061d1051fbf1d220c64c52bb40a5514d600126efe86fdfa813d5cf91dfd3
32 168 0 13 67 1 :25db2a42c6642a6d3149262c2585fdd985f355effe62f1deed99399a9a9408f10e3156521dd7e5aa364f676581798321451cf51fe02249599dca0a0d40f4d62f759b7218d17107d4aa8ac03c4e9ed44a684d7fb3994aaef721869975ad04bc963779ad149bfde0da7b4ff400f2dc2dd0eb6d5cbf15bb58f5ded46b08be0b4acb044fcf8a47cca80efe46aefb072094e459a66734eb4646e4345ba8ab5875ab7fa3a0e987ecf914a1
32 169 0 13 67 1 :ca5deea5eca09a7e5d31d2b2f49edec6955ca1c35c8d2c34faefbdd3969d5f45edbe945b5e73fbad646146c252e77c02843b38e0a5160eb489844823e8d9f6f4f4b08155283802f9b63d6a2bfdb8618f6e575b2174f5204ae14375d6d137e927fa191a2258b18306edf3532d9fecd6f3875217bbb408d6d2a4f3ef3eb0699f66a2cd051c3da209d8bb9f65e451565a4ef040ffe052cb818b18da41dba4d0ef45a221b3e4b2b02cab72
32 170 0 13 67 1 :a9247fa8bfa4eb3b4e3f7ee1281c641f9dc35e6b49bee09143af1c30d8e7aea6589a1b32a4d2dfc4c6490fe0c5dd3fb1757a3497f69d069364570b09907da7356fffbcdcd0a7df3e734ce50328e73b4362dc6a0f5d26f7e5aee779fdc2c8db645ffb6e13190ef8c8ac48b73ccc2655e63113fe77ecdf63ab233d6af92cf7beac1ea51a29460bff1c3c6616a64f59665506e75748c717d52a0d4d488881c21cea97536c3ffbae1e3f380a
32 171 0 13 67 1 :35be4fd4e9d84131bc4497580507df1bc527ab77130ff7440ce83ce2e6d50e3892fb0d4001e670e3464223148d286c6c5f369cf4df5815b4986f80754eb38a22cd39b06f8d66f4692fac5575971904793dda9db36a43d26a0ff1e64c0fb40ffb361abd56c5b208ea0fa38f81cc155c3527384240f26c75088192c1897945c20a5b9b18d75b346fe3672652ac146707c28421a921fed6747bc2edda5e1e7c6eac1f7b657b398eebcef16c4c
32 172 0 13 67 1 :fdd202d5ecf2bb188e7305936626e23fd9b5055b5294ffe78a7559dfbcc8b7005a06b25ac05756417201d19fed3057fe8df8d372cc76d30b115736c59b584d3fb7f305c9b5b7f6c6cac887062e1f74fae870e1aa32586dd4b66d5362117ecc92a98b1529e44d13f1b3a08761ea3fac342b8b0dd800c283e8decfabee07bcf530297280219d972c7da8ef245e5021c866873e3ccf4790e0c303a0b5e7989c831d002c75516a7fdb4911f1ddae
32 173 0 13 67 1 :1a731c23e5cd32c39b3960c5234cd4d526436451d266594d45225991271881004fcae8df6b46db9ac818f34f02487bd86f75aa532e9ca6f9b8a48f4a4d1eea532ca1118cc06c097e7f5348cf9958a57c541176c300ba94e2f4d58892b5e406392bfcea7ec0e68112c389399f5c686a758d9da9ac06e8809d20206727c7528e1761c1564f46bb1dddefc29e846cca9dd9eb1b06c2a7b6d334b7ba05cf985130de51fb48ff4ba2d02cc9ed0aa0c2
32 174 0 13 67 1 :f06ed76352ec62b10874d9c0582c774e3a194bb1c1d851a8f8cdf2ef4b3665dca4893bb54d1b6a18ca37e6ad436a1a0eaec8574ba504ae2c11015402bfb46096154f0aa04485762861fc326224e8c04c0afe67cb7f2e91f9d0d122666ad8ab3a325121a12461b6aea03abe0b5eaf364e18e47e0bfa5d55e6d513c8bc3bc41a4e42c79213de3c8e9b89e1949a672899dfec09cc7799249d6776c86156b5f471bfc26c4806fba91c140f7920654302
32 175 0 13 67 1 :3fb171cadb97f1afc2d4be436a46a1a89c499ef874a10e49ff06dca0bd87a784f5b514608d34930557a693980b5c534646273de6c15e78f50dd40ac1b63b05746250da72cdd281af02d789dc4e3042f46ba1dae561868777eccf08f25b8f05b3f07667f54e709e1f7761f74b85106fcfb38cc8c5c3def89f2f4c18c820aa2224b2620c2d0f9db97db2c744d81f14fbc024926ee17657aca0e21d2b7cc4159d490d597e5d6a267e70408f4ecaae2f13
32 176 0 13 67 1 :28cb88d0a63b5b51c67561c9e78ee9aa71068bd6a4bd2c08802c1229b383b1e60342b0e835b0a12090d642c68b5ff5f816f9933ec7260a7bf7c9b60a3d1d5c1a2733a7e98436dbcf4ee08b54fdfc4ca3c3e338a38367e7b004470c9ebaac673990a259fbe662839a4a5c36ba1e400db721c155317752ca280a5417460f31e2bba5f7898831a08db1273c4a7386b132412ceb3e80e1b87d6a9ab50ca8107929f531c578b1da7364cb41f37a7dc419b9c1
32 177 0 13 67 1 :683ec9153d07c6d02cf8061c8bd4a7c5387877e7b76aa8adaa865f6ca213d598886f5a2c9156216b0fbd548b24c043920bd7f299f5e7b0bc3efceb0f3c50736cd736831459c2742cd669f42c1a0d82eeaf308d573e5d84d5d66e0dbe1f71da4a7772289cbd731e2556cdb8c0e87a14263c3e56a5198ee342ed39cce19af5f1eb40af6385c005be16b45d0a15200e117ae7f9002bf992768325cc1ecab5366c82672704ef5f3c2471328ce25a0a6ee7239c
32 178 0 13 67 1 :d2d1b604aa85d86df90e7be81f59a86a110c66629fdb8fa3cb4d11c9b25ff13458b9a3b576c92baae5aaf1af705716f74a37755ff4063ae56f126a9021c7694c8a803d1256d37254f0bc66904eac453d4810363e1bf1dc2eb90e548c0b808ceffcd5d59852b1c9308e7e93d0b196fb9fc45500bce1cc92f50735c1c45e9466633db9992c94a5293a5a9d5ac58d88a47404b7c67ece00f47b182f2d6920ce7005ee07a0e4242fe03886b30f8aba6d521cf076
32 179 0 13 67 1 :e4f60628cf9953635980b550d9f450f73487cd55c64241efb1ee6fe1137613874c8f736b9180a5edc4d9ce37c754155e612121cd1161183b87800407ede1d561f642a2bf86949365215360440ca17de208f355004e4b01c69c1d718823c950357e223c1ed8a4db58dabfd86ae2b32d023e4aa91a699f93060a25383d90768843659f0eb1352ec09c9e93e7f35431a7141a2af2969da40b25aac4bc417db8eab953e0e640ad611c2d71cb19fd660544b3becd9f
32 180 0 13 67 1 :4d4e0ccb267077f3066aca098581133622a3ed9463a843b38deeae1a499aeea9ea40329b40f1b8612a817b0f1f461749e1e602fc1c9cf7c90734e68190faae8380f390f9c3c2a92628e5d31a14bc4d323e4e2b09b68fa6be2ba4ea70820e13363f4acfd4342bb7dcefa870ed546a534a1e7212dde1ded4c99760d90012d63777e0852a03ec4bbdc951798060670cb0f993428952919295fff46a4b4e1368662111165f071c94eb644f5ebed50cf3eb8a5792afc8
32 181 0 13 67 1 :55bf78bcafdae8c96bb4b1cbb95fec83b3bbc40b7f106068296aef8d723fb0ad6ca8da77a329cf871f813db4638cc35fba86691fe2bde76a503060a1b47f76c4014135eb3f054097f49d1c4798d4ed87aecdff6791299f31605335d057b30d170a4891313c153e11473e7c32c3f547cce71dc6f4b81be49fda3d8236eb0b549b4314a0b48bf163263d4f53b1077ddc7e8a664c80c8cbe5dc802971c470d789781a052f48b6d5eff6d4d45e5387e14ccc131c81982b
32 182 0 13 67 1 :7b2c870eee4892ad58e7d2e9abd1a195d942940e4942618f7f00ad57386ce6d3525df8be2968d148c080f957dc21f64ee4946fe571190b2b95d7ab0c97ac2b6906923eb1ea5821944c3627552d4eb1a237ab23bf5c3ffab3c042011938326402906476cb3039c3fbf140f92914f6df4db73e042b613b3b6ce8304d50fdbfc18edd5331ad93f5bdde535b2e7ee98131c3e58a06c6c2f60c2f855576238adb755eb8f488db1b6981153079989cfeac4333c70603b71250
32 183 0 13 67 1 :75e2f6c7c3f301c4a0e5d2e03fce28c9eaa33300ca8a39991ed39779f18e24200f48923c7131a1b3099abb9ae4a220cd3a6b04bc344340f83dbb70b8576c4ff40e27e318ef37eca84c73f5195f1c7fec6153b3c4d0731241072d94524bb975d48e8161fa4a29b9a12ff13aba85ef7114c1a46eb42505059464e5794bb2d516012b6cf301f4d7f94d8ee7320d31fefa51c527ebf4ed16d1b2db4b1edff2ec1e791eb869479626f7add426e83e37840083756c215922a26b
32 184 0 13 67 1 :1b4e0a72be2dfd91d365623b3afe79c5f38620aa65a1647cd81d92a1c82610d326682dfdcdff016e0ab21ec1c1454a92bcbf5059fd147e910655d778d250f0b3f91d01488c7fb607fb58a10a056a86f806e2c0073d351858d668067f90b07882781a5306d2fce9390aa0111078a9d20ae73f71460dfebaae997200e1e4b19dabbd072dbced1f09cb560ad71508034a48f073f58f3275abb981d636da149ed49b5e8870937501085946d7fd0a45d3afeddcbb84f4dcc6d5cd
32 185 0 13 67 1 :40d1995e3fabf6cc771abc32cb18fbb3b763f05b3eae8ad890b282453370473cbea0caeee7c8681f9f46bc4a0a70fe20918f4a8682ea31e6c3f4e36656dc5a396c5d1fdc837b4f39e11ba5e8f4ea2fa45106926d6571bea92c6d5e02263e99b5434aea4d0bfabd9ec74c3bc5467297e5f43cc5cf75b49548653000940b1cb9ce4f20b4ad0989d91f2ea43fe20d24dc521033f4bd92c2eb6a2f10376b0b7033c0b83b04d058df7edd8eda3b422fb19694f1f456dad1f98be88f
32 186 0 13 67 1 :9e649758956dd8dec51dd23d7c2d13562be58f311b3667223bf7cb435ad5a8f66699fa7250613c3bef942a50bd7fba060dfb697215ebbb24467c0d8aff0a8773607e85eac0707708dc67c0e1b7d4284b2cf3111d259c72371c8f75ed7627284699d7440d065eb16c9dcb4012d1bd77803b8a4351e1b04529ec005bd9d6bd8947e0e45f25cb14c77afe392f009a9217f68dc8ae39a78b181fef7cf83c485ded0a4ea11f49bd910bb1f57b3dc0f203e6469205b6b48ec3dde3c50f
32 187 0 13 67 1 :4a85f6649f2131eca1458545788c4bdcfcd1956705272153a8328e02b4a0b2ce327c11bb161af427d31e077eb4d5c2cf1e91cf41716b4c3f0586f70228ca856b969a50c1fbda7af1de2d9c46e048d8d73a56e5ab4e343d63cbc7d7d0ee4ad7ca15639272624a4d1fea8264da6f7d658fb16f97dbd377573cca7b125d86e1c146879be88de97f6cfb62e95781479cf377231e0dcdb5d6943c295546497312e13150588196624245ef7ec9a3b4e6a8d074fb1aaba9486b2a3c9e3511
32 188 0 13 67 1 :da806826f01e35afa8dc23dab5a036d399798fb4dc7fd11f91250df372cb829c7f435a58d7a610b8baf29e212ab5018ea863cf8dba5831c7114a88ea72e5ff84720ea29ed1d13b0f9ebe426b39eb6581f878358e9448f3dc46d32cc8f8a34c1612a4ed356b2511d58a3fddae483b01c7f6b58cde17179ae085e14b048ba2b39fc87c7f6f64efbd4db5bac574df085f669b625b608d78ad21189387b8d3ed9d51d6f167721152d2d03274a92388b772deae8578b01901a24ba26fe8c6
32 189 0 13 67 1 :54fdd10962a8db064b2f19cb5eb7cf74aca294ecb0151231fa6c995f171e0cdfb0bd1dedcd6a3e0c3d5fa75eacfa645ecdb6a14c0416ea866dc2cb08f9d6249ec63cd1d567629682d4cfef890ebf03b253bbef0d6057167afe5756895c101696aae0334f26b43d45c76ea8693a0f4983c89019e81289cb93893b49eb498e9b1ded3bf6fcedd7e0953873efbad6c56d763da70f3bb0816cbdc69dd35c6fc1a7a0610965e7de1a510a54157a6affa6bbbf8221fa0dd81f7804357656d229
32 190 0 13 67 1 :e704af1650c91eb9ee016f72f6923468f5816427bccd11442c43212f061d875f404af90575c03f3d51b0db2a6110d2d2e58aa76fa2c941a90025926a9416975bcf9dfcb975f5c24cd0544b25e8250a5cd61b6a0401594e49b5237653b13d44d3fda78225d939e3fcb13fc3bb388d15942dea2571e7cde886c67b10e2633d30724d2729e024a359fbf34fbe616a59667be5a1d3f6105f24893758d0871e335f981e80ad7bdc849698512a9db07db9d9f18b193808f037c0e9a4b0e7fa1bc0
32 191 0 13 67 1 :2268f23f3112db25bb1cea6e1288d7be208acf86a4bb71b7ef501c4ff57313985dc1e39d50f6a3d8e97d3368f6c6f4e2a55871be648560d89caccd358053fdbb160dd76309aeaa37851f91c9bfdde7b4aeee27c920e8e00e015c1bf4f46b43e2c6b7fc4681a71b735fdd23478eb8f53004209ec8bc57be3e485a28e79c885e248209212ffd637b71a36b191e8243aed7b2ffc8712954396279ef309ab400f84db843b7bd6f78cbedd02c13d94d73e391072bfc10a6dc5071ed8a3af2ca7cd5
32 192 0 13 67 1 :f130058cbb340a3e33c6f35224ad7f2aa9e48bf9d0ed852e94806435a1da8548e3ba8f79bb5e5a4278c3795277a031baed2062767e366b640bb39b0417cb9a31a0cad6686381dbcf63bafeaf29c469fdd169fb29d1fe1be714c98cd18cd7c196e30fd8cac6e33b6587332b8900bfe26c87fa8855f0962a4676e7007c299dbba87e621359daf0ebece5a2dc52b3a47652b6bd3e4f40884ebfb5f82ca5d60e9d05596b24a4ebd1228dc37dd4e7585107626f3e7f96111e751edf6953a2c52647eb
32 193 0 13 67 1 :dfac6d9bd52001ca163281591dc7e0cb1892472de790f212718d574b6c4bcd6a0b3c65711455a8b4983503b0b82bb28232996e60280aa5be2b3cdd385e21b501af15e3cb2df2565dcfe9150f9b0a551f6680b2a193fb5f5a372290d522b5d22120ade6d03ab3863a5884edb3f411ded7efad19219877cbf86fe15484eb685d0df4d73f42c02260a2e448b41cfcdfb865f37d467eb47a396b3a3d6f21f910052f4690ff315ef7555757f30813a4698cf07df693f1e035f7869fdd4796c3f2c7ea1e
32 194 0 13 67 1 :16c53baf72c52b6cf5c72e9d19cb809b8eb8a0d87601783f5f841beab745eaa6a74449ae1d77c6ca6e72b926711011e8b4f0307cacedbf6d943b96124505f16b2309dd1ff2c84f0203dd0eeffc8615cc367937ffa902f929c12b0a083cb63d4c0fe513eda541b25bdbb7eb6cd09b0c532cd885eb6a56bcee0b9338546113ef11a7defbc2a31e8e1c5edaafd86cc479622e26d26c338156f491101a7c3e43f30bb405a0ba8fe9b38fd9da30d26623cdb5d55f5284dee6398707b03986488e5ae6ccc7
32 195 0 13 67 1 :e4d51fe252bcf720762d6a22613f0e90ab2b68c7574b8130984d80f6757326b0302ecb4cc33e13b2618926b8ebea2a3bdd3b257ac594d8db2fea0f0dc92329e1e5f9af868539de3f5c0d85cc25c8c7e336ebd13a1d875ea9283dd48ebda7889a3d65d0f81daeff05244cb539b3fcd420c2a6a005d387c3f95ec61cdcef33bc8fc2ac14ff97c6356bc47a42c528783ffb4ece678873d24c2e6e41778719a2bb273f985129ee018e15f635a9e406b953db3d21f05a8df51f0aa9c8b9fe8222a6b4aa3ec4
32 196 0 13 67 1 :19a04c5d988cf382d98c7cc4d50f7206db3bc2ae54127fabbc3049e77176d1349f0b13513f439fc785c9132b41f0d5fd6358060229229cc3b6a8736f3c7c697337a5943d936de587a2538543afcd480a5c41c371d2b5fc59fde1f5198e13a7a21d15d67f0f4528d734dda5dbccfa20a1ee781208c477ebb869442222b582952c893ad70c947bf1c26f5f7245112e35f57b3d87f1bee08a96f1e0e013277bfafb03d74cdfc428a07b0873a165433f2ab7dca2312693ec8e1d0d25dfb34a1d273089d47893
32 197 0 13 67 1 :03695a734a810f1b8755634a06ebffcef0d9d3128500f257415924ec1521303d980b6de5ff13b6ca864551665854a8a3406a3ca09a4aff706831add9c4876bdf94c230306fdb51cbbeb8ba90b6d2d423a036e33f79fac74e622187d690628c6015dd929ebf853fdfe88c04f8df88fac27b55c65f779dccb861bdb6f2ba600d5fc2f8bbc20dd07138d8153c18b81f0669bd2e9e1b7ba37e3f0d5aefbafdc5d563e49d196b7cb911e744467bd8548edf582e15616b75cec55e61cc8e7fe86204d4f390000dd6
32 198 0 13 67 1 :966d4c54080261d06d39e7c626b643ab43cfea69d3edb1f7ce63298592a93606e9241d2f69aba5d86cfbe440654fe3245771a53855cfa804e9347b0cc6a78610dacfde2290d7a89ece8404f52d7ad09d19a74e75c39d6648a1b3056f32e15f85b09fe6eb8171977a1799a30f27d9521d34cf5cba2f99aba1e53b2c65aac9070b609df3f5891d4daff72bb6c34b6c280b44de17d3feced5250cd9bdd2063d2f5a4877a2603006ec689f5aaa4384635e314b4ed9222cb65c2f9c95921eb6acf07dd0a817c8a1ee
32 199 0 13 67 1 :4b7f3a34e13770a80c104b281b2af86932e551f1a8b305d4a900e3c8dbcaad562ac24262d1d9f91b390a5db0f29504fb4e6587f479208186f0f084996973827d4062b68feabdc46d1224b31da79ea52c8d8d2f3e02da8ea41ffc569b2ea5e4d0eae56d5ffc6e3105dacf02e3d12ab9ed8412a8ae4971d9ac23ee0eb82eccc0ca734bfc2c393979b6fa960e149ba6b3aec6371a0f788c8c9da8ea22b690cabfc3e93765f608ade661d32a65ddd92807054c37816b889dab0f59edbae51f03737730436315b5493c
32 200 0 13 67 1 :3db6482bf57e1c3c25852fa705746c84ed49802f545ba61a4c667d056431eb3166982db4976d61eb75dd6bf7da606c5633c8c206a7ae01a0af4ab276a2324bf021e1b30c6d3b9b932119329ff0143d620e06dfe61da70ec1c4eaaee93420b390cf6aca935851364b0dbb62803fd9fd82a438d11b9bf77dad4674bb718908ad867e84f92e3f46439ea3ebd78210a0c2c4dddac9e87b35add45e216108e6d28fb564e2c87c8f765e74f3d9f485fcffb67c346b6976ceabfb5d7606bb35c0676488c3188c5f09518a44
32 201 0 13 67 1 :2eebf387248c56cd186386febff992d51d092e2fea366a763324cc240fae41e4e62181e812f4c3e475f1655e8dbd34f476c1e6bc21cedbc183449c0933949bb76546d97495b1900e4f513892d6a36a6f4428e3202ae6bfb73142d5f798dfbf19db5fa2751139d6748a9be50afa38f2fd4faec440b1d9696f126b9349114c0c8b3b1f8e191b4e8c74124bc62009de8c53d81658df9ca8dbef7cf330f7890f9ede0ce59f7f6776abdb4f2316727eaa7ed598802654fcc6a31b195b9a7d486594d63712278810385b09d3
32 202 0 13 67 1 :277f5483b26614fd6a58a0521cd92c065c9094147ecf9ce9bfa7aa2127f3fc51c27a574c3a9e204a3b606463b4b01b79b4c8832c3185755d007aeda2f69bb512a3ba6f70e8009ca0623cfd78916fc11f62ff7e0f3161d98c872fa3a71118a51f3d1a4344ece891ec530def7d492700a94fc0487c8fca30c6d14d0aa15812cc5df1c141470b3d8d080fced833d5f04254e019270e92ce073795ef01d47f5db10eaaa0ef4ff45d1a5dd04b9926062c91b78b0248a9ad8f50192f27500aa5f51b2ded34b6d77d0d8366141c
32 203 0 13 67 1 :b7f15b6743f7313ce6d92c5c168816926c82efcbfe969fd5c824f9ee079ab7909ab5ced40107d88d6bd71b4c5c3a9e382e1312514fb89e7ac8c39510a98d60099dc15be29963735799e5818021c1ee7cd49727d20518397aa23e4239febe81539180591d854d7728fc080381013e903d1d2b89ee9733f6d1efb052faa4f1cbc52785d412ac14612243729e1761597123fa46c8aa17325c5b5afe47d5e86351b34ee48708358f55f08739720a36cc5eb020c59dfe12d4e897f2264eb2833424f77c0cf0df8933dbb4e1b128
32 204 0 13 67 1 :2ed567ad4179a7ad64f82d258a3d48bd44b6f733e30c31248388c0042783cc3656c9a1d1debbc7180def11962617fdcd98c6380add339b77d18011e52030481212b6561786011cc579c152c3c180d35429aed67141e32245688f667960959ad335b48622d417bf856bfa0952f6dffbc40d071d551a33b5c3b6fc7e3602a846ae40cce79a9865e596002d74c2ee6e302a685616384b56df7d222a665578f5725e65977e95b29ce73cd424a2d5e06a7c0f5ae7eef9cd61463ea1591ef0a31576c0b5ec7dcb09d75aa97708db63
32 205 0 13 67 1 :10688b9e08eb25d213ea67809f57f1dce041f121991feeba3023bd8a9c7634fc75303891a27ed69cd4fb06be6b6ebee2e188066ba943fc64d732914b3e6f716613b47bba0626de4407231a5300c6e8a988866298075a279bbdf1f6323a7cc84e53034f9f3aff50b47fd303cc75bda4bd5370393b85009ef733e280007f587f962795331d17158f57e8c2d6009611eb81fafa950ee3d8de46102daf935316fe57131cd4f17cf85560141a4ef5e0b8f295b5209e83197b07222c0c9a5f22e9477222b28263efc3bb9a6929c78abe
32 206 0 13 67 1 :096c9d331725549fe2b58c72ecb87ea6755a758b38397a2ddba49341621a33f454c469d1abf61f2546576082aabfbe0e66464c09de71ad16bb799a2c3b905a395ba4d4869e888bd56d580a93ded08bb05b685e737912964c2927b8fbfa5756f8c15ec6d5b9c37289e162626e00140330b86d7687638afa528f44875ed59de5da15b70e3b32a768147d2b58c577d41866d9f31f70de797954b3ea65dc600c9d0f36c79eb25a89d479327e3ac2db200bafca0587e3fb7f126030128c077fd505c10edf7f87c3c3ac75a559b83526a5
32 207 0 13 67 1 :7dadb775023a944aeac5fd2bc0c0a43961e8b95fd30f2d6b2d6c79c7b30eee15694add18612a802a4e205e6df3ca257d0f46277cbbae59c59dc07f24c6b8ab9940d5c4ec4abe2bfd3ab74b1d0a50f52c487bf7b7e7bb6773651650dea24d582d1fca523b29b22be6b5bc8cd0e2a277fb9a8a353df684785694617c49ddeaca45a4fd5353452a41206e78d25f54e5cdfc1325a131a39a8c0ae599c45c4f5289c6754d14e9f455d0b8e11a45ec3d7dbad13a0cb0b2357bf9fde3af166985ec81cbb5675e5a6d8caea2866b31789311f9
32 208 0 13 67 1 :18140cc8d2631614752fc207dac190c799370b66695bf0b6c51a98a6a154efaeaa3759b1d5799f03330a7c8c941aebf02343eea93eff54b2c9e84e9c2be07135cb2ad6871545c065f3919e0ceee3c10059e0b03d7f7f1e6b293fa0f2e2f5f6e65f33525553a6dde3507358b2319f650ea17a8f78e9e2f508ffdbbe45f482a2a9c909bc8b80a22717aca1d75e12a5b394395d0ad466983640e3327a381bb70e7a0fd486ca28f912cae15af2c9b327641b5dc23a6cc89bfb57eefe574d909801f98e8bbfd7ae34ca231ead8a6e5e242fb8
32 209 0 13 67 1 :21142aedb3bc6223eca38b7d99adab7d751164e90baf37f5c88f0245a7eb028e59d39f286b198c97e680c2fcb1918ae9e0b4c20c8720555b11edaedbdda4b86e98e78f84562cd78b9b54362711ad1c278b9bc1e2e0a2cb078c0c8229bc592ed1c8628dd192cc77a022f2112bbc6825b8ae31037adbf0dd3eed97fa784c6305bea64e7dcfce52ff03a51507775d90cd4e0fcf045f349ea03e3cbd03bc31c9eaab0a4bd26422de7ef854e1b99c394acdc8720825f43d7b5e24567270803a09fbe3ae268aca9e0ec44fe6963656700bb76b6b
32 210 0 13 67 1 :77fff5e3b8b66ecca8ba6063803f54846951d187c557f71a92aadd23eaa7f6a2c65bf733ec92366742182a1a2dae253427f5dc85ee7229047aa10f432bc4edf8a55b02e013b0bf17aeefa6c782d579ff75179b2e29f7c797af47c0617e2b27383b931a3f13cb9be1e139c625b1f591ce12bc073b5d5c2c726821a616cdc62020afaf99f53e5ff3933bf38fd2ef236d323f645512c7f20119997ceab87e1efe49817e112050bdb92eb90c38d3c0679067bc10663e890e4a807d7bbb28c9e3e7b33c863c02bee13d023896a1413215421e591d
32 211 0 13 67 1 :a846b58fa76116c0b97e497e76f900ec9f223c6d8c3585e371e7dcf5b7f75e2255dc546c4696a47ce89e15ca4b4690dbbca6be5078b39128268412d0d3c19730542d48dab27e2bf5553d668b263c9f2f93b80c2b58d64b4fcc25c11009dc6bdc683dab47524a021ad18e1e3e64104bcabd02c0ae8a5d1f5eb1dd795f849247b93ea8e7c0b2e73fc07281637fee1740eb5e542c50e984faf4d9668f813e81ff64cb88e75b4cf747b13f9d3c68eec9a51d37fee068c51a7b907595b3a4f632e694b5b199d041ed742298b52785c3bc2a5a332fa9
32 212 0 13 67 1 :4b39ba9e568f3eac6fbea6c634450f362fd660ccace4c2b1528bf31b4148152d49b6aea8c4db294b2f37b770f4a33b260b7ed1abaa815e9a47cb5fe3857f3df431b68905ac21f53ca7e840b6cac50216a6a86a0880d33ec508cce49233fba4821cd86ecc14b3f2fed8c2953ed486b832afee5765957d2302f47fa53fda9fe6d518fc60ede584336126adc48c4f608a52809408e9fe87b4f64e44c708b39abcf6645a398a1c19a0e0578a6d2132906e682a11fbc2e9826d0cfec536250f25a0a57e7d4445c2fcee1b28ee818a6276e645e6199546
32 213 0 13 67 1 :d65aa4aecc04f09202d0d0090c9752ee3588874f29409a5b7bf7a206297df1b3f2403841d795cffda967cdb2bfa7f3e2c157b4f17d6b97ed8f4a70c72abae3ecd6b780b7a75db56f241a1776510c9ee160a58e57e76ceb76812e74d5b3a299fd7e812ccef3af019f71694dff3c13f8fa85253de6817560f5ab92db69859be9cf22af1ebcbcca10dac990111d55b467fcb2920aa6f7c0bb7bfbfc6ad14c4614c07ebb2d56307407bcb7d21d48a5db2dffd1f5b069e95dd3ff658b9182dabc4452d60494f4796016c90d90fedf5c26090ff39aef4f5f
32 214 0 13 67 1 :f1d545039aa353f89579a59c4f681c4105a77c3d50ce07a17ea666fba0672bc2e5a27ceab74644fa40ac31997fc32bb125ef5cb5dba17a32bedc93233ebd9f22da9b9ef1f3a5b79b837b0147cb9e012d163a6a71ab337774fd001302903a9f4afa9b092dd4efebba4455a3a4af68503a65c47e99c5799077a5f7454fe34366edd5a292bd0f3f88ccf5310483998a8464636ec159e257a1789c006b56445aa958aa78dc50cc731dd4d8805a2fe8dbac4d3be37a994c4645a521e2027fa69cadcd0614506edd53b7e70da60506bfc897e22a78e812cc45
32 215 0 13 67 1 :fab41f59b717ddc9d55bd6daced12e81d25021e7f598becc33e4dc1de3678d9da1b3abbebb72efb69451cca4ab18c1e5214a8aa5ecac423c799875607c6927c72f1f6f24b06830eb877ce88d377e15a2f5da19a439285b6474dab3c7732824e0305e53968d226fc45ff78be68b9f656e9363a3843a374bbc9e4506a51b9c5157d24198f0953d954e7ec9b7d2a9f00b2a381943e96854e380e54a633b069f49b5d5f93e138105e4d26039dca25f6f7d7c8e656f023fcc824b1aaf810e64c8ccaeaadb0155b3e245cc6d8fe92ed3073a4417e4872a52424b
32 216 0 13 67 1 :340f03524c39c9caa5ad4f280874034ba48651064cfca3ad0fb0e3b4dc149382bfb2a3a15cd53db65099a745dcec227cb2a3c00e520a2af3d2d84dd822be038acda515401a1e19d0e799dbd3fa58bf639b5ea82fe539450317ac7ae5b2e59ba20390801741c6c196713972f05767142b64dc87ee6fbc23a4b9510bcae2b59d63a48dd5b93e844b1622edc4860186c09ed48f9057e624dbb70d86c263189c3d3b49a08629065219f8ce3581caad49b7772c6a7de96280710dc3ac69dd036d94f266a316b155d2628f6a795c92e3387ccdf96ecca60050339f
32 217 0 13 67 1 :85444e476f13089b14d2d0e24ceda074a885e213ad935a787e8d3c1a63236dead1d56c0aa04997592345e5db43f5152f563df443a3e7a2a2f0f22a6c0ef5602af2cb67e5ccca6708c9b02e1771db82d245a1307de670424de7600ca595af25845944252cb4fac1d04a5ae138c8096d0ba8513793ce1eacab21ef2c3cd56e26460cc3d8134aea66c57b7f9d2e2b5ba0a48818366a70ee3026426412bdcf61633a471400b8141421bc4675dab1b6b1e3f097752c0869ace3eee6fb5a123fe90aadee6f0ad38827079caacd875ccfd9ffe8d331198dcae8e0f949
32 218 0 13 67 1 :ade8d73fed0bedc37d6c0b64bf583bebcd88596db92e45b283db9dcab1d2f79316fe829fa8ac7450504f24d7367aa0a5ebf4b25ea16956bcff9eb6a4eca31db61a36c66ea8b491f2ceee14ef40bc31cd3d57b6eeda6ce28341d1385bac39d147ae2c90e1e5ef5eadbea669c3b26b72152781f50bf3b63341076960e32a34432c8e44c0cce29d4ae8c970ea433cedf9f4d072f69c5411d220353e10499582c1150a7037c2c77ae9ed6ad03b6025ace90faa472d3ceb19dc2054dcf52649eaa424f322b6423c08af1c2597bb291cc1735b7bd112240bc935e2560e
32 219 0 13 67 1 :eb151a94c11bd8f598f4ca18d717a03f928f6f189e15fd6939a37a0cab70785b5ae2058f81d7bd721672f5534565f3d5463d93ced782bd790b14d9da6157448a0f1ccabae4de189fe735b84295b2267a68a7556fa0fb83082352668f9953aa23b8efc498ec482e925adf8faf41404588d95f94042842a65738a879db9cc8126e7730f0ac96f36f6e5733f97b395d875fcca94c5eb491c41d58486f1d0b0c81c5a635d567b6d09849f2f0b57b9520a1f2e5c6c42a7ddf25eacbd2effe8d16e4905cc2a3e7917f874d7007270c7cbb59d1dc8aff8379ea850284dee1
32 220 0 13 67 1 :bc300d7e6bd0deaae060929574c90e88e544b730e339533966d32e59e0d7f904c2e6f24c5320b0ee57c5874d5122eb3303d76308700200c793a981bb592e6c740ccb73d93cf6367ce9979e0dc22bce14ef59e857df080d34ed4abe6d4e2cb19fb8b6bea4aa77b5cd9256dbfda65d19b3e01bb8fba68689f0db88f6220eaddf3be46c082852e4b16170c07249c192c28019766b8669f0548cf77cad7ec2e7f75105da61ced4b51bcba8a88ec81ca2b1267b5231a2a9c1dbaf08fa0468c9aee8a8e4dcbfdb9b44d7453920dc3c564ab8001eba59290caec51b4323c9e0
32 221 0 13 67 1 :631cdd81aee012e2128233c82a82932d3d7520f8179b3592f96268386616729175a67bfe3dd3090b06e1a31cc12a09c50fcfc3fe0e5e1a76179c12d3c039a8436e72cb376fc184510f4230d0cbe1c4bb547b740556a7cd48c85bc27ea797b6b2007ea57923e918939028a0cdcafc2b3c864293c85be3c94e112d2e845b168503ad4f57ec6225d60161dc2e0ea3285d0b3d4251ec8478051e427b94ff449e59aee4f1576ec799e3cf26a525dc69d67a9f4054c67fcbaa4a40e6d69897d25fd83db387a4ebda1dd70929fb4172fc83ed776dcf20171bb098a81631e3e9a4
32 222 0 13 67 1 :c268608baa30319de8a73a36607d483b3fb6c9f75753a29b6cff0dd6b690ea0ff6cacf855c0dbb897b32de0ffaefceb65264f9e4ea226e76945dfcaeb6654341d8e903cdb1937fd170b29b394f74ec80a10c40a98a8634f7c1886f71093c286e9355da6326de13a94e3d51988b9758dd3d10e0bbd7c1638086330bc55b0385009b391a2fe2dcd7f2ededc12f782215adc5e6ce37a1166a873f4aee1fd41949c956d276b98a7b16add1083bd2ea07aad52e748f52424cab4d845d9b63aa9b5fd05890cad6545552fd608b8908082d4c0c4f319781a88854808f4b3e12a12f
32 223 0 13 67 1 :64d05aa089c3f9aa6f0737627125b1acfc417036c6714e9f5dc778a5f36cd6be66813b1cebe2a95376fae6bd936fe46ce7173b668fbdb030ebd1c37631f53ff99eba1f959eba6e5655416d4d7894556cd4f3aa1ba9d33f4795f0b3fd31defedd48260d51685ca3a0f8823a6278d60eeb8efb49c4b00f19c752c464e10c2dfdabf4c381bc37de8b39ee89f16f7a7cddb720691952b0ae8f6498f609246cfedeef12ea036912a8e59554f5185cd987945ec8318163a475ddd7ce6d9d70940358729018fd304bfaed3a41c81ca4fed727a6e8aff3b53d30ce74aac1b6424a6bd9
32 224 0 13 67 1 :5355f08a371d399e5e39a331d422e31f3a8750b24ceb1f4633a972076e919fb5f3d7c83d5d4d506782f395c5f47056dd73e30d3f451538b11bca488e479f2a14f9217000a0befead524b0b73a39006a91538eaf1a3b4d8ad11acb329f96596e90c950b1df116e4f959b730e2806e67f0498e1dfdca0fab61ccc82c6394e48279b17ee219e8c1898b1710658bfdd93f060d5fca8449ea2bd3caa898b73a3963e516f2a0af72416f38dee97ec409a8d5b5c1e7b20e990bdd707b453611fc283608ef64af91fcda42d8c00f063b8cfcf9fdcac819bb57d2646ad6337785d2b31c32
32 225 0 13 67 1 :3805583c55ee155344d2951a3e2371d6cd52e0d5dc51b0ce54b9a0d6c74a83e645e9f2e93849a9e5688ab640bc3f078af98fd429c34b3a23bb75c130772886bef71801205a741e4f7544dc217685d79497807123d2e808db04a1cc610db20b999a58cd787fb3843ab670371a470ed4c991f705def86a29778ebc4813c351539452cfa55b609092b5c2a9dc1ae29f2705677c210865d0a9d7c5e6aabc500bd20d472318ddf262ecf9aac95234e6b751c28ddf3562a965f80eb7c7e2e7bf0ac87b16b8f34e699c1ed23cd1324ad98ebfdfb65662100cff364fca623d89401a51bc91
32 226 0 13 67 1 :2eebd1452e64a968f106ff0b9372cce1a9668ac8c0cd9326662139df1f1783e2b11ca4bc530e051e1eef0208031623c096ed439630f346b7181bf3fe2dcb58a4c74048f717b066c202b324dc52c1506fe1db921ca60b2cb16e525153927409c56cabd68af69a5d5adf5f0b608f3a63bd6f1394e52183bb1e77bea1a93024e6940ae0e9a52b2c0330ccbfd92e8557edec511838e982585a7e8ecf188d3df811e1f19086473234d0c9425e0a78fb032cd08aeb945d33b9293abb5bc96832a9f01bafc2bf76d0af0a0bb08846b348fb7534b8e5400542ccdb36ea0657a8564498ca1295
32 227 0 13 67 1 :a958d2a201f1fc4884539698a6aff04dae4837bf61bcde397d22520be9eee6d94634ae20070765d605beed3d9500d43b0636337bae05f76d12698115525244c2cb616239012f8d8baa0821f829d071ad76b4543978cb0fbb9cf7fffef678883b3057df90098fcbaf005711225e2450fcab06448fb0c2b9e9a25fc3439d11868c92539f999142211cd761ae54e48ca3ee629e17a46e4fcfa44534199d9efcae8eb2991e2269d59acd5ecacf42401a7b9339f4638dbba2dc75f4f2c606d2be421fc9f9f039b47bc88a1d2dce15979270cbe2cd3bf42bec3df2495c174c4f30edfe5f9c7d
32 228 0 13 67 1 :ffec474fc02c220eb7c0572facf926fdb54ed572d7688aeb0329d93c85ca561096b25e3b4f06e920674546494d9b1b44f5ac2dae13a8a5e67ee429f52bff5dffe4ff250689817456f2bad2fcebd108d859409976d7aed8f9871337221888f950a34fb9604dc7aa2a49a18101356afd83b5c252fa9b440af82739d7074d0b568399e28009568e27941aa5ee5177be26c13db3901915e85ba3b9baf209740847bb671ec310e56cf785f19105b592e49d75364e56cab0f32b48d54ac61df6ca744e1fbb192c776619fbca4fb950c95acbc40f2206099e91ba5d0865229d6c52d01861b18fe1
32 229 0 13 67 1 :69fd4d9d5be8df2af6f0fed15942f6abf24941430be50adf41887ea808f394be62efc1dfca30782c86d93268ea6a61a05483a0e1627d9ffae664626f45f4d4297c3187443981a7ab2c0e8241add8001ce15a4e376f5b6d5df1611589fed0fedac5b6f9216d91c45baf083720eacdd0ed49ec0900b9cb6cdfbddc34410210da045edb12e6e85a9f6f21067f9f46110c0e033b6844da99849f93a23a4ee8c59d057e737ed08e3cd48e065ae60ae5efc348302e6b46d08c89b0dd9259cc084967b4ba1e8d0945acd97073bda31c56f3ab7a09974fe7ac990ba3f1ee7c5f8a6fa1b2a1fc87ec15
32 230 0 13 67 1 :daec076bbacac7da0b493cd5fd7cdf1e68b3ea48e9f2defc24e3a942b84b1927003a6016a05fc4e0b18ed3cb0806805676fc2ef34a55f24058ba912a6de6a3b617ff3e582f795877fa18fa2fc61252bc7d6eb360992e22a9dba186d125c645c59b4ed9e4f860a453634fb604627283f1e7459faeec6a62d4b8275447dee6a57cd7739d2c912825400c498fa5727793b36b2097dc24adbb7b123a75938a39c2f0c32c2220278b151141662fcf1f3adc0fa948c819ae0b30d550403c6ae844e3562c0c0c6e04f1b4969a1ac9503cc47dff9f411722c1ef4641bb77b4fdb4c31ccca7fff73cce06
32 231 0 13 67 1 :eef0d4de99f6bffa3b0d13c313f4d70d03420a78b465d912352158e21b91cc1a82bb2f6a022c7fc428dd4d273fb0e94d2176d02a2d8ca89b66e225952feae7baf78b0f21f0fad11e160cc394430ee9f4d86b60b78ac52ee56cd1aa34efe7f6275bdb4143f039c1bc9e30bdccce6a7ea1c49b80d7512a0ba42b4c11e2114e7f55340afdb431b0f1cb08465a8f6e6b51af0aba339219c7477b6a15479e521f508c1c2249fa3e23c8d1cdaadef65a359493644acbdbd7ca4c1ad5d11a29f23177be4a53a61c0160f1c9fd6534ee4a735b1dbc6bbe8b93dcecc51ae09af7a6c80e743fa92ac03f40c9
32 232 0 13 67 1 :ca4b9aedf3ebcdeeb6328d822e4444ee07f4dcaa04c67ffba74d54f78c3eda0a020dfd7a56be9a60c353a8ba9205323d3d2563e873cd4628584b07f1406175ec99a020386bacf6f05fb9e9137f1223ab596ea631ae95d9b0b0a240e5ca6a1670afd638724102149a2291e36e47247923c3a17a962f18c164078d76fbc52aff13a5b3c7aa30540aa697a761df776dcdc3e7e629c5da746440d5b7ff7b76ba5d7cf44b674ed88d21a05ada54a05f560cd61d945a4be47007747684f985c77cb47863634412ae5a0af184a4b121aced08712c7a35e83a09fc2bac0bbc450b9ccc76a373b65ab1e22b29
32 233 0 13 67 1 :b01599d2e273d3f65cf1a2ede2e019d196b8b607de265a2d9a9cbe54d41359032cf71a95a1fe3a9f1d4aad08715c6d385142e47c64faa10ef3bb4d2da00adf8c29fd8ca4b92bfb5ef064c26f7be20bf35cfc78cdab89f447a451d488cb070d938251a0e62a11486224dfc1a6ee39e98a4ff06b2cf6e618829d2795d56a0b1ae8b4b8a82701ce70f7fe6150ce5faeddb48bc581fe29da88663f3a48b59fb049d473bfe4bdf66c273370682f0ea75df453511ae74c349c09d5ee89c8e2bd1d8ced963b62458b6bae6e46db4aaf07f7e24b5d6907c84a4118feed4288ee3e91cddf1667844a3c47b5dd5f
32 234 0 13 67 1 :73fc6b85d705930cb114c040d8d29af657637ef294e8f5bad77a9a0f4343e51359b49c87e813de6910ed707f9ff3f64e344746cbca4ce34f41735965787368e488cba9f282d209fe6115b7a06bc74f3d215df2fefa87afaa9bb93027bb4946f2167b08eb7c583d8eea3596e7d42024656da67c9f9fbe1e5fc18a954a63911f576e2784549b0d5255a4d9b32c3e2dd3d7f7df1c5d37f12dfc880b9f0eac6a5fe8138a0fa6245706e978539f961068f1d79e64bc0be921561f91040bc696e4a3fe5f5f500dd81ffdabe35a38882b4968043500cb56d50cb2048ff9557ad78f9be66ea32edd909b9267e8ee
32 235 0 13 67 1 :6c6f28f0c60ca92d4863c72a15ba5cf6d84f50cee5e53a76e0be8a2fb5c6d26a7e79f352a4658ff114401eddd507fafc6a875ff5e024063a5c3ca4db777153199e94677fdd063e226934eb2beaf0ddc1fcbefb1dc07c07821b2f83424d6e8e033d50495171ac88697eb987f3c328216a096ac658af322c45ebf313b7d4c87d59b11a612eca5f62a0aa40ee80d45c0b3fc0a156007e999d4d939370a2690ef09676c11d38ac3affb214f423a01abb8e73d87f7fd4ef1100d8b02d4cbadd772ab75be09cca04ceefd8beca5ebd9fda20ed2a65aaf64bc856ed64a841a85a90bd1c55e5857f5702a139f7f4f7
32 236 0 13 67 1 :e4aa2f5874b3d0343770cc034982b90357c6ece815f26be5f2207a0e6447892f2a66dfd3dce68d727ba5d097386781d27f499aa3105136d9d19d21afc56197aad739498430924d84180644f07d4a156a9c638e2b07ce3bde5edfb1fb32962cd2a154c0404b0e22dceac81c217fc6a4ad9d64439f4c1904c8665b32a52b4fd17c8e4effee0a5afcb701e5155d8ab7deddac026c8f5a373077cf078aec9739e8f7d5b11ce29a901ce4adfb845347e3dc545b76b2e8e7c2111a70c5c052fc08ca2c6cd69304855b3530c0395ee7b43ae41edcada52e34a830deca1dd885af2f86eb8eaba68446b1d872ad8d31ef
32 237 0 13 67 1 :a9e728520832f7c2aead8d07cec3f35ffdd0e45c06f0bac99eb908b72d111f22b6f88e696f645ffabafbe4e2cb01c7ecc4aa6202bb5f95bce2b4c02879af70af53565d654de9be9d6b81593ae9c7e4187eac4410324185d2a09c1b800639e76a7609c104539b453890e97b6325960a6f24de76df7453e3590d99a42cbf715b1660c6e60c30eeaa73484de07f871448429a19346348b2714d11f6eab0fbce342d8c4538833984330e843269ebb2951c638789dfcd84a10af841dae7606f547acaabc829ca1c1b72885d8d8c1faceefa141baea024dc06f5c67cc668b80d5d22c8c1459c492b772d167e4601e9e1
32 238 0 13 67 1 :e91cb8b254f6e8e630f2ea749bfc6a34570c3a223e8e36a9b1e9fc2020167689bb03196171b24e9319d923e37f91993578a8e991b86b82ae66e8e3eeb354d2b14c66f0bb908c16ab11f4c172165bac7ee5b3fa866a8742964a57538eaa1c1f2e1ba89398ec37cdfe14e3c1d07b3dc7808c498b6f3390095f3b5cdbb209dc187624f18695d40690f5b9cb6ebd5c494ade644d798b2c615186f34f97ebb5264e2b5238387451468cd1d6a039651a7cc34d171d3822ec2a413bfbf4229cd506762f05f8b8d174cf65e1f2e24020d057cf6aff01898070aa0177cd68f51cc994a282f185b5ff8f35fb252be732f19b13
32 239 0 13 67 1 :1d6d1222d70a4abdd65c4377ecebf4289320b036b6f6a22df69ab45535e5665190a7ac204899c37d863f9275c59f2e3aacfd6b743295932bd15f71ee8cc6958d0f0f7291d3f9415c2cd612c922e85383c6b851b986a9086a13955e610cf32716149cc60d23cad5e48cca7506830250bd2552e1b1421afe64743354b6e5654c202386510ef394bb6ffb94f295d43b2d86c4d1c00690c13dec69b5aa32d1f27e5d5cb1ccc3aa6af9291a9c61f8cb422e0763fe764a96de51d861306cceb9186ba8fa1f2f66eb65987c42c8190bae4991340f227e766de0fbb03a19a2fda476ec5f15c43b1d1b87467a0fdcd5194322e7
32 240 0 13 67 1 :c6b8c754de3e011a6f7bc39d05bed43f4f5f89f780d6d71ede06916b090dd1acbc303fcc946a598d59bd5f4685608baf006416a24bdcaea729c891088d771440fb2333857a68b046a756dcbd0fde85d64a2efbd76ba7cf9f3c4b2837899bafc0d6a0eeef458ac8d422f2187f500e9fc371cd053b02ebb49af8431c0ed55ccf7b68dcd40e689e99174e21376eec62933ec2676bede620aad9232ec110ab3a4c7a54e601fc1279d7bafb8b95985e21147afa51fd8b3821aa326010a9f2e93b9195c43e44752bee139e1fc038d68ba6fa3bf0c753fecda66ff74a4de789b613fc35d2919e29b99631c32373a262e8bba133
32 241 0 13 67 1 :915d37fea6e2293fa12d6f4402475113a27fb9966c356fb23c452c14b9b472c211b3d36c6af5063a243311e6b6d7e113c8e0355d3a3ae6e1c52e3b233283d28f300afbed106618a48cb579a633994ac0d3f6d1e396de339062946e65d32a8e906c81109c6c2029b285f6e108c6f399d735b03497a3bd07b80b2b0b53f5c6d584c77ef2335cf21508d02685e0b9835d1385a60df6bdf79e0412eecc1cff4e4d286632bc224fae9d43e206d8ff4edeebfc6c85ad00ae8c2ea6a481adc1470cfe202f2db2ee214572409dd57faff229061a4baf9f17ac547c634d19141b8218c99323448066c0a1bef33d93ac5a86a67be1b1
32 242 0 13 67 1 :f1d76804a0d6d0d717214582c76a29502a39e50defd0171c69d53993b8ad855681cc941c4fe7bc9c30153a270ec341643381b9bd92e5d12547d050ba7de4b36c8b2ff8b88b4584124f1449179cff6826776f519bff3a07709bb563858245b88fd2116cef68f64ee82256d6c25cf04f6b26b6771b0c0e95631d08cc91683b1cdbad786e8362f379919340b946ed8ad0e6a72c3747e712339349efbb12c05edbd986de502c6d26f121715fbf658b934c4d3285fedc46ae6ef6fc9c9c6347f20986b2ffdb9e96dcaeda97e51b28a8ed58053546aa31f11e696ef0cc50b507e3278f1155cf16e936379a16185be74093c084b23e
32 243 0 13 67 1 :4854767aa41a469e4dd2e1f7c06a3c91c67700f42bc285f3c0ff479f37bc1c48f08695553c75408064cbb373449cee06233d0aa511084cda42ffd70b6c0d67264cfe6f7580906f1ece5c11da3f0dae6be39ab5b1dc2a8f1ce12004a1a4ec565780dddc4ac74ffbfe33101ea431439114036ffcee75c543ca49a00cf915262bb183cb8d383101204f13932cf5f497119d46696d1d3d488d826c46768dc74524ddade2e208de842e22f4d6595cc1eb86369c467a8604f4037671284c2f13e8680fce2c27f344e47b8470d9758b1d93aea25f966358e1b0b43de045d1f9a04de344c0887d329f57e3a20b8a876aa39a470ce00cc9
32 244 0 13 67 1 :4ffd9e82af27c4bcaa617895f911c09f26088769645848555fad1858cd83af131a1ff588c1079addb014a45592e68909b2297e874d792c3e4c4b0107079ce47468d28eee6b96164be3d89093a8e4da2b5430b66841de772859ecc67390a825ab7bbd5b76decc0120b00acc6a5a8b77d1b6ed3a3b5de7148720921290ef97a771f9a65903c99a861207d9da27bafa0661b26ea69ad12e5841410d2fadc30d9ab6ae350718c5bdb7f415afb398d07420dbb67608a628aaf3332f785cd17de2303635b52ade42e096f89f7c1ec06539a441fbaccf4a3fb503defe0b9dd8d811e9559c8fd55b353ca2a497ee050f9245bef8ad5d6542
32 245 0 13 67 1 :2490eff55710359df88b785feb527ddf04f896eeb580a71acf44a76883bb994d15e2312488043d6a88034a7fdb9ce0253c36c0f2cbca375c12eaef980bcd2a67e0fa34cfe391bab0d78e065b3ea88b901218a9e4a431e97c398469619e0de4044d8af16f33c336aceb6994cb93ca7fdd81312d30e85bba40dc244a23ded7d4dafff7187e190d2366bf2abd490c56bb642cd2c9d2cfa3168779afc3b1082911634fc34f441e1821780261064473bab9c9d6db16205998775a06dd366cc79496e5a5c1d6402ee8a3f9788d0a6612edd5df579de0380bd2ee58d87d2dac9e6a740459cad9afe79ea53f0506931886c697736234eee8c2
32 246 0 13 67 1 :3b345be87b79663cf25c6c144fdbfa298f15161e3f1c91e914de310236bdac426ade73273e4e7dac5f2da126baf5d001e2b34378973fa7a837c137952ab59e03111de778be27511757ea6b4203d32e8b59466614e64136d821a7fa76a08bf6a6f79b48952638a1a332048de3afa7804d8ab3794ce155c3869797ac060a1baada4c9a69ac0e6552d0c165df678a11649ead5245d6be2d9bd3e943b2d1dd603ccf8377e890e6695ecec84194199d5d452d2896bbe3f952d6173b6bc02561c1ec4f1721e75f5fa633be6d1dac28ea5ece1c3b9a8c43204e49e4b02b50bc1a1efbc9f55cef60f61966f0a0b206b199a6cf780bc7e26c9c99
32 247 0 13 67 1 :010e25943953f25250abb997cafee940aa42ef6dc22707db2a7da4925a47782c435620e35b24eb5aa32d2016a0857fa26268ef76376621156bb328786a6f38aec2022dce004adb9da8a941973d3248b05946d9e88906512d42109a60e7327936746484255c76e85b1ab9a8aebf2d19cf407a77757fc132105cf3485c42933e3ad187cb83e95a87e3a3fc4b8e4edf9a63ce80befcef87e5909e3272eb2dd0ab8c3acaa7c1768c9f5e47622137749132632a1d01bd0d0c2115555d35834e8ba611beb3488a2f59f90ab19a893b183035a0511f27de03e99ac165183c7c8a4561e5ac24fa22a8efef0f57a93bca49fd2b09dc9c3369e766b1
32 248 0 13 67 1 :5b6c404b4ac4623181bc387bb6a576a989c325e257a9c3e75d3d1a4d18de8d39ae630fd59a099b70d6362035014e7c3a93490741011825775589253949255913ea5256cc7fbe3d8a0d05cc3a3994dba1e7517206021843f823fe83a61897cd00634ba7046639504b162b46f0549b70737c9e289b9c1d8bd822e3636c7e21dc6dd8c7fef98364a68f3c572b45196ba1ec9b0c85fe9514602571e84658988b38d4c8f978124ecd02cb52c94b2848b7736d827dabff991bcadb00e363f64abecb9750ab1081725ae04f050ed41231c2830abacc5f20f69a7a997a54eae3c6b3c3adc0961607110957bcf9c53b0063a672ee0573495af576d436
32 249 0 13 67 1 :f80531d0118fbcfead7f420dfdc06833bc80e6390cc50b937f32638d65269d20b7a4be6ee854a42a1f85df86a6437e8ea49baf08d205d38549bb03d2748c51131098ade006e1a8988de51b6279510d0d3d1f6217cd35c3f2a5196a2380d54a83d50eb4f2ac850246f975a7138db9ede58bda4bc5f25ba0a2f2ea3c9fd65fb35888de2369624576500c25956c3f470f92a287997439d4f724c103fd0d0eadf9b022008a79615602772f821da76cc3b1d32ba148d8adc779a553eb0af4e856f22cf9472d3fada03ec8514ab362fa7756e49195f9f4d94158ce83213f789e01613d7f31a5ce107193e121b58a60506bb05fbd925bd489d4a77a86
32 250 0 13 67 1 :7ecc440532be69005f56fdb3dea984f795391fa6fb9247f350c5e2eeae190639d098c542f7acf91de234754cd3aae495a35833ccd779708c17855c53dbe4ba3feb612e89eeb033f82cda258060cbde769a99c17dd4f219230316af8540fbcd5f9f6717eb7a66748bdd0306817db210429bb494ffa4ddf92bc1ea20860460c132a490c2cfaca95e5efe553123c2ef2511dc06cc15548bb098ad4fe6c952f3db15f6533b610b339973d7517c807ab2d4466be53a82480c524784ed4ffa79c0d62f2044271349be4960d83ccdced832bdc4267132f3216aec8ec0cfba318a9742a705fcfa628800cae333a77edb633eb3345d9b702ae4999f499f68
32 251 0 13 67 1 :0292d77dcd690663a265a7cbff66652959b415f03f3b7ed17634e10416edcd82ffe9d2c8f41706d8d66d3c7afaaa5ecf487699446e24e03592a9e7687f9ea1c7a1e78a4c14a9003d26ad4bf015fe71578bf8ae00400aead379d0861527cc7af18ebe3f10bbdb28416e9721898d054a37139abb3feb37a77b8b45e229d1eb5ace83a676956e27300aa07391216c061b68898991e6d033bc5244656ad470ff17ecfae7542bf19b7774464a030eec6a7cc1461ea12e418e2a6fc6495e2f50c2baf44ee2892f02b4efeceaa7bea49c9f33405fe4a69d7c6363000b835ba3f29831df663700f44a5876d90079ecfc6fc53967fdddc42cee51c33da4e8c5
32 252 0 13 67 1 :986a0fed4cce10c2196ab79111bc0494dade8b1a1805126ab2343b0aa7d3a4d8808d3d63d8b1c682a7de5c3a322157bb5d63d0f697811626f49d98ef203d729035b4c2ebd87875787c3bd6bee7763143913a72c43ecc663b3755679de279d4e1b8ffb6083f3241e0677e767737aa150654cffb02f1cbb28b2794987d4238d0761830864a35bc0f8778376f0784bcbcb26bdf2c2d7bd795517ceefc79a5a392ea2e1e14980e139b0d05738d647e98c7dcf4ea5ff1488d934297b90652516c3963f0805d3554f7b3c5a2c68dbc7a5fd3ebe93df33806869951065e5f6e51d6ee7fde9e909322a853a3d40bfe7a803eacb6530d63a5efb5415bd61f1462
32 253 0 13 67 1 :cc799a3af80a7f03ccb325a5cf7ccc6b262eb12ea8216796f377a49062a2f12df19969824f34cccfebdd8472ed3b378daa6af5b0701a181c292765778cf20cb50096e8e8cee54c3e59b7be1b2cc3d37f9f59aed001b4e93a92b67c3906525247755f11ba389391b0c6e0b49c3ac77beb11105786b2403a9a56e322271bcce34f58482b99b0aaba2e07ad57c5603a3bf226d7ca04fa569b3045b7df21761e9cc20d72cc7c53b6c683caae08e5a1c9fb5555d5af5045e762f2eb4e00f23ce1ef9dc55f71828678db8cad1aea8c3215e7fb875c0fa1c80bb3f2be195daa8d11ecc728fa98bd29bd31a97930db18b600a67e8cf2737dc2e388aee954e7592d
32 254 0 13 67 1 :a90a851850b5da484fe71ede4738f6cda05000509911d5492b25966b6de8c98e635f6279778cd3ece55e6656bcb012349cb50b6b682d2bb65eb4ee531de801075e8bd221bdf36a99dbdaac6546ecd45fc545b785a7603e1cd56d75cb1cf7d171093b3181b150a1d9ad77069271082960e6ffcb56060df36bee95a985ab8c674e238544dad721a964d2df3ef4816875c991c1437530959b20b21b360cbb636db77550ed30a243790b34a6664dea718f69d06f5678a8be4dffb85e4cbfe4e237420a44d6eb440f6fe44fb102a972fc895ee97b0c33c2295312312ff3ed0b0b119c5ab51db09adde0197f3a2301e90bef16a037660d1a643787d7972367b44e
32 255 0 13 67 1 :e96e422b97a209932d63eb68360dc78f51b9141d1ea181f6c2ae6aa3f9b96807d8aba1d9fd5f335b7e82f5000d33e8271e44ddfd6a43a75e20ac693e71fc8c1bbc1f2e0a1b1bea0269b871286de4fe64e428a1b8ed2290c3cf10a7e61ce2e660929ac0244893d7258cd1a5f1efd23721b76c7cd281c6814342f66826a9ce68e307e98734229cc2db32114afea582a0e0f57e65287dd4268485df227b883a66acfa4d3a8cf729a24b75efcba2e2fceac7d021d92655121a84da7d6454d7e7de5eb1c2b54381e89f8983942c83a0e4f15097789ba2449abc194b88044f8951dddceaf2c86d58e640f495dbb6d31da64a230f2a6298a42e6261b11c69a66f1555
32 256 0 13 67 1 :9b8aa0fdfca0f2c19df1153741b6852b6886806c6f67ca2a311e68ad84c019c519356a6e5e39c97cfcf8e2fa513ddddda25d4bcd954aa2238ae3517bd185140e8927cab51466cdfed57adda74786dbc99c5d801fcf071aaf100b734c4f0f5023a306a3e4c475654d625583d3cdb347ab4b59bd144e81708c33ba401b92b07142ef336f1b980a8032fb9eaed458eddee8803eb726993ee6b090f585e17f8ba8d0057b13c130672d83fdf147e0b9af0e24948210dc9491c6cb3c2d3ea0eb44eae0c082957d0136a20002fd96d8c8f52a5674e19c2bbda54d8c8579f72a28ac635e3e9963493e243fdbc13bc41e7b7cac64725709ab8f14db1c75f9c4db5482ebba
# ERROR 32 257 0 13
# ERROR 32 258 0 13
# ERROR 32 259 0 13
# ERROR 32 260 0 13
# ERROR 32 261 0 13
# ERROR 32 262 0 13
# ERROR 32 263 0 13
# ERROR 32 264 0 13
# ERROR 32 265 0 13
# ERROR 32 266 0 13
# ERROR 32 267 0 13
# ERROR 32 268 0 13
# ERROR 32 269 0 13
# ERROR 32 270 0 13
# ERROR 32 271 0 13
# ERROR 32 272 0 13
# ERROR 32 273 0 13
# ERROR 32 274 0 13
# ERROR 32 275 0 13
# ERROR 32 276 0 13
# ERROR 32 277 0 13
# ERROR 32 278 0 13
# ERROR 32 279 0 13
# ERROR 32 280 0 13
# ERROR 32 281 0 13
# ERROR 32 282 0 13
# ERROR 32 283 0 13
# ERROR 32 284 0 13
# ERROR 32 285 0 13
# ERROR 32 286 0 13
# ERROR 32 287 0 13
# ERROR 32 288 0 13
# ERROR 32 289 0 13
# ERROR 32 290 0 13
# ERROR 32 291 0 13
# ERROR 32 292 0 13
# ERROR 32 293 0 13
# ERROR 32 294 0 13
# ERROR 32 295 0 13
# ERROR 32 296 0 13
# ERROR 32 297 0 13
# ERROR 32 298 0 13
# ERROR 32 299 0 13
# ERROR 32 300 0 13
