# in_len out_len m_cost t_cost time[ms] memory[kB]
32 1 10 1 27 6848 :b8
32 2 10 1 27 6848 :126f
32 3 10 1 27 6848 :da43a6
32 4 10 1 27 6848 :10df237d
32 5 10 1 27 6848 :612555275e
32 6 10 1 27 6848 :d339365e9371
32 7 10 1 27 6848 :dc26c8fb4ba6fe
32 8 10 1 27 6848 :591bc8628be29a4e
32 9 10 1 27 6784 :34802dc74ee49e5bb3
32 10 10 1 27 6848 :894ea909ba6dbb530953
32 11 10 1 27 6848 :2f8323ff9322885e0e7514
32 12 10 1 27 6848 :3c55515be800d9d284fe4e55
32 13 10 1 27 6848 :73ab354de0b0aa9f314c264464
32 14 10 1 27 6784 :16be370cb79910e2ac387393247b
32 15 10 1 27 6848 :5635b83e625085dc4191ab969eac32
32 16 10 1 27 6848 :733d62b47c401a276449a128e3a31d74
32 17 10 1 27 6848 :9959b1133ab615b8df44f769894994cf7e
32 18 10 1 27 6784 :ee50971723aba0e4fa94cc5eea0573540f6f
32 19 10 1 27 6848 :326f1d805c0ef940844bcea6aee1160a26f94f
32 20 10 1 27 6848 :ef66a7eb8dc8f89434fa9dd71b6c9a72a0ff2d7a
32 21 10 1 27 6848 :7ae0c85e508fd64de7640fb508463f88a54d2b46ca
32 22 10 1 27 6848 :a9da516f6d05ed16fe2ec507d004397c7923b6a41dfb
32 23 10 1 27 6848 :ed654343e90b9ef1740cd8d76638acb94086e9a18dd52f
32 24 10 1 27 6848 :2511ba8eb29325385c4a85206d8ac53eea035aa18ece33c8
32 25 10 1 27 6848 :d9238c0c33963fc1ced05dfaba9bf9f9e8e6e094bff8db5891
32 26 10 1 27 6848 :36d3df1897145119ff0c5c138e34c690e8cef5f9cfe47a02a503
32 27 10 1 27 6848 :118ee685e297db8e31973d40fce8531bf6ad093549607abf9ca2ea
32 28 10 1 27 6848 :f270df3a7e3a2d265d9f83d250d9d0f6aaf75bd4b445defea3aa1ea7
32 29 10 1 27 6848 :462123857d31ac04d8d6f700a0128f49ed245e47ed70133d658f5d4f20
32 30 10 1 27 6848 :c93a5fedd3e898b08cce3f3f7f714e521698af4c3f77b3b07c0c9d19f64b
32 31 10 1 27 6848 :ca829190806316c3f13ae09e69fd06ff8aaade7d523c9835142c6d5a2193ea
32 32 10 1 27 6848 :3bb6c79708ec88dbd2856cbd3deb2dbac42b36059c8755bcebc9f0c68d2d3424
32 33 10 1 27 6848 :f1478915940ecbb588f0e029ed2769cbc6c3867cdd544b7fd69d85d1992aa3edb5
32 34 10 1 27 6848 :5db6e8089967924ad37405d2e96d12bf930871adbfa1410018db58200b19cb5c26f1
32 35 10 1 27 6848 :259c7abf195595ec41cf09c6573e97faf16014991b5169fa6f37e4ac71f74ccbf3064a
32 36 10 1 27 6848 :7f32ebc8e5a1928611bb2d371403d2c0bd99222541b4bc6d0fd6df9af60b4fa2431c73c7
32 37 10 1 27 6848 :70162b8f04143126a96442e4a4ac51508b4acc6d1016e3ba1609bfdac54b03fca1deb610fb
32 38 10 1 27 6848 :d9595fa11ffa284b835121994a310e199110ffbcfe2c0ea7703b20b2bb8be5edb72ea4fe7aa5
32 39 10 1 27 6848 :828ca844867fe386b4f3212f3c2d3e2693679196c8cd8153ef0179e1216682034662ad7b1c3239
32 40 10 1 27 6848 :0ed641e9c2c2d1e2b2fa3ac1a2f04942e947d68629e69ad55ea776155734d675ce2e5d9641f642aa
32 41 10 1 27 6848 :76edac54b7b69ad62970e922d76fa36fe258777d29fcca839d9569f72949a1e8b6adebc8d9d41276a8
32 42 10 1 27 6848 :85631898fa17a6f1338c2d5ccf157235f841a6c78983ab8472188ce4652bc59b70bc0a85540357711e83
32 43 10 1 27 6848 :a868a2fe42b8876dac102edab201ec37875c363a46c85e3f184f28f0de2c1529a9e940e0fa47363652f305
32 44 10 1 27 6848 :33133d3a606a19f3c539fc8cfe82e54c9641e0d7cdd7226656d639d442f1161c227676142184f278afc8eb92
32 45 10 1 27 6848 :aba3ef1fa4518b3570f39c14a946bfa9ad29339f8a0a7f165ab191118389bbdbfbef0d0d0dd72c2b8d61bc4385
32 46 10 1 27 6848 :1d9fe3f6e1a8109666fd74c47079ab8fa1862200d5bd7b52492acd18a5013d254053529913b045bcdb7340b8f080
32 47 10 1 27 6848 :cfbb35967de0d533f53a2c4bc1a60ae2b59720f4575dcc8f76c2c9bdcda2dab297fbbf044145f884bea5ffa0f0ff7e
32 48 10 1 27 6848 :5d598d8bc8b380c2c7c0dd38459c8d9d1bb46e8aec4ec7c2ad1fa61499b784966b014202d9f66bebf7467a0799c92de2
32 49 10 1 27 6848 :843affe6a83c2dd255f5da8fbad62a7459e498dc79b40bc97edebb7dd70a3d1b18af04eeba62b911c92ed7de62d8ec192f
32 50 10 1 27 6848 :2f749a9ca949b5abfe32f65775f08282205888181285ede7a153c09df3e22855abc516f95a949eadac2367518917fc10f0c9
32 51 10 1 27 6784 :66f15c31e0446b207801e3608799bb23c2da358047780fc6d7777b112a83b989940868c6800e1f4e3c23d9230c2b51ce8e3051
32 52 10 1 27 6848 :0d2a14d873904eed9e69fd1f75199d203cb223e5090699f9c1e05a62c9f246cfb1d485a2b2dba562550210a94eae767f7c995b95
32 53 10 1 27 6848 :8c84871b2fb8e55510fb07c31687870f0a21edbfa0996d5f0d0cbd2f9c7c3e67c6e3d67189d8d53acf1906b80abbc60c765e4dd739
32 54 10 1 27 6848 :e09d86778fddad950ab02e33edfca3f867abfbc0f65e4ff8776d641b71f6d6f6b9e11ad863e6bb4e37bc7a5fd1e9611216379efb169e
32 55 10 1 27 6848 :b13c696a33b654d5c101e2c0652faddb5bbe12123c2e5bafe6ec4e2425e7c94b1a17881baf8c6298c2f5253d2d6ea7716fdd00fc465eea
32 56 10 1 27 6848 :9ade664c4119e70be67503514920fb171b02f5af303a28ca9958bdf4479564534cddca03cb473a765b7198fcd887c2f0cbbf6e88309ed3af
32 57 10 1 27 6848 :1671426f6a5ac241cad4e786117816607fafd76f1fb89c92ca09bc9bfc7198b4c0439ab3c7341911e0f00a3b2900337f5091ee9c5feebbc2b3
32 58 10 1 27 6848 :b6ab81c1efac682089026c9092ff601acda187d004638451ef8ff958e9038dc7dd9bd31ce34ed987d3d23a1e5b3c71e79d0823b862b08fa534a3
32 59 10 1 27 6848 :a1dde5e28dd1c45ab23bc84b18b08b57a00042fb9bff845504a0b64fda3c1ff483679f14892cee50f06d6a6c82d1429a2a36c56e7d7f4979a13b3e
32 60 10 1 27 6848 :325e249c2b459e4d254f2afc52dc7c8b59cd1ddd18aceb6e5a8acdd159b3e9cde93c485c1f3024c2ec1bb6964d4fbeb5a22a64ef76de6e054e8fb595
32 61 10 1 27 6848 :78954c1d2bba10cacea148929d0ff314df0526f0673ed9bdb8caa2916b47d250ca52fb5105d2d8d5708a1fd59d3981cc5f56b55c5b1eceeff96a9067d4
32 62 10 1 27 6848 :2b1c626710112a4f2749941884deaab5569acf067efa25ed940208fe34e298d979c56ae53b0346ad50b8f125618380362a77943ae46a4bea0b292032d4ac
32 63 10 1 27 6848 :ec25496775f1277ee93e739441c3045821440007a929ac226e99df14ad82c85327281350d9eb510040f3c5bf2b7635541306802b361851f37a5e02bff802bd
32 64 10 1 27 6848 :147a293c28f3163d822fd856baa2c7db5c1b9fed10edfe6fc4e3b461fa9df923070af12367fcc9ef991fb5075391ad1bb37b66533248e5605034d083bc245efc
32 65 10 1 27 6848 :9cb3d0d6f815a8c27a795786b949b5444f895334e8df37c5f2f30cd22bc4b2630c3ff60812bf27396e23c851e3ccda7b3b7e1a2e65e26a135da2b5207eace55ad1
32 66 10 1 27 6848 :fada12052d2a33f0ba4b8d603089ed2261270eaeebb037d418b19b29239fca1fe783e95c1ab8070577b25823e2bd4df9098701df06c1a2bfe19a5ef7fa6657fad61c
32 67 10 1 27 6848 :f6b9bf8bf317854cbfa0f15b2903e5b95b6584837d8db238ecd0a86df5703f170b5929a4843266cdff99646fae7b9c84481703d13a8fda57832a7b93bce34ccb28166e
32 68 10 1 27 6784 :63d45f4b23f62e1ce41224c4109d469f22c6e514f083f427d5e34a318981c9fcffe292b44381a0ddd058ba0cd18602dafc549d9d11ffbab72e0dfa4d650ff7ab107bfe73
32 69 10 1 27 6848 :56885bb9e00337e42a456a637996b80b3951b2696e58adefe552ffc98d1a7dad41ef5e9ff015c9a901a6ebc3b855d59b386306f24a46ed87df8aab3129ed9fb9e9afab1392
32 70 10 1 27 6848 :5997754afde087df860e2e0d3dadfa492c27e24d930a8395c2f33b6335352c6089e220173b6c9bffc95afed18618b8e982618f648c3532b7fc583c03529511dc1ea2c0f6513c
32 71 10 1 27 6848 :44a77de0902f306a16db2fe1819857ea4552bee880b79e29471d0fe5dbb88c6e5ba7eaaa7b0b5e244c15ead4b9ba549afa16d85dbf57bbb81e3fea54e38a37bd058eeb31a9ce76
32 72 10 1 27 6848 :358a730fdfcbecf77938a531e73b646aa616f966f987462521b29206427f39af92127c7f747ad5fc2e5045bd8dfdd51eb0b1aa0fe1a40c3fae67005105c50ca27c28e8db303d59fb
32 73 10 1 27 6848 :f79472d35f00b26dd8f585bea9c11458a2b7a86d24bd8abf48150da6bc59b39f6ed7ff2c1c6c2f2665c7467ba1f1b7b22839f8254fce7b390fce03b037a6e28e5e6b856b26ef491afc
32 74 10 1 27 6848 :e6df256d9764ecb6e9df482165aa45292e665f25f26d722c90981a994c281894e0d86266859ae1290382e761d983ed866f7d18e77e5be4c13529e648d55110e11b5ff3951fe1aae682b5
32 75 10 1 27 6848 :f65f3960cd23a6f35fa7442f6b24dca930eb9f78af68d5adac80171679f995f12280945984d3738d0de064e407130fefc434f63691b3923a6dc9435ac7a494d697478d5649229403ca1b49
32 76 10 1 27 6848 :392cfed8e4949b82d09fea61818cbf523f48b5519214295d25f23483a8297dc8108d1c490bab3410e356af2397f0e0c2c90ed32bdc6d7c1ca3717a7b7d72329bbde6a837963bee61ece0359d
32 77 10 1 27 6848 :a6c430c23f2d9b76c3c510d4d0e9250ae76c858d26b56906c230085612ac373245664a282b7e78d3fecad0243e9d6844f66f9cf45a62fa9b6ce6d5afde7e623e6d33867e81174bdfe336e437c8
32 78 10 1 27 6848 :42e3168faaf7ecee173a117492db2d00b1d3bf63df188f792c3c092126d876f1b99abd3cbd7f88d773f953688e06341640897463a28de269bb1120da2d128fd060c2d00edbf21cfbfbf9de56e5d0
32 79 10 1 27 6848 :c622257bc69d1230c8b7f5eb8ba9880765f4d8ac49c1143116f96f4f8b9ab97e2c539a9ac669a09768de2a63c7b13da6c8bc8d0a577880fe269435e3aba95b5887f9f2b8cdd28fdc481b743c44d631
32 80 10 1 27 6848 :38764fa86a07010bf4439414de2e8dc1be5476b3073db69b0c51bb16ab4b5ebdb1c0b8987cc3f8812a7266e04c95a04491b6d5340f0607e4e0dfd60521ce55bb91c47c6a6c4aa686d11523049a938b69
32 81 10 1 27 6848 :f0d9c56b674d39c099262f453a33b819a45cfe3ef350c69d2b8ae31d49a60db1adb3c00af4dd7438fc574556ee43120dafb7c202c4d5e60e6348cc7f35c3eb10b707641663f3f896ab934de36788ca6d26
32 82 10 1 27 6848 :989856c59e09c0e17bf4b281ec5b57228a23a3dd388e67b48f645053676522dd3f5c5f52328c821ebf4d9fde7cc4fd8449a1ac91a5d036a3992a1d2adff492566474de0e55c82082682e1fb87344088f87df
32 83 10 1 27 6848 :db7917511c3f401d2b1feb5603e8c4e51097f8f4863b2f433015ebf3d757804d308a59d7d8739d37ef08611cf268c78398ffaf322d056e6e171cf8c06a55052b742ad60186af893aabbc99c445283b31e08b17
32 84 10 1 27 6848 :6aac7edd86a2d0b9da479d41c40f23587970529515881b01677c27119723bc4730b3095f55628c9b8ecd355e21a8f84f48658ed17d2b5c6f15db1b10f5d5b7b76f0d6c3c62913ab2e6bce80faca47d09436cc8e3
32 85 10 1 27 6848 :8655a2a84bd114e5f57b27712f39692b5a68b134a6137578150d90e6487bd5d9ed3b831a03dccad3ba796517ea3a8bf3491fe5f25601014660f07a814ebf303840563d9b659e37a09064998bbd29b71fc00a6fe773
32 86 10 1 27 6848 :26d56fb72ac1f66c201928e3642c0ee362cf7d9bc51bdf5b5bb4d11961f6a0283c9008d82b30448a80f89bf0e5c1d17715fbb9a8a2c6191214a169ed01dc36924e0ca3b9315ec8b69d6eb3ece1f68b172e4016bec839
32 87 10 1 27 6848 :48a8752b181405ca10a0d023ba5f8a3520ba794097d8a9ea69cc722493372e599fa13db36b8d62f18986606399eacfcc53a1f2f57b4e5163ec0f64817fbf32fa1ae6b308bc1ff6942f3155388148a9d291bac442fcc518
32 88 10 1 27 6848 :5d6e48323f52aea3dcb116def705d5f6602ae32cf31751f722231155c9abbaaaec41a2802c0e507dba25cedc5c201baab9141c02bc5de6af1a07aaa2677987130bb01f023940e747cc7d55b7521e8b437103c247b05af6b0
32 89 10 1 27 6848 :16d050713ffc5bf06fc27d69d3696eeb8cf2ef93b04b2d8d4d4e08549dd5ce0e806571d6d268e661a700de91347941b763c60ea116e1453c49f43c5fbb3782c750faaa7257bbc5675f3fe59182030a573346a257eff10b18bc
32 90 10 1 27 6848 :fd6df008627bb5cfb84e9bf7af162bb880146db0b000e758bcec6c2a1ea1a2175007f90212fceda47e081811bbe793e22e63ceb43059932e56339878c49145bf4353f229a9ff54e57b3d5291e28199c9e4ad7e762809ce0f2a5e
32 91 10 1 27 6848 :fa5ec286068b891078fc60eb2bfbef97be7909d1c33d3cf4dc4246c59daccf048ef7d1a4f51c40f44baf8a55ffbb49df2f8622232616840c31082decb43a4c3dbf461e8ca1d21d277659a5328289e8c8c8378473df2a1d014303d9
32 92 10 1 27 6848 :9f70300486fbe3ca888497ad55944d9dfb6c42e8ca98e390810c710ee875a2cd60ec1b38da8bb93b4c6e237c4248272bff3ed8ac4436e92a100b8c9a3f011ac9c565de14ca963fe3c82351865c714a462d5b6d638ba9188c9d3391fb
32 93 10 1 27 6848 :2b38c4f528be4ae33a734ead545db1f98a189184620c8731a852736d7dde0d1315722312e63029fd80a12494fa609c4cc00c289407c0315912b1d1e71027bae9944a7457dcd7299846df803f28d12b7806d45b123a9b1ab9410fc5b229
32 94 10 1 27 6848 :2ee97878ee7074ff1013db2a352d74baf619e887c7ecfae4c129b5cb882400c1325dcf19ace2231762c0f3c1ba8d10d78772dcbc0fb0bb8c57c0390b01a0c958fd4dbf535fccb0cfffcf6347dd776011f7fde221b98e24f53cd69a48d7c6
32 95 10 1 27 6848 :d72fce7be80602142078358da854450de501084df01087a612238fb3a2e52b85107fe885b8582e5b2d96de5198fadd9a7c9560dd85144ecf5ea9f7edd45b74f3f8f51516475067c07e63e1ec18d984532f2e93f3b7bcbdb625aa92a5641fd4
32 96 10 1 27 6848 :e68eaef680128197415bc757733c03ded05b8526686e5ec6b51e1c0a76b99236177fd288a62599b61ba9f176a7e45aa65baffeedb7f0683603a643052672523d3668d32451cd4fb9a66bd01ede1f6bc8dd66e68d66f51051cc9baa46f74d6220
32 97 10 1 27 6848 :d61cc7ec625050c9e4697d63bbda2db6884ccd8b56efe24d9d13011784325a233e68dcf9fa385eca228332e450269bce8f8d130e335b81876d5a3fc53f74e07753bae04466e5eca0652fc3f22adbecf2044877284df5dc5aa397bd8d1696969dfc
32 98 10 1 27 6848 :83c86283b779e707f7563efe1da620406a58d6d0c1171949705e1079a63a5e5257faf6ac26a95341f6915d6c8e57724d13f1f47a8c71d1dbfa6106d291e5ae897b78e9650501d22ffdeb4a3295fed5a5c9b1e81492653eaab0c26919a6d7d5e24015
32 99 10 1 27 6848 :04683f1405ba2827f5283d63303cbe52c457bb0c1cd8cdf85ad0a96762a107ea4e501a115dc7c3122001975eec6819c0e67a8f76362f477f3e2d87e52f9ae6471c20a92158d092aac2310b5ec2cb688a51144dd7fd076f483b101e2a4b4c2c2697df58
32 100 10 1 27 6848 :c46865d693317aa99ed77e152f3c0d5982e20abb5dfd186a6cbabc0aa0aa5c3f8a0402fb6d8d1a841ac4c2d65bf3650914601a1cd8190c6b1f7976b20efe954299c9198b79ffad9c58c91d62743bc40fc13e83a5d4debe8fbedf4677f19aad90a20d1b3a
32 101 10 1 27 6848 :959bee61fba515fecb772c2cb4da8156ce986930a44cefc9a87bc4a206f1d080f02c564080bf01389521205af8e491251ce3c2f29b8ff9c35c225709fff0bc294d4e61d99a6293c16b3860c3d756a03862a33e897660deb963991d086e8d4ce52a4335188b
32 102 10 1 27 6848 :a95951488ee92d5be1774452eb13ffa6e491803e7633076fc13d01fd68ae50c6bf4cbf9305d6111ca0890e10024a909846c0f68b605df7363855cfeabfc4a84b21e4c13b8b0d72547d5cdc606265459b2e5bd6f14a1e7908910152d0af134923ee54da5dd229
32 103 10 1 27 6848 :2102050d0802b65b164ee3f114cd049e2cd37134a4cdfac49309033ba8897826a0ebd71701ccfca921c4b18a42992aeec3ef67672fc82b169825ffac46f099ce650d135f05524116f5ba4b9f9709d5056a10015b61c53918b71d4d876f5b0d8569630a1da2a7c9
32 104 10 1 27 6848 :eb59b140d49cd3b8e575f3525b38ed08cce1c97e5f4b1ade9a4a80353b2e1e7c408f7c16edaaa7be6c6a4ad846afa8ab749ffaa9b3f9880ee044e8e7c3acfe8d4f580b66a2801fab877223cba10b9d7b4dcb352a995d5ed73167d0f1c6bc3fe08d41a537cd629200
32 105 10 1 27 6848 :b28273e121cc574930bb771260403a07863313e5fc0a5c3327250dbe4f637117d242e1255c4a097181776c2fbd4f0b64b2fba1c0aebf77206c8bf34c4d0cf6da15aa85f929390ad856c74e042700274b73b7866f6377ab2f22ffa5959917f8f8a05a08e720734b5895
32 106 10 1 27 6848 :5061c5729c0c6f47e6d7735cf43055f727fd01c6e8023e2add81b58b6f2eefcb831bd243527282dac6b88f88195a5d8b669fade1db691697c7cd5871ae0c11f02a18d6112936ae96f4fbe8f7aec726e24576997773fd6f351afa0e15bf58e5c1be145cff8c3067570d0e
32 107 10 1 27 6784 :eaf140b655703d809d5087f521e5a89b0990ee7720a545612ee54398a896f084f69e7488244ab3a5da155350c1b3d0bea9e306e23f9954384c4071c4367c71f0f16ca23084f774f4164bccfef9dafa28e7f9f56a67ffb399a5a67dc3e529295bf09d7b587157bd9037fbca
32 108 10 1 27 6848 :b1b07c4bd1e279c062f3d792bd6843ca7aad9e48412b0c7d9bc9f2e8e58670ce4809b4d20b6038acecac49b3fb003a21fa1aa6c275cb031ab83a67903158bcfbef5659ee5c13748aeaa586e8865ea5c8be39a6e7d581ab177805baacea0e0f2ca8c814c8ca2e9a78b1cf75b7
32 109 10 1 27 6848 :77e08f824deb87208f062af54159b4b7ec47f7e05fc6381fd069205f8d49b8b2ebab4d7f9a486e76af6e8911a442202cd62867f9037f3de3fb4bca8854539660cf67f54a1a858f2728971536f6c72071c9808eb22357f7bc05652e0cf21aec75d1b3e01c0a12bb0471cd79fdc0
32 110 10 1 27 6848 :d6282f1af34f36c858d6401fa055dce26845b7f8a01cf159717ea8e00e09b8794182db9105a5bb69e210ec37dad159c0e9bfd84feddeca794c842b5c8169aa7f87d9905d55c34daced2dc04bada9a49c2e4b5371a00264fb13b83b29467ebdc557fce44f69c9c2f61b2f0fa2c223
32 111 10 1 27 6784 :40c1a1d767ff93d5bb5a7a4c438acc18e1fa582214eac0499a5d8020280f78c6d9ece0986120e460f2bad269368570de6d7d7f944e75960a9a7967cdd53d62b46afcc8fbd6bdb54e06df6017a5e94d8513848cad791d3c0d88991811ae34503c93996b7fd30a7d8513682768289621
32 112 10 1 27 6848 :82d2410f5b2e3c18197d9e4b8b198e3e09d0e5cafa375002d5884388be24be0c1550826ed7f6421de0919693bd5195828aec7dc0eacc5172a1452064e42386d284b7cc589867243290b1fcb964b59d8457a0624e71d66e87f22039a8036f9e6509be6723204520dd24f7909787282a77
32 113 10 1 27 6848 :58bcf42ddce58d0587b2c58c9ba651bb5d999bd9c7f470f61f943fdd7adfeb25113244d7aa5f55a239b96723280cb395f2d6a79695cc293060d7c58a4a75d9b116ffc2f1018ab3510dd93f46d39e9945fed2c5205cafc6b0f4b3775b7065e3a98ce32a04794dd7ac1dd84f0b2a32a3ed3f
32 114 10 1 27 6848 :3439a24af4eafd18aa998b1355dc32365c1c5ee4244dfc6c677f7954b352b9aba9e766790d7783962ee9001b7ca8c1bdbfa1d16abe4576dafc758db4a0c6efadcffb0b7d31782f547dbce0e73f6dda3987c7ccbd4015f249ced4c730b885fe1f3ac130222e8be328cb9824aacb7e1eb99070
32 115 10 1 27 6784 :f25b03cc342acd46c2b9bae9349488d66b50188359f26a225fb758f5811e00ac41c6188616e46fc9f0c704eccac2d689f8da9e1995572e9cdd8e6ce7b25f4a45a939110ef56eb65de48025e98bfe01c2b0ece79846cc5a3283976a8c37038d1fbd78afd73cfbdabde6152e168377ea69b6eca3
32 116 10 1 27 6848 :f2a3db389e3fce1f457ab46200794a032525a95a9dfb4298a034fde7e4341fb5d2c60179bc86a44ebf878d04f497022d4abbaa5e136657d9b487b2e13077a00e5238c27a3b9b6d3628e19e641c824f8c4681982daa3836bf92bdd6979e42aa96e45e9e33fa816b4e7d129b8c1fc5cf30c8930673
32 117 10 1 27 6848 :29e28dae065678e958bb3802f2cf67afc85d9b98356e02f020f15571477014e8b40cd066b885a516c822c2cf5c16bb114006307c43cdd5ab23a799cdca078cd29d55cf5c6f107e7c0eae63dbabb6569e2a4c067a66d758f3ac114f00c5f6655db421c3778fd2cbb808ce18d67cdb65b091f13443f6
32 118 10 1 27 6848 :e8c8694889a34d6e31bcb2bac59610e9a8564aec44c16df475abbe1530f3768db58006e6d9aa7c6d160a05c906b1d8c89bcdd4ac1e292c31129604dca9d23a276ed6def64a1fcb31191985f0a601ca5fa5f2322c4c914ff6ca38d49e7c126765f90fb70076822285702a68af22d841bd1ea28b4dcb7e
32 119 10 1 27 6848 :1f69ab7ace6e22f812b7de1de68d1539f50ad36a72f35384c4bb5c1fe9273719ba04a634fb494d2f86d852e9e833881fdd9bb1430d086a64b631729ffcde1a62ec8a8374c51daec934107374d2162986ef2aee4cac3161e2d5054cac604c2e0db628adc072993e1885446dc515bbd41a54d8efb7761fcf
32 120 10 1 27 6848 :e55b44fcfd25e1bee21f33b86f6d58093fb4b36d8d1e5763cdb07110666a8f91fa3521777294fca88512445095863a4ad649fab4f8394b6120497389d4c2863e04dff5c2b517225ad605a7359ef8a2742900c61d8c15ad1f0dd9a4585f2e46756d5d0198c1c16085796dc91b724fe5f13b60fb32e045d225
32 121 10 1 27 6848 :8c906e9d18a319a31b33604ab371eed0dbd1b6f9bfdaf486f7c3b0d286897ee7dd7085b93127744b2490bfe47e7382433f87743ddf14ec02779a3c525b73c409b4cbd9a0989eb072f249c215e37631eccc23b0f8b28f619bc48a25e1ca7f3caecca2c80c7c3a11db83f3b769284a9f0287fc706ebdf205065b
32 122 10 1 27 6848 :ca26efdc6e4d1406aa0b2bfe38f0e2dad17f409cdb013cc744f1dee88bf44b19e7475ecf82db6018b5eea45f78583857249d81c4ca7d381d25f8428544abe407db94ba8740c55c4611c2aa923b44aab13741a4adca237d140077fc8f9ba20ee3c6c707e1e7df1d96fa3682ccc130e1e5b975b1346c4571dc522c
32 123 10 1 27 6848 :33063aec89a9489c80758efb71eaff5c63ebffda0ba1e149436ebb079f4a049cd19b6655b2b22dea57737d7a9abeffbadc6f209ffd04dd91c77039daac3667500d54b9777f442aa8cfc5ff331aeb2c584194c1770ec54d30f3b96f3674908598e71e87116a2a0715c861d3bc2e26b68337f75c40f9c399a6635ade
32 124 10 1 27 6848 :a0952d50ee5be946029eecd7ab5a44a114fcf857ff64df1c2c38d9b63290acb86d2a0136f0a95a2a482766e50276d2fa4472148585dd514448316875315aec52b24e52423e9ba225b5cdea64108553aa868be5b89dbafb2cf0d37d26f71f4443860f2662db08e8dcbed726452941924171a8cb7d8d58ae8cdda57e2a
32 125 10 1 27 6848 :302412805c11ae9c6931da0a3642534c231119aa85e99a3081440e352c59838e86f2cef91edf8e43ce65a6764e5df9eab4e723fe849deab7491cc8de6ae4b23e64620dc8b63eeed849d3a215022b1745a5c38561bcdc76303e898d951e39200206ecfa7cc6b19e166fe16c690accb68ca20825036d7a4480da2d99394e
32 126 10 1 27 6848 :326433e0636ba7c53d732cf811b30121ce4db55d9cce329e266000a48fc33a81121a8ff1e31beb53ddcdd57dc76ba082e6476495821b1e4ace0ab1debf40ef497229ae3bccd375701a1effd37f84bc0c44e2d89db50387c19fc4bc3c70bf6799674e7cd266b6d15134488603f109d4a2317969313b844f368d71cc133ff0
32 127 10 1 27 6848 :be58850d079b5d02fc9cbf1f6c8f0d52f99caa985cd9f2d460972d790ab09d0cf3e455a86af4b4b54dc51682b9a3709cbff493b6d81ab4267e36679f565c8190ce1ed658876d0ef913ea1af64a0de23b16bcb89028c72d561a9aa65cc75364149e531b1a0c263efec1734986a56d4024f6b101e59b3fe06a29d55d9ca4d908
32 128 10 1 27 6848 :d47b565f18c66357f032d3fae9a0b3e4a3315a1458765ab4bade0628dd83d6d430ff58ac668724270cf0d731bb538ed177293261a77136faa9dd6e63a9159175fb41530dd99dd1a3c4ad40fc9e1fae1b98634c52641034c931ca98bade667907626013fc8064c2942c697eb8fe7b16609ff85679cd1544503811f3ca9a3499a4
32 129 10 1 27 6848 :ef7f962323f4c168e636a816847b2e748af1518e6cb5e79120cc9a42d48a3dbd1c710f1effb5e8cf6a167f0278750482fede50826b24841a55f8689ae50a5d26f625ec832dee7b44f6a87d99239522ff84f4278c3f87bbc3f7d05fab95a7118a29f165c715a0e94828e96d544353479c4fb2888ee9ceaed03f0ac5a6740da68ae2
32 130 10 1 27 6848 :aa1cadaa6ad836797097c90f59a83c18344f968a8417dbf0fa674b7eb4b0d8d828410e0f616d910ebad7d08630990e1038b77f502e9b1df15fa3e1ad369c83f672e277085bebd4713b22ace897571c68abea91e3abc7d10fe4417c977732a3bb369750c139a53cd98886917b5a1b9f82a8f36e968c9cf8eef1ea7ecb95e4a9d0fd91
32 131 10 1 27 6848 :747fa5f87b5870ec658341efec934b789038b10136ca972936013a9c1e952417168e68fea08662055d30138ffb4cd4e935d493878834399e59be090b616b8a5ecde3685410fd864d3dc75f1963c7c25d6e466da286fb8bf1289dd0b9dd09de2d8e82e257b888c05abe665fc9853cb382dd3dd5ac71d6a31543621a7376bd90521f456f
32 132 10 1 27 6848 :7ded7caadac55c580ff716b2646a941980bf354e4abc39d91130161e15058b32afef089dd083e0c02f6882cb23f72f889ad99b009179c7451fd43b4165ab462e3ec4bc7a5c53feb33d0412a686bbb86ff7c1b9ed7a72f9ad43a8c5d468c5e316950a67a2668ccf4365809be73d99156bc7425050340463bc3c77dd6025c9a86d7f2f28a3
32 133 10 1 27 6848 :ceb5f15afd07caab65c5356a288a6df499498b72e1a18e2fa48f42cf04fbcded5058f4eaca238d51b1af26b99ffab4de87fef5db4f3add1d56a0f84c75ad396ff7be47ff901b0f0c707e3ac2dad4104a1998131fc8a5ef764c194ac7933150c607b153febfe8437f469b74fe49612c30396ead8262cc27f0caba5654f93a162fe95bdec35f
32 134 10 1 27 6848 :9b1a1e45bdf8c5374da26fcf586573c0e1fbb11aa1f3a676bdf24c8d4e55a76ee93f9e12dad9bd39aa0e3195b46e098c10a057a3aca3b713fa4c21dba67ab070ee28cbe4d968a19f6bbf9582f836c07548f1050937b2676fadaf2cfba6166573f88f888418fb360b6cc558dede5f0660a69da366f2baa0fb4859de4cfbe024ba63d7cf805249
32 135 10 1 27 6848 :e0463aac9bac704fe632984f61e524dedd8e709df4d18cdc5ab95115c1d4f05b8cef7d5eeaf7e4d568ba6d53fb7cbc95da7f3123066f1c96b10495a65c2e0257db9f9c165de62074eacaca917aafabaae5a8027bcaf3f089e8ef718803f12b8e84ac7378e03c45e39414405e7aac841e9037ccfc0d4d24b6b7bda957f2178cb85302a1d1aa7d17
32 136 10 1 27 6848 :3882dec7713e0f74b38ab051c765a65fad5871e532f42c71e490bffeeb360fe59364f8fe4f0b76363d7d85fc1de2ab5522321140d2ce936ff98470a296604d3f2980b850eb1a4e5ae1125e69569b89e75fc8cbe826dbd6d7304089c3d4e6073865de532a4615b28e17ac93d3ccf879991a6e3cd5717d17f1b3f7cf1db01e3e0f0bc172c81cd1318e
32 137 10 1 27 6848 :75bfb3ea6da826d799e218bcc01a3d0472ac2619be71ebfd52dbded05c6a66e533628c8aa63064a24ad0d064f94a04cb682ddede6093a8851e15e87f13b989ee460d4c58e751359071c693e9e25bcfc7c81cc8e0f1a118fe3f1dc06bd5ae2a5e0aea4749fa9d2d1fb55f118504ee6d49be088a3b465d22fb1ab8c395cb420ecf0d1d61fa6e8b71ec5d
32 138 10 1 27 6784 :8c89b44034d22429ef625312272a98d198e7ca7131cd8d9fcceded7003de572b3a19d71569686b898c375dd8d9ab07d420a9f471a0ec6314ba342a192b5d28d6e166fcaa1d01ee66de27aae7312ae951ed1ad7afdb1619d7761338c0cd45c347c27def04fee84c2c0b6ac5057ed5320661211769d5ff364dee3dfb93a745e111106daa68c7a1705a77ec
32 139 10 1 27 6848 :85c84181b1724e1ddedf7710e4520d4d52f1f4bd5db0c8beef4a914feae2d32b05e369f2d1d22e48ab080fc99a5b889085e776a32036166f2a23dca43bb503dd681a0205daeb9c71e641e1849fccd6aed5601e51a38c89b2fbb2624ff46c830d642e14511e3b3f44d5ed3d5bc2bf9466806e6caf1ed5b358ab603545d09df57073b1ca0c15b85895b67ac5
32 140 10 1 27 6848 :b33c7d23bc9d46b0a83fb51e79c948ebcfbda7bf678a8f6e69db001e26227ed8b62420d9fcbd8b103fdb7de36410086f995ce5e7960af248237e7645b80aed87ba696f951da6d60392450da16acf38c5e7c8f8d10522f573d1af14d768e68730e449bc4c599363d2a82b354bc37e824e02c9f5cb78362763bd59f5e4d51695dde70e0a9be69a06250563cf7b
32 141 10 1 27 6848 :e0da9003c2073dd5f953358ba6c39bf36cd13e34ae44d2a5b5d534de92a50db47582a6615a236f4033b4ea1f5b955c33d8f85de777a7269cfa302b522006bdfe67750e1e30545ab645acd7f6b1f18c53aa26fdbdbf9098d41d41892e07dee4104b08fc814943bf1a5e21c4f023240b298dc85833663566e248abbc289e9f08cd1fddcb277028ac54c7b2911da7
32 142 10 1 27 6848 :d80ac4507f43ad28a88dc80c285aa45ffa17d7fa9138ce931c518d1bf2fb1ef93ee5ba65a2e91906401dd8a1fa573e17b9879a5940ce03687d9154efbb2d7a7cf17bd8e342745b4c39f44e12832ade39099144b74bd34371bddb154d4e929f464dbeea12c8e1a5a243293c881c6d767490c887279987142ff842d6d9d7f723fdfc003ab0b0267a58f21450467cad
32 143 10 1 27 6848 :df4150f75dc94e11ae48970fc962d681d22fc2f72d309d4504704332e69bdc89cd79de2ea579461d58eb802ccaf3036552797a81e2d81fb0d5bd24c89ce5ba9fe4285a6547bb4db32e3f982a153008de318b2e4f001865008298ddf46bb8bfa1c59efc369073531b96219ac8b0090ce7d442be41c12679f82ed35eb7f917e748585ed17ef39ae37f5dbc0f81b255bd
32 144 10 1 27 6848 :e08377618f499e1d3bd553b2b320e4c6b8e6ec07707400aed0c60236e47c0f72c4b524b0a07d9361a8460df08132ad9c5dd1d2581611d315c55fceb59565ddbc2e6aa39e9c07c460287ce15fdad3a34042d4f1359de63ba3c3560e53aa80520c6ce452723c53d04de0beb64a9ce2f226165763a315001f3b62e2ba9fd44cf5f910abb28666cb11372a86fbfa673206df
32 145 10 1 27 6848 :a83fce1f0e6c0e687801cf87c191968a7cb8c40d4be063d5faf077a7aeb4ea355d996fdf1fd5d9610fb13820fe160759488f3a075e4695c1093ab3ab013adf3d7a4b4b85e07fba46c308e021898e2d6df032af98aa74636512fd98b7b52e93c69eec14d5ab0767a48335a19752d09f961a37b871d26351aad799edc48414ac7dd3b976ca44d84d4a3859b3383de8a836f0
32 146 10 1 27 6848 :6cdcf0a8f277fd2faa787208ebaa031c5d429c636828967e61f6f9519a8887dee8dd85fad0e01853b8581bbb785f472c15c39a475455996031c24acfe630083999ebc8894a8b8ec00f31e2f2a5fc1b13e1130d50eee1857fa81c02c2d0c9d505d05c4a5c1919ab4c69f041987098313399d33730eab644cc068b4756403f806c9a57c96e96a2dd0611e27c05b4b4026c48b0
32 147 10 1 27 6848 :ad1e550fda7b4083cd164ecc04b33374fb7d2b0776152be60fa1892d7b00ee88c1b73e308c39481c12bb363be3630a8dbb1e66579ac545137f420b75b04bf5e966a7b999ba5ac94d4a39f6b63f8cd6547e5479355aec0ffa394a0f865b48383505481caff9a2a272935a444d09e8fbd33a5dc2fa43b8ec42bdb8dd541f28eb34dd8649c96ecc4ad3c564bc1a19ebcac6b4e84a
32 148 10 1 27 6848 :115aad3f107c95a7306d1d9023b7437b6a65c5968cb0738f4661dd89c5f3c5cc62a1ad2ff326cddd4dcabaf9c32a435134e9922cbaf930ddbcd0f8388dce44eb206a73d33bd92d4410778ab2d62326470779e4cf3e00c92b385dc4cdfea63b45791ab791322df85bfb233040579686171038788a3e78e9a0263dbdf8494334be2481ca60586155e70211d0a6b152032e5c80eae1
32 149 10 1 27 6848 :86e79027298f18ad0550c3747381404ccf87e617d3cd9c81182dbe9dd5118bd146bd8d44a5138957b5ab4fd81e22687ae4db20659e44ef13381575c17b2d18491077a043fef2a4fa0a48e0c269872b87cd3e05c3fbd36fbb352eb5ad0f4233ccc60bfb98a5cd35186db1f82cadab67e1d7ca4440019d6ffbd592b9c48b2fa8eea28d111b79c672809e13ec5d90e490959478f267ad
32 150 10 1 27 6848 :e054978ced4df1620e05c77c9fc9a0e00c83ab26f44e52d7afc477fd0f52b3e952b6a277cb5833171df71bb3fbac409bea26148550d5c2a8aaad430c3aa9abfd659e7fe90869afe94ade7a9aa0f6278fc01f0b49ba73aa460af59ee6fd9c3158067acc48c6d164f1a8d338d54f2f3c537dee741288dcd8061d04fa034a659478b5d9a51d571c9336c30c5689266e517866b82c0ffd6c
32 151 10 1 27 6784 :936395ab556cdf660ac4fa7c302b8e3cd3ef2a60082317fd1a9981e3cb31a0235fbbec3bf4ee4ada30b89c402520e1693f5e6c967e40ae53c627e97a4bfc98a6cae196693b4ea158134b342c6bf00687d7dd61ce7557b35c56febc5c0ef84c46bf6111f3cc831e55cc33c5e68fb859a1c63f67870ac3b050409a51087414df98a57e55bd8765d2d1e662cb60477a1bc5de9e010b26dd13
32 152 10 1 27 6848 :70a7ef244afc4325c25365bbb0ea228e543a12678582d8cbb421dd4b0a3fbefacdeabcb995c6a3395135f4c50f25659a3792803a49131f8fc2cdeb9edd16367597b74af5897cc08d0f3a2782c111219819c6da84bf7d430e50cc5a242a85f1176bfad796fe5bdfd59e368d8bd619cb7eedb7dd4e7bade9eeefba8016702ed9b2e43b68c3acd07079c4bfb23c0bf99c7e0d5c8f2fddb724be
32 153 10 1 27 6848 :5306d9942dfe0ebc81fd7fc33de4f0f5e99d7b9d87539967de625f0fca37993df26295fb472753758fb8503220c6d4b1fbdb120d83cb06b19d1ca0ef91d5465031ba1dba3d9c2fd6b20574ede23570b0e1d0707aeafc92e6b4d85e495ee393be586663750875d31fbf515c9f17b4237a796da12513bfd2cf72b623ed2d85f9528b99f587daad378ce84f6add94a66c8ac9cc022e4f20351e73
32 154 10 1 27 6848 :06cef335ca8d4228c31e8764aba0f548b27eb033d43a3e0035bb8fb1102098a8b446f7c975d8a66ad33890b94e38b212be89a1082b2086f0f211c8df700153ec492357f71cbf5d325ebda73c97d77207b6b932a574387552e3ae85746dcaf7aa88b26734fe61e72ce585e8d18807c8ee76f0120298495413bcfa2733de9a98ac341dd4a220298aa40cb23c269fb706540e1d71e82182aedcb9da
32 155 10 1 27 6848 :e8209cd1e08d2a8dd3ac7f9a8966b2561ff6ec943ba4ad2a97e9e9d9d3b71983743c1e50a3fa14ed52fb631b7884ca5ee23ebef0cc648a478e2df4e7d82a4b92b5ec8958170fb602b4f3bd542c1507fb7f517e0906f292dfb8c16b2796665e52cb31fd11afc81d71b4b5960bda15ab55ff1028beb8b459b5ab4706e23bbff5b5dd59828e499aff73d0ca922c8572d76ba32f6fa1d261df81299ac3
32 156 10 1 27 6848 :dea987db6ad92387aec1d678833de31272cef839030ec10cd11c9af50ce292147ab8b9766330ce019f11db83a5c8006a2ad1bbc6130399124f26ce709496013032770c151ba12549de8ee070ae2f04692fc310e87b14ef176a15cb1205994896d4e37b856f5d91479619658594b94b92e25af6c68185774429020d78a52826eab511da97295258d7a3e1241760ffe61c93be7b73420ac7094407a6b4
32 157 10 1 27 6848 :12abf1b3b09eeae4c8f3d658a167c328dd44b15aeb9e45d08f54d34be54ad89954ef73f20957f00b6119057ee5d92d2d97312604d22b350901b6d49ece68d9f194b1d07b6b193d5d963bc65229700af9cd4bfea2454359475aa7c7dc6d8f82c7dd56d9a299ff7d3e3e5afac94c89da2f584ca84e2f10bbff89f63bd8a5becd16cf6c4fef34979dcbf26272e481fd1acff6a5bafcae7c9117edda231488
32 158 10 1 27 6848 :ca1fa7ba8aa31155f575c0863f195474a94fe0a7954cfdfd298c057967c0ba18775b4b928fc063c7ae2fc0218d37f468b040439fb35a051dcf802f899a07f730e8a224e819678552136153a92e909a5b86bf83a9f55e5829d2320700fc230b7752b681547dfed54a55ab369f2eed25ce19d1f51d2435ea6a748c60b6557620b8047bba5b6df11fbdfc31745c0485f14b561236c3af0d84e4f33dce636d94
32 159 10 1 27 6848 :6d6fed69c34a3b7be92ffd914fafcb9ddb32a3650c22771222e01af20d53a02723980b1ac35e640652f8955d49081193e6feab09da79767c3c12cca0cb04d2ee1fc2bd57d1912d650c8e50268cf6ac2760923d2e4947ad7c7fda91de91b94466e81f6963ffcb806c420becaa5f0208f53f9a1c4f0b07fe67ac0d107c304276ca055fb6515c3026fce6d52781043aea20d872f4675c60153142f85265f7f6a2
32 160 10 1 27 6848 :8930184fe0d8a56d7a0714c1ca7799542ba0345c6c8ea27b00d3e74d738fff625d5c34a597e6bd5ce1b9e1173d7c715410f4300c5f68d9fd75375e2c1f6542c01520e1bd124b2839e5110349b44c5999820b10d5fe3c819bafe1e0f28a0df63ac9b6086ad3aead4d9fe470e1211d16856872abd94cb6737f5d1f9dae5839021c2da25f280f5d95730ce8d7fe1ceb9037cfb241c391aa70d8dccb42f3b40b50ab
32 161 10 1 27 6784 :ed9c4fb96ff08a08d061d91cbfb367ff55cb6d1a3ae5aa32b230a4e01ceae49cfac0b26e750861fec0834b588e5068ee823a77d2d05ef8f88aca0c283653fad83cfb22e2a7675c8481dabf71646defe88019fcc11f3e8c0e0d6e66c3dd4c107cfebcef9248459525273703ec9a658feb6039547c04c550edb2267d96bc817f59beba684f59ddc54f4876f606e2e57e78edd4c5dc6298e7a326343bedfd419fd636
32 162 10 1 27 6848 :429db6d58429d114e78a159bb0e85612bb65eabbe2c543d8de2478639682c13f3883457be4703ffb1274ca39e44ca62804d5aff628fd6b444e10b04a16c7c89d3c0e86dcc081e94cd0c42ef834945d4b35dbe65e3db0d88b1003cf5af814fdeb4784c40542cde6851f56837b85150b5c73369c476b09cb3b63d4799d9b430ca918f3719268e07d0daa9dffa516e484e677121adc276915496f97abf6e326b960a6a4
32 163 10 1 27 6848 :cc36de1cccac5e8969d4178040a74213a69960673096537063863078d4ec857bc423564606ae320efa7fd5ecf6938d55349ef662ae3aecfa8201eaa8b9e800d65dc827f28bf6c867d57d210c4fb1f612c6f8f9680f6649052fc6df70e3dbad86de0fd6ffaddfe887ca05d954b17e1c46057c8762c43aaf17568d1596118b410a1a95c14a25ebe433474c6ccce81b2c49b4e92b94fa7e46b71463284d1c18d6ac9e823a
32 164 10 1 27 6848 :ba5bf7808a7c39e02f42657814b0d13ade3b7c7865aa49df9c705c7dc3509ea3f78b06ac2e75fa2630178a5167f4f2268800664725f05d332dd5619b06659182fbf34e43598f1b6589565818a75a523e6fb03d4dee219bc847fc224df198b688f9a7de4baf6ee55144c6d8419459ca480e2f6f937dc6aafbf81aff3a2eae03cdb951be870c30cf7e9c5f86000c60d0a06380eaaf6ed86431805284096e11b29a162f85d1
32 165 10 1 27 6848 :05a32ae506ff98008ebe7f5919ab9ac0d51dafb05f8af81d68eb95cc5c01669d58359dfb0c69fb95ff805d0be7720748c503c624f392114a2afb50fafe63854cb56b899d466e87b47f9881471bc8d51ca3abf55774ea774f549c534b0cdc81f464d1cc54986aec0a0585f64372fd67c965ca33b3970176afebdb8a6a3d30139a0fa68a52bed98cd3ccfbff3fbd4fbae1bfb847684c2a3847481612a6a81c216ae647e215c4
32 166 10 1 27 6848 :67c8d43c857978ec19d4e9f2c0cdc4eac99f428c2c76e5d3f3dc32e2f18c5046204d0d58c1214abe49ec84b0371d4de3a3fe6bd64ccf0e73acc0de851011901d8958db7abd34e0cd23db76562389bd17be5e691e6690fbe8127fbaf64927b60df711485eca100982c22e4a802ff5e38b58d25c99245850c5fa3ce31f0361e370f1eede914b73509305e2a2ebca69a18edb1bcd5d3a7407b71408b6e7db7f4473880651e0a9c9
32 167 10 1 27 6848 :07219970ebcc25551957058d20f726c7bcc223b9bf772808a6c9c0165c857f6243b64b967e0c29b8d889462542bbd28d74b089ebbd55b07ecb68a06934da6f3a65e917126ae4904429ba82fd6f4fa4cae2342df7147f18cc0f36ee08e381ba58f65e6504bffda76e2dd4df0e6bde5ebe7d95bce622cccf1d890469cfdf6e92fe96e01cd628f80b7c24fc612196a9ab7bfbfe13a95795f977d93cb622ee057a20f0499acb8f0409
32 168 10 1 27 6848 :ed6e36d91ce8673254630437d8cd39a0cf81ede4e551ffa2f960c7293b8dc64b53a2ad77f42bb9be6f42e35c2b6e4cacc963333eeae7296f055a143a7763c5b7d2dfac2c3b55c1a181afc2bd811f5e87797dc8dee138e3170fbbd03f48e04e5293e3683bb2fde221b5734b89ed0f3c4ab01ae2ee670aeef6e13a58cc61882b48d82e49e72ef65783aa05c0e9708763705c5203bb8ce40170ba700c41fce3c4354aef8f667d278186
32 169 10 1 27 6848 :aca9358c811db4b97adaf5bf52666cb34273d2c2fbfcd3ab0bc6f8b65bf5e61949ee8f8f370143c5ea3c086bb9d04fd5ec500b9eaa544f1eff9ca03b4c6068363689225e1a211b9a2810c60f3b2f6b3c435830c06f44c00e31dfa6b82830ffe2ec5c91c319a81efad23d906590f61d46f1e6f643cd4e85dac0b01c2fe15fe9c1a7fa3bb116319b9cad463e7cd1164b3bb616fe277b8583875fe66a230bc338bf57768a6cbcbcd2cce0
32 170 10 1 27 6848 :2c2f1d4ceaf7ca0d82b1fa30a3baa13674a7fb7b0b66c9e25c89fb75dfcd31877539d5eaa713358061877137ef232125ec4f5fc25021e43e14784e6699110aa64ca4e7e29e1dbcccd26999ba80e8cc6ab24b6cc10c17fda6dd0545e625bd7aa6ccb0afb24520a58c63d4382d9ecd78ed1f459d1799d12173309fdadff6f7f997a2384d768ec0828676580fac9e23edcbcd112254894aa9a001208a9a52cbce954dddf06b7fdc922ade2d
32 171 10 1 27 6848 :5066a7f4d13c7699a06afe19806e5c148cb1a616ca927d1c0f193b78ecb2b84b6517a590d5f654a628d87e1ba9a00d65fbdbc11fe8245485b2c751a18760f36a5d4414f089212960a266c3230e4952933b62f05dd21c0066b28e7f3324647662584f12e70c4d638f9a863c65fee8e566eba5ced10d7b664d06c8a8dd57a60db4ec79eb25631d81e5a9dbf263aa6aba09152acf0fe90d7e76ee142932f3783ca1c1d499f1aa9f168eba5611
32 172 10 1 27 6848 :ad179a5811a0e7e44808ae14a4db507c548be880f05d81ad4a4053f0d24db87761e762c8b41303cd5f895761519fd289bb7b54a511d403833d7aa9ffe91d1c459a30ab60f319fcefc13f2d5c8c111aadad5872031a225d948f1a64bb833682aff09127516916ca63fa67099b148a62d687898eb5d3777d5a18c99685b65aa87c8ddefdecc677a23c0df65af95b823f22bb4059d952d003f30ddc1121a8cb78a2e2f3c09f7161bc3e04a14bce
32 173 10 1 27 6848 :d4ca600209ee21be96e8ff0b33d4181cc74085e22520faa29f044460f3cde3af95c45a94172e82670be6eae74f488aa9b63bb9789cde32bccf7afc7dc1c29e9c618c4e1c0e8b27c7d94022cf46302f0ef9a83c3efcad919e40e8c9d5c14aedc3df3f21d6affbcdd2d7052e3eac37a9d26a0f766dbc36fb098cc4db5f7641245375f2085c076e8b7d9dd526017f64ab7cc46c0f3e291a6b12a16ee67dda701dbbfbf81c2e4635b5333199fa5d00
32 174 10 1 27 6848 :1c6723164e79cbc9f1005a6f1f09a92bbf7a359d0c2a43c30e5dac02015968dd08daf0d3badd0fc31ec257946dde14e99a52169a11be356610bbf6ba51a9af9a7dbda9e18b46479b460ef9b71590f38cfe0e1561e88e8f25fd2e7f1f4c729e41b458fe1b41206c117046f23b5bae254c5cd8c97ea2e6be7ca8074c4b43e6e18334d52ee3c7e2960551876e183bf35e63cd9078aab1b9ae5edad9df7e65059222b24b0ea5600832a2517393823ca0
32 175 10 1 27 6848 :0f3e16f1bb2adad896cfd3ef532021389b4e7d795911cfd4feb0c8bd89d4d88dceb6cc85c1ff4538f8834d2a13963f436145669025a316dd21fd7ef170d859854e0b2bee53aba3764f904ce3601df93f35278bf3a5d5537352565ba75efaa1d9d14f1df9f354b1d30f7adecdd8ad8fc33d3e235bcf8e1fa7c4a727b2b0e3937b2af9cb8aa04a39a9fee11f00d8347a09e988b9c8974a5f7fa826c37f6eddbe632157788ca4db77627f2cb4f1a065a6
32 176 10 1 27 6848 :2f84763e4418556a7edc8f9a18e9ccde7e965f38beb6b894f219fd4975d8735968d19d88a58b786b4480080dc54ef9e369960c9e9fdb4499407d41934075ad1397a6f5a5d932995f7cea551ff277e4dd1f3a3a4d15875c220676c206a8ebef54df01d61fa0de04cdc1bbe7825d98e3d7d68759a8fa99f8b0270f797ba03d8a181536f84dc2757ef4b1e764bb70bdb3431bddaa7907c87c4592c9a18f76d0ef5480d4478aac7dbde78389c9cba506f469
32 177 10 1 27 6848 :8166c361a413c3259a426eb601fd692295d7675563c2ad6c8ee4de3eeaf9e717780f7e6d5ca922d5372b1f5717a7165d1fe4e9b70eb2fae31824df04487ddbfe394b9e99e0a755f68b846294cd54c18a517f2f64fa8ffa788696434491e55086e695b88c1259d8ea6b1a78964765073d02b8050fac882c750f757acd4124cb5e50d62a691d03124b3058deadef64cfeeb95f5944434a2d56801b67a2f47dacdefc550bd0d52f8e6c64c84722578a028ee4
32 178 10 1 27 6848 :78978f4af55b3925a46ea5d2f7b59d42a74568add17e51e1fc6a9cff8e73d0213e92c7ee89876c235cb4326c3aa07092070bdc67898a31f825562446146558dce76d4553adc5f974ed865592d52561a1947163687d8cd768994cc6171d6de73607d8523b2d6f997e86ce318e3f49d1ada833c16b0324c0db9cde456644d1d78322fba879660e8747ccbb37ddba2eed678572725194a81b9b976a3ffb58b488d779fed111f801efef571947548285acdbeb30
32 179 10 1 27 6848 :b9d56181ced7aca5b4393e7dfac1361478e9439ebe7f94fd7b031e1b96c824abc3260e2e99cded0c5d7572e9fb1694752fd3d0fcf256f4096f3e827ee056392d75bcde54135e71a6a26daefb31ec5c5a65f4e1cf3ca9cea0fe890544c5c81fd8a2602f62ed1b93b5a1a35247b399da84bf9816f676047b44e0434563df04062d2428076c3159fce9b8906f6026a497bf220d947d91cb93e9c65c0d11655dc3b8cff63c764b699abac27170337833199b0c354d
32 180 10 1 27 6848 :ba717a273661211d23325770bbdff839f899a47b014c85d10864f9ebd3057d16233fc9023879de0d7b0d17f75ac9f2571e7a7c421ed52eec231a27f0b9c26a1f76ae3849bc3396636f542027ccae4e02bd9753882be37fd1b3ffa8bdee6cef21abc21be6e780aedf88b4686bc47762bead7e082304bf59434a9aeccc68ea9cde59042485216637a9de7d8387d4f9b49e031916da5c289315399abbbf5fb7e4133ef54cbddd2d94babfa95244691fdc46abe078c0
32 181 10 1 27 6848 :8e2fdc33516a45e085e2be76a343a37deaf37babaabe2cbe1d34a0f01ef3973d5cbadb0a99acca3d2816fd128e03714a3a4ec666b196eee607e4dd0bdab5cbd3c21e0389c3399a896e4d901c43da9e3f16830a5e719534a1cb80e7f6dcd87e31a8c835937c8809997177ec90cb7ae870fc90c22463ac7a0ac25c52c320a5c6d20b217c103020a90747d142a997dabcc16843a2f691dfb37869353e1a6d3ab2611ffa4eb9830e2bb64ab73851055f53d4ffb072f457
32 182 10 1 27 6848 :830179442294d44cc843adeee05d76a32cb0b080baa99a418653deeb5ba964c66c09631b41b65e8b77dc32dcd3cbac3bddb1b118361ce99e031428f6a87fe94838f1595b8ab85277000cfd02870d47a4d876134280d2c5ef7945aa049316a27b81c03f728f91311a998b677d34e48d4b3ed222fc36cae39070f00856da554be420dece5f179bc197f2700df7ce4c3ed4172b4a80cd19e0643ce5de9cdc1e5141819c6b2d012b6e4c2d36eef353e6252bf71ec845ee85
32 183 10 1 27 6848 :8f6db0f41cd98f5b4059d3326c250378455f11740bc89c5c51bb7afd99522493741009e635ed2d880fa5ab9d37eaa398fdef1b29aa0cd3db09e4e8816c0e57146704fbe0a7a304f36a2fa6dac538649da41712c7f0323aedfd6d8c11b1a529810150416eda7e6e96a359e12a614bf044c0afca50d3d3f2439cb299d826810feb23542fdf69de9327ac5ebef46033518130193b4e85d4592368b0ae508b68cb0fbbb5752850d7d68cbdd454b310599f6072daf400342811
32 184 10 1 27 6848 :105a5878802e6a7e137f7c79d5b690eb13fc22e9ffc16d9d83233d04cad40499ccbb8fe8fb28785b47a0c47556cb91e5a35e60798c8b071b0b80ea133e5670478da27108351213f4e840b7677465610bb0078d8228a55088de95c4f7e1184fb3bb2cbff1606304a51d20d0aab9df6b5ec573757908d362047032396afe15c73b718be0fda1a29e89d4a03a577a5d9635611669a242fa2ee4ee620420814c7ab02b4f358a7e119a4582ecd07c30b7517fc6737211dc38f304
32 185 10 1 27 6784 :e5db1f7e781f1ae5ef3e640bc9183641ab386c035cec5d7db6b9ece35b203abf70595510be805499fd9ea79102e70cc1689c3bf389279ecc72c29d67ba10e63ff02b3c6a074cf5fa4a15de7e8d8f0d57d5cf7a06b40fb9f33058ee9e7cced3d8febe13facd4146974d69b7b82fcaa2653278727594280b4ff77b6020163b0e83376a8b8f61f857a7e0553e9aeba26756a6dd0a1bf0f64eb095c34550a420bfb7125faf0a9f335d12154aa1fff06fe15f9becd46ef1f56cc898
32 186 10 1 27 6784 :afb2f1a4844bfef27ae935a5898d4885ebadf8029e4477b8013292b81a7774aacd7769693b67d45a9191ebb87925f7096415f7c7f3818ca092adb500e1ba6664ef71d8a6d1b4934f5d81d79b62fa1bc11e687eac9a9e9618534854ea30dc682a4396cf17a2ae04e5951d57de79fa13b6ddb2da480d67fdc76e8e740ddcc8c0d1bc29b399184c4548982a7b67ed1605a4c96990e5ed5472f3fdd6b99a525d8b1fc6f6cea210a0ec240f735c03318c6ab654bd7f276c2cff9dddf5
32 187 10 1 27 6848 :682348cc568f2af1dbf76018adae31caf6d0799b2fcd8226e5b9944414ba1fd62c8417b649b3aa9c4020622e7af43dd76e5cede9b81b946105c27485b8c582719e51083126c1c11b2df22f4c93cc31610dd7211c8395617096c752602cc5b12402bbfa358aa83b4524b1586d7ae17fd8b2f20f50386b48bb0a621bb8855b931461448e23a400d38a1fddf6ddfb7fe86a932b0b1c06fb67b935f01c4295dc02ba91d3a3aa0b955355ffa1f8987a29989ab3a59cf9e0b1a0337fff32
32 188 10 1 27 6848 :b053ffd378f1b66eed6f095b04505955c48fd440bef0308cdc1072e923a270131930f621bb396d1075c39141015b2ec0fb1731fd5acecbe836616319a3fdb917ba289bd93514947cdbd984e9b998c500ae880e072bfc4aaf1baaf16f678727fdce9f6c4859431a03a3de128af258ebe3a0a0335c04fd974243247ace36c0b4c759fc8ecc6e8e8128b98371b44bbd2919f573e984fe34a97a5cc0c7e9d0cdbf056ea3310792fe2567f367f7be3bd1e49a4b92bb7e296d99c2f19bf039
32 189 10 1 27 6848 :6dfb5e6018ab67ea64f12ce680e30eae548a35d4d30ab9cedcb1f300195c51e732605a004d95ebf2dd2c10f4ca253210074ad4794b82a2787fa8cd71f6edada1ff6913bff16f9a0d0bf22d4b449d4a5e3e1688f7f017abdb5ba3e3badefba253272c3972ea5a523a3e09704433a4b84b0720cacdfcb442c6f805c96d7e8129a7cb3fa17c96ef7dcfd1e4f60b6bbfe1758c3906b02948b4ceb6038c077fe79b2729c06905b7835d1138311e2c3175194e87d812a297bc1842fa1d7094c2
32 190 10 1 27 6784 :a959e0e2106d44c7333565cf2988408a55a1187bfb200c41cbd1b9c446e4a3329ca5999383a5ef43a62366b0bdc98b66f7f0b4f581870478906ac0c601a00877b591648b0cccd10994f4e04284d3776b031bd9f406eb480326e8743fdeef78cd27b8f0592c9995863206bc6fa2fece3b833c2364c8eca31d4bfe3f15acf92150694d883649989dedf430e204bd7562a98ac3b062026c7efae6bc8edfe91d90118a0d54c386e4992f8b70a980554ffa6e01de222ec82e41cbc81faee495b3
32 191 10 1 27 6848 :34196ed6a11b46340ff55ebba509ee6eeb621904b5993c95651e8b52fa45eccb4362af4ff9555c324bc0e345e2e8559338fa345ba6ef6511912e7b254c5d883b605ffc587e1003d35509d24ce0baeb0693c0a92cf627df554ae0c2d5816ce04a0953177452b544d785857a21b455a4faec89b09fbae868716a0914f1eb3e7a99c1451aa1af437bf51a2574415d933a4f9ce172c47a7657a7ddf5d23eaeca8535a376378fd666979cb65f9aa6103064329652c7324b2654d9c32d428ca08521
32 192 10 1 27 6848 :d8194cc7d663d1580f947ef1e858dd021415379fe8d1ceda30f3938e93aaf7f3ceae3e96679e99412cee189b53d9b378fdb3723902eda916dfb435a718f759e2e044f5353d3b4c1b914a709f3b73daf104877d909db43fa0b57a85399dac13eb16cc695af59bc6deabd29fbb34a06a1fc1fc51ede04a2029a0cb4a0c87364dccc77864e7ddea6b0fd6354279df28a8928f073c00700051c0fc4a38db01377328f3a2c45f2821c5e0cdc2bf49c2bc71844be6b647a1bf5fd36bcd0f900042fc71
32 193 10 1 27 6848 :d85bc5cbc68342aee7506b7c90580df03c66acfe53e444e7d054ce298fe66565331a5306c562fc037acbdcfaa6862579d712eec148b1574cf173af82fe155ef8e9193d04515310e6ff47dc10f952007025a351b8bf0b31286ed69ff4dc2964a2cab5cbdd9fcb12265992ce077c67d365fa7967eed089174ebf8a812ef1b9ff7674c5d97a155c0e8c6064c4e79eee13b9e4fd43cfb51d86fbe766fa718b330fa1b8065d62fd6a59b7c89820f04eaab1745631230ffe34806949c42f0ef8e5b2a7b9
32 194 10 1 27 6848 :c99795d95577322b3190a3da933df9b2d1c91948e7a7c97dfb089c388e979974fd8a63b31a042a63266f18c55144d851452936865df15d90e3d9a4528fd6f6e6262bad5a86d877568ea55c4e689ac627c01b6100ef7a6956a0e0414428d6576eae2c449334b00b864fc5c97b6371d116891414c0aab6d34a5e829d5f83ea5b9e8357d5875330077b7e6b7dac68a7f4be23e8015676275d8e38f8acb67bc3bc797c9c23ec8153bfdfd7091c178d189faa77dd91018b955edd34798538c9b524d79df9
32 195 10 1 27 6848 :7ca312154824f15d36e0765b2cbfdc8a85c159f223e028ee322d518307a468f7aa934b216e02143679b6bef5495c46aa703767f5156d215c77594392a380569c00ec24b7ccb46189d7c180f437968254c5000cc0421f0d682cfd18eeebf95f3f9708d1f964a41e0259fdd9a98773623de341cbce21c0b8d6669aa0058bcba15acb8c82ece5a81c0c6fe07b5f5c05a0785383741c485f28d13e3ebc6303b0dc1de8529ebbc59ca2844f918f4fbc4e92238c6d4ab3dbf722d5a61885a278558cd2ef7d79
32 196 10 1 27 6848 :d7db8ba89b76b331cffcf3212872228d078d738feeb4b94e670b3bb018e578bd947eb3ea5068c433703394c84c71935069f453e12cf1e8e809feae53f5c471d5c5440474546b9e8bf2cb20a16780fe559d800903cd1a2ced583aa131d7dc96fae9ed72c6d41a63fbd0f32bc2663b75be616562120b80f97a6b7c576fa682aa5c9e3ed9b44e0a2b4d8189549f360bdaf2bb9971389a6f220b41879d1de42b1f404d2968a31b6d78d02b5acd7d635dbf4b997703055df5527f2dd201b93796c53e7427629c
32 197 10 1 27 6784 :55d2e46307757f5c1e13e578e5798560c084b88d690e877a77b997eebe973eb47b2eb928da3cba1c72c650005106713ce6e37a9ebdd3f6b82f4e89044d6aae5831af3b2e39d4dd666ab3e05a98082b5eb0cf413ded68f952cb7fae7d706b6d93b6f7b10b56d3dd79cc6a98b2552d465b57c59c9d7d3bc792e7105ed36bc612b57bdd86436da05798e56e1ff9c1676d9460aff8105b2168713af8a4cff88a3272e2b71511a7498a8b7561c8de1ad643454cc7f0b270320fba58625270ab14ecae72d1ac3311
32 198 10 1 27 6848 :66a36b3724803cadd32eebff1de09637aba6cdb3101f9b12967466d24fdcf655e54b42413720c7ddee723554aaa64259e090900e85f18db1b8ea9f383547e2c485a66ded9181da333df9086ff6ae36bb69a97873ae19472baf0903e78f0466760a5e24c0db8a6574c243c6111f2cd25389020164c483c2c383dcdf05f822c5532f6f0d6b53460b92d638a03d5e68feb7da3180bf7f78a2188b554538f658652ab0bcc650a1573e48612cb17443387a224b6cf284061e453cfa010382cc88f22fb408abdd9b99
32 199 10 1 27 6848 :8380636f55f3f2e478714598e1ff1d24a0158d83b7a5be1189ff414a1ca94ac9d5c84eeb476cc84ff3b1cb00b3e8bcedff8b6913902e27f35eebf4367f0aa3c39ef7eecdc2091f4119e95d7f55ea5df64557e509c9a192e3ee85f5ebedfc86c8fbc9b9118b01ea0425cd4c297a775d681dfd480c8d5d1a4879b10c5fb110943720344593eb875748a7a4e6eb0049a63e237ba28cae9baccc03d851b7736232a08ad097dbe04c654995527cd88634b259fa6fb36d8aaa37e692691abf749d6d6bccfabe8c7eff0b
32 200 10 1 27 6784 :6dd5836a00bf7f7dd3779005b5c379bcc191b75d88568e17637790e60e648f043a93e6158eebc40cf36cb3f39de527a00c2b0a7f280659670e89a5033abaf0d75f4c465787ecd6d0a090d686fdfe70765dc9acd21f3562335873191f269ecbb3dfcef3885d551078cbe02870a2dd1de61e4267a92d91bde4b002f846ab76509ddd2e109568d41492cc9518eab096c1e8fc94cffac7191895d1f2a766d46235f7a36d6497d2932bb86808090b5dd7a6aeae6d61cc2474bc2a5899bc26868d83145f8a18567a677c77
32 201 10 1 27 6784 :b1736d06050ae74a5374ecd0b449f9dbcababab9ec38a322492fbe15907a99e16e3d6801210b98f394c02cbacfc91245345cd706165f24d2667a493386c69ad66c34c6b26af6cbbffb43fb6094334cbc0f66e784afabb47ca1f34039dcc847be7c2f9ecfc9ba0893ffe915b879308de4c10fa6252bfd0f2fc8f2566129dd908a4e51e93a7edac74234de7ef41588b91636b98ac0453bf8f7a0dad578b2e20d6457401031c5b617c58dc2b3b42c34aee91cae01a05f92237ea2b9106ae14c9a557580cf94ce81bc7130
32 202 10 1 27 6848 :8a868e2bb11455753a48331afa2eb0c515a4caff1b66160ab1cc77c682015e01caa33048b07e2e7bcea16ec53ceab5e71a1f52d29cdf3775466d82fb984c83798fadee0cada2097793e74db3f91a9a93690b2a3b8a9d3aab513b71b7139d7d043e8f4714de6869d1eb0fb0778cfff4e7f982c6c4565eaec62d7409f0e269b8ddb0d1bcd8f4faf52575d0e3eb4bdf8ac62f0a1ae7a984f2b99ecf415460edf1f60814243dbb7a7f2750051877b5569dcdf5c91d7654dd443b2ad6fc7f465152b47adc14b65e99de043cfa
32 203 10 1 27 6848 :078b97f2fd2a65056cdeabba24ca6654f28f44e515aad2727d5e2bb9150fc3dcace6316bd4fbd5eee1c80daf9dde038a606f1689f04396ee72d58549b04dbd353b1f5cb5facd7ab9a3ca4ae79c7a001e342ee96f93c19776ef81f260097f918327da4785fc3fd908712107a27db3659b7d388ee0ae086c3263e1d382ee74103c44555fbc66ea5c75e7e5e58483fb5e63f0539519f0dc11ac29c136f3dbcceca287b8995b18f9b62d26b26e064c7f17616a36cf1dc3ac2c629aab70b6be6c9806bcaf5f6cced2179f0f6706
32 204 10 1 27 6848 :a7a7fd5f9628e0cad59970bc751983e1983de9e927479e0cfc829a4a6818c0285a0885444466d63a03a0c9c9d04fa6f85e535d0b45492509be787c1fbb7a713d8432b89a4dcb2057c0564c6cca7b160f8896f4c0262cdac6b2b732cfc2968b1c214fb9f2df837e830b5a948a6a111bb21d7c67cc4d91c0ebced3e4d8d35fd6d1f934e323982e4de8e0e1bd2e303376fdda71ef6c322978676bf9dce7162fbe3c0feb8e089feac0579dbbd4db8e0148cda69a07d804ef75a4cdaed717bfea69ffe4be79b2a11edf0cf589b32e
32 205 10 1 27 6848 :1eb3e5bcbdd12b20d3e5af0c130541e2ee93975cc0e2de60e8d2feb53383e695977879864b00b075f9515dfa3dab55b73e3c1c4cc2c2a7e4e6590ed345a03e05dfb832a638536c9d565a1ad3d255e7d0e433f13e142fe06fbf05442de1db1c8f4b81f8725b35aa4ddce6dd5179fc8e8612bc134af9a6d988ca194bb91c7e8d89badc0b432189f42df6f54db109cdfe8a44ea70af4a3a11910dabaaca804c1302f61840b93d520e92b236ece728b7d3b03bcff7b7d150caf8abe6cd1df7a592bde9a826830a35a1017947793b5e
32 206 10 1 27 6848 :eeed268e7f64ec7f0340f4ccd7596c8ec2427bae8c5882cc75fcd0d97b6c2df3f962fa116aa4b469703f0d009c8a187f59c6b14315ea82e4e1089da64bd1ab73b4759d4d5587f7f1aada7ddf76d5bde55446c5a15d645dd5cb5f93a3ec02727e44c00cfcb7768ac46e75f95809debaf56e63a7f6ef98d1937b84f8f0e5ba0bb8826c8b237f95013d92c01591fafa162c6510fc3231877248b4e8f308614dfc4607d76e0f229db5e282332d574d392bca092be342d4e13abd07a5126c38e2d9aa2c73218410ffaa9c87a53fd0abac
32 207 10 1 27 6848 :6bbe6953417230e07e63dfbcbe306814851ba03fd02e734e3f96ee660004e85b17afd26bc44bf2ff3dd748e8fd5bd0d2ef0f8f645001cef06523a9afcf5f05aacde477be5ce42c0d478a4b52825c988c7622df9e03302a19c3316e39ba36707413df6538ec4ce064b2f26a03205602c431ad13d65c403a53db45d2e46cd9ef8866e2c84ba821d0c81d5888de573b87a2d2f2a3ff9fa9a44144abdc102230ca67eea2da2c7712072c9667b0edab64f0792e27b7c143eb1eaa7237be980079053ea977e1adaaf8f92ad788e8097e41cf
32 208 10 1 27 6848 :823e06525f9c030c60106e59972f8222bef1fb5bde131fc128ff45305fbb61f67f4b57fd9c8dbfe89376ae0ea9a456fcefebb9c70c6654f454282f9601e54530f856537bf3d56fd94c042e6fc68bc4bc86282cd4763f008db31e64308257b60bf71281fa0625fa0027b22d76626b349552aba9e85839a40afca4dd5ddc90d871ba93481a1f806aa0bd545250b47e45ed9d150be708a111476a6bad499ade693bccdebdbfd146b982c93236ce73853804eb98edabbf4ec32d8c797ad852aff52d9882efeddee2022680603daae8daf23e
32 209 10 1 27 6848 :45db5952a3c1b4fb1e282a7bea2d2f9666b092c9012d597a02af7113cdfef2eda87adebc68be26194544cc6efc38faf1cba46e93e5645f7c64e0a58d27392fabcf5e7527cfe45acddc3dc444f549ee3cd537034360c6055408e7dfc6c841f656683819002dfb2cb5318e3f0e82dda1bec1b48c0476cdb1ad11167ea9d85339fedcfa43770f2c64ad112037997cb7bf1c4aa9fb120ab807f84cbb85665901da4524f61e5b42118fdc682430995798eef879804719cc37314f548370a9e860b05d6787210bd179094c9254806a118dd84123
32 210 10 1 27 6848 :85a05263f66ba8c99b99a269756e6e839d4eaf3e0ff5a17f67ae3b38a58e4ced7283e8df39a32f2582b54de0da9a6086a7ad477ee8986972a0d25a7719a9ba36f28519f3e3cba5c078acd1cc418a4af97b7750a580faa142e96bb89991ca318ef519bcb671f62ad52071d5e8ca5016ce4a9ac2b6b43ea2a4303a55bfd8e1a3db968c8c22952ffb7355cb7953661c024778f659eab6b841e6969dc3de6c5b4d332ac3357bff36226a892a4ce706807817cc638ab6a5c326c60081371dd3d9c1f2799a4620d6fd6049ab65e22059ad927dfdd3
32 211 10 1 27 6848 :600c2c553c1234ad6fe068cd59505563e8db587485fa79d3ee4b37bc254e9878262afec70b4409b96cb8394fd289a63cec5651874713ae733258b61b66e9df581417066154121172d913de3de291e1dec20ae03e0db2ce8a5f3f094d131f44db5915df9e798222cbd01190fb16c95ceb01d64760c2a31384071d28b77fc19302f699411cfc3f12f46e198f3eaa8cbd4fccd477901a1ede217cfc9066ca281939d57ed5ba995f0b42397cf1411a70b9f5caf1c32820ca453b3d90a3dc7d203a27f9daae7e37ecb4af464ae08c43763ab229f9da
32 212 10 1 27 6848 :3b1a7d6b11c13204de847e05124b518c90c5fdf41ba1070911fa5139cc09da753a72286ea1e9fe1313685385e02eee866d3e88f8446346947db72781f9e10c07747e864d237c97e0cbda567dbe7b8601293b286ff09c7bb7ecfae702403554dbf1bdbe80d3a8f95dd1bb2ec38d07ac0eb09156344e8e156c4923363e1010e7e4527b58662fc5c277cb5b1f6a0cac91588b7f3240f0b862412fedc846b38a8915fab3f520d854c204913087d53e0b356ca23ad46d30f8c3a749117817523a2c8c63bddac0bb841d52c3e70e20f6f60c9b61383f5e
32 213 10 1 27 6848 :1a22f4c38f34d6624536d0078870466723cb1b93e84573db06cb44960745ce1adb16913f09de0f5c95bb4bda0d328f20fddc417758925f6de4b806709025610452ed860d1dfe2e30bbadbed2ab04e10976b400479c6aa1aed4b387fea2a30a40b8eaae44598128f60192e66b05cb3a671e22821b59307a69d5c3678ef3fa7640a0fe76baa78be6cc705327679660bae284f61507ce37035f6a7407d9ba78436663b1f74e4df056a8e67a28bb9d1b899a5582d0317fdcc29362871127cf082a95576d5907871f259fd8047908f92b3dfbe47c91eae0
32 214 10 1 27 6848 :f0d325e75c27f51f5b268b6e6a5178855c4ad33ceaa760e8fcd10bdc3f883b56db10255b163c87b6cf40a4ac031f0cbe08d75047f4bd8bc993af7b252890070418aea8d3971e70b1e1e41e64666d0bcccc472353e8bbccdddc94b97fe5a0680c9813e4d6606eb0c66d3e53d0c363bd148a76836955039b758b16f70176a1a86d0ccf2f76acc2e2b6484f126aeb64a65ec611e3f570c76d251d4819f29139901a1e1694b0865a69aabc788f90f4bbcd0c86aa4e4e370e41608e2d85155716e0d9b40d4af0dec9c92020b1ec34923ba0075d750214ea88
32 215 10 1 27 6848 :5282a5960985d7c52db75e8575bd3cceecf4bf6d7539cecd05428acd9092453458c78ca8682db0d8de4025a0a7170d690fb05ae55ff164c6d129bc9e3b67bbbe83d3899229ad2ac904ff753c1590d35c912ad1957a21e985919ce26c206cf19c64db1f555a0750ca1397cac37e8662556146df2513e622df372092dee134656e90f38fed0f9616e838a65151656553023e0e261f59cd7d91dbcf6d41f3a333ab2d0cc609869c0d3e7f86a4da69f50699e331831f5cc12f173f71391c1c859db8eac35b5a792749e11668e16045dcd2345442f7379432ab
32 216 10 1 27 6848 :3403b38c0ac6807466ffadc35cf84b355192f7a4d47eeabfaab86f2299db194976b094213bb595608aad3b6c4b8286b77b01b2b6748019d5eb01944b02011ba8fa87c8d8d15700b7eedc9460354897a8059861d4882e7fa8283febd965a4e9beaee29c863c7af550d3805aed9a8d3875882d6811de3e8d3313ead3e5308f9d25f6346d8fca80f13e0fbe9311d1c0fbabd8c5d153f52357dca9b53fea9f5f24dc70c69e4b5d686806115d87245fa98f3a5308d6d1cb03d9e7f0fd2f9c81e9c85ad053f2e792b239ae995b1f3c9075fdeb80cea3f90b1071b9
32 217 10 1 27 6848 :8ad3b9ef6042317157c15f470cbbafb60b479fb61d50cdf3bcee75cedb38f94a00f8ca4fdf22c21e599371aec075cd386db6b4f3a64e3aa464c056dce73f3f66824bdba6d5832f8f7fd1196f2c790b42268970bfaea2db863965a4d594d52485a39c6eb6c41e89c74264c9aa111ec149b5869d0c04cbb0cfe24381cf5198ff30e9e3258a316da08c42b67b5870664ff862969512d0aaee29f434149b1a5d1594737d90c583feec8ed28d2fa4b7b22163fb528b7ce89668213c3ad98ff941733f34037904b44b598c82c1a70d45682a80962141e35f367940a4
32 218 10 1 27 6848 :03749308bb8f50668100efe9dedef4144d0dab71aada62a0a5db14270a2fb988062ce3cc515ef474898fc43dc41eb8b7086bcc6a0f1a6018b15809a42ce1978fb9bb0c0ec7a18c515cd1354d995cc1338ea34c12e813936ce925ab2563442be2a389718e264d34513c91900ef257452711fcdb661f9c32bbfd6b81ef1a67afb2ae6b604adffe367b9d0f62809a0371a116a239388cf2b8c3b02b44214ab7287596558a0dfd316879f06f57d47ae4277d85a17f022cc502a0ce60eb9a4e9621d0e63a311343cd1be5998742c4ff569b93fc96154f3623756a8e2f
32 219 10 1 27 6848 :aac9b6b9c35e40216cc76c3e42042602a6a7fbed5522997f748edd3f8f12a92107ec290b552aaf3c0730a71633ba5e9a7896c66e9a9d2746d87d30991ed3c8b4c40d9ae87e7bd1aaa0a46dc7012ebf9f6d3c53ba9c613a881a7a629c92a5cd14cd39aa1466463f5b67d2b0249b1d5173f2cf11faf09f41cdbf2a659173aacb15b90dc014df8ff17b9b7cf37cd1bebecaf05a0b2c6cd6d663f0254b75eeb53c57029d79c6e3a2ad635684f930cbd52629657836fe22125c6cf81c349029b1921808392e6721e21d6c799161c43761571a145b3a67b0d59c8c43dc21
32 220 10 1 27 6848 :dd2110f85ef80f25abfecad0eb098f8d20f54513bf4ea63e913d8add2406a2ede90b74fe3d86cba50aa34d8cad875de8b8be58b72e167a7105f0b080da80a2196d847d85ee693f450730fda92f5114690e38b3e58316cbc45af9ddb24511d39133b55683e001192f3cee149d4215c38472e90ef58eb52d00256627bbfdab71fbd714391da036671dd3bade36a7682ded337d2e0fd8462781d7c6d68c30c8b0b7280090f7927dde532619c423ff594350acb403b95bbddb506f3b042ca62acccb3631c44bd9eaeb5a5ec6ca0f9ae6c1f321940cda40fb66e8af4ceffd
32 221 10 1 27 6784 :8d4074716684cf1c892fd25f21f41718ba28763ab7c75565f931eb01c1f565d3ccbf2998a04d7019b2d0ef934d2830e50210ed3b3ba6f6041e8e12082c4a386d17321c40ffd368325544e2bbb545d394e82fa9d322bd15dadf1b7b8ac60ecb89ac1dd4dfee55fd3382da166cc7f6c2c24c89bfc30faacabcd6f373a5c7d86b90c103ad6927402c3b70e97a52e58bb6dcaef0f4d67d123c2321dac45265e11af3dd39c7f24be8638181c5e54d92fa530d71e05a939e4c8d727f7a0280832f7c894befa2989fa42fe0cccf35a4d50ff6777f6352dc0d3f67fe103cc19b54
32 222 10 1 27 6848 :36c13e8553747f7a0399d1b1cb39297296598fbfe7bdf407c5ad5da6e30a84a353492beb2a226851561c1f82f448e5882754f159092d2da0055791e8a185fdf8420d225d15ce1379382a404095fe75064ba793adf6ccfeb630a5c8acaed745fe62da06071035e75659cbe726f05fd3069c91076b73a586d5c6c04fc0a5e199c72835ff5042785374253907e0e28c2cc802646b9707f824498102b61a2a883f41afad08002f488235c98c041abf67de916dbe8ea818022e0efcf9a9aa376241ff4c9fa8394150e62db8e4f3843d26d16bd1a6e5267eccb6d3b237fbd6ad40
32 223 10 1 27 6848 :2d492360d4f7e48422526aa4e38ae3e02b62c21164d6cfd65d8ca28bcc68c4658536f31efaed9ebbf7af44c607099d4b28ac49bf4e2ccd1718b65a8fc3cbc136eb46f8316d20b2578c2419bf0403a7bf1a77c6160b3b1e8334cc3dad47510aa3b79508ac1b72975e7bb5437bf947f24167f1d8e35f4cb78b8610f498a67820c021dc7660c97c2dc2d9b543c1f231e82226a16ed2e0763570b5de926d7240a6f331f3e50a06e3885324ad39540312c294a555eed5726abf3a11771ae7d643d85fc7f85e9461c8a8826c611a9e69f177c52e296e9198fa02ef813a898401aa60
32 224 10 1 27 6848 :495ae632d90907bde817470cbbed37205834513c60e13343030e08f3163668abdf36bfbcd6d28b976ed935ddd1d63c7b231f40d7ac2ad618f388930aea493bbe7bcbf9ba8608490c29c6fd4629b7f6a19db3ad6b1e390001180d42ab53faad5e6bef19fc71de763d005c249a4c9fb0b6028c7cc5383b21537036b6e84933be2cacc8777cf8065e2349fbaca28518d8bed07ac88009b296afac9d0d76f5cf5dfad9c3bc248a385fa9b2cbec2af644fac6932a357e6172c341770388bfd343b16459ef778b655ee5de96c213829e2e4c9e28daf591efe5a0da0344a668e3055dea
32 225 10 1 27 6848 :95ca26cff00c914032327da2bda701f4e21fe93ba73b7326e931b4ad160ef9983ecb9db72feefe205f482b3ab0c197cf1253b185fc0e0d66aa8672ca6a29bd887d34884bc77447db75df87721ae1536d446b28569ccb066e690031eacb8d0c8f3d3c5690f8d288b9b81c96ab24e9dd4dae8366420522920e842a5aff2235680b595429424934555634b3f8bd5abb5f395a74fda59197fb6e3a77965d9150b44f729aff02442faff3aad4a0cf36e7d523383c133dcb9c43d9816b11d6a4706ae1cd7aae957fa61f1ec396fffa0bac35685379569894d53a9d6a81ff3a7c1ded6789
32 226 10 1 27 6848 :ce5994579b7852226a2590e809ab4c8dc1219bf301f185c3b85a0cbb6d89d23a47c334b5f9eb44f6cb841d59a16ae2e2a87359a3678bde9d23aac0665f062c07bdf220ab03f8afaa06390f2eec7c62b3b7ec54dd6d381382fb6b4a999535fad493e6c705464475333baac0c08836b58146cee2f652dc67dff11d8e495f439cbab879c87f38a64a3e14dd0ce147c06b4c5c91b061a46c7a1de999c329cffacd5d0cab0f0ae8a8c4b0da11b5df6059d7b7b251849daab5d376f21c6433c130e42c6bfdd71f6a4a3a0ce436ac507f69af19ff28c75b073fe57eec5955b855fea2a6c8ad
32 227 10 1 27 6848 :fa242c8c60c6c7e84a81477dcfd39cb4c20f9fe52ccdf5efcf6715e92d6faec5a64ea1e253b579c593889f906bba82568dd07eb06545970765be75dfd9eb32b4b49addae90941f3298187029872e76daca5197495f19c1a627f8b299d43bb39ba22d32381cba333e278e878814cf53a562c977a0e14d44ab8cea0f404b3d2b2a0d5b4c9afc6ee767c502f4e2e9af56ce7b646a6cc61c4b2e361b433e64a637bb0af93ee6d49c3861cc82c88afbf7716163b52b65c0ee622776ef091eee4beed23970ac56cf9dbf806e1fa2728e42c0d900d80b82f786bd2f5cb034cfd85b7dff3a39bf
32 228 10 1 27 6848 :462c748669819336bda20a01dc18a85da6556a49f1f4ed8bd229d8e3a6ded064a09ef544ffe95b704e1b3282f08e563c862dbb3c3f6717536d18945acba652ba80c0c4a7996f90b2c620f6f12d473332ac4f17aa1653f2e73c507d8a8b697b0987ee2508077a140fd683f8733e337a70d12d6da5c8f280f82f50b41cc9321b408e4302a79787525e46baaccff6d2714a6d066114df3896c6b78a99343cba3d16125aa51cd32c0e4588da93f8f0a7bbb49c5a36e06c88ac1a8b73f2b97be021658cb820535fe378915fbe83d095b91786baf5278624576e7d9ff55d4c701ea3ad8665ffef
32 229 10 1 27 6848 :5b7cd24bcd902566cd66e4a27f443bd30d7e368314fdd5f681232357b8b367c589c7fd426a49599654719fcba29ba4a61292102e699cd0c6c20f747d95ab0711fb67cf267b0dd4a81d4b236c4aae06e1193b48130504ee7f858df2fb36d60c3c079fbd9d1fdd445a65b1a7a9c4c1c76e36a346c046860673f34ec85284835a8e0312d202cb59ba0144d70335653373a395540ee4e3a4db0149521b0a5a52ba79f7307e89bef4cbee0bd0f41eb3d9403c258d34d55642e7ebca690d789d6e30538496a9b30208220be48e19db1994b2b1b6a1752b5df1be3532605e098cff95d00e4c52895c
32 230 10 1 27 6848 :544febeabba0865eeba5815f2422ee08b95a7cbb025db7c4fb865c64b7164318dc147bb27cac5137017a0737df027f7b1415ba5b4d7442733f05bf8615cf1ecd49f8f7f5a2e1ee80b2fa3ed0c698d43e3bed8b5b4b32e1ad3a49a886555113434803f434ab22f84131845a2eeb0380fcea3c161aafe8d29d19e795ec5ea5fbe9c0e81b1857bac858979a3bf2ad1b2843c265b776005fe7ea334ea7e0dc2bc37656e1bdf12132ce7e165b443b1d0ae76db6ea0b6ea136a7ea2bd1f692d7829a3e526f38a75ea92773c9be1dbc46fb34c20046918e93099ab688ae93a465501b2d66a7bec59cba
32 231 10 1 27 6848 :ce516a968fcb12906836ed74f6efcad485ae4612941c7a0c054318b7b5577ace38469fb47dd678f0854149f30a13c699530418bc9208f85a1b1e34219c377d5a4df5feb396f1ecf795a8d033cd772102273525326eb9d789481dcd690a277d6165f280cbf54456d242b3cfd85dedfe444ba51e088b6bc27dd1c9140ed24fb6673eb07ce0cdb5eb6d244c162bf93235be1f67922eae01632575855a55862afcca78a5cac9733a039e378c1120f9eb605a172d12d8f8728071798134ff4c33b6e2c611597b36155de0f0ab4edf8b7a7e654410b9a66ce10d55549760c0edb2abb7c15a215fa698ab
32 232 10 1 27 6848 :69d533f351f49221318c6a6744d2410facb6f140a61ee81c2a79a3dd5a5217471e55a1f2787cd804b4df48927a4d9e027828a0991c6f3d3710123362311329bc6164e09299aa73fb196c4f4d368ac4b231b5eb6ff16ee36cffb9b38fffa5962274eec0fba8e8d8c9d774f561e25932141691a0475df137b46daadd1efa68780d7f96e2a796127af27148b7417bfde3d6c8b69b9a949f165e762c3eae375cb4ef2e9464728c16643a37879b221c5a47d3c902c8d1284c3caf1dfe8fe526beae46c852e42ce117b8256f6c1fe752d6e410bd9463eed9997ea098117b234dae2bfb04f361e61e805f8a
32 233 10 1 27 6848 :af82b1acc13d3525e35c008f1f99e199e53c0786fa98be00e17cd6c1b63cf922d1c91175a8f96a98712a796f758e2d1c1d065a58096aa8af08fbcd8a0c27a0ef4910b4b7cd2e3e89327a1f5dac47a21a87f3460bc039ad10c1e2b1497038b1d8c4e37960879d6b829a4ddad902c97af2b26d3d074dc92aa40c242894ef1856e288a52cd171e225835870ab3e9d348715ebce21f675b51332219ee215f63aeeaa5d5b97d5bd7c9dc576bbf91f4885ee47976202e95da6b8a5b6b5f23fec357ee93f7c182caf3a10503dd5f412e1e5314f1e75a04c4a78a52344f111ebce3046785a45073cce654ae59d
32 234 10 1 27 6848 :1ecb4377c4a31c20baa9c0b0966b8672bcff43e2ca8ec36869fc2735b2fffb99a57bd79844b9516decc4996a846be874303da3064e18468387d7209856d5e317efcea61e01485c74eb5a99ef40e49683d4b0c9ac06337b852049c12efd4f6241b57a8d282c345a46a53a87305d2a63cebc3e35ba8f491256f8f67baa06d467d17927cc19d81a435af4c918f5164c8c5d06eb759f619c7f1ac3187909740705ab5eff0156ecd96e7d560931a254eae3512fdecb59613a00c5134d0e49962afa577a5ee0f290796ec7bf7845031310d1b21c345f869f54b5a39bd6e28521589c5f3806cb5505fb9e4be566
32 235 10 1 27 6848 :1dcb413e8fb2d66c54f965c44d69448e3ecd1dd3f8c5d35ff3fcb6916f2767739d5bee729430d53ace8c37f63c4a9ea8e22b6709fa2f7254364999595556fb15fcc68ebb95ea5d1654139f33d28612a30fe2bd842d07d916226b9cceab7557f50074350b18aaf4b42572ba4c24b8df875ba917dbcec8345df579a8218bb975270e872da5004847991dc52f2d0a07d343b1b5bdddf371c47150bc9ed8e0dbda149355d385ce8f6ddd1978bccf3db641903d9d4f9a9e5749133a6b1b979bb902494385f1e99158d8393e8fef41a4448c7b2f17b6d8d9e9ab19f205adae67aafc6f2cb78825f4a2a4e6e37334
32 236 10 1 27 6848 :58bc4e1650c98075d8ad13d9c59b51b6b51806e7ae3b3ed59ae74d0d294b16a097f491dd76188a9c1fcb9aa0df00bac43ec7cf3caf2d57a011d4a27e1267e4758513bae93f349a0c99a0876564c032a9f507156976d6afeef304df4dd3605fa70d524c16610941bec467a36cf1981c639acae5edef2581ae0544ab4cf0e955267be3b50d418dc1ca4b7ecf3dc852618f16c636ff3367962eee8f866e92df3738e12f7eac4c4db0d0474a24b16c380a4656f1bf0e7f767621135d6d0c24ea28e4cbe3d982bf0e0332d32ba324ac63126926ae3d178345fae5c1fef366a1e5e474df7f379ae03e59e4e20bccdb
32 237 10 1 27 6848 :5cd3f55611fb1401847f4a531cd83c12310425cb3ba3a2e9ca258146fea067882e4252984dfcd555c084a04f21e5f240aef465a200632b295995fd908998f17a246ea3cde74c4d06e4160800e877b9f4499e37c073ecfafb63878c721eac8397c2edce88495e57a2f952a41ab95fcefbb66c8d6d6fb87e5ab5f49955ebf72c5734ab266961ab16aebfd61fd26d699fcf3f69bf78ea7bec63b7dd0bff24ee7dfaaced50f66bb0b96582d65689cc09ff54849b25c22eba3a4b5bb1f3a37ad5740d0a3fa8fe6aa815cf24684401a884d87a1c6948d39f26616c3e9e06efacd3fbca4ea02ff1fa4dd5459b28085302
32 238 10 1 27 6848 :6c63ee488dfec01189831f9d218b3b1a86a2eaef8b14547b45406b46a9a3909e7307ffdfa6daa8d35811dee9774661bfc5b8c223d41b8863c116f63eddb4ef93a49df0de7fd0dfb085f4ee8023d2725a85970418e1b75f4d9a96e517b527e3a27be00e750b1876d06e20d251773f3c6bd216989944e9a203da047473d9ac0410dc7910d0b4ceb085c9ff5f9e5e412251e58ea25ead615a1a7799559df7501048a6b7faae5c888199986ea44f10a9f5f26f3fe39c856af7bc142b35fd7410ee68e1fb84ad4571706af255496ebabd8f44ecc5fea46845f9c520f7eb9bb8cc4d949ae49b61c5c1488e2bc206e87a69
32 239 10 1 27 6848 :b52755ce5695822622f92ca2e57158c39832e63dd03d8cdaddfd9f4f2eaefe2eb0cf277854767a01e238162727a5b8a531ef364506e818e2bddd8c0537b683b881f947afe42ffa4df2e7552d1252a3310d855e03d99da4ec036e59a6cbc4707f66d077a9d67a70d0f2d98ff39138e20b1758428ef714306f080e3d56f25d95f7b5130be6ed7bc33c0bb3d3633367b73986ce89e4bc2d773463ada9c30f869c4707d151bee523d5d228edaa7ac27bae543be2f1d01994c2d11ab13c28eb1385baf881f67678b776f44129efc091ba1d437c97ec5f23ac58190dfaf3a7426362e6ef6655f31342ef91e176760b0968dd
32 240 10 1 27 6848 :b5e8ebeeedc086903d6dbf4e37d5dfb3741e9cc0dd45e5261c60413cf29acc1ca4fec046c4c36945453ed4c6be714271861d6bb98e7b334fc54af241190a8383a5769963196b28684644239c78dc0960aec9d325888c22456ec5a5bff32221b565e6676b35bae8e814191a751a6995d21248460cfb48d7ac3caf2f9c93145b20bebeeb2f271f80f3e169dcb8129524e6acb4497aff718fa110f2570aa8b6f0e5183ecc1a5701c45d00a5598c4d703fc80222bb4a7a0a8f50ea7d4845d156b4d48de7b9ab444ce3fa936c48f648aa76f5fdafe279d77d06473fe2fdd85c842ca431ea29a412e015af418e81fc2a6ea038
32 241 10 1 27 6848 :b1ed8804fc6a8db7044206b8d08799e6670b5d2f396c4554acc8b331e0a91b3b7110ffc45d44f6156ac90b67d073c0865cbd8748a572ab490652b3784086c0be1cebc632ca6b8984ae4be1b1d0ec0922571318deffddde3827c027e3c702316c79ff6f0ff944b7b40bea0dc3b2e80eaad0ff46b2ae1dc23a6bae07f0fdcb7c0234bbd1a4b4e8e04958e1838d060a3524ece74caf20954dcd19fceb1f0aae3ad672d8e46f258a52736a9800864e14a6e9089b2c029f152cb29866aee55690cb378a5a4a0b8209656da71e8e0c84becac65ca1fbd3727ef5dc02617a9364b3ec76ba3ec1de5792deb61fdddfa044b77462cf
32 242 10 1 27 6848 :7e2756eb3f913431e51cc292b0e9a4f71c5772cbdbf64b6af910cf59e5da8b65cca80c3cf38c11da73de339c710ceb1a8a6914d5b2cbab7afa105ccccfa002cd593a5958e6b668a09cb60d1f69119ec6775338d97e33e57beddfec20b5c9579adda30a8f66f8259ebdce18c601ddbe54adb572ad4c93cd17602abed144e652c2b3380f9f9a45cc0c6399cfa6c3b7be6fa0eee246bfef48470f8708955b91900a33f6394e09ad788f5e9be1092fef6a96b431db5529ad4b04924a2de65269f21554cb05a760ce8fcb69580a378a72acbd0116e0d5552220545547e435bc671a7328688cd5a523c6d06eaf4b164e437000b525
32 243 10 1 27 6848 :8d95241c064034693a28ad04e80c33851d14713d9298e84aadf92c50bf523a6d20d12b0f9b2bb5fcbefba081fe6902af44e6bbb4dafab4683a7e5d72926403550117dd1bf2bf6e705aa04ec6984e5c599efca7f2ed8fdd2b4fff29d1835af7adffda2ca778bd6b9737a1c75413fc0eee94c8a38b4791898ce8ed6de3be42dcaa76e94ad802d5c2afccd1fec5cbd7b46ad5c5898ba25ecacc0905f694b3237d8db2235c9bb7a9a274133e11006d0f370848b6098a9827825fb35b0c1dc3b0fb14d60b4842c28f81b9e36acd2bb9736348ddf452e05f99454e7225eb12f58a033598f4ebd5ef33d2c04a1abc0334c2b3dbb76c1f
32 244 10 1 27 6848 :0b3d4073087a16d0236cc43f0aefc45769e9e2aa3a0f838412b69a97252095cfac789005f2a0ac02e326aeca07c3985fed4830b21b1057a897efb9d6dba0a5bfc6e495eaa6b69a045bfd5434b584330934d330d8382ffc92b6c9993c998bf43280d8389962729d5f9b3281e0968a6e4c37f8a4aee5d5280007ae48d8710af617a529c730eac9d75c1bbb44b7f5a412ae04703c4acf1ed8edf54d9572b313c62dd63c36a3b8f24ffdc0e54b1821849e85f985c304a1e5fe44f23bba59d564e9043f692073ce5de6acbfbefb4c93ff7508bd3c0a640927e588ac5558ae5a96fd53e507b90795528c8c5ba1e75cc609e8d6344f6654
32 245 10 1 27 6848 :b3ab105d25afec7f35640d4898a0467c67257ddd4fdb61270abdba9d01f2eaca0d0e83f82e315be3c750629cffb7051b2f88aed62ec62b54411871a3f1a074e0fdc62eff3990412fda9109439835859fb72221bf408cbd376b820101e666c3a3634267e575bb9edf48478ecb271b3b69c2409e868bf56c75b55548d93e0b5e95a73984d1f69eb37d0c16631486dee2e462a881e5df6ad4b1d448f8104be8899b2485528feba69a2fc9e68e957fd8d316f9ad4c77c7fc748e37749cce0d1b754c1a235ebb7b49ce53c413d2bbf272839a2a4dc04880cee5666d086f7d02dae6b2de27f7efb7088151c549e071711e5132672eb58706
32 246 10 1 27 6848 :010225e479f1bc8fe4418d7fd1ce7a7e40e136a068ae5869684d7dd9bd66b2d48dce7822cb672a9be7e41b1589dd7b6b5bec4446a27972358b6cfdf43a6f2d5b374b5b78f53646716762559ba12c07367dc076c3968c5bfb6df4df720da4094e87611b550627cf553c86b9a1563f1382470ed9dba01d332fa6711ee47edbd7446d7b6498a50a882c20cb402a722df99b2b4acb53ce06fafa39193602390a30723413f4f0abaa83b22b9f68513684522e405d2b95a51675731d46f389b3137fcb45e182e1ae55eeddf584d9f74c023202780f5bc8cf07783767ba629b92e8f853dcee2a576e0ec8af9b3a757f274f0bf9fdaec4dcc954
32 247 10 1 27 6848 :3d6f8b17ddb2b6b4f7c3cf96d8f1266b90c0fece56fac27f36a31210064b80ae4eaea98a14229c6e1bd02dd5a63dda7b8a5be2539e00fe6e4b7844e05a78988b3a7c9be5e49279dc4e1dd52df53890a550b865fe81d69b4a345deb9c21a28df1609bb179106737bfcde00dc24a9838ef7b15baedcc3dc9e55183a60fdbd2d57bde9d2622b3371af73362afc21dc8ef3c34eda1e44b8a5f96eb8bc1a6976e9ce1c33537afafbe2c8b1778b40e2704efa4cd86b77c7087e48b5e8a0625699c4e7ca12f09a03649549561fe5e71c4eebd25119e2595f2799ddf25f346c7aab29b6f4d5a29edba88ab5cbe9ee7b9288eb5933e5a5d1ea84706
32 248 10 1 27 6848 :99d67bb39a95e2feae628a38491445fffeba8e22e1b5d0e0eb2229850c4ae46d660fcaf2881f064e067e8e6e243f631f89ad0518cde6d19db9cd72d2beaf6e3dc606dac1efa392e0c66f1c3dbd10808aaecf12e2419df4ec45f2d4c5b95305fc7b6d284c6cd153dfadfe3c955685daee23da3504a79c26028c1e82f8fa09a159af1c043b0ed66950acba89cfff18363fbc58182812d1b734df64abe08d03a98033cd2ab7bac16ad59f1b96e6007a2cc0bbd46897efd46789367d5dc3dae6503ef73cfbb56b2696508c8b46c1b78a29e6581494a376d4d6c0c61328a330da1208045530a64c10b6dbbbbffac5c05f7dbd12669faa411ec0ed
32 249 10 1 27 6848 :ac30c32e8c78cba35a86d1f0613c3e170af5d6a46390b2e3cad6a6cb362012b7a75ca685010c1d7e86065613e61e9f004e33a435df0db539d88f7c8fcef9fcd933af8dc605c1f7a5920fb8a6cc9825dc21f5c6592699b1226008679da3e594dfbb6aa850ba1a102d28e35012a741d00001a7a1d789430359f6a53d0b505369c74aa7720f36de9676e52d9ba29c98ae816d8d7c0d96ff430f3114bafb375d347719ff90d386e1908af163be53fa2e79601817d36eb6dd294823c9088246e81b699da381e7d2cd6575678b2e5669c64cd731d9fdbdc3a26ae83a51465a450f633ad8161ff06691cb90064a79e46aa051a5e57113b6fa7485ad7c
32 250 10 1 27 6848 :fb1446574a64005e2bcc544adb82ad7a4f6d9feba2a6be5585b849680e281a5fd7e84385a9d08a0fad16f4e342c314f6782e10846f299c2234b15a6a8b7ae9031628fe20a5d45d8e306922b32d8dacd1e28725084d450469ef92fb880359461828645f15746f9f736d62dc95729c27a23b208c96f9b4dc7ad431861b3146896004260083aadf93fdb7c190a2c9fe84103bbdc1e7c68ce736d54a9f4c998803595b761ca6b061b0ff1e982f67733a202881c049f2091a1a8298839facbd6fe6885c6528ea7ed7e83a2c195c29a6dc1d341c0c63820ec20b334f5aee587e7b889c4abd8fd6e9627e9914b2b94c7d65708a320ca3aea623b89990b2
32 251 10 1 27 6848 :f25d4382788d398ab3842e04f27533bbcc13c32d775219d68aa1b320efc993238ce5eb6b15873d9f3b4cd4758f26a17e385ab1f5bb6f59094075ef8444eae9d18a1ac7b34620aaf35f4ced71fa21f141594bc868752f617c0957ea56f2ae5123c09bc8280e1460abaff822d4bb1bb91f89e46e7a000b099a345e568b19c399c5472180ade05cbf20ddc4aa22cbfcf13c7081ec8ddc2bf1a8c63448969baff237925fb51cc4c94f1cb3fc2bdce03140a900d0de85d43d8e3bb60264c2e037bb1b81be52b4afc75d3dda52e62aafebc340e8536488daf2b5f618bbd6976bc5ea203ec467c068bacb023162aed18dd7f41398aecfc34b2081166525c1
32 252 10 1 27 6848 :ce4c8528e6148d893d388bc5f1c3a678df012d58b1003ad998eb4c6efbc54502df2fc5f96a6e9fc3ef7cb64eb7e7147d58f817c61d5158ab348ffb567cf7a2b94bcd897f1063650129a9ff3fef353708ce4b16d997d9bb8149f2c384d575adee297164354d60477b6166e11548e3f8999b8e84dbf1fb32967799d79e284d55b1408b1485a07c8ecb953dbeb4ed10fcf15cb04ec9e3bb3cf0c2e3977dd251e9e2c156c87b1fcaa6951e22a88bb6b5c2c38683f7537dbe9a6e0ecc36cf6ac4516bae03ccaafed252de465bc5910ed9cb041dfe6836d6884f5c7fa08a5bed5497d53e145b0c386b36dc9dcee0bab0ad460d8d34b2578c4051a51ef77398
32 253 10 1 27 6848 :087bd2c2b535234a719e2f68d8adba28b6e5984e66adcf61c07d1727e13a8326a7612e7c64de58e0973f397c5c1395c69c1146253449ba2d7a8aba9d060db22219ad4e0a19fb807cc3297ac07ae0b0c055abf7b5b9b501a9bc2693906cd4b4b5bb3026ee91ae24bda6ec62d503e592119c63980f4138ef24632cc61603ba0bd9cd11c6074a57d1aac6b778c423474513d4d020153424452cf9e15070b2eae76562ac7fb970e8cbec4d87f7ac76e0427a31e589a4b0a5776426761d730d4da5f3039aa12d2df6218e5d63467a235cb0c48c8c27f263a34cf0eb463de827f1c77774a92bbb3189df1dc73394aad4b585d8d8281c0d389d058df2a58afae9
32 254 10 1 27 6848 :cc6fc503df30ecdc0353cd29da1f38d5f56cf6e62378e84ba52069d3830ac7a7cd456d36ebe046f62abb814a4342c5892c77762c8abdeb79b5c85ccf0121129a959b6cdb2d62df677c32a7c2c080b5c41f05a17911b4999a350907d8e3dc1787905861f6a9ec5780738e88b083a3c2e2750cdca95bf63be10d5740ce0afe4d60297af7f81323781ba4d53d2748e6f91a9f36c4d004667fead5204729bde21beaf9954dcd6049b040962d0e17dbb19a1a47e05ceae2fb3a7bcbd71a7223633a17584ca7fae371314911259b2ca256303f5b7dcb156c2a9f44ab3c2697347197e1f5dd77648915e6bc0378f0343e29544ea1f511fe5b2fc1251f0cc192f198
32 255 10 1 27 6848 :1d7b0f6546ef31fd3eeab9367f0bb8fcdc68e051c5bd82a5f9f7046b6cbc98b7285e87bb31e1824fb2b299f2a8119dbec16f03f506cd934c477e075bb118da1f148d4ae8ef739aa2d1c3b4d487171d23d5589d2ea610bf7790ba86aadc6000942851ef6ba4c5fecbf257a3b2e33d8258353052dea1d3ea6d680b861bb42e21a39c064ccee951e8241d54cb847e79000ef6832dcaf51d286b3491599b5a7b45a4f9a3e3f7d9ba3c0925d49f1ec05f78bea4114c7c94f015e2c873ad82be9c177a4c4651e7d04466252e1538ffc7e1e7c38948ba6721740d8043d24dc6c79d5389b11e407c22b1adbae13cec0383a7873967eaa5e8ebf82c97305af00ea2310d
32 256 10 1 27 6848 :58dc65ce04c7abf6185ab9ff6df8e402dc6ae029eabfc9575d6d8a71c91d24ef892ca2c62de124a607240e932ef6b5a6b8c8f5dfb98752b14c2380f1b7ca922a0e1e8364c76b3e9564db9b2bdf41007c00f5fe05787a171ace49538487c9738391531c106272d2b6919bba22104300de156fffde3cdb2c582f643725b1f4ba5409eec396cdb774801a35dc68eb55d395e08d85b6855e4ef3749b03963c1412ff2dc8e162f9b57c0fc1a3987ff75a60ee9c5ba3db5e9912a1dd56811a48f6319f97c5b2f740ea123e4de9057e92847dc3bf46e5b9863062d316f160e809e952744bf199ab0011b7dfda3db0cfc7652f35eac1b845653489d0214f52ed3dc261d1
32 257 10 1 27 6848 :fa15b8db9e49b49f57590a7d2cdd0b6ba302cc6b46cc68b0a04b39b16924ae56bfb48d126399e1f4c391c4ef77c4460d4b1e640f87d113f9ed12ae1a5a8be7fd5ba89fc2e767c7907d339dc26656cef30561c861e89f272aa4b9b5a20e3c89602235a91f29db2efbc30214a888773cde450d313f6a005d93f28730830bb9150e605685b5033739880df782517fa4c77a59ca3a82335c39c8ebbb487d782de99009ea9d7fe32241559ac8cfd9f0956978195296cabb3131e18f524a866bd3a7b07548f4f99e07c26ae77a8d71b662c98103aa2e88664a22cd9bdb976aa148225e57bbd705d545024edc64714011871e0fa4a07ea3e05db5375ea810a4cac5916728
32 258 10 1 27 6848 :4d5cd3e5d090c9e5ac00bfde98b5369a2f19740a7bcb6d9e2a64ae372e8e8e98ffea8abbc1f4f394ffa7ab931d4d44c5253762ceb5b87dadc49a00decf5ab1f93a81ad1796ec1b115d43a7cf6ea2ad7846b5b30624634fd100d0bad190ac39f3552f3f1116cf024198f847adc00fbae177a51cfde68a7a1c4345e5f06a9c7d7ea2f68e631ec67bbf376ef49fbef2a7b61aead1fc22d4d8ee457ad0c57984f3d6fe0af039ada4e2c6efb8fd3481e53a40fb8a929ff833f7c99836542bbc065e522157bfe027de8eab7fbe8c900954c6c9165cc1187bae1ffd7c284fd02391a15e0b0db3fba4b4aefa560017a2cac7380548d601626d471ab37e7055515db275ffb5d4
32 259 10 1 27 6848 :9c976f5a28b473d5c17239a405a8d8f462998507c88c7a5db043271b32a2baddff5fbadd19b46f92b09d9ad363543bb32d9e7d43b4f33c7d1abddc89d0f70fad6521611c559824e37b40666a1c453efdf962c5b347e11205728f71ae68435f5a8aed5bfa0133fff28c11a7ed70825b38485eccc544f909526e7ec9bb3a1305ec943f913d6ee91199fb887babe8da8791b35e8990e3ef2345de6d44c60199ca4dd97d9b8e112c578c4b71eee7a54195c62fea8b6defdf3050f61b898760c0c78f5c71132f31315151ffadc51bae2efea6d4a1547016bd7a312bbfde9113758e5f7f4a30fd16a46d93e6d8ac9cb8912f433eb34b523f7088d50fc884939cd8426ea1542b
32 260 10 1 27 6848 :7af3227a0a0b5e76ec181f0b2a42fe2e85a40058ea84e8ddb9aec220b0d3e06ce8623a64c5374849b1c84f29307ee153fd67f93450739ab34ee11168c577ea27cf7ab76dc49e6036000f47d2c95a199b74281301ed1531efae7ee56662319506f082cadaedf7e00d70815d568fe56db454ebaeefadcf76025cf20116e4a6e813735cc0e62f8c393b4dc90e70002623ad81cc2097cd30a14e61dba22f5574ead74e328c88d87aeee3df432ae67c47bb565a7612c9723204221571f0b8e7d3217fde610631c1c7facafc66dcc8e1b21cfa96dc5b87bb09916ac08937a2e7c9e8747ebf368010ca4a50b2eaa5bbb42f12f08659809e6a8963a13606e3949b3b174e3a4f8343
32 261 10 1 27 6848 :dce0f1451ce3e1ff83c9ecd9ad12fac1eabbda76f8c3a92113b7924964d3ec6337e0447d3cbe304896ac9d309bef705a2335b78b3283e0b8310996f3e7b39f7fda28f474fd16d856ca64821cdb8e61e4afe60bed0a6dbcba6fa72314b33bc97b0763296f3536525dd802765f0be816c88bed4c2e3af0e826f22875b22e1c59e7932050dafb365e7edf948b326f9799ce4668a5cdd100e7c438e7f7bb18ab85b7ff8583d424fd9e69af9bba446bd6f15820c54cf9890ab12340b1b8bce6fceef91b31d488e605523d918d950f706b46f0f43f3815b0e4ef92542dd9c1d398e3fb2418a53a9379423d4316cbc0e45bb529bc246775054a8d9308710272af04563aba1801837e
32 262 10 1 27 6848 :19867281c89744f324d846650ccf4c701065a2a58d93dd610d05ab47f6512d0ca2eb5591b3adcd05fccbabb6090ceb983e284b018fbe8b420f268f0b5e1e212e48ed2a68d027492c97378eca842a85f4c24403bfb46801bedb628578feb38dfa5ec1b5b3e7be1a6b9df61fb144d0b4b35c561a766bf9aa505452268da704d597ec24d8462d353514983a4a85228c601b321ae613daeacd9cfcdba757bab2a5eb4190f42b9018aa3580d1c6e447dfcb542841d0aed2275d6832187062377d4a45d8c468e1f1db7aaa3dd91c233899b8869db335087d65ce632110b996143ec113f27be8d6757939e12e01c538d6a2970db58098aaa55994e7363f3e9a9be68853777b7bf07ec7
32 263 10 1 27 6848 :7c22f47afbb36daaee0a329d52f71bbe2e07c2bb6ad2cb9543e5bb8f631d7e9f20eed814b34ebaf45ac65dc0b9eedf01b0fc96a5f7e275287e2ea57421cad979ced569c9ba5ffa0c8622a3868f8f358c44095e1bb0be815264b5d18511c4fca59b871676104110edad285f8206fb34dfc726976470be97908af2a87dc42d8abf1df45c752a22f268854b07c629680b3c35efe13b5cfb128bdc640a9fe265e20e7fc86a3b786736a9dd284b76c3634cabb2638f68d5a662dd0e80ca0a0f3ec7f8db3ecd34cb4fa5a47274365b3f5c0cf64f40c8eff9c8d4ec6171cdba83b113e5949c5e145d3079bf82b14f69fe6bcd29ea56d9bf0615f5def80f8569efac105ef3a8ba88ffd4ee
32 264 10 1 27 6848 :f17482cf6a021b08ee9e2072a16b4cbc10a6e5fec2705aefaac796079a667ed06c22a4a2f4c30685854fbbf1a997b98967014f9d86d1388dc52867e15f1acfcc5d93e0236a97cfdab32056894230af864875fff67037f6226d5007f743b66b98351c1b6c1b2fbd3fc220bbe0964c4c99cb66087c3b09d9badc5a67241eef96ff03484e90ce6400cdeca54f1e97159a8b387c0e096b77eabe250f29d8ac94d03e96cd38eefa55b7aa5c8c055ecdc1f9225f9557f47a68817e40c1d4b99d04b53295fd0573836e2509c9d6461e80dbfac400d707ff417263fd09a0bd6e641efa35ed80d6d09b9a6378b71928906f3d0df6231acaec6bba9814270e58042a6465120c62e00aebc7d8c5
32 265 10 1 27 6848 :905387db9ab8e7f8a9d6ad51e734ce31d38f38b07dac95672dadcecd384d18545f474c13fc37995a95a473bbc2470e5fe30d4b3f487cd536f05a8fe555d863eded8ce9cd4973f83556d80418e998939df58fec6eaaa47688efd56219f3781db34a971771283f2682fefc36f7dba1553e4f1aee0c6d53b65b35d0daed65296bbd37b0b40a1e10def387df32d340ad5579e62b714f8d5d14fc99e3a68ae514b554a88bf3beb6db1c61a99615cabd396f8f08161e90b79302f21dbc1b3635f686a1fabe5ab2b1436e4bc494b8eb46705bcce53e78aaefcb8ca71672fe57dcba9d6887051da76c62d1e416df677c19957fbd4dea5b480da9f8a4e17102f211cbd9e10e30c2f29a2493b989
32 266 10 1 27 6848 :b255b6a8375cfb4ec79431baf81df02d0a1d4867552403aada12f79aa62a91ce8db574e89e9672ceb4c49fa4b9b7e9fdd385916674e5a51a5cdf1f007e4a7a062aaad069974a73c383cf9ba09041d017de0854080e8b6b2beb93accc27ccdae3c1864dde7d6d36991851d79b85e8b1765148440b2b1dd9df39edab17fce622215aa28a203ad5d40f008f1f033ef0d424b14a55ada1080dcf8be2f65756a80234764d1ea95a1f8eea571cc1bf5571f808702fc17a5acfd38b46c6ee2286a00926437daaacc17b9f3a14ad2d6b9e74f014c6c18711033a637b916e4ba96893892895207fb8371a2f2665a9b26226958d7ccaa14c7557217ddb71729c02d92fee731b3195cb70a4ff06fdeb
32 267 10 1 27 6848 :1d8bda82e61771fafd017d7dc94f0eb2a5496ad5edde833328b68b136d712a8922cfb28f63f7c48688d0cd5e04ca01125ef4348b0c465cf9977ee2ac077ae63a94c8ed245d522057adf6d7edc2edc075375f7f45dec7ce00cc70fed901e36e8891aa58f437a41510e80cb9aa80ce6fc73fd1ca1c918b963eeebf8adc2969f3a7611237242461b2b581127a03382f95ec6f58652af9099f6806c476631cbfba749b9f1016e7260cbb8043190f577a8d295f8e532299e12eef76bd984aefe17a02c33d8b95fbc2ff40dfe2278597619ab4e10bed36d97cb804f4aec1aa5950214c29d75501675148d7913469f0e7beda7cb6923f19e05009b620101044408137c6e4d5c79ef44e6506d929b4
32 268 10 1 27 6848 :89a16e4666c6253eadb9b3c010157c503cf1e72a12e1249cdcd8947fa52cbb31ab5d173e1b55902e397b9ea85ddb451bfcca259d6c6b4d96213648a790ec22b7088c8af5d9bb8711698cbbbe88a2c4ea5073c60b077501e14031e028d2a2475dc626799acbcb23a5a544444ac45fb1764b40d4c6459bb8e1b1fd337878bc3cf9a780be4d742901b2b7e4d0e3e4745487aa302c80f005ca2bd73051ad8be685a7563997c93f1c873d4cf9a018eecc80522a6a377a5659943de1e69623ee9b3917ac2d6071352ba5fe31cb039d30cc0ae0ddd16eedc0a4154a421d1429892da752b09e1cae15dbbafc0856df871283bb54e93f938a2426df3153df85f8e4640bb2bdade52a435015d9e4a9398c
32 269 10 1 27 6848 :55d378d63317ae5814f16234c2ac5879ebb5ebf5465f69b9b057b0cfd597741e4e37455ee4e400d2e3181b90320f1a50e2fba68723a84f318ffa2ff738c6702cdcfb7152598881791deed17666f502c8a65ad656e24c8a6f888e8266d657435f5b8b1f45918f69a0ed0d839e30630871f4414ea58c7228ab622798be47b6f9117cca189eb80b02c5d2ecfe980efb9505a904f9912fca761ef6217b948e9d963b2d62553c5f5598633033e0f09527906c35bd1d8c9221df1c00faf81b6fa49a7d116ea823b6fca2f4f9bead3b9c1c5abbc0a3df80c56bb7e25fde0811c09f0b4857a73f713b629cc83b0d49d24b0a97ec9c177dc078232109a45ad0e0005c2564695939db5f03e794a3ba50b449
32 270 10 1 27 6848 :0be55fdd83036dc357a0c52118639c92e25c15b2011a8f8b496477e54eb392e1a6efd4170f0ff41c8977b824492751bd60efedd9383a6be5569c12cdfc5bbe30228c5b9de188f6b51d67f5441dea749f3f6c6c0b3a4fdb4105bc5abb832bacefe9ef2a04b8f2fc22cea0d4b945802c7eb46a06b9b585feb266ec46a0f84ea14a3676b0ed1d848c331e942085c8f0bd83ba75bc94494c760a3b8fbf91d9b631d2158921072cfc677672edabf0dcf915da4090604cd1ad2b0de0724e470fc1fd7a9724eb9a75c29fc71ab29bd727b119930ced495623d0cd10dc9f73ce18bdb2e0bbac7a6db6ab22b376f01091f12437c95dd2637761ee9c4bb9bb98722963a24c831830a095f2a725580eef294470
32 271 10 1 27 6848 :5deea00481d1857a461bc24c73c31e69404fdfc080e4c8acaa4261cd41258ef99d97fe25f17c76b0f6a671b390655a4ac9f47a39515582624982ec2a2ecb5b5df86e505a9a7569c8ed6aaab0bf99b305561b535d4c60cd721231fe5cc7b8c49c041e048bc90d6fe891d7e192c627c2ad0360afac9078de9f917e0c16730cf591ac0f047bbff16210fda922179113525872c7877b4f2903c468c7be58f2dc7a06cc1c7339c6a3af7587e3e90fc076d4e00d6b2681e889a1a369f594079d06d0817578febe22322130a3e1a102376cd3b78b163cbaf041ede2a0d4f2dd36e46deb5fc23b4fae99bff1496759e1c9120965d15122a89e7533129e17a0bc004d5368a7cd79a31c5c92205050c08aa2604d
32 272 10 1 27 6848 :7a2c30310f82516b73cc9af36cf8b98689db0b90071efd16bf4d5be8b2f0e4ac53fe9a55c5b3a6e7a946b02581819e448429b13f18eda61c5530eecdf84b318b8d0b9b42ae8a4662060446db4448afbe40419231a6fe30780e4a0a9d64be0cded7884642ecbd060a3722785f40dc408b244f7e79b12681d47a9f5f8608d5c90aed318e8c0e7e104fc8b4a3952beb27a136eb1dfd2b7f0a182e83cc8e92617d66a6f9b5f08e0d1e5bec60e6ea73f08ce15387a5cb3e63c0243067781294e60d1571fba70e2b566e5b7d94a92fe752162640abb1ab587e71904d5e6c9f4934a90eba10202634a446715317543c5c756a9f3e969838156bea83c9b86acd3d98867ff1c7b5adde6a5a7d45c9f258417bd535
32 273 10 1 27 6848 :74cc905b75fa54c71e3534c23fe250a3be92ce53b7241510361831ec981af4d107c23c7b379ceedd03f14cbb31c5ed6dd8efcd7a2e9f23012241c866e4d5c98d1817595f902df744915f02aef99809749b5664431aa45582bbd558eaaeafb75dbe661346ade474c22a00bf74b08e105cf6e28c2eea077cc5daa8d5f69e4f674dc1b4c0330ff053475f0b34a420ec9c0c2ff30b8f94a5ac4557bed18906aae4ac820429c064044fea4162bbd6c590a3ad7ff62b99bc32b333ec3e3e7a5f068d51f2176c24b4909985c770404cc94a8a425be7f29a22b2b411894942877bd2f3b7327701e10fd880292ffa1762f5af8f9dfbeea657c37327043d60cd4078830c68d4deb58890c087a5977af9ceff05f4c3b2
32 274 10 1 27 6848 :bbb385ad321caf1678e3c655afb2e976a7138ba11e455ae9d38df113a26d48113a2c9ad098da158656db59925ab7cd6d3482f2ea727f9069cac7afb4de13acfba37a4495d9fede372513ddeffa52dc62e50610c0eb464f498c9b98c19eb78ba6b67859f789dc30d372f62d15bd316c2e08e66e1dac9488325cbb0e2bc6ba32942aab584834ffff26a71aa4ca141404ff0498f00ff046940d5d2327bc3f58f70ef1d84dbd23055a1df8cbb16e18275f880f572a542f4b0aa153cd35a1b00465dc7fef6f4b22613a1daf6fa452d63aa173c3cb5f4a03c492924c64532bc9156fa5f6280a5fbf53cdfc1877a0d5575be21ebd516d245ccc56e416a10d954aabf3b230ab9ace609fa08c870ae2af0219e3a2fb52
32 275 10 1 27 6784 :185e6e69fcbfb1ec76f392eb77bd93977d8424c237d2cdcdc92ce5445de692e110d9f9d1276285e319d78e58eda3b75c3d8a9355789bdf4df6b4b6241a57dfb1192bf2e91fc53336ede58a74bac8a5d7f770aae90eff5a53e78e7ac4b12cf3c8692f6743d89b774cadd2c508f1acf46c80c2798ba4ed6935577e20327062eb61944faca94f2e3c424b53dee86242cdc29675ecbcf63bb96eb296b7f29f5158d0bd9a5673b4ee2e4513896d83ae44f75da716c17059bd7b1bd8887b0a344290ea549c915d3eec7531375b50a58e56e28ff156401f6f3563348e27f5907bd0d1aab20cf9640bf885a75eadcf7ca1a3a23e8abeed41ea86b483336a69c68d55152af9bf52c1e8015f07d37e0081adccad6f1aab07
32 276 10 1 27 6848 :b3e55d6496f2643a56ad479f1ffa78669c19bdab9d300be2f27732dd079f1db034840715483b50b39b9fc2b7f8ad9d07894d4e06ac65430089393f3020b86a81521900265928222e476a68589bd3b5cc9dc7aae278cb9d1be264ffa456cb48e73eca8cb7a17524a9c1b9a14be678b9516eaf056e97627fd324fa310191682dd99cf9c3c108fd7cbcae36524bd5fcb69458f1d75ebf1e026afaf45885ae5b7ed2751752fa7c3a0599d04a505c51a4a6b3d1c0c66b9c7e98f561321c8e1a675e81b062358e88cca31a81a59a7dc4e183275ad00dafcb0232e2fbc42514a3b50fcec0eaefbcabc67df1303ac6b4570abfe19301114430e630f616c1a2e0545bdb2121e6e1341077d618a771a69c9aa207a4f8ed6480
32 277 10 1 27 6848 :b3124ed8c4e80f363659c03ca098fb32b6c441f41df5314f707809817bc3151301ba0ad0411b349ba7d778e02aa1859587e35329f0273d2039ba47fb0ba66b4a4f81b304934a1390a05570861ee102eb15b3a546e7b6da2aa847df2fb8e4881133e00a856e7f67a8dbc864112cff6e75a03041eeb95ab65b9928e54e8426ade0e8658133232fb7ecd38c47d67770fd83f7cef684065ba27cb1ff6ce93df8fc6eb5e1094526873d3f9feb044f068faf327b08b9903b7f427ec21c1bde4d02243331d041357ecb3cad49ccfa95d47b29daeb890d32249021fdcd90086a564d4c12d76cb98f61996a077211f2911b440f0263683fcb6e375152feb3fb16ec1c568948a4654be49184eccb76cce8df636b38ef4d04b6b4
32 278 10 1 27 6848 :b3b2e4bc5d0a18a5a2da9ef57c32c19ebce4ef3c05f1047881e56d7e64a6fb748e81c1ff7c480ae1688ec6e030090ec145fb1a712137e99403a6f23eeee44d7a57328ce044fa6efcffb22aa50effa1664b0d031b09fbb3b8227fce27222e9543aea431369c1574c924b6107add650951eb3876e49764b749d453cd49c74d34f4384a778e8f036a8bc5e35029469aad391041c69989cc6d5880b5d2721fa6388f83dc6ffc28e76586cf19995b589682762df52753fa5845c816362971d54997cfee0e20da3c20a97dc2f7bc7a36af5888ffed21502cc06cb11c43a68c7da23eb20279ef8c44bec60cc04a14e37faa24d291a6a1c08f660f1aa91b444619c5c745f717818fbf48fbd10411ad1bf57b8d9a6ea126bb8c1a
32 279 10 1 27 6848 :cf989a33a5057384692ec80c66c8f9b8f1338a7801419fdb7c2841fffde55004b2d808d16d1d36376d3da5c891d43f1fc37cf4d4cb44ce81587f5e590ba3dc1099b6bce6a7e791d31daecbef5879fe95ab71375d24e41a0633ae6d1956e6264087e9bc53728a246e2560878a9f9d778fa628328e5d2a4bda9c08b7bfc7ac63fc9a5684c64964e0e9949258d01b901f2554c7ba851f055affa3512b4f47529e6c7c9d577c6f8e72c03fd2097928272e6521016b9d4d64379764149b3329338decd698eb30721454885e497c5f9ed13336d6bd7a28e068ce624c80cae78727f0d153c7d9f54a5944deb3de7d094633e458e9108878200af42b4649e271a07689b4d2c73e47db9da3e17789b95fcdc90dfb5e4d465edf1b68
32 280 10 1 27 6848 :21e8a5cf7b5b097b4c1f8c97878b1cbadcae99606f0fc57b78a7ef9959dddd8b8f22254a813d446a6221a5ea5397e7d62200ff21bf5320010c7948e2709d677c4f11d56603b569741cbdefde59d52daac11763660210a578d9cb6067286236f3ada7dfc139806689057b971112e3f0b3b7bae94179ca2d722d15a1c1665b4bfd7aa927b54c81464c9110b2a8aaaa4e959da3abba83c83fcae1d1a523ea035db1c6993fb2c34a32d0f368f6029315c0f89753663f664777832c94e4ad57bcae635a344389ff67930cba84d806389892cee34b7390475918366e9984ebeb54f683268bea45aed765e8fd0cb9197e0e0f1ac7ed088aeec4083786d4cbd742374964bec192448d256bfb8da92c34d9d3a6cb8b257a7b0b318ea5
32 281 10 1 27 6848 :f2a66c91bff9e66a0b500fece2e9c89210f4d74961e4221507b89ce2e545685a0fa731243785d790ce81cee81300b94d2408a64773bc54528713a4880b60b70231564843136d61d6c483f33416b1e3fa9031b98f69dfca01c6430b4af9dfb53ea0d4543db5557bab9e0d8b98d291db93a0c1c4c3bf85b6798983b819d9d18c12c575d2a833b717bd88d5903338b463a53b38752978e9c1bb6c2f80563eea4ecc3e717410f24777a4283397f5fb81ae846bd5bf7a3f3baaa9290e71d9a0aadf223b718b88cacedf88c4c821de6b29ec35024305e90251a1b75778c212b79844fd6fd88fdd0c3dece9cbb08a137757b48ad6449436b73fdeefe24bcac96b0207f0d81c3be1740fbe11ad50669cb62fb92a98d798b4c617b1e21c
32 282 10 1 27 6848 :5da1483d410f4b4c1556dcb6ce78f59423ea94900ba60d8f8731a9b630eb900f99cd6a47e16a132e580d80e001fc36f2f0c05c13b0a2e90cad833dd62597a516f87239a97ec12f6a74055e97e3b3a4f2ca9bcc55456dd22426cf2ac36df40792afc1cceff209836854c6f7c6c3283999e20e1a4b233ba69b2ff526645a3ae0243bfa35fe029e4fb864deddff68454eb858b02ef78f594aae7b6b3cb961721c68bdbbcc1542f3ec8904094cbd7260334afe2b9a52a4eadca1a61b891519255b4d7d1fe26332bca7844ee01eaa41acb1cd51a88db69ab4580e13b1c1f8abd0d71071dd1898db5192795cc5fe948a1cdfb7cdb45c5255388716e4f373428c1aa94da1e03cf231fa94a181dda3350f0af6722b05e90a2ce787a96092
32 283 10 1 27 6848 :05a1b31895efee915d02d3ad00e48704946b5bd39936a2c98fc716fa0a85567fa561402da6447ff7209b178381a2b4ed4435382ffb9d78d1d5cb33436483e2f891ab3b42c453499c06c0674f06dd0c5b2a2287e1c29b39292cfd6336196fe87ebe428a4c5d2b63f5ad369d96574ec488a29a4a45433c3e30412378f77bd7472c825670144f86ca1cec624d5a3a18b026008ec35db124df6483f73e9ea9a65bea497238aa3faef017e2a7d536949331e804b61e52857e54585883b694430ebabfd110ab7e5db0db009e44654e0f4a24b6fc72e4fd497b6f8e643575d5513bacba74c34a6c14495694643cbfcead6dc3e5c28c0c162809c39012a98839e8f72773d589a59f061f0590f4217abfb98926b533378c430a4df58f1141a4
32 284 10 1 27 6848 :89386da26a5f770b67021f5b5d05f1de249d0bc21826c23dc9b1c6123e48e08c6b0ba79969750874487308cc667970c960e4270c33a32ab250db9647413e97b5de2fe688d837e9de6e228f377989ad4a2627e9c2eed8455b4c333f4c13b081b8e99ffbaa11d43a4aa876474037cbba8801497a7403c85b27613cc3f5038ab570a9a85565870bb80fc1c728943713f785640895c878a02d2cb9c825debabccc1a3db31f522667f810542ee4a6aeb944c1e40eb3dc328c64094d7d1ad6c4f32b78ed63b2b6d01bd5be1db0365d69eb1c9bd605734f40476fa07c9bb82d213108558a194cecbf7e7a7b17d9274acd4033b34b8d13d54a3bdf9cb183355ba83975fe1a07fd69baa610f67b2b70b569c4a9589fc3bece0aec06715090e4e4
32 285 10 1 27 6848 :0fc2a879699d7efdb72f1a2c1a6d972a5931cf72dac655658606157da960b651f9b579bb044cdd4f3b7e93c366f4c7fba90434a07cc31fdb4dec6af733a54ce8393df8cb9a6baf61b2422518895533ef68a29b9802cf62eb8a5c00af25e50cb98b420e8091b9159d7fd30cc86d54a2245446c62d226fb998393fedea183e7acaecf60bff95abc06aca6547a248fbe4717b99b772ac24aa10701bf06dc79abfb55e1e44499d59f286ce20965f8f2b69719b355a5d378f55c2c8d77c261249b429b31d2dfa3e5c048378abd2a2f70b469416fcea72597135fd565d54ed7f9290859d4254edbb98cb6325f39475f26f55e1d12f31849d43eb52a376acbceca30b73f417d7e8fe5fc91dc0bc64ff03ee66f7606a26116e00874c05efbc9779
32 286 10 1 27 6848 :ceeccf06401e6dde84b4bb4bf8833d6a1f4fbb5755722732318d22208f627b4a638f7bbafd253ba79a2cc549fbea8580ad44b791f3bfc3ccc4a22130e25163edf0ab0fd2411a97c8af28fd5227d258c9afa775b9d59879a2ce681c6b899a36a1d86cd21b175e5d572753606c8245c12e14941a5c64b55ac42076f5c4e9775ac247e63f84383f8fda11504554327f727f5ad46c06395bdad6469092ec2d886a4da660b90a02d8aaf6a082e153dc79242c7fae0462879fa3128559ea852a47b7fc798ace69d1eef869389c09a8848504793b7e4dc51a02a2b72d51604ee2a892fd76416f6bbc7344ab68d37783498a2757d26de2cf29362decda3c8a45a8d55c8a4756771ceeb65ee5e41b8ea2039c2458aeac0a2254ecbbf2f6743613c579
32 287 10 1 27 6848 :cea68e61dfccb8467f15f4e7cf9010b53872f5f989586a4e87fd99a9ee1b440fbc324c50343b8b92579667fa958d137f349765d1c072cc90b1700939271a54efa29a4bb8ed919336fa025697ba0a568d136add1d82ab4cee2487bd5fd210858c074e2134be5eb59035d2cd98c3baed8cea0e7181cc3c07ee82a96bc42c29885aba319505315a92f5a08021343a94746c27264088cc4abe05ee10636e3c0175c3a8ae722f32d6d06fd3e846c4a494e19b0706984e72ab9c3a0aa374907993376d12b863b232542f338937bc0a661af4daafc4e1bfab72307033fe92b4981d7dce8c23f7d1145fc0c3868362b61844f5ca65c79291f31fdd4c004e31acdfb8ee471c77db1726d39f953c45766232e2ba30095e33edb0a580e46a026704cc550a
32 288 10 1 27 6848 :9eefd3d6e2712c14af0743a08443a4a1822c0beecb41043b286b1b34fa109f0ed3df41df51bda6861c5ce32847badaba881b6cdabca1bd1b2d3288afc9dbaa99c0f7957df503280f6426af0b788130cd6fcf5afea7090fb809bb419eb1e5b5217db78e952c316de2acea4335449b6b8f803a7a7b17ebd56fc187614b5a1b467a0817f5e21863d5822b66388902e2500de89934aeb27217360f84dc2f4fcbaac46b47f5b03c0320d82b037834b9aa46c8f747f2dc8f79e2f8632ab9e39799e83fc17b28ac87aec07d61adecb12711a855c65153258831312cd0e39963a42d0b45dea7469ee8cd384bf821001d1600b79861d698c757ae5cc9ae8f228f0af09d6b46139a33458ef2f9e68631965097818d1bad9e61b78c80f8bda214a75624612a
32 289 10 1 27 6848 :728135c19ff120d01cf4c01c9c2c706ce78fcb4691db9d3a6b448a5323284024a32fb4985511daa087b33d137f7bf9d1c6945fe1e685da6f8859b0b7d9256d2c4a20282a3aa9abc5831280f6cdcc5936c21f811aa7b6d8479e5678f5f412cbc5169a462ba25af5b6d967e5264763810c47afbe89d1298e6924aa55d530a0acdf9a6755d58d0a8630fa8620907290f80351722d7176241291fedba84b7afaaf9818c6ad9cedecae629cf32bf95bbc73d528b8ea0003e8a3f298f4c1d3545f1392b636dd198c852b18519b48c7dae70f341f5e1281d9c32e209eaa1baa0bfb1f0ef9f2cd4b64cff6f8ccdfb9a60dbe62bb5ebe8655d0ef43d4cb58f4b332737ea967d0a00fc696de877715f2314a27c36cdb1d500ab9686c0b8e52f9dd028f263de4
32 290 10 1 27 6848 :cde75a7b9975d07ee1c33879acffa9b90be1c82c9f556d258cfda0bc9f3f91910c37e77c8ac938a592dac12a6208f8a20731cd9885fa99c3041d541f003338d4e95474764c914f64f5ced8e008fee53f4dceb4c379b423e447ab2e8662b409373a033dfe1a1e873f5f85133f0a75dc114271215d71cfb2a853055365f5b9bce8b0c9c36e37ec1d88ab533599a9b933cd85a264bf59af177d9f8a96ec2a695f644f4aff79c0e06868c6b9053a067dfcb6de31b033cd9affd078a7b261d7c3914667cd533611d84a93a21951905d41c7cb9cdb4e326ba006be7a3140dfc1e02722ce2d4c92644178eec6d5a2767e1c7d6a35a8905263cef917368538e49c8c629ac147ea1a5b3856855d6744a1f2632c9ba80a50162e07477581adb150e3dcee7f1d8c
32 291 10 1 27 6848 :a352981f2218bc661952f51fd1e8c367281c91a028fbee136d83d523ea66b99d8a6f27512a2ecd9c19865b2589c9099bbd2c42c38891aff03c4403518f601c435826d8507f810776c3f18f32ffa1e04d17c24a6a71dca534069b48ae7e3301de2dbfd0103da4209d90ca416c9a4d7ccbb7418b85662906d11f834c8d43dc411d9caf765fd14605f11252c15ba1a99904d5dc9b69ad8edf7381156bd5809e41180c15fcc5ab2845e7b5dae0a2a25cbf7c578a79c6b5d222a086911ff7801158357c87975a2cc52b280c8244ca09bf5e7961c702c99c77977c340fcce425e8d4e5cda5a442bc1cb06830c9410cd7f4604bef3d6adcf42061c314805121261d8f67c258f9ea0f1b46d0963ce2b185bb568da6658d843f7cec07e2b086ef38bad796c2622b
32 292 10 1 27 6848 :0f411bd269e921ebe458ebf8d9d53e5d6de3f636707cea75154720136244ecb6374d274e7ae6b50ce23269ea6ae43d994c8017e7e568dbe7bee816c5ce693f0dd527fa80c8e4155a35192ac8daef631b231be5a73293f721f150f32e65b9aea57aee8b197ad68cc45abe8220f2a71250038cd230adf5046dd57f18d0757fa1d3f918093625307c272fe2460cc14a9de27aa7cebf32c8431f63e354957619b6597295872d82e134a5a550163f63634e6bc5788b9d218116616c2d785721388c921ad7d1389c693088a968e6fff46194cd493db3c45e7f67b8990b613778f93b5ce6372ffb165f741766220a8e5119f871bbb69d481c7ccc8d3deeade6557a06fea699732818ae4230611596393156e6716c908f53a00366f10c9488fa8580211f9bf9b4a4
32 293 10 1 27 6784 :db529f47ad52271495f516736975df5f9ce9be44fe6aee4d21c7485f6ca0d751e3be577e2034205d9a24aa27c7cb8844bcd4c168bd8baed7bb0b54b804e8e84dbde4cd4a04ec25bcbb44a2183bbd6adeb1dbbb912fcc48659d4080525a7d458ed5191c1429f68478237de0afe7e1adc437af82dea9d6e2f29da6f10e199920e771117609b5c1bf8521ce814cafa4dce8c1005e45395dcf3d1a3ee99e5528590a5736aa5bf18cab4e0073f0112041106bb88eb9f52eede442a9d42579a3b08228872998125659735199e8679e28bf247d6b1a212d737dd6650291405ce5315719e9c2ead85582406979c4baa88e0cdd140c49bbd721e5e3fd867d76d25a66fa7febf69c1bc08aafac96b6c57ba10cde64a5be75946566ce9f766e1a3c62efd114d88f479d2e
32 294 10 1 27 6784 :74931214a394e3295956cb6b79590d742f3e111435a13ea3b155af16652c2733675dd93b10897eb38b005c333fc8ac4f577c589eb6d193018e5ee885d6f84456507bd7e13cc99383b9388281ed5e9cc9d5fe6d436585f644615426ef1f5dd632bcf0c0b98d32e2f88cb2d1dc029199dfef54eada40ff91fb731a97e5e79f4af17f6756f77830f6cc4e8b239ea0195b05dabf090884e822dd3cd8a71f414041fa089c1045e90528c178383fcb513a2adfb1a983fcc20e7a84377caf4cf260d5b1dc56f32e7d3ebe93b3b0836ab669e85a02c94c7545d78573a95e3e2f790ebb6cb66b40138e7852c8ed52394d341631254fb4c97f0026696e7fe7e2459050ae21fd2b7364406c42d0f9e9881dc6ede776a74c5126e294def118eb2959d505f97279f51a64881f
32 295 10 1 27 6848 :529b912ca6b2e09dde2ba358e5d154fcade733e172afd2126a0cbe300fbdf8eefc9ce5c5904f0ef72b46ea626d9103ebbd2e5a200da9ef49db39d15f2f14d29cfa3d6925cfc1a2c6e4cd5e59cffe740a8d52c035e5ff8f3b51699bca974933b01f0dbeb126e112d8bb2ebb3401d95457873c365251a3d856f57a7ae160c700e9213766b4501f38c4b68c204fd92dfe5dda2b2e0ef324345633b031eb56036154dd9235273bd2e8b6b211fa99cbf42a70581729359033c48ed060745d828726b543a6859ca9a5698cfd3e7a931ee803d9ce94ef99f817c868cfbb66e0e6a65f9609e4e4109673dcb481dc783322bb119abae4b95b26d26220006d93b3c269860d842c3c845d7ca9fae3865eca31f5a4cc0bc4992cb92d56ffec5a69ea57534487c74cbcc62f365d
32 296 10 1 27 6848 :127aa579785172fb27dab00eabb1b1a7975bfa8418e765b25cd89a9a802cd115fdb87e5bc4f5a56b51da841db392dff8d2a1ee7c53ec661f359e7ef839688212f9bdd07da109839748107d2b803a122672a9b4af32827c06678c78c27083a6119a55958a72cfa6b74efd2e3aa1beaf85014c9710632358f22ed2266f7a1afacfa395326241827b389fb4912e6119a2f13589ab047dcd4c836c3d5f444fb31c8f1778c4c46a7123e45e45c894c264cad79e2fbbeca69238348cad24c4062f57fac0b8cc32b09575c0783b4af1f27f8461c55b920183647c7760b8f19706514797172c227ce1ed28a0589ecae9dff0128468540bfd18116b07f7b0db253d524ea248065ae77dbc26e18b58b64e17f2d9900c0d57ca612ac399b12463e3f752b7265ba2490c493f4da4
32 297 10 1 27 6848 :abf09113208e2cd12e0fe2a6da50c1b1ec20bdf4202f565b454038b60009c5f663b75abc99fd63f45ff7ef4283a3aeb6ac69a9ca0a913e2976fb7186ea09580f33757ded4e800a9e5568eb52dd36c6b606e769c362ed3774f21efc30249ea2a42a762ed6db5f3e79ca873b480c9fa67504fb95db2a7286d3b926f513de0c7db395e5dacf7e09d3d89c8469ab8bff8741536795bdc83be2d3ee4c9d9584db0ea59e9b6ac5c6bfa6760f3299978c4f4d1f09e5fc2621fdab6c55eb991ec702e5bb3b9d8cbc0e564662002f7d9db1b11b1e4d3810d624a16458b8fdcaf313814192a8172800d81efbc2c39122409b08e6a70c6dc1bfbc901ec4d953808e76958704b4cec55758c99b65912ac20cdccfc947bdda3298f201423af7e0305d9c1832e02d657eaaa23999d0c1
32 298 10 1 27 6848 :a3a5d972ae52e4a2d26aa80fdeceef650aef25b813c68a3aa39ee21f88717dffc71e04f9946e82b746683f53cc1fe2c3088a269b6be0254f8e3671a3b949feb4c8d61102788ded8859d3774ea1f2e0d83a208fcc6c2a519c8fe433faa763c93938efb076e546814a68b6da0000bb6f479baf5be02fc67d8193595a60ac6926a7dac610973911d001a9422cb0d00baeeb3adc7eaaaf0b38e37c9d477083b8d931b6707903e84c37cdcdaf639aa5cfb7e0391c38d86fa808e599c2d22b2ce97fd38f53b920b6d04b1b11f264e9dd780c1c6a773d57368d900b8402cb661ac741b945c88173a80a011402b9ae5384144ac7375f4f6da50aab0c45258f48a28551c166d52749a08cbade9f310ce46f227e73dbd0825628703ecdf1d99fff8c9e102bab61ef23d955a5508a22
32 299 10 1 27 6848 :bc60b9a43530abcd5e500ed14f83704778246b9624eb5269b1afb6d5ba5c9f98414cc1827313d0f1003dcde031a81e890b356ed1182532676ac898f1acf0a2b7af991398ae813f10257857f043ba96cd44f5e2f3366d0c5e39010fd4cf99afd852e84f373e986aa8a987c1d29500c0d83ed07c29f96b7d370402284824e40d309d4f79daeb09e18b8f5e51b8ae82efa4098ffe92b0beed10b78e865aa8d11cd8ea9971c043454b106ab502d6a65af36ac06d42da1a288f3a87a52d1491b875eae4d95a8365865bb9eddd2804370efc31d7736a0c5aabf7e8678174500b8f9f83227bb329e727bce9d02a56c56a31dca1de74a47a17bd58787db679c1b55a2a8b62794081f2e5c44d044829c5dfdd1925f46bb78b91c8a6b3d0d3c144538bb308597560bfdb7b3b9efd3d50
32 300 10 1 27 6848 :eb2ba6ab3712bbb6c4f1366927b67f4f87b01f0999802a722ad5f3dc5f5356c65e8502003709a3922e85e1046a0638d99383e2b5aaa93f429ae25e78e95fc1dafff8bdc7d3df7b6170860e83bf7546d1915c84c8f5f1dba6e3ee926b324cbf59193a000516b488e65c5aa3ca2a3d54d7b535d62ad20d861da684c23992db3db546c526a8b8ecf8fda7a1fc192f4d83d27c656b4455b2f030b4e637b720e249d2ddc7d3062cb3d14628d858a5d03a81c6d17d11851e5f2a2099abbf811d78bf32626d6a61f6d10cd4f7b193099c3c1ef30a5d76401b2697baf414cd40dc697cd1553531d803b3e27da45c1a177e047fe96c93f7960cf2a71444359189c67bbe3183c33d8bec394c0e06e0dffdb52d2b5c55572e289a4dea9b3d44fc79cb20e2565b2ddf6d1f1c64d349e87cf2
