# in_len out_len m_cost t_cost time[ms] memory[kB]
1 32 100 255 64 1 :f1d292a47f1e9b70bb5496ff8a2cbc803911db2b9ab201400123220877c57fa9
2 32 100 255 64 1 :ded78c89ff00185d768630ceaffe5b7ce5efd81cccaa78e8e01d0a7f8745fd2d
3 32 100 255 64 1 :44fc9edf23fed631e3580ae586be3aef84554f7c816465141d99c2ddf5bf9e9b
4 32 100 255 64 1 :23c180ec8573be68e81fbae6adc3199e17fd2bbd2b38478f16cb277e041e26ea
5 32 100 255 64 1 :5b4f1e4c9f66473f1fd24ac1340df94bc295ae370ef33e0c1a16c9568a7ea4c5
6 32 100 255 64 1 :91ff37a92d59c7540a6b9b9ef85d5fb406231a57e35914c6419abbddce9498c5
7 32 100 255 63 1 :042e4074b399478988529753db14758d7dc21eca9d17e6d8c8f9e734177a0a71
8 32 100 255 64 1 :d61c0c32d79a2fa3b960df9dbb178b258b36cb42c2804683aa701b6471c063f3
9 32 100 255 63 1 :90981cb3670c06c415d8cf8a04fb04a85be92157b6a4502ebdf3349ce7ee3453
10 32 100 255 63 1 :70396f0b498997ee90bfeb3c728157c737af1e7b71155f68c26f6e4845573fd5
11 32 100 255 63 1 :43d6677791e3741485995a07e31ffa6b8c735f077222bddc6d53cb5d0d50429b
12 32 100 255 64 1 :57ad7968e8753c971acf84215e1c3b5096e0fd32a3f3788a13d401b4519ab817
13 32 100 255 64 1 :2754262c9c4a5bba9afea30a078d09e1d5e2e8186e66565b9ab9be3916483326
14 32 100 255 64 1 :68cdaaa55154bfb9e75edf37227a6c1c702ecbd6e7f793154951aecd3b4c9081
15 32 100 255 63 1 :32b40e230da15c88f636ecf3e7cd8b26bcd64118aa6576cc0c69c60a6954f03f
16 32 100 255 63 1 :3b2568101dbb2b2ab76085bd0a804bbe4ea6f4f819d108ecf1a411ef4494656c
17 32 100 255 64 1 :80b053ef5df4bbff92aa8caf2fe5aa77d075c372fe5adfa2bb6f13314cf4f16e
18 32 100 255 63 1 :9cfd3de6f98dab8bf6b7dc98675562b5718f5afd97abd2b336f1bf0a3e0f7adc
19 32 100 255 64 1 :89f76ee1f83ca3cb0e11fe26ea6b83bd6e08fd49ad03a18ed9248376fcd2a23a
20 32 100 255 64 1 :e49d5592578c28a7a3296ca7355877c7652917bf68321a48eed7bc226d5c062c
21 32 100 255 64 1 :7feae96eecfd610c5096e94a3464c33f55730c7f3115be6fe92bab1968a6a8be
22 32 100 255 63 1 :4af6975bb182a15c7d6ad137750bccaa29e6f82ca8afcf54861e4d9d08c164db
23 32 100 255 64 1 :61e4cac3e3f30d1114224bab7cad70adb880df584523d8550bb40dc0dc2780e6
24 32 100 255 64 1 :a31eb616f4aa91e0cf257ff361d1d87d713234951e1204c69ca446a8d9c4075c
25 32 100 255 64 1 :fcb26519f5e034d830e48176f98d32c8d3e967a6925b7594b567c9719991a500
26 32 100 255 64 1 :a31b01895724e1ebe561c68e8656657314d0d5e3ac10c9296efdf29f40c5528a
27 32 100 255 63 1 :c2e1d1464629c69b55241d625f4c5e75cb3828fa9a1bd913d53672cb7447f1ac
28 32 100 255 64 1 :6cb42b375a2c9aa6034360675783bf0e9a07b464cb6fa82774d4afc47d5c912e
29 32 100 255 64 1 :59ffca44989419d07c7434da151156bd1f183009bf354212489412ca2c1cf744
30 32 100 255 64 1 :240ed7ff7395ecd43b92deb9c0414b4869b3a049b016db5510d563487a4d68ed
31 32 100 255 63 1 :e7b74e3419569a0e5e7a4b98ce1bd85f8625d102a37cbae58b22efba71b6ef93
32 32 100 255 64 1 :5aa4e0ca3bd8fe6ab830dd85d1ea38699e9ee3ca1fd996f73c39a48857b1411e
33 32 100 255 64 1 :49e2a26564c391a4b18e749b0d3b98ce98d29a456b4fdf6f2e575b509e0ab8d6
34 32 100 255 63 1 :4d8b5df8806bf0bb51b6be258d5fe4dc27bcc3affa97c4be807e36a9715d297b
35 32 100 255 64 1 :1f428bfaaf3db986e82be5f072f0797afd6ecee4098e3508c9d2c4abaf43f159
36 32 100 255 64 1 :fe49c33e859b07c23b749d1a08da055d0e8cd245610dfa247734b0c47342f797
37 32 100 255 63 1 :0a483f1d2babd8875d97bdf48d156547938c6bfc5a89b8273311e22fa29c1496
38 32 100 255 63 1 :a960f923fe5dd23a21c2635a54db4ebc13c6096d6a222c6943480df341b05fd1
39 32 100 255 63 1 :3a3a647c3b9774739ae614c1668540cb2759be9884fd7231cea19f4c3291aee0
40 32 100 255 64 1 :9947fbc49af3038c8813cda96c88ca91b1fb0509b2633e4093c5ab4fe1cc93d0
41 32 100 255 63 1 :9751cad5b712297ab74cbf1e8edb0e31d7bebb611220b4953b62b80c00b61a69
42 32 100 255 63 1 :03d6950fb41d1b1d2b0da43c58954248695d96937bcd1df67d04c5f059feb17f
43 32 100 255 64 1 :38c3d2cdd35c64d899400760dc849c0ab27ff5e15fdbae8ee971960afe8e1aea
44 32 100 255 63 1 :014e42021e67d2133ebd3a1bd099a7f2a4f7bec5f0d2353448e76573b59bc411
45 32 100 255 64 1 :54823e52a4d6d3bf094f384b69adfcbd8dd236945410c0e0a3e3140c96d4e3c1
46 32 100 255 63 1 :6918d6a92ad3cc08be1d6297f154515a3e3cd5ce58e1362288598697c90e6ad7
47 32 100 255 63 1 :a2f89bda5fa8ad6e52995536eaabc65e68843fcc6262080774dd4c866fce468b
48 32 100 255 64 1 :1f572be86447e798a083ae0dd4b5a5ff9d5a2ebd34d4ce5388681c4560a1bba3
49 32 100 255 64 1 :38aa655c68ee725ab306c2e00a35929cebb031a8ddc734482e9c3260dc313f18
50 32 100 255 63 1 :8b261f44cdb29f533e2327a7c83bf74e84f8aa96941a0715fb2ce053fb6d4777
51 32 100 255 63 1 :0653e772dabc95445afe9d1874c9b463091227e0abfb5b3613b54b1cb6951940
52 32 100 255 64 1 :bf4b0a270e3810903cbebe79ea4070290334efb59fde97396e5ccb7e037c88b5
53 32 100 255 64 1 :b72a1f3841947eb0d7d2c5ea2523f9fef1aca1892222d616f9e7ff89289b83af
54 32 100 255 63 1 :bc9fcb90df52546db2c22fc6016d92dd6e53b90a72dbc1b084c99aa28582da1f
55 32 100 255 64 1 :06ec0993bd2b8d5a6c31e926a38acd3a4b64098770c5924cd1c25993ec577d08
56 32 100 255 63 1 :aefe019266b46e22ca410875536a96d1f3820b6b7f2cdfb9d992b04677b48876
57 32 100 255 63 1 :704a1662aabbb85e59777f49980fb49bcaf89edc2e775fa90f92b3b799118592
58 32 100 255 64 1 :1c81f0d76e67abe048cded835530bcd81c28b8be801af77bce702c426c319844
59 32 100 255 63 1 :7e27f991a30abdefd23a1892e48f95576d9b77befb57189b3f90d144094960cc
60 32 100 255 64 1 :74f64b5dc4fc09312fa06664a41fe4d41122603bc37f171dba91a12169989f2a
61 32 100 255 64 1 :c3d0c39557d0247d5229f52c19446384b16ab71e6fc4945a6955da9ef048f749
62 32 100 255 63 1 :5ced3944cded86856c0d3eccbf74ca8837ded5a192793b297fd6cc4839539dc0
63 32 100 255 63 1 :9e0beb5ac083e9a3ebb76a11c2d76717498e2fe49d37fd4b842ebd84cbeddc0b
64 32 100 255 64 1 :f6173df1dd2236d745175403e47ddaec6abd22d752f853d573463b99dc77e6cb
65 32 100 255 63 1 :e2baef4e8655acda98856b1c7725262a88e91f71d87e9f92909a79daea3992d1
66 32 100 255 63 1 :d21219523d68f9d5c21aade9551f20d4bc0ad03827876daa814be222ea7d7dc8
67 32 100 255 63 1 :0c3da6b1d09c426b5e19cec92082f61c6791a7def661cfbd34f0e07e15fda108
68 32 100 255 64 1 :c1cb9194e80d7f8611f0ea4e1f12a72e32882ca14dd3d5b7a40b1f867752c9f2
69 32 100 255 63 1 :dcd1220b5355429d53f45e47e51b24a5dcaa3f69ce5b65567700f5a2c7fe6b08
70 32 100 255 64 1 :0089589cb5a59306383c2e7ceee2725455e5c9581ad9e71a34f44b7cfce628ae
71 32 100 255 63 1 :0a56fc8162e93fb7ab24af5a801791de050264be568d09ea1b90b3294313dd03
72 32 100 255 64 1 :3afc141c8628a7c996e6cb63e9f3b65b0abd071d88a45b83b4fbe7b00083643d
73 32 100 255 63 1 :b23008ac483af8c9aaf64bcce603871493d086aeadfa5b3d64594ba8d441a13c
74 32 100 255 64 1 :447dd5857346235c84e27bb2df6c1e9854f2a4cec85e592dda3a4f1a9f334d70
75 32 100 255 63 1 :9bc86b7288db23d63947bc18df0672e30d1c61849667f8b488aa30edcdf229ef
76 32 100 255 64 1 :3925490a1c8c15612fd83c7cb3467a94512edc8747b93bfb2a36df4e7c3e4d0f
77 32 100 255 63 1 :61df8679ea7532a9754ad7cd66d1113481c49d96b0297d04d31374833986d508
78 32 100 255 64 1 :3cde766a88a026374f54f67dfbd6c49868bead0eeacf8ca5fde4ad435da97860
79 32 100 255 63 1 :e5a11a6fc98e90767087e1e8a8b3e1e798c33d9586d61debe01a4f8451c94033
80 32 100 255 63 1 :82748017cf2d5e1e467e201b939cbc8974b9e467dbe1fc7173c916c7048467e0
81 32 100 255 63 1 :a480157a032d43f2582c8669e438141042bfe5f25793e11876e2e6bb6ad97275
82 32 100 255 64 1 :5547eb5a1b1bebfc186e9e849a14defc41aeffa594592586cf3f9d2885f16632
83 32 100 255 63 1 :4771330e0152bcbaff1050e9d160f5f0d95fc3ec66729e4fd25a5a50f6821606
84 32 100 255 64 1 :678e112101b693effef94389739718fbf426ab8879cee16abab02c220fd45233
85 32 100 255 64 1 :847df9a934dd55cdb6e59460f3777d522a6f142ba37644740695929e4a8b8b18
86 32 100 255 63 1 :a2f7a85c4d831d828d3c07dedfb19dab29c3d86a186ff39c715b5ea700b3891f
87 32 100 255 64 1 :9691a8c85473eaa0ce06962d3d7a7665c31bd69621ba465d95a3421a06b54bdb
88 32 100 255 63 1 :b1ee985b0475fc3708b1db5db62848c2ffcd90fe909820eb97c96d0128f50f56
89 32 100 255 64 1 :dfaa23535b6bfe8108fab7359977a732d0ff4d12805dd3969402e156596183d1
90 32 100 255 64 1 :70acd58eae16477c2fca17a518c0189aae325bea1672242e8510d52aef73e83f
91 32 100 255 64 1 :1e2a43d49b26e8ec4dc6fdad5b583067ac264a5a1d53b850edb1c1b211959f0a
92 32 100 255 63 1 :8c3284bca816b2402de74987589766284963879b6d5c38a05360dd05b7a4432f
93 32 100 255 64 1 :9e249e8892e0fca5aa3a35dd8041ec8a886af6d21b83e2347dba5dc9001947ed
94 32 100 255 64 1 :15cb653c5ca974d8002e6dcad22da63ad840f52b3fae3b1453329599c521aa15
95 32 100 255 63 1 :c22997018f846e568ad898d02682aaa71c22f86adff11cb3020339d27223d4c4
96 32 100 255 63 1 :ba83e6b79deca1e1d9e961e24cdcba7450e4438f87c6cb8a62738559bb159f58
97 32 100 255 63 1 :98aaa2db93ab72902b8052306e25e34c4505ef43c0d59021a5d2f801742aa407
98 32 100 255 64 1 :b4f43191334b7d0480965e1370afc41073f9424fe764cda4deeb18a231652357
99 32 100 255 64 1 :4ee39e853db058bd099454d462ad358689681e578e5bcdaa8245b3f2d9e37bdf
100 32 100 255 63 1 :cf7968f012ac578face4fb7b0fb15ba4e19435f611c3fd1c77c25cc7a57fe404
101 32 100 255 64 1 :786de119173c30a4e6d3fa1487bb742510808c567171b44c0d9d203739a9dbe1
102 32 100 255 64 1 :a8db30b66d69f3df3f9aa0fa20e03153f8f728343709def3dbde07b0f6f355e1
103 32 100 255 64 1 :f09682b6bbb66bc46239a76d40fada871b20d623efa2b473d8e351793c78c40d
104 32 100 255 64 1 :b69804670bbc58f8fced9aaf4dfbb92b1ffdde3b3695b628735bca3be532bb79
105 32 100 255 63 1 :b8382d65a176a6603d2001752e65708eea134bb25fa498d0f5e98d9e96096ec4
106 32 100 255 63 1 :ec1714036cb979aaced90f92e042c841a6691bf49ad404d8c6cecea5a7f5f633
107 32 100 255 63 1 :2fe8d05257460a39e677093d2bec0743e66d5ed866091294804059fbe36ac407
108 32 100 255 64 1 :84a191c6aa9194165414fe30af61a68ef790caa2d5d4a5bfab3ef80a44809e22
109 32 100 255 64 1 :5ca93d688d7f45bdef37094eaaeddfb729bddae52c3bdcd42a04503e6f35af3c
110 32 100 255 63 1 :42557c31f7093c5dc9be948b77b5c3b13027cebfcab4bdb36ff799737b546e2b
111 32 100 255 64 1 :47566c67033ee3641860c46662cb90a74fa799d0b25eb943a60443f91d424ebb
112 32 100 255 63 1 :f70adbdcd9e31369c59f433ae8d808a613b4ee1f82d6274b0396bd99e719e2d6
113 32 100 255 63 1 :9527110a352201c2aaf2393e9ab6bbb773e02180d5d23c18fdb5a4ce2a861d16
114 32 100 255 64 1 :c7721f5b4b19b946f6d182cf7f4cf7b10b76aa18502f2c280ac647deedbd2d57
115 32 100 255 64 1 :9cc9470bde932f3d56b1eac0772158caaf6ef7873efa4650976f5c913e5cb85c
116 32 100 255 63 1 :324361a0ba77a5ad48db9f16a389f34d8e1ca9ca3570096f1d9ff40d35f92c0d
117 32 100 255 64 1 :edd78cc271f247988d2156ee1c3e4847d1605f9d1944e136f26f97c165f579e1
118 32 100 255 63 1 :911958b07ae3bf53102e755304b50169454420132983502e7235fec627a299d2
119 32 100 255 63 1 :951b8e035efd898b94508243e961ad1b9cfbb7aaee81d237cecc2fc2f90bdb15
120 32 100 255 63 1 :6b36728021d48c64631b9b8c934727509c5ae9f65e083d0aeff69c114677223d
121 32 100 255 63 1 :bebcc90107a0e79cd057ec194d9101d8064eeedacfa338294a7d497f533a73bf
122 32 100 255 63 1 :c2c8fd4181cefee62c6ad8f9417495c3c7b9e3fe7e3d39ff0cf81fbb6ea647e1
123 32 100 255 64 1 :50a89fa9b591f93b024e3d956d85ee2ebf0273035fc10356c49d88d7e290b547
124 32 100 255 63 1 :94a97b0f8e245d56f03e2050af263feb8997965a2748626d3b42595039bfd647
125 32 100 255 64 1 :ef9004691ada66e4d61b6dbfaf6b7b0b80bc593f202c5988c8d9e3941f64fcd0
126 32 100 255 64 1 :c86811c7e9f7c272bcf395d07503c68b73de39f267195907afd0b0cd50d3180e
127 32 100 255 64 1 :8763d60d16c91793ca98fad69bde0fb24142324a8cf713d26259ce50c78bc8d9
128 32 100 255 64 1 :b0856234b6fbcf9e460830d29ec688cb12ee8af9df8ed29d037a3300b9c78923
129 32 100 255 63 1 :d6fac84902c59421c3afc051ce2184fdc6a6beb5a5524a6996d4f2609f2864ce
130 32 100 255 64 1 :3c451a2253ddb1d7713d00d6c7c4d7bc21aa4bf2890841534e18625251c878f7
131 32 100 255 63 1 :51ed656f379fe62d523e4f5b3cad74947f25cec6a41175ef9ea87967a51fb5b0
132 32 100 255 63 1 :f2194f8455a7d56829a38bbea98171057305c023b8177f474af7276b37e2f6da
133 32 100 255 63 1 :07f82dc441e7a5819aa4721caaf87035995f4158bff0d8fdd42b127feaca44c3
134 32 100 255 63 1 :95592e168bf8ab2f49fab5a0bb7bb26039d3f39bb1c177adaed8284501a2d9d3
135 32 100 255 64 1 :415ed83ba0fa7d25d8bfd2ec281ed33cb387874dfe6ae32c00dd1ac0486f4ac1
136 32 100 255 63 1 :3ab3313fd31d662f35d607c4bb22cb360571f205dbe4eb289084120a211e9b8c
137 32 100 255 63 1 :51f008a3240e956ad94017bbd892b9fae69b33d00c40424d4e46a1c2fa5b5a92
138 32 100 255 63 1 :587ede5a08bef85035c928146189a69e48c07c0f68fe4648c42b07751ae876f7
139 32 100 255 63 1 :9f9f5706184bc4220dec0457d80815bf882ed7e1cb8a1f3b2824a69dd9f7365e
140 32 100 255 64 1 :8799c7eb90734afdd1dc99f3b98a8b3dbd52060ecdaadaee0c7c01301510c65e
141 32 100 255 64 1 :2756088bad86a9b8510b3d15707b024761046b5fdb18d402bb423c66462c0770
142 32 100 255 64 1 :dba88f2bac8a94c53228f0f29a047e7a71a865f9e3906d51fa6d825065c3f53f
143 32 100 255 64 1 :e27b86b9142287fef4051235efc2b2b5bf3e2ac2ed6063bbbe9d987088ca745f
144 32 100 255 64 1 :c9841aadfd462b7204509810e196d33d9ccc406f5763579badfd3b39b3405c4b
145 32 100 255 64 1 :dc8916fb9d5154ccabc977de51ccb248baa987f548c7f4e8a1afb9e6f9c7a110
146 32 100 255 63 1 :c308bfbee30bd07c336bfd1ba8a103155fa37f92b7438ff8b60b057f7a761265
147 32 100 255 63 1 :e2d1cdae94f4ca034cf9a612372c03a3eb6cca6468b1cf855be14600ac8aa376
148 32 100 255 63 1 :e18b45e122eb7df2a46086e7a52d3a55f701ae76d1e06bfa27770f242de03cf8
149 32 100 255 63 1 :ce064aeba960bfe493cac7058aa052f60fb2abaa0208376e9efaccb05361c7ba
150 32 100 255 63 1 :0610912f6d653d4b8d85146e69843cc2a1ed424a56b0f698194e1c57ae6d6a96
151 32 100 255 63 1 :6ee2503b4bfcf12692e3cdf07b7eb0c154c27db91528fbd66a2b28dd1400b335
152 32 100 255 64 1 :78fbbc0530bedf233c71cee172583868685bdfd7f463822ddb89ef0f1eba4443
153 32 100 255 63 1 :ad55db5446196c7cf32759b1712abef63f5237788feba5c866d35648dd9ac5b4
154 32 100 255 64 1 :5657cab964f03b8634fb70105a77af5c234cdb27d0a6a0959b115ac401fa8ac1
155 32 100 255 64 1 :15587dbc01b28ffd9aebcd0197daa03ae267e2d7bf8db43b2cc82388c76bfe56
156 32 100 255 63 1 :184f94e1b37da68aca604019da92950fcbf9a87826a28bd9dcbd3733618e3cf8
157 32 100 255 64 1 :a2675bccd049a83a31ada32462f8561d49bc6d6200970091e3292abf609c6c17
158 32 100 255 64 1 :bfd37ac41ab1f40941b05fd722e68094894f5b3dcf9ba691e3ff340551ed6dc8
159 32 100 255 63 1 :def7cc32963998536184a863438b2bb25d378ba04b7167ba6539b11d44be59ab
160 32 100 255 64 1 :69e48cf2946212a57d7577d24a4cff82be9b5c965c7115a8b75d2a2d39651f71
161 32 100 255 63 1 :d008973d7f169051067d5345d109cbdb3ded491d12e1f905b684230a40b8bc98
162 32 100 255 63 1 :84a96ee3d1cb4bccf195379f036413c38d237020d6378911a9a59fc4f0fa4719
163 32 100 255 64 1 :c518fef6c551c2d22cd3cb3c191614cbf76ead24f0892947cb5748a6bb3c0070
164 32 100 255 63 1 :d34ab65c796f3872d3e81d98b7fbb94f4759c48521081a676671cb39bd4d7ef3
165 32 100 255 64 1 :6957fee6cb08f07bc5b3544211bb27c38030a0073464c1916824d2b279c913b3
166 32 100 255 64 1 :fe8ef3ad99266cbf1a1e95bdb5968b648ce682e92efd7543be010a0686ff2e38
167 32 100 255 63 1 :53129068075a0c846390fa53eefcbab2b89c0e7573430ac270ce251ba3090494
168 32 100 255 64 1 :659250a3ec0afb6f1b6c6f5e33a3d03793ad326890410a5c5a1401fb42928d02
169 32 100 255 64 1 :ef12fda259d36723ba023f2e42e05c267e9bd970c6224bf4673ed5876a1d13e2
170 32 100 255 64 1 :a9df8dc18f5a2bfe74abc068022b23a6823f6a75c200e8edbbc046c4fd483da0
171 32 100 255 63 1 :87d2843a2f708a2d1fb55747f618d6d2ef829ed35ef4e0fcccc01d90bcabc824
172 32 100 255 64 1 :e2c40a480b6f55ff0029d7cb07b51b388faa9154f0a07ededbb9d96d2d2a46ac
173 32 100 255 64 1 :6d383935c8b239b371bc3bd67dc8f758acdac622a966ad355630ddace391821a
174 32 100 255 63 1 :fad7433a5476e880e7c3d4f66e4bc791500fbc8d0b4d61493fc2e50a4ddbcab8
175 32 100 255 64 1 :fc4f0f41bd5d61ab8998da3cb8c076ff07cb6bd985188375659722d32ae45210
176 32 100 255 63 1 :a1ca6776ca4369f93516dfc133db6e535da58c01135462fcf262c8b7555d296f
177 32 100 255 63 1 :e8ad714e7e1f9902eae8d0900d8ac9885f48b233e1e5f568fee79cdf8ae24aa9
178 32 100 255 63 1 :ef56b6c0d86436819aefe71c9762447d5b20f9e54b5d808e20345027f9ad7fc7
179 32 100 255 63 1 :e7c8adeb02a346ba6b64d347c4c076b1ac2965e24a80d44300607ac4f17f6152
180 32 100 255 63 1 :3edf71075e4ecb1e4dabe2c01d6b63a64f89803f7a35e4e9c4de4e9fea4d6736
181 32 100 255 63 1 :02a2cc1f5f0d11e49030835085057e50486508381209ec492052526d647127c9
182 32 100 255 64 1 :6080b677815bdcfc4c8cbf590bfcaf79d15091fd4242c1f86d09e6c0067886a1
183 32 100 255 64 1 :67b214d230539053f3fd92ef94ec6a82af233b56bd4d4bc95be8991cf923139b
184 32 100 255 64 1 :f0f10781bb538aed103789e0bad17e0397cf8697e881fcf93b55727dd1513688
185 32 100 255 64 1 :4397e88c86cb7c03208151f1a77c779fbec7c7e9be1ccd30fce7f8489344da10
186 32 100 255 64 1 :971b52edcfd5e244b9e97c605cadf591c4a76999747568b80a07c1ca1037725d
187 32 100 255 64 1 :98f4475ac942bd20eab49f23a50a88411e0f1e41047801cfb675190eaf1d27ce
188 32 100 255 63 1 :9291f653001a3f430e00d9c248e5583ae9f4e8b7ee59793bbb5a0789a3fd17a6
189 32 100 255 63 1 :fe4e37d4e150214bcff249d4a385f36b5ac42d258d5cdf951e3396e12bfdf657
190 32 100 255 64 1 :929fa5585d5aadf9a8c2e740eabaa35abe3027ef807de5e17ea47d98a0f828ee
191 32 100 255 64 1 :e618778321a6373a46b5d7f44be7e8c36f865f97bbd22cf84002cb4ecc791cd5
192 32 100 255 63 1 :5d894188d46b719aede5098a5aab3f3fafc178e4f420897e30add32d5b77103c
193 32 100 255 63 1 :ad14d16710d085600c3fe7cbec654695976618c657098368671404b10382c426
194 32 100 255 64 1 :150c46be5929902aa67891c9a94d3a09db86e4d9be9f5333c2947e5e1277ec3d
195 32 100 255 63 1 :fcc3913c9670a62676c358d024de77b80da45702015415493876409cf6207a7e
196 32 100 255 63 1 :23924f5a442c579ad9fddb86fbd46d05ce607ab2ecf8c179e874a89c1fb5cd2e
197 32 100 255 63 1 :4de6315082bb074371910c3c521a0a69f48038164be3cd7e8c17818aee489053
198 32 100 255 63 1 :b554d9abb8399fbe12f2097306cfe69a359e7a46d57566df3bafc5dd017a1c0e
199 32 100 255 63 1 :155260dd9ca88451f63e773b0c2ef780b9cbdce39f5ffe15adf441ee776eee33
200 32 100 255 64 1 :b6a0e16ea8c6fa35376cae4d05120f424ef5db4ef826c65e2c919b37d82b84ac
201 32 100 255 63 1 :862c2769fb89f1fb1feccadaebd7aa9f9bb9228ce18fe534188c0b8dd97f91cf
202 32 100 255 63 1 :d7cb6e5805d0d7a5e2a491ecb4fb52833560c785d6c973694f62ceb7d3c7faea
203 32 100 255 64 1 :ddd861f062f69a350a1e5b1ce75b1584a8e3d267a72c65029b16ca32e54a67b8
204 32 100 255 63 1 :4fe396805287ce7300140c51625e6c8c12363d3190a0d3b924354208390ea265
205 32 100 255 63 1 :ae87aca3b5c67e52cca6c8d6eaad29fabec7d0cde3f1928f2f19f4f0d8ea91a1
206 32 100 255 64 1 :0e037acf880d85fc8952efe2fa490c57a84ffed0e57c7c2bd28a553f6ae96519
207 32 100 255 64 1 :bbf999d12fb255761a1a5cfa016b676ae6794917717b43efb62e3092ca7ead41
208 32 100 255 63 1 :a066b6e13260f51d3c843a444b8ad0a13fff435ba862487fa90709169b236201
209 32 100 255 63 1 :05345845ddbea7a976945d9b817fca3986ba3af2109222b95b13b24790a51e84
210 32 100 255 64 1 :e2e467ff336d48e6b5c2580d30630d4e55364e58fb09fa804b56ada7d7e07307
211 32 100 255 63 1 :f07800c95ebd20a7414aace58c25dbfb6bdf3e182569a1456977123d1db9eed8
212 32 100 255 63 1 :31529cdea14df6953fc557cc388e23fe09f93a8def9cea7e9c421e3704d1e1e5
213 32 100 255 64 1 :a15fc0bb1ec7c781152f7275400191843344330ea2b8a616fccfab28ea74199f
214 32 100 255 64 1 :7ad223d339a4550d429c522228375143d50cc1329ffc8f6d1245b825a97d7c8d
215 32 100 255 63 1 :899aab8862bbe439c2c5f1c7b5735686e3e8b98378be6e80ebc850c89de868dc
216 32 100 255 64 1 :5e906dd6f32281b7cbc771f6f2081e7c7dd9ca8c853d277238ac633d1d198f04
217 32 100 255 64 1 :bbacdbe22ede7ae9b4c1dcf6a5f3bbd32d0593aa97259370e1813819e7dea1cf
218 32 100 255 63 1 :09443f2fc4d2746a98238c466454bbfe0219eeac8c5e903a149be76fc834cd31
219 32 100 255 64 1 :bbca49eb1f5d254354feec61f8844d34328aa1c3a3f92f0d63ec45fe8e529443
220 32 100 255 63 1 :e46cf9c7a38b0cc6b82bb5075b309252392d8cdb525be6d5e0586b5180a4c69c
221 32 100 255 63 1 :889eda8ef28d49b33e0837d49db0e14af45159fcd19828b698924cce7b31da6d
222 32 100 255 63 1 :d58b62a4e6d2ad8431a5bf197570650e6c5d954eb67de33b6c74cd83dfe3e221
223 32 100 255 64 1 :b26181c9c6cac965197c6fa91ddfa604ef8aaec18d5260f52f61cc7974e629ab
224 32 100 255 63 1 :548719a247953167b6516807fd20009ecdd57a4ab6c4e6d4e893e61dd7fa1979
225 32 100 255 63 1 :0f15de1e800044168bfbff55955ec7c7fadfca5920615dcc497ecee9972739d2
226 32 100 255 63 1 :cac13765499b279a8e021da0752254acd6242c80988cf2e99b5397a2d6703f46
227 32 100 255 64 1 :a10b23c7750e7712ef98dc047530da3fda8ff8d3c6e21824351bd17e7fcf7bd6
228 32 100 255 63 1 :ee9d416cea4876483b1c763ba70f7789b90b548b5ab61b20bece6a1131a6aa01
229 32 100 255 63 1 :d7ebd18726c13b0c77f59a333098f7f935a8a271258bddc98f63491740591cd2
230 32 100 255 63 1 :dd550c916ca2ed5dbb6dd98b750bfd839f76c5ba0be596f3ce8d513fbdca84d4
231 32 100 255 64 1 :ccf0b8638dab1926870400ef365e58e2a1c8c019d911e47c3900905b4bb315bb
232 32 100 255 64 1 :8e56f41b3088c4f9c50dbe2640e10963ab4241e5ad638dcf3b468477fb923bc7
233 32 100 255 64 1 :94cd0036e9d108aca809bd96be09e864cf779fa5fa9bae93e12662a7e3b74079
234 32 100 255 63 1 :6bc7b45f2b75617decd024830defc7a0ca955923d8c7a174bddbc8f0fa009fc3
235 32 100 255 64 1 :c673838db88bf3e8b855f93c98ff20ab633a430aec097c7ae3e5acc35f33c7bb
236 32 100 255 64 1 :f8bfc10b493d82c1db6dd6868be2ac636fa7d17ebc12542240e2958f7a0cbd33
237 32 100 255 64 1 :93e8f7ab9f320ddf752c24eb1284cfb1836e27d6fe547a03d8ed288104ccdac5
238 32 100 255 63 1 :f0ece4b49a428ea586813697644d74ecbf4ba9fd095c1ade0d738d40c8803ca6
239 32 100 255 63 1 :628a0cc5a090d79b014c728ef5bcf739df9aa47e331b173688ff4a24fbd58197
240 32 100 255 64 1 :6e59e15682528d4b73e498660e5109bee0ec15e6d7cff7d1594f8a7dc8104c81
241 32 100 255 64 1 :8ff396bc64ade2d59108b394f75bb945ea2376340328c310d307308b5d5371c7
242 32 100 255 64 1 :48a7c89f47dc5efebd7a056086da5797a76b25bda878889f194ab1485510f0ff
243 32 100 255 63 1 :504aa33ecfb654e2a9c864a2c22f0fe4affb70a32853b6c4d1793aeafbf18b2d
244 32 100 255 63 1 :c0136ad6c2aff832889cf27972add037183765af3858bc2a7d7626b6cc824ca0
245 32 100 255 64 1 :c597019c599c6e3e6e304e43f6619df932871ecc4d5f59c61fe560bc03cef263
246 32 100 255 64 1 :12d9e65f3198631e352eccd2eed974c61cdd7069036d09e534bf261ebb04104d
247 32 100 255 64 1 :2de1f6ffeddf850879bba9d488674b71e3c4cf722dc5b8294a27bef3000516df
248 32 100 255 64 1 :a79f0a12c7bd85da395882397edb107019631aae7de617055251a8fb5f5e0f14
249 32 100 255 63 1 :c060138d0eed9861669ae487021bd727108b414c4afe79681215b97f040473df
250 32 100 255 64 1 :5dc9a33d8c7ec493fdbe8d4c925f033d1bbb00526a5fde494e8a1305148de392
251 32 100 255 64 1 :c74270e512a5619d5afa20de1b112dcc6cbdb272731055c3cf23d7aa477983e8
252 32 100 255 63 1 :b13e522d6239a45c2a0f1c974852f8f3c81c77387f8a46a997e2d1cfce9553ae
253 32 100 255 64 1 :1bf6522e78df34b32cca04622a0de41825174014927959c5f9441f0a2a8280a1
254 32 100 255 63 1 :e2e08479cf8eeb98c54198a6b96315fe04698586eb6840464fa92351b222f597
255 32 100 255 63 1 :be5271eb0b308f59a8c49487b837792cc2394cef34d7c707236e20fc498bd301
256 32 100 255 64 1 :6e9ea25e5740d9088ab5f48064b9fff8bcc80112c8d7aeba82fa5afb80f66ac5
257 32 100 255 64 1 :94052b0388e4d5ea617b0f4ce212479f2b59807ea38c635b7639b01c22abf8e9
258 32 100 255 64 1 :e1507dcdc1a4d3d7626a84c16c81b3101381ef22b0949b406c453721052a5894
259 32 100 255 64 1 :9166d59ea606729628df4c5c059b64cdb29b39481d6703ffea4784e53bd2f77f
260 32 100 255 64 1 :31cf77861de1839467795d10095f8a77790df2c143582c6122958aba7947d568
261 32 100 255 64 1 :bbcf5fda0f84b0c421af0fb1bc11e926b5eb191b095dde1cb72887bf8b89db22
262 32 100 255 64 1 :9bd8768d1cc4365a630ba6ff67c113011d6ce0e666254ef0d4920ac054da0a33
263 32 100 255 64 1 :c02e3eeed44241e73be14e2e08bf38d7a0c9a3a1c407fd66bdf093ea522f977d
264 32 100 255 64 1 :fd3a29b7b460f4a7d8695a6e850a14094b1c992562ccba9aa155c084664f30bd
265 32 100 255 63 1 :9b3da8f079740d18beeac5a4eb5bcfb569e1ce547a04d787bce4c20065ed75b5
266 32 100 255 64 1 :29e7589175be120fd5ad29bef690984d3ec4ef81b7afd759069f59c1d2af1ec5
267 32 100 255 64 1 :fd9f2b4e7bd8471f80a933b974c39518412bb6001e679d39bdd613cbb40c2977
268 32 100 255 64 1 :2653a49bdc954d7dfa7228b35e0bea130b4f61018961a6d63988eca4eaabc23d
269 32 100 255 64 1 :902911a4b5ac29b0ca4e8cf892e8ad8966a51eb9cb21e1397dce8292b20ca79c
270 32 100 255 63 1 :503d47122a9c120f760aae0ac8113a417bab8c89f5cc17e1e4efb3031060c986
271 32 100 255 64 1 :7701fced5ac6a3409f6a2f22a3240a4fee4bc064bfb2631cd80fbd043592d4dd
272 32 100 255 64 1 :65910eae0c519cd84fa758ecfdc17c9f1fb484404bce34240f73b0d1d9b4cef3
273 32 100 255 63 1 :e8b427c4d472a8208ad10c2a4a83ca949bd55f6e0ce6ac2a00703e008e67a47e
274 32 100 255 63 1 :3785405a40f1315e7c79abd19c5bfc1fa84f8a5e0f8b465de1a481f7f78b2792
275 32 100 255 64 1 :b55ebdf2fa6ebed336b5f9dbde446b72238534265552b91a85a55951cc7aac81
276 32 100 255 63 1 :af38fd022cf37304e265c5edbeb35516d9a89cee3959d62a450329b728682287
277 32 100 255 64 1 :d71fc726e17b83041bef8df86ce5112aa2e1f7e6adc7e690dce68068b2092ec5
278 32 100 255 63 1 :abf92841f1b84c4f3a6abcc5b2182d35400c68811c2af50e1941d0b6773b3114
279 32 100 255 64 1 :18c772660c8d21c7da1aabab2d0e4665d6125c6f170b813c524d0e267dbc1f2a
280 32 100 255 63 1 :1896c6697658e52e36a527efafd9f5960579d98991cf908769271391923f4a56
281 32 100 255 63 1 :c57df21c75c89d21c0a567152a037dc29c2f6e62fc2d8d86179c985bc3865c41
282 32 100 255 63 1 :380436dc491e80c1d1e66dc6b296d177c9789db14cae99fc8daa08c911211422
283 32 100 255 63 1 :d52e1f3085ed109c76886d31fbfce85bf663782f15118a1633c7adc38da9bb13
284 32 100 255 63 1 :cbff3999b174fa3aaaae3f77833a82318840d2262033f3859f670ff1b9c7f57a
285 32 100 255 63 1 :48905525677a340962592d9407adb0d536b0fe3f70f681b8e657def73a9fd1ec
286 32 100 255 63 1 :3430ea3b0a23ccc082f81a195bcd65a7379239a9298e5a765cf31b7e30dc5b8e
287 32 100 255 63 1 :e48e7e84e6504348476d078e6aec448c0322e73c5b905a8811913252feff3ff5
288 32 100 255 64 1 :90eee5bc82cb185567b3b70c6844c1e229117afd701af46b09fa10238e95c972
289 32 100 255 63 1 :87650676eedc56ad2708d582355b59f920ff670372db88f950868e29782b170c
290 32 100 255 64 1 :6a9895199f8f659143ae6758868c8c0a2013f7fb9992eafcf07062b52306277f
291 32 100 255 63 1 :a9de678a4e171d0467ed1ed81aa3626a768aa454b2e2fcaf7673c764df30288f
292 32 100 255 63 1 :d7feb96bb6f8187511c2cc684f29378caf0cf5f6f0388f7e9de8a047a41337af
293 32 100 255 64 1 :8aa7c6b116a960d576322aba33ad3868ea33ab04c60d586836d7618d6a6539eb
294 32 100 255 63 1 :7fbe5e6a976891454b8f111eef13d9b7f4dfd840e49309952ba9680ed6286795
295 32 100 255 64 1 :febd769028b1a5c82dee4de72bf2b19c6e2623f95e253a73000543f37369f097
296 32 100 255 64 1 :6a53a9e0816e32b48be3242978b1c40ceb4ed62b8019e69de87c2791b1fbdbae
297 32 100 255 64 1 :cef4c8088e9fc7741a6de88b55024281b2154bce6f886abe5f356055b160bc6e
298 32 100 255 64 1 :b593725b48393889c537df8371a304548aca59d3d4c777dc2ec353c7b675a130
299 32 100 255 63 1 :50b3cc86d53fbb12c7022a8e4b16d3ea7f0e959b86e500e0b5f9f30d0a04da12
300 32 100 255 63 1 :43629eaba26739ad349db0e2da406fa5cdd3e7a3481eab563ea500f89730bf1b
