# in_len out_len m_cost t_cost time[ms] memory[kB]
1 32 0 17 69 1 :94a4935127037385a0743b3113b21db21e85e38e3a4f254cc715b49df64d494d
2 32 0 17 69 1 :71209fb6f5f24a77d018d0745fe20fb1b78800d64c287ed30f0842953ea11eda
3 32 0 17 69 1 :a11160b413cd9997799d5b9d513627407364ca88e8bd82315c3d698c35035749
4 32 0 17 69 1 :a3531820aa89a56029d5fafbb8512826ec4fc93caf53a52bf40d1a12fe755c46
5 32 0 17 69 1 :c358109b766511f869b08139d78fc1fa952353b8b26bc1767684e39ec29cb563
6 32 0 17 69 1 :638a6297077db5cf0c58be00c444ed41dbd9e141aa0ee2a494782816b3278ce1
7 32 0 17 69 1 :471bb657edca7501c19487c2027bf2adf1a82639294a18102e78504bbae38a55
8 32 0 17 69 1 :c26506d4a9b886a9f7c45092d7a94b91856cb2ba9b3c00ad4dcdb6fcedfd62c6
9 32 0 17 69 1 :17b5277f1330598f38620a4aa52bd1337eafc8e3d309bf474b4b7c1907fe3c04
10 32 0 17 69 1 :b175a5f5ce4f93d6e148c082eb7f4ce8e461bbf9ee3b378baffb41ed1ae138e7
11 32 0 17 69 1 :716536599224c6688878ab7cf1a0109f7e7b7165765e18a4e84385b1a87cda98
12 32 0 17 69 1 :30d353e0f957a73030d2779ea619b3f7f44468ea9eba759900f6c5e33cf99b62
13 32 0 17 69 1 :924d9d75aa5a48fa31ee31a49d8689c46062c50baf67594e5878af7b0ee7ad7e
14 32 0 17 69 1 :493da230888a1ab27ba0b3947be3c4347e5a002571c59c69f62705688edbb152
15 32 0 17 69 1 :0056c192a0e91f8d32cc8bbd5a49f6ad5f4b4f01589b4f381f26f8f3e861b3ff
16 32 0 17 69 1 :4955ddf78bcf6ef9024522d28ffda4c0ccf8e68f1b4040010452d83d93d04372
17 32 0 17 69 1 :ce70330a12872727a6be79676c235a25b80543dbc73eacb796ed7ea61f34dd9f
18 32 0 17 69 1 :fa5d94f42011a7d3a88e1f8797ceda5c93c8edb8447be1f33301558bcf074f4f
19 32 0 17 69 1 :1c841e5c513001bbac8a8c95009330a36c9e03f0acf227e8c6c06a4610a4176a
20 32 0 17 69 1 :dee6af8efe8a14983c7176afacc4222a24aa47ca1f912473aa066736e63ac3f6
21 32 0 17 69 1 :3ae94ced115f7236df918a2343ff37ec0b5e5eac0d0d16c67e67ce4af860e693
22 32 0 17 69 1 :d700bea9bbfc01a19d12add41caf73047ecc1ac46b9bec66cc32d0b8bb347f76
23 32 0 17 69 1 :0db0f66d7e06d4edb06d0dde6b9f2817b6e26e1995ed912839b8f5579b33966d
24 32 0 17 69 1 :67d85bd13fcd9befe2b95fb82bd89372ef8c1882d959f6a99e6e8c0c013a56ee
25 32 0 17 69 1 :596bcc355bc7c86ecb6d814a57f94193b236924df16fd38ca5409d23aca81ebb
26 32 0 17 69 1 :e9da22247d24e89490247a9e79f22756f30e140c17429c2367e97dc478acbf79
27 32 0 17 69 1 :03a74d7cb41e7a0c70ff511ce34a4ca603ca4f3264b4228e91bf93429655a725
28 32 0 17 69 1 :65dbfdd9a771ca587286455871a631ac4cb84fa2eec0d90bdb48282b730d484d
29 32 0 17 69 1 :dbdf63f9ffc1edd046ea3b8e978a6d29b24095a8cf11139e82578f0a38b38f14
30 32 0 17 69 1 :3263479aa0c5cd6aa261dae0fb2f91e56c43f393580bbe4017efe8b08ab7ccd5
31 32 0 17 69 1 :7f524939797839f5203ba25b59f543dff7ec761aab978ff85f491545ba6af0c9
32 32 0 17 69 1 :ba982263de006358a976ec903e7b455da9f0c3ce69cb80b1dda9bfb64a9a2525
33 32 0 17 69 1 :47e7ca789340ca8e6da2a53e837aea38933bd8efa7c46dc26ffc93a07c7494ff
34 32 0 17 69 1 :5922d1ce8e6ac081d7868b2d309923cb1fc2e61868d807f2f67b6e51e77beb05
35 32 0 17 69 1 :d9ea451c6fc7ce6a53e7d5359293819d532865560a3d264d55f161a730c62f55
36 32 0 17 69 1 :1862a0d1d1dcddd50afd0157fb24ed59f353817bc24dd847138a02681c8ce38d
37 32 0 17 69 1 :ff7f7a68fd88bafdfdfe1fdfa5602f44062591ce8d04dbf23d93719f1f51abb4
38 32 0 17 69 1 :2a811d6215270f0ce6404735bd2539ebf31780294b1fc21e387e605d201ce523
39 32 0 17 69 1 :fcfd3a53036badf79345dab16cb430cbdf4b116a91702ed2582db84c3b7f23cb
40 32 0 17 69 1 :87e7cde475767a6e737622ff78de5d5e2377d20edf42b87ea73e00e910622c2f
41 32 0 17 69 1 :72eaa453b1ef3a0f3f7c73bc2e3c84669597b0c69dcffcae000af33d09176b64
42 32 0 17 69 1 :ae0a4e9275f2c9005de25880b373cafda181b29ba141275175326a22f8f652da
43 32 0 17 69 1 :6c7553331a58b24885ccbea98972a0dcc5c6bf6eca7a8fd71059d17b498d097c
44 32 0 17 69 1 :3375c1af5cd4cc2f5daf3ea3c0df26e9dbf11c7769986e1273b394aaf58e3ddd
45 32 0 17 69 1 :58c603f085db04638338d7408ba37b5c98604124c156f312e59f0835c94f1de3
46 32 0 17 69 1 :dfd54b725e56f70848c22201f64213d70ca36c1cae8118e9ca34dd51143325f3
47 32 0 17 69 1 :9f97078cbac62f5a1a0900266d3e71ce12108c9bdb5d30177ff4bafb7fab2ddb
48 32 0 17 69 1 :7cd33a485019f74ec8238142433f139a0e417a8aa38d58102e8b23c267e3d48d
49 32 0 17 69 1 :cba0f777f6218aedff63cedbb83515231b35ffb4ab92832aae201b92d39da4f9
50 32 0 17 69 1 :ddad0a0543ecd2191b273137a19e11384a2e7daf8662c14299be1110f59eea56
51 32 0 17 69 1 :8b89d0068c57af8592889d39e457626d23dd7c7105069add71cceaf89c5427c5
52 32 0 17 69 1 :fbb29642469b69f04e5fec9501e89b7f7a55aa09e3fb9fcffb4ed7f8ef000dd9
53 32 0 17 69 1 :2675fbe887df908953756ad7aac7bfdbee7c950fba26c1c77ac7750929463880
54 32 0 17 69 1 :cc60071a7d3d4fd58879b9dc1c49dbd8429e87e8162a7396af3180d17f930770
55 32 0 17 69 1 :8b89df203748153d141ee5736991dbe2693e0258123e0f02ceb87dda7f7b0b42
56 32 0 17 69 1 :cf89f90902b991b0b3209baa2df070d668dbc771c96d34641e2115f65fc2301c
57 32 0 17 69 1 :5da952a73f2fa48760e88df2271bc0eba78c5facd0ffcdbac02c20d1ac8c286a
58 32 0 17 69 1 :77b8f4fc6a7cdec0c5de7ed99ea567d378e0a736ca035e0e321bf7640e064cc8
59 32 0 17 69 1 :81212d3dc8e437b5b6e68fbf62160b9e9312e7bfcd687e8ccac36669ea773672
60 32 0 17 69 1 :fad3e4df7769ef9538cd02ee4c5504ddab7b76e62bbff8587c892698d6230865
61 32 0 17 69 1 :a0aca61408f1b2cd0c71a82a9605d8373039e36bca1da2c4ebaa6b3a03c95e16
62 32 0 17 69 1 :79ba085a68d5ad6ffd28a98b8ba0ab54a9db78e745df5860eb8fdb121fea1581
63 32 0 17 69 1 :7f344ab24a3f900989a81e424677c5219cb82d0ee603a56dac0d1c1e56864465
64 32 0 17 69 1 :3b87a7b4f8922747712250ebd8445f5d7bb671bf61d9bcdba7ae6f18d0896d43
65 32 0 17 69 1 :9d0243a380fb6e17b830450248ce8f47e9e5cfd874898c7c66ace7c7f6a73915
66 32 0 17 69 1 :f6e83198a1ae45b0e04aa6f98140e044d331a8a66b2130b6d349b63b658da6ce
67 32 0 17 69 1 :98330f1f98a22bd9fc2cbdcd0f01aab1b4d13e6cec07591b33b90db8c9efa417
68 32 0 17 69 1 :bdacf14d8b5a13c68133401d9a41535d66ec54963c2ad44e02fcf0cbc125fe04
69 32 0 17 69 1 :b6312145b3c2ea7e8401877adb5d31ca678a4efd14cd53d47b600738e285c107
70 32 0 17 69 1 :c8de288c51495637984a15ccfbd2a3eb0242adb9967c0a78b2e725b80f024b24
71 32 0 17 69 1 :5cbcddbd58a200790b6ecfa467642a8ed7d508c6543f921565559d7aaff0a5cc
72 32 0 17 69 1 :217fe34166b4e8b7d87e26cf2c4e42079212c3de725e67a26bb4436099797bfe
73 32 0 17 69 1 :c96300ecad6c0738995bbd5485b0c8ec15d69b6e06f763d7e9418802dbb78f44
74 32 0 17 69 1 :05ca43c43c1e829c2febc6b267dbceff8fcd852c43c013773096ce6320108cec
75 32 0 17 69 1 :c63c7ce034fd7b2ea961e87ba21d1d0f186fc593fc39b75031bac821a286e44e
76 32 0 17 69 1 :824b0953b2e1a73dcb89557e9c6c029a176803bc76640f838c20841b79a9790a
77 32 0 17 69 1 :857c56692ac4b594a515f3d30d5716693da892abacb65834fd5870b6b4502131
78 32 0 17 69 1 :bb3434e821ef1510d850f3b2bad82e51aa975ec21d6795904f10fc85e0379e13
79 32 0 17 69 1 :647b0371c00f9d2f64a363a0f257b6fc90e624c306ede555cee56a953d3be00c
80 32 0 17 69 1 :6419198147f3cf3497b66303ede0304194619516cfb92c168a8d432b23684eda
81 32 0 17 69 1 :05283978cbe16f2056e6e1a24ceb3e8182ea51775277560fb07463fdbb182db9
82 32 0 17 69 1 :932ad4ace407be90c67da2d76b6a9d00023222c42516eb927f96a303e0833e17
83 32 0 17 69 1 :15ebd8d20a9e62b922aef413c227962a1ea3fffd58501b394c2fce5681812bee
84 32 0 17 69 1 :c5420e245265c977dad67adfb531d53bb07342309531d82395942aca3a3c276a
85 32 0 17 69 1 :1c1c07ab630bf8a78e675400db80330fb7e4de6c01842148bc1f48c82e3d5ae9
86 32 0 17 69 1 :7504483f5d883f16c823733c87d57448071a3fce158de083824e6889b55b6c59
87 32 0 17 69 1 :f8f1f91edac0e4683f1404f5a693395882a448397f964f5abdf392541449045f
88 32 0 17 69 1 :7e918feb7a6027459a1d8c60cfdd8ae27299b68468dbb99adcd315af6f986155
89 32 0 17 69 1 :4415c79967d188ca952e6980dc0cba21ece4c407b3b029899a9e3f2018b5cdbe
90 32 0 17 69 1 :3087e92df1926bfd703c9354245d56a061814fa01c7e277d092ec4c2d01b5473
91 32 0 17 69 1 :2682594527dca43f5891f6d4caae1066412dc519ee1fc48bc9d926744362e398
92 32 0 17 69 1 :b416ca78e836ec4d4584f38c39d8e1b5ce73659b5cd6eee3282bebd1cb6fb765
93 32 0 17 69 1 :37b8923924ab23574b2ad2bde11eb5a32f4e232fc27b1faeb8d19173f33b730d
94 32 0 17 69 1 :3f77b216e7bd2846f7adf3b575e5ed8e1143268ca2f72ef6ea53d507eaf6e247
95 32 0 17 69 1 :49a2343940cf09e96992c0ab86c21f732e515c3c0e3e2b693cedbb835f1fce50
96 32 0 17 69 1 :8c92dd755d455de97709c89214b7bb4c6a02042d3d55f481d26700492f6c3b36
97 32 0 17 69 1 :68caa91cd3f68bd0ecd01d6b8aeac63f579fe09ba22705000664a3c1c2c70b3d
98 32 0 17 69 1 :52741f13b9162c4ca65636558c78a03b2e4c37a3396f1c9af0d35ac6cee22356
99 32 0 17 69 1 :1d2a29dc452ee0e727ae3f7b173dc99a923a0fa858afbe383905fdceb2bf33a2
100 32 0 17 69 1 :817fa965b2bd03bee99ecdfd796edbe6409d1f9ed2c3a12bb9793ddbddcf1c04
101 32 0 17 69 1 :4cef6e91385d0f8bf18835cb9ef1d2eb1cc1b4490213eafb8ec2a8213ee52980
102 32 0 17 69 1 :fcf1826a2ce660f690081ff827c2e8a311d016ab46f444c3ec969897a11900b2
103 32 0 17 69 1 :7d883d7e85fc221773efcd4f944b6c22307d695093abbddaa973abef1997889d
104 32 0 17 69 1 :5eb9af3f684c1aa2fd52f0a3e667293ae2e4ec6a7f952830c1a720d2d247fec8
105 32 0 17 69 1 :8ecd50d8b616fa006ec9c710bce43a3dc164a7a00d7a1b8ffcb145b7beaaef02
106 32 0 17 69 1 :5ffdc99de2d4fb6d05814bf829adc2b581a3d13dff54e26bc0c5484ee5ba4669
107 32 0 17 69 1 :edab05eb4a6e49fe6b41b1e864043364aeac0a8a91fffad4fb6a7944b2a24770
108 32 0 17 69 1 :7a17349b38227c9bf18aaa863fa98e49baab3532423a60d3e273ef3f20583456
109 32 0 17 69 1 :364dda7f01db13b224581205c0c64ef8de9e285ded90ee13938a04d78b08eb78
110 32 0 17 69 1 :b067c3eaab7ecbf8418d1676220e03c34e14e2fab200b0a9457a7f9bbb1587fc
111 32 0 17 69 1 :125c842ddbc6a463de340c1a41e765ed972123b3a147b20ab3a8c768e6d61f43
112 32 0 17 69 1 :94aa6fbdbafdc543dc35b2e3ddfa8504d518cb36969f55b89944859fedfadf69
113 32 0 17 69 1 :38a32fd9bac0a6af41e9e1b48a42e3cbdab6acd5f1b3f4e104e72af750143602
114 32 0 17 69 1 :94371557a39131b5426987d1cb4e4cc7bba8a91450b61f341fb0743126b50e7e
115 32 0 17 69 1 :c7d202c20241c546d1e393d314e542c3f474c9cf4b95c281d34e230b1f2dd596
116 32 0 17 69 1 :20986fc463252a220081ab00691b7123c59acb58f355dcfd26b9a66c683c5dbd
117 32 0 17 69 1 :0d73ee4a8fae4f15eb5ed1ea20a0b0035c5dc27adfa88b7504e92d05df6688a3
118 32 0 17 69 1 :e2fdeb88ee664bc9619deb35833a1be526f3ae3494fda57e9fffad443286d853
119 32 0 17 69 1 :ca47f2e433023d1bc6a155eccff3858b530d12193a92f7b975b77609bb921dfd
120 32 0 17 69 1 :e4ea92281095b70db82bfa81c84f735a7ffe3557e4726d28e7105f459dc8dba5
121 32 0 17 69 1 :b0bf148e67c50ac05897c5c5886657da198edc9431d6b25598c879557e68d93d
122 32 0 17 69 1 :6d25b403e2c6a79b842b9993d8e892c6e526b08d1c0275f77926bd581c91e81d
123 32 0 17 69 1 :f00c7bc8895f7eb0f09dd147206e33d08109d62d6cf0aee180bdd9452193e57a
124 32 0 17 69 1 :dd93e3da1bea6a21bbff44baaa8c18f02624fb37504b155f170e51524a60cd61
125 32 0 17 69 1 :6268feffc4fb9ac15a27df61e57ff2d5db576fdc82624e12843ae2b5297ed9cd
126 32 0 17 69 1 :8b893754f853c0befa1d58dab8b46e585fb45c57d9b18a4f98ed10c29632e295
127 32 0 17 69 1 :8ac44b630a43ea487e219899fa0d9700f2f65cb23c62afaeea6aa99ced84701c
128 32 0 17 69 1 :abc894a4d24e34457235bb64d303b2ae94a570cf4f625c3015afcc5a6d4f1f46
129 32 0 17 69 1 :95b8e8fb31979654e9de2888c5d8ab7df09af8317571e3c3c091d5e658d2044a
130 32 0 17 69 1 :138ae76fc89909cead3bacaf6ea207d90fdb2248d2b96b9a3fab8bb21320195a
131 32 0 17 69 1 :546c525dbad8dcf61050a6d1fbfb2f2d531b311d4efd109747486468af62aa0f
132 32 0 17 69 1 :8fb9621593c5cb762423eb050f7853e713834aa0b8efbac8c736f3df7b33a31a
133 32 0 17 69 1 :b425d47c5104f7f4e357178d19a541d9a87ccda2c6827815c5f2e6dc01909c63
134 32 0 17 69 1 :7627c146e4b65c0a0642358736d2f720480afa232bdd3d1442fc42ea174db534
135 32 0 17 69 1 :0ff089f5ffede7964731653f9ef5fbfd99a5194133b260c941727dc9bf6fd7cd
136 32 0 17 69 1 :54e028c98fb0db8d00b21c9743cbceb97caa063f510b0868ccf2463c7d5a0cb3
137 32 0 17 69 1 :6833952deadc156af05ded85ca916491857dcef26389de54ca869d2a2e9c7f68
138 32 0 17 69 1 :f43fbf25eff447fe210cd028db88d479bf706019642d1f436dd203fcc0724faf
139 32 0 17 69 1 :3226e2e16b47a7ba9d0d64342f93baf63773d048d88eecbfe667b052d8b3b2e6
140 32 0 17 69 1 :d1119224f6c2501e55129bc25fd82b4f347436cb3fb4044bec2b198920a24c55
141 32 0 17 69 1 :9e8582e904b4015b2c60ec6a196054bbc74c33a4408f39bef0c4a60e7099c294
142 32 0 17 69 1 :977cb818c817ea1715d656628904b8e9c3a294150300c0acea9594198ff797cd
143 32 0 17 69 1 :0de11048d6de2bacd59bdaf0f91e2f862b52ff8a2ae91043129a3b693aad93ec
144 32 0 17 69 1 :173f5c3e41d84ba6e663bd4f5e9cff27e16395aed57530b2c23f1f0c74223ee0
145 32 0 17 69 1 :1802707d3910dcac47501033e513e3b3a41adca09ff482181cd963f4cc9fbe43
146 32 0 17 69 1 :80779ec8f1c56aca08359b0ac114497b06fe8cfadfbb05dd1bfed47eee08f400
147 32 0 17 69 1 :3a9ff49ef7fccc9a1674604d1e37bcdd40a8a435e22db4e2e05cfde6e8875ec2
148 32 0 17 69 1 :63ae2e8e2e72feb7292efb1323cbfd1da18e18643ae37c48a38db7f8cf15422e
149 32 0 17 69 1 :8a4c73264ed5f965e524c78206e9f53b6c264da8d5539c09356c3246577670c3
150 32 0 17 69 1 :c25aa0e0454457f427232892b346450ec0e5555e90f8ba1c3c63d9c0b70090d8
151 32 0 17 69 1 :2a997be6baa3a5c2326ebf74c791e6a6e578738f504f5a3ad9ef38da512e5cd6
152 32 0 17 69 1 :3a6fecd620fad7a5e019ad62a213abfa2b1203299cc541f078b09256ba4c791d
153 32 0 17 69 1 :60c2059d7d7fa6a8b2a1a166fa9be48bda15497739e5e45a30c9dfb127509dab
154 32 0 17 69 1 :60d26b6c1c69a993ebdabd0c542cd0b5d32ccaae7226a4ce219be4532bb454e5
155 32 0 17 69 1 :bdcc900e5d89512b4d4dcf773e9f73e8edb2dd782c4748a73b6b244b3ef104d1
156 32 0 17 69 1 :16c80e85dac2951a895a6d795486ee781d0aec0d11546e2ffc1aa79dabc48c73
157 32 0 17 69 1 :3cbdba06f73ec8b4f4a1c40e2c5fb81af2f912b19d410d48fbae829dd11897c9
158 32 0 17 69 1 :d25854224a4dd5e4cc12f9beeee9f21877ef8759b06a9b82791a5eb74fde0036
159 32 0 17 69 1 :31bb80ab972bac0a6703c01179ca47653deaf65ac01f4fb69eefce898fac9a15
160 32 0 17 69 1 :01dcad934bbdfe9c045ca0113ef0fa40a00f4a6236ebb398aecb1df1c33ce8d2
161 32 0 17 69 1 :9727751782dd98988b80a8ac6ae689869857bee05b37a1836bc85abf0a1a1b77
162 32 0 17 69 1 :23388abea4fc3b811d6d5837e7e6f22f071f580b32dd5c0351d77d99f3ae1ade
163 32 0 17 69 1 :2bd84e8767dbc8c054c9348df62ccad78889b4f0ccb4f1fe58dbcb8ea4830042
164 32 0 17 69 1 :321d539ddc550ecd943738874113f8c7ee91c5a1f35104747dc21785a9e80ed5
165 32 0 17 69 1 :be50b0101e13a0fedabd9302ac830801ac64b9d0ce5b5e7881e6126a4451f393
166 32 0 17 69 1 :8a19af3bf3563f607feb4540047d723a18ffdb38716484b6b332e79787cd1f3b
167 32 0 17 69 1 :7e9c5495c8ace4bb7d7d32cc30d19d56446652d24c61cb3d7559bffcb269277a
168 32 0 17 69 1 :95082f87a573626a0fbd02adbfecd198f28bc1d9afa95972df8e0758f104bb3b
169 32 0 17 69 1 :f17a5b71a41735992e75810dd2f1e4d59483f9df83a75149de09500732cf8b09
170 32 0 17 69 1 :135aab13b516098b30a3c60eefe554b38ac3ff023164bc873b5e2ede7e8cbc9f
171 32 0 17 69 1 :a5bfb923666e263711e8dba86bccc345f4d12da490dbf0f3da64d25bd6fbdc31
172 32 0 17 69 1 :760b6fff9be8fa375e1d54ae4d20a3f01c462960194e30a65e60fb1053e307ac
173 32 0 17 69 1 :035a9091d956236ee9b4aec6dc16ef13e3f101e0fa1b7a83e40a3c2343d4377f
174 32 0 17 69 1 :3a5c7613c03fefdbb648216984e8072dea5781504b3366d93ed58bc424ac6c48
175 32 0 17 69 1 :0dfc38d87ee4e45d6ca84ac4135f9f0d7b77ea78f7185ad3bdebe827e8454afc
176 32 0 17 69 1 :4befb8d15934209c557097f40672d4734c4898add6365317c1075af26c15bac3
177 32 0 17 69 1 :169adb5b71fb61eb1d83079dcc6f73fd53cfbc62d41e02a9f2e441a6db295e34
178 32 0 17 69 1 :c3d69f1bfcc2e5bed6386ee43bc548433efe04a4cd518a4b226ccbb919f139d7
179 32 0 17 69 1 :113cf76184af1184a7e7c4a91c8ef8533acff224f2d918c73b302599607ad7ae
180 32 0 17 69 1 :dde473dca2679e7e2f64b446a87d46b905479ba1c29a94b8fa62446efc6bff38
181 32 0 17 69 1 :419ae4a16653c5a0fe9e521848522536db5f79b107da109a07631ad682a58178
182 32 0 17 69 1 :b158886402ab8c4a5c61ed883b870efb064bcca17cfd7b48ef8a4e69d640513d
183 32 0 17 69 1 :11fb031e55e4973823ed24d3c003fbe9d0d74dc78c8b1d9df649f9019f412e68
184 32 0 17 69 1 :56cc12f5ba9097942c1c30991f4c00d83ec8ad062051e8d6825c0068f5847745
185 32 0 17 69 1 :b25f23fe5b97ebb82549502b435ace3f2980dbb2230b9415da4a4a99573b2d74
186 32 0 17 69 1 :49fa4e39e7577b6548c3e95ad1371cdcb9427c138b5bc80f043f6d5abbf217f2
187 32 0 17 69 1 :1b23de4612d127fd7d86b0bc4adf8ad895e75576358e222b0326c986ffd88f88
188 32 0 17 69 1 :4753da98aa737582f4c2dec92f5743ecfb37c60750daf6bcb2a2fdb2fae06cae
189 32 0 17 69 1 :3b57fcf724c7770fffb3cb00f62d5c4fb0bbe9dae48b9fc453a014d66da31e49
190 32 0 17 69 1 :edee49f6cf72b2b1b866480e2ecaf9c8e8e9c963c3b897240b7c7225d3371e35
191 32 0 17 69 1 :9f415a16a2c2d74b5e3e51ce6581e9d7cc591168f54d327c0ea54b9e6a363aab
192 32 0 17 69 1 :511ff6cc6bbb168273f354def67f1b55b3035542c61d8d5719757f7b705e062a
193 32 0 17 69 1 :aa42c562ec9d7678c12dde4ee1068126e7496ab7f88425e2cbe9e5d660f4ee6e
194 32 0 17 69 1 :737d8b45793ac48d1118deb3f0e7712ea4d65d9cc05c872f6869e861e87bf4f4
195 32 0 17 69 1 :ca16e6ccce863f1a2f241003facab48a551b534e12dc7c47c772916b7506e998
196 32 0 17 69 1 :b4408cb885cc85f5b6c58b50dde0047c7c068f2211306c76d9a2e0fcedf6def1
197 32 0 17 69 1 :db76d56e8759551c3af8579d1331157d79726938bda5dbd62d050aa6db8f840a
198 32 0 17 69 1 :cc9253fb9939add49a1a5e72f990ee0be18f7e0fa5526201087fffea439610c6
199 32 0 17 69 1 :16e2ea1311d74723c1645917e356bec96d476fe8424c0ed9bef463ef15635dd8
200 32 0 17 69 1 :5e2f6fb033b8da43c8e1320dbe8cd20c35b9e09110803523c59e3fbedb5d0fa0
201 32 0 17 69 1 :dcd275c7514fdc95ea2ed7c8c60d6e72fee2f4bb710c91a328f319e937d14d37
202 32 0 17 69 1 :450daca2f5db6eaa837607a6f5f244b0ada3ccfb72fc6b2f0c541918087f397b
203 32 0 17 69 1 :6f94164215db7dbf4115f82943e232b6d03b9ce94042e69809bc88940abfe79f
204 32 0 17 69 1 :88810b86020ac721387050c73dd60f8191c1b278f717b501a45a9448ecc62541
205 32 0 17 69 1 :bd310804dae14e001a4d502d90fa0f5a1fc2b9cec2a7e804e79aa11842e9e72f
206 32 0 17 69 1 :78836e6fbe3feb320da730b35ccdf85137567c3df616eb9bb7f37f7473da4371
207 32 0 17 69 1 :14aef9c0f0221986327992adb560499d10bb480c11bcec27f8754816b0e701a6
208 32 0 17 69 1 :8d69b25811274e3680cebf763bc88a6f3df0afe09f9a2463eced2a7bb1378547
209 32 0 17 69 1 :d66ee3ea814c9f4a8c98b3404b190aaeb38c50728d3061daa3d377551411317c
210 32 0 17 69 1 :9ecdf22acd0ae30875e0b60b8aa693f5411fa9ea65239c57975b97e00cccba15
211 32 0 17 69 1 :ff03334745271a6872f3e28f4e485c253ff23728a1b4219baf4ca0725cd08338
212 32 0 17 69 1 :005bc1e1ab2c6ec0b38a508ad4e5218e5d7c3cbb87fdafb13165aec10d1893f1
213 32 0 17 69 1 :93facadc6719cc1828c4405da823952cc635a7c6c3c469da9edb44fb1ae8093c
214 32 0 17 69 1 :5ff822cc32769e001b97d710d520e03a5caf50a96458ea16cb9d03da661b0e66
215 32 0 17 69 1 :264c6edecaa3bced3f9a8c2e35a8955c4906f19078811a57fbeca6f14a1d3b55
216 32 0 17 69 1 :474af72e2361b4381b7b82ebfda88c94eab8cc5e805440a99c95202852113218
217 32 0 17 69 1 :14accd5a93e3259b76d758016773d4939590dd6b411e892482858c2ee45af2e0
218 32 0 17 69 1 :d87de1e2ac96c565103a0ae95cfaa40172801909093136cdd78c18194c8af7cd
219 32 0 17 69 1 :69b4770efcddb0b5ff871925ef003a94c374b5d41ecaf846f8346001cc27c99b
220 32 0 17 69 1 :59b00b81c6fc412b1915bce02df71c1e4d46a69427e09797c2c4510492bbdda1
221 32 0 17 69 1 :0dbce6aa7327c04593d2d281c84892e7e28b73893e7b50f2f3b400c369ae3b60
222 32 0 17 69 1 :acee6e9d1cf10abf446d3749296985afbc6f5237af160ac5c7318aab47929e86
223 32 0 17 69 1 :e93332cf5541e0b8938a28336b094b913485033e8c40080b7a4bcff3e8849327
224 32 0 17 69 1 :20665cbd20fd599ee20ac1519c30b7d3f8bd08ea3ebe51144bc8914658584529
225 32 0 17 69 1 :256b3b7623bdf7904f9e3fc87829058a0cb1f25d8d600ee689ef7fffaf5439d2
226 32 0 17 69 1 :8669745af96e0676b0ea4e8ff32bfafd3aa2e028c545338c628b6438532a7501
227 32 0 17 69 1 :a41ade0479d0f4293089f76f88414f365c5053d6f08e5bd29432c3e644260f5d
228 32 0 17 69 1 :92abf1c4b558e7fcc20a17769950ce5264ccbf060b6d120707fb209abab5dd02
229 32 0 17 69 1 :2c3b07424ed3107adbc353366a7700d3106300c72334c377ed6dc08bca864c11
230 32 0 17 69 1 :bd7411cc630fd74fb95dfa9e7990d3d3d3ad854850b4975a005319e33cef5771
231 32 0 17 69 1 :8e4d8d1c5660c987cd7047a53ada2fa7402028bab2d4661f22c714a7c36f33e7
232 32 0 17 69 1 :0e4889b2e9654d4a9de8c9f852313561e68dbc2fb18633229846e12fe0eb5737
233 32 0 17 69 1 :3e3bee213b9f525c79a9f47136cf0e295d796c35aeafb6b0f80b6b3e48164e61
234 32 0 17 69 1 :187b2f01dc49113887dc13825cfe448119c28cef3b0f1aded4508d9458465d64
235 32 0 17 69 1 :4d35bb90a8e84efad2038603dd2cd762818ded4cc9eb9a1bee17192852b29158
236 32 0 17 69 1 :82ea13cdbd571d3b19db5e0a2abbc89489208e7433a36c42d5df7457d36361ea
237 32 0 17 69 1 :ff3d405f4b6c550eaf14c817936050df27c9b79294b3a4097eec8c707e62d7f4
238 32 0 17 69 1 :e0294edfbcde5d077fb5d11dca323c88244a6de8bd753c062a8595f4dd5825a4
239 32 0 17 69 1 :3a661949e967b9387539d92049980588cada092d65cb6493276032f721f03304
240 32 0 17 69 1 :50b169f39500158749ba294d18d94506feea1bac2298f4594dd62384e7be6a23
241 32 0 17 69 1 :4529e61808f94b1c9e06ea76aad77e4a8a5ad78e748a45c5a2c154657d82b611
242 32 0 17 69 1 :70077e67796a4f872d33af80770fdec32c333a7cd5f8638d922552c41a4541e4
243 32 0 17 69 1 :efddd5336bed24c18a338b3c4874f7f6f8c68b2f3c30b0cdd12f8a53ac172899
244 32 0 17 69 1 :71f6ec1997f9dbd2bf605272e284e6b580c28b17bdfbfa481316b73765471b18
245 32 0 17 69 1 :a6619425f38d149acf03dcfc298da895333caa3e148ebd8947a9560c9c5cc625
246 32 0 17 69 1 :9f49199b1757808ca6e3ccaa9f4a725a1f580beb5931333ca4bde8ed92ab9d30
247 32 0 17 69 1 :50f0c6b68943e06323121d6ec426f902eed00e84f1c44d1abc62dc8a21233020
248 32 0 17 69 1 :fa00d202c8fa5a06d8ddd4054d6ca61d33b9620308468edf573e7991c5b37bcd
249 32 0 17 69 1 :2ff62c8ad22b8576f148164cf00927584353921f1ab297f9ecab1f7f24449c43
250 32 0 17 69 1 :c2640b3a93c6970eb936a4d23aa4fb38d8d164628db0b351cf94bee3f1b2eac7
251 32 0 17 69 1 :8249209d432720e4cb6c6cec66337fbdedf04f983f4a01d43917f8ecf7a4b7f2
252 32 0 17 69 1 :5b0584351cc36116d0274d30d58d91c88e2ef73bc4f0453a6f4faa6b44daee4f
253 32 0 17 69 1 :5fd743765710da547e249930ae4d0eb1b70454b78a5e9a1473e9a9f27c7361a5
254 32 0 17 69 1 :40955853e844ebd4b3bc8208db968c8bdc9d01f12aa64441bc42378a5a201295
255 32 0 17 69 1 :6e975456bd24f1277c58d1377124c727314d1b6f7eda963fd12f29db7c1c615c
256 32 0 17 69 1 :aa9eeab3a5225b88bb03226903941af3fbaeae92af32dc283024fef2b339fc13
257 32 0 17 69 1 :763e715d801091a2e43e6bd3b7b7c26884c98784bfea475f3c980400f4ba13ae
258 32 0 17 69 1 :799d4306f83acff77dcbd38106d6244f8ad16237f6099974d9fdab5fa61d6aeb
259 32 0 17 69 1 :373088abe65be38b21b27c7c9529de41d132b65d6e03b4ff7f0fd93931056b4a
260 32 0 17 69 1 :b3ecea0557a0fc500f4d7263005a1658576c975463669b8fc256084ecc0c4388
261 32 0 17 69 1 :24cbfd09b9e845bbcf82f74c1f5f3d021a737fdb85acf85df36ffbb87e740522
262 32 0 17 69 1 :26fc8a2e33bfae1407809760eaa9bbbf40644dbf4b8fcf433bd6f9dfb147384b
263 32 0 17 69 1 :5a98abe84b6be74f720cc66635fdead41959e54165e7f654ed7778fc6b1a2cf5
264 32 0 17 69 1 :d9fe67983380415099a85e82890d65b8977a0338536476f16e2a91ba0361c6c9
265 32 0 17 69 1 :35f661618a7c7afdc5f242b4321ab8a17fa384a066a21a7675d06ef67c0e12d4
266 32 0 17 69 1 :da94127a2421b0d14b6af0c9c2ddee16438f38d1b41d7e455b8a9c3094b0179c
267 32 0 17 69 1 :56b7ff02ec14bb744d61148fb6dc6d59cfcd6a4b9012f6959e151a77dc139db6
268 32 0 17 69 1 :96c3c169651a25a7ac8c0aeeebb34b3cd11b968178b9c3f73185395389f8d018
269 32 0 17 69 1 :3602045a0c38c323f973461c8b53461dd7dd67eda3e6dfb4e9eae258329989a8
270 32 0 17 69 1 :d9af4d5948b36a4a2791ed99a78cf4008036cd7ab4be6cbbec726daa2b04008e
271 32 0 17 69 1 :8ef00390757bca8ae3e8b182759ae238d297e1f763a60e428aed2d983efb8041
272 32 0 17 69 1 :ea21e2bdd4d9cad818cfe0d997957e4d0a4289322c9e3f1d2c75bd42aab42c53
273 32 0 17 69 1 :a4f567d4814d1818c1426322e56318dcc0eaba0ab2aab33f598899f7bfe245de
274 32 0 17 69 1 :b0cc5160091e2f02806c6bd5d6c42472601f5bea5f6289ae567ce36f173488ed
275 32 0 17 69 1 :299c7f67fda8e18cc742e01ea0e26dcb60e736e37c5a87228013de068200e03e
276 32 0 17 69 1 :83b7a01c8039f17a16a7dfad6f1d7d2d19717190c2d6a3a3d79648ca74336b2c
277 32 0 17 69 1 :a2cffbb4193e87c8aa3612b1d60be1eff9c6c8a9cf0df40362988bb42d815c78
278 32 0 17 69 1 :cd13171933d9ccff2bdd5bda0d3ca8eea71ae4343510d7c0ca5bb4c1e6966492
279 32 0 17 69 1 :17d7778114bb623ff7a5756b2733a6788b3e416086e10c8afbcce639b459a2f1
280 32 0 17 69 1 :89b5bcbcd65a7a2d189351748ba0efcf0d6754bc7f7865e5be37dba06fdda332
281 32 0 17 69 1 :fdb18ef255ea5f56bb2a0b5880e40e5f0677e2c41aa21f26c9667fd9141f51eb
282 32 0 17 69 1 :5de3c05232949d9401621128d5b9f5cdd0a7d0786cc29c7707b59cd38443412b
283 32 0 17 69 1 :af8fb7ef556af55a057efcf34ff9996372f302c53f8f848c200ae979ace9630d
284 32 0 17 69 1 :210cfd5be11f64c5d1a3ead04b0522122909712a6af0dff50a2aa871e29b6938
285 32 0 17 69 1 :e0f7c320049e45c6172d9dae9a8ec771daec5c332649ff6944c1d3b335cf4fdf
286 32 0 17 69 1 :2ee0e15dd86725d2f70456c8ee9d07db8e1d170ebe305ce8e3331b62e1339dcd
287 32 0 17 69 1 :daaccefeb22bad498251d3b9bcff7ef893167c34cb7eeddf984542add0a2f165
288 32 0 17 69 1 :ae97dd871e757a9c2ab27d1f0220ae5e1cdf2acc2094ade7539fbf9c03c5a165
289 32 0 17 69 1 :e7a3bcf2ffd3678ecf2f782820a374682a1d2864c5feb105af35fcafa5682a81
290 32 0 17 69 1 :96cf8ef5ec7a6d0a18e2fa9a7e4f947dce6508af528692d0606b70abcda4652d
291 32 0 17 69 1 :bc0f422c3a1346415c0a0f821c16461738de09b1788d1a1c13710d3007d216d1
292 32 0 17 69 1 :f3d7de90edcae0e7bce59fb42a563f517e8debb054637791192467024928b653
293 32 0 17 69 1 :c3f929bbcdca117350883b427e4a811627745760ebf43f231393bf4bc0ded38d
294 32 0 17 69 1 :8ab2b4b0689a1d8619fa558cdc9a68d18c796ca17997f1b3aea70260ff795a91
295 32 0 17 69 1 :28cf4c63a8c172af906e0a5e482751d6255bce55008d8aca8d573cf8f1f9f30a
296 32 0 17 69 1 :4fac4ad4448d303527c86fa40d1564831c416eb8b757ff7fa37b6d98591f91fd
297 32 0 17 69 1 :aef08fcccb2562beccc320a2b74b517ae8c85667a10d54d877c29e519b543314
298 32 0 17 69 1 :f60be0553ca529f4f2eee9904291f05068e46b9b7690628bb0ed6b589b9e5558
299 32 0 17 69 1 :ad283b273dfc1d147188a96d02d6855150061d04a536545ff249c6ad34973605
300 32 0 17 69 1 :87466408c571c4e00dc4af4ae5974542776ed6f78e3f37f6f4d8548aa2f46a94
