# in_len out_len m_cost t_cost time[ms] memory[kB]
1 32 14 100 288 1344 :f088a94929c911058a1b1d1e79ad3ff873bbed3213097a3bbbcab5a93ed543ee
2 32 14 100 288 1344 :6047732d28632d2e1da12d1353b4bc6ea979fdc94b6d87864dc244e2ec6dd8c6
3 32 14 100 288 1344 :bfe947c5d78f80e8fa0138440efe08f9aea1a38f3f9f57eedf0a8cdf87771721
4 32 14 100 288 1344 :ea4a836e73dbee4f7330cfc226e45e7cc7183bee3687f0110024a8ae4cf4bc39
5 32 14 100 288 1344 :346c3222a8d6f565cf5730c8318bc7d5709e8164b04fe065cdbc0c5f76e6cb12
6 32 14 100 288 1344 :0b9919229b3215834e7db02b5e2920f1e3f0a70c3af1c997cb07824162c03bd2
7 32 14 100 288 1344 :c3918d01b91cc0302d59b9234379e7a7ebc5e325bbf2c20e3982f23f104508e0
8 32 14 100 288 1344 :5bfd5edf66f7a3b92261018550e292ece093bddba975f3dfa4485cb8b2b7817a
9 32 14 100 288 1344 :bc8296bda91551167e4592d194c7888f05e2d4e188ab5ad4f32d92ba237a273c
10 32 14 100 288 1344 :d23f9739ecc5032ef4a66dc4e1f033e35697361ff8d43664b9eab1b5048baa79
11 32 14 100 288 1344 :ef4206fdc5d253e278afc28b8c5d2a090efe8a837d0d88fcac4d7137f39067d2
12 32 14 100 287 1344 :1a05f0880dccdd49c8dddadd6d630f3de99307f0febb275a7a24a7744f23a853
13 32 14 100 288 1344 :ebd9a6f8d1c7b92757b7d73ad24ea283235d55bbd3cfd22c9dcb0adfe8baf7ec
14 32 14 100 288 1344 :05da24d8bd5e6d066418320301546826cfa1724d2ae9c25a7e21019747606d75
15 32 14 100 288 1344 :5514801f08d922abc2fbf8fee139a1823dd8a9be46057bcf0f5616be6d75c5c6
16 32 14 100 288 1344 :09278b0207ba398d3e2f6cb26007af1dfaf9f0b90959d909ebf1bc8ae4a6e5b3
17 32 14 100 288 1344 :b564ed48a9c38f8d6be0d1888c49c3a7734b052286391c540aa95add06d2f803
18 32 14 100 288 1344 :091ea7d4d699bb23eb14531159922de2b5af371e526b4a2cc8476dceb702ea15
19 32 14 100 288 1344 :aa03e6ad5f65df16f358119d8f60a70d1490e9545c47e0484861d2cb1636b0aa
20 32 14 100 288 1344 :055904f6e2fbc96439ccf632a6c9104ebf0c4f55fbfbd18af4a2020227cfcb64
21 32 14 100 288 1344 :3e5ffa517898f7413c4116f106e56f458a566ba32da30dcfe7bf76bed89eadc0
22 32 14 100 288 1344 :f9f2f2ede24854369f48c4303b7b618365d54c03be1c85914eba079ac9098353
23 32 14 100 288 1344 :9d374e40617887f21a508f8efa428cb6bba928d6ded5d395e5956360c2bb20ae
24 32 14 100 288 1344 :82efdcb67491305096c8fe29089eb9575dfd7b1300171357dff6f123478c144a
25 32 14 100 288 1344 :01b8b2df51beee18134c1f77258dd56aed3b8f9325b87c58630d9ee018a3a4fb
26 32 14 100 288 1344 :f8158c84df61186ae9b590f477fc378ecb704fa4ce98a85258ba48f24dec0101
27 32 14 100 288 1344 :59a071e3d766f45dcafe6902c2979a43c83db61f51efdf65beea9c5c4fa59c98
28 32 14 100 288 1344 :d108be8c2a8b0833a6cb476ce8ea9a805133317eda1c970ed1c17ae06f0c38d2
29 32 14 100 288 1344 :25f91806770eb6970b7e5e6c5a17ad6c7238a03e46d3eb4979673aec2a9d131f
30 32 14 100 288 1344 :bbe65a19897871e1c572e687a4486cd9ccbd8452a3ebc961871144adbe10186b
31 32 14 100 288 1344 :91337ec566baaec38efb254e409d6c0cee35d0839f4a6401ace80fc579c895f2
32 32 14 100 288 1344 :86e890bfc78065ace1530e0d5baf06a8605b23e338f04c584f960b22165b11eb
33 32 14 100 288 1344 :6ae247d1540396a757198c0c193f380a8f4f303132c7d808e6c7baf190b30a85
34 32 14 100 288 1344 :2e9bf001276700155cf7e87005367ed6a84b930fae7d4b5dc63001b1da58e481
35 32 14 100 288 1344 :3e15cec0b82b2af6573f6dc5fd04109c1c1fe71b7872917634f97a0c0378c8a2
36 32 14 100 288 1344 :ac02efdbd5e2af24082bd3b498967321525aa16eb1b81d1eba830f597305c5de
37 32 14 100 288 1344 :a920615ab872bfc13ff0a6c8b0e182b9d7aa67fa8a2e7a8716590312d8c832d7
38 32 14 100 288 1344 :60e608862ee5f3410ba37a25dc6816b3647a576289a451945d85a3daaea6d593
39 32 14 100 288 1344 :3760635e28bf6905d75a5fe1688b5aeaa59f5fae0999ec2032ea66e6b027bb32
40 32 14 100 288 1344 :845b3c71077c420a4d188713ca76c3b3229ba817ab7306df04f22b65927fe9d1
41 32 14 100 288 1344 :8ea2f5418ac7dcada84f1ca1661d0f5e951c536d0793d44aa0ec3f8741b345f6
42 32 14 100 288 1344 :d8875b852668f694d1a788d6f6d99309d95b16099baaff92f9b3d69e775cb8d7
43 32 14 100 288 1344 :78186dd5bd93113c7dbdfe70f1a5ac5b260d41d7d21762bc8bafc633c99e4672
44 32 14 100 288 1344 :49adee11a777a796097b2ebabba5846520f81f2d1194be937afff4a0792c909a
45 32 14 100 288 1344 :114b09ace2bd06dc1082629da1d9b2cb5f86ee6edc38d0c39ec5ad6fccb4fd17
46 32 14 100 288 1344 :fbca53b4952700650853b97cc98fae5c14f06c07d55184e6979e62e87fe1f3ab
47 32 14 100 288 1344 :8278e8ffe7b9ca12a73fc4d9a43f19dc2aa2f6773bac8976f99be6316ce59026
48 32 14 100 288 1344 :6b8842d11592c0ac916d1c409563f0fcfa564560b3cc5126d6937cba1eaf9a41
49 32 14 100 288 1344 :36bd943e5d39b197a5fb719e611bbe77a42e1430287d695eb1b30e4f4576c914
50 32 14 100 288 1344 :3128ea3f1a343732ce0cff4e622ea98d4836c37edfa262cbd5abc848e83ebe2e
51 32 14 100 288 1344 :44bf0a6ea09f40fec8a369931d05e252d957d4688e35a44a1f3dbfb78eedbd9f
52 32 14 100 288 1344 :4c4b8739bd68b2d66f76df4ca793c73e864971fc79be710c9c63743e0ad755ea
53 32 14 100 288 1344 :aaa28ea9ac9063d0ab5d2a4cae0b6f10eaedafc07c3f9b79c72b63039d243e42
54 32 14 100 288 1344 :0eca85558053f64214fb8ce6245e756f2c4475b737b536d45602a2f2dc94664b
55 32 14 100 288 1344 :def0605182f4cc7bfb0330b88c3b3ed9dcf0a280cdc00d4682c0bae2374b6a7a
56 32 14 100 288 1344 :604027d8db42fa9e731d3af41b9c70e8c1216c1a0934212b30ac82736ca736b2
57 32 14 100 288 1344 :c22f19a65da3f1ce964519077669572896c9dd519e7602eaa0cd0688c3dd7090
58 32 14 100 288 1344 :a7c49d98577b718f8d3bbb5bec0b9dc7c1b167a233adc20bf9547de9d88a36b0
59 32 14 100 288 1344 :a87e38f7ceaf0259d3493632d9250a0dd13f9ab4924a86eb77e7135cc89980eb
60 32 14 100 288 1344 :67da5272cbfd0406af9e9b437ad0939c9366e48dbee4065fa6cdfd9c4f0caff5
61 32 14 100 288 1344 :5b78e3b0ebf48fd926d36cde298cc2e12d263a94d3ed9a258ebc6256a222321f
62 32 14 100 288 1344 :3a0fba156ee15044103d3ea16fd00d794b9dad659751ef4bd4d075b74045a667
63 32 14 100 288 1344 :a4fcfccb2c01b47585b04c29bd52e26a808ebfec73ea43f6810c74affd33d097
64 32 14 100 288 1344 :bdcf09f0a6b56cab002ed3fd433fef206d56c4570a30096c9b8c59364f89d86b
65 32 14 100 288 1344 :7cfda4ac630cfd4901e70bad56ccc5a6f869604ac2a2d658147c88e4d923b8c8
66 32 14 100 288 1344 :d159432e73f83ea41cbccbaeff43a2d9c52cc8961be96cc396243537058f4868
67 32 14 100 288 1344 :88ae7c1440eef4cd628c1001a9f9e56757d1f55ad3bb75a930886a6a4f316a6d
68 32 14 100 288 1344 :3601c0d8dac21c3447b6215373e9202e766761cda994d537b77fc1eef226b803
69 32 14 100 288 1344 :776c904d0b68eb8b012edb463c5ae7e5101c373fe7a4e1e09dbf1455fcd8ec9d
70 32 14 100 288 1344 :fd1ddaa9b27c21f8fbfb3ef6049e783fae0a0e55fe1912b026307e2611339483
71 32 14 100 288 1344 :702fd9276890359f99a265fd1b757e6442c5ab2db482c2b30dd6f80902ee6d1e
72 32 14 100 288 1344 :8602d068ffea21b5db6d324ddf6075caf7b48bcb88607f42826996e93b0b57c7
73 32 14 100 288 1344 :ba6a98964f47a811cc0b5558bcd90447d77051305e7d005d81c22e07996aefd1
74 32 14 100 288 1344 :5929cf49b5670d93599d4377919462ba8fd75d24db52d07f6febdb18d2005b86
75 32 14 100 288 1344 :1896651e65ddcb0fb110152c4fdb4848ae3c8da1583da22bafe6ac53b0d541df
76 32 14 100 288 1344 :bb147089debaf4065d7ccfce561d44bc7ad82b1cc8e07ad789e5ac39c3b24605
77 32 14 100 288 1344 :26e6b08332e09dd51cda40c397dab45126eaf387f452331e32b088398dce5c80
78 32 14 100 288 1344 :03c59f1caf34bb7b2b2d402725b2d2c451a0e408b55e78c483e1165444892c1d
79 32 14 100 288 1344 :c17e917a72ef27b47387d4eb5cecf2af9a2b14abefc72c95b09b57f81bd051d5
80 32 14 100 288 1344 :c3f0d6f236e36a2e45358d68dc4c86c0659abfa1765c2a8d801201b090b0647d
81 32 14 100 288 1344 :779e9b4283b2b44852b57a5056453030ae463ca2de4832fc567f7ed6bac99a79
82 32 14 100 288 1344 :65e56b850f62ec63ac3b88952c98f792f2580f853afe38535b3aa5ad2b37d115
83 32 14 100 288 1344 :2dad7909c19874c83d5f0a3b75590e289482a6053ee34a51ba1ea534b7d7f36f
84 32 14 100 288 1344 :cd967cc03aed0d763395400daace04d45bde3c7f988c04aa77065321b0bdaafb
85 32 14 100 288 1344 :b0a99aeb268c02fc1a90f95ecf65bb40299bd6ba2084acf631504f384aaed974
86 32 14 100 288 1344 :96a23c66d6645357f0c7ad72edf1149ebea8c52700a65591bccd25d00e071fda
87 32 14 100 288 1344 :36ec8784d27045ee937b59ddf6898dec1fd5e06cc2050d573f716ed4e769b6ed
88 32 14 100 288 1344 :0a37e3165af102e0d76240b3b681348d729cb7d56a2646ac76d230792d06e003
89 32 14 100 288 1344 :45cb82613fea8cf6635096e84b3af8e64936e7b7ec5ddfe8f671f1f1a234f465
90 32 14 100 288 1344 :269a601872dd196e7bee6579d24cff95bfb901d8c497181bbfb877f598bfacae
91 32 14 100 288 1344 :95bb36b3f8e2887feb7d9254674974b84260e860ced9699228f78d01e63735e4
92 32 14 100 288 1344 :3638acaa4ffc3aa87c9a26fc99fae019bd3b2373baa4468ef5b4eaf08b2cf7ba
93 32 14 100 288 1344 :e27da5c745df0f146ce342b22937d935099e9f69cb5a06048d3b0da491578e39
94 32 14 100 288 1344 :b46982e3f30a598d5ac9dbabae8a93e09cfaef6aa87b7825b9f4615a7ae7da89
95 32 14 100 288 1344 :e9ba25a3129149fbf8b9e0303dd7c8e314172589488823612e5d6f10cea5d055
96 32 14 100 288 1344 :30b8fb37725ba25b1be622885cd32ede79569be3b3cf58e5d50044a4518e9a47
97 32 14 100 288 1344 :fa1691303eae5fa6e84431837c01e215ab6a31edfeaee36c4a49933082796f4f
98 32 14 100 288 1344 :d41bf38268db2e974a5a7c4690bbb60d418324e7f5049508573e58956e0249bc
99 32 14 100 288 1344 :5642cb26f9fce598ea686c4103776e23753fdb1b75c29166c8eb312733cde69f
100 32 14 100 288 1344 :d118690adbe71d19b397879eef9c10190fd5a941be50e34fd3a4a6ece7350865
101 32 14 100 288 1344 :e34d4187f2324195ec6a1c94be49fe4511197cdf31b3d0a2965cb36c26a4c9d6
102 32 14 100 288 1344 :354214af58f3e1105a4862e3142f52cf5f6ed3e9542d43e103ae5f1c0e57c62c
103 32 14 100 288 1344 :5cd71b24c76ffc89cdb8783d734a23fc32f2b42769bf4eae8f11bb9d075255ab
104 32 14 100 288 1344 :90264a7375ca9ccb8ca690b6e2d7f36ee03214983131d01276e9d0268c941699
105 32 14 100 288 1344 :8bc6243c9d6619fb8b7b70603b7ca36dbafb8d906a875bd034e0dc03db6ef5a7
106 32 14 100 288 1344 :3f20286aa1d438ae5317a225a25a3658eada9600bd2160c2cdada3463ea7c5b8
107 32 14 100 288 1344 :8214afc76abc0a0537188fe7cc336143647099c5277a8c41334fa32db34bfa99
108 32 14 100 288 1344 :9d6bbd4fde64723e5db7dcf8d5004c7ba53aee56f8fae5ee880e5a7270c74bb4
109 32 14 100 288 1344 :ae9adaf57cf014b9dc83ddf31c1e83ca439098147959f8a3bf09940cb8259c7a
110 32 14 100 288 1344 :c0d0f3dbc5c3f860b21dd7bc2bdf07e607dffe12cd0b5b914c4683b6475ec0b8
111 32 14 100 288 1344 :dbf4a95e575eeb77401465e7fad8d7c6aa1dfd7fc1990905d142682352885867
112 32 14 100 288 1344 :4884b1c16ca54e854368c1c34c361e0f155ea90a0813cdd37c647a8d1476811e
113 32 14 100 288 1344 :80b189445afc0adaa324e7cbbc4d990613c1b2b4fcb52e18a7e232729785554b
114 32 14 100 288 1344 :f101589f741e102150ed0512ee10f552e263af3d8663689d9e12927fc9d213e8
115 32 14 100 288 1344 :6bfa0b9c7326cb66ca8c16748ec97b95e0a126dd213fad3eb7e2c9b62e31a203
116 32 14 100 288 1344 :f644845a5d805f1aa1c104f2a47f95344259ba2b4121ab87770ea9468614d32a
117 32 14 100 288 1344 :418754d7611a9189a32ca15a9eda63d6b551347719f4787e528311b082eb6ab0
118 32 14 100 288 1344 :0a00d5aa825add5282595203a70e89eb107e43d0e676f882ef4750e8db6ec376
119 32 14 100 288 1344 :c6f652cd3b0bcc30232b0585dd88ddfb6a82e7a3036b7fcf304cf9e2c271da5d
120 32 14 100 288 1344 :622c0caea252e5c8425e77b7071ff16288a7d1118ec521644d15ee2cb88a9fd9
121 32 14 100 288 1344 :903b58d2c54dcee7ab409f7526fa0cec34ccd09cb02c8c737c9fb4ae02227810
122 32 14 100 288 1344 :1891f10b064e021680a7ffb6c79726673837fdd4a25c25ef878de217376758ae
123 32 14 100 288 1344 :aa9447e52ab09d14d6477f2f392a7ec0cf55a77238bd44218eb0e75f37bab9ef
124 32 14 100 288 1344 :1b8336a33f92a15741747e1c5bc69b5dfe7d973a1046695e7b4789bd7b007cf1
125 32 14 100 288 1344 :5e273047c56705b48d3ea2e9b7dde6fb2ad8b83b1e3bfc9db955b31ec686be2f
126 32 14 100 288 1344 :4c541cf4232624899b129123a081204240c23702a3bd23f4f59cd4a29a5c116f
127 32 14 100 288 1344 :ac0fd63e0e08f987818f256be563aa02580d8bd574b7c760fa9ad06fa45a5bcf
128 32 14 100 288 1344 :71ad11b3a3bf0703de56a684cfc8a2067449f6159d773982d65d30a704b5b7a1
129 32 14 100 288 1344 :e60f0bbfdcdbb0649257c26466ab737dec47872d56b8ff7aad0b69bc7ca4d5c8
130 32 14 100 288 1344 :b2ad5ac2653b004555f06db14d63738e4a6e9254e59adf00459a8c2905384ff2
131 32 14 100 288 1344 :c3a05488af955c3dfb06c967834c02145f5aef78c700789670fa901df1cd08de
132 32 14 100 288 1344 :6f73dc4f067584d106d47070d9599af4d929d85e472364d4e5339ec33917ad96
133 32 14 100 288 1344 :70263ae35e6e523473127f9623dbf072cdc3be5c5c16836a6a184b27b8a906d2
134 32 14 100 288 1344 :e4f5ea872db7d79d8aca4d89890b2b27f6b4e5f03f90bbcd4dbfcf85fadf7d5d
135 32 14 100 288 1344 :9fc08046221a962fd886628487a1685daf1bf33d9374f8704bf1cbefbd6db395
136 32 14 100 288 1344 :1d149983fc8854e3db51daf63137015aa71e9e23b6e43a230046e5c584d77e47
137 32 14 100 288 1344 :7b89a3caf311d5ac18356a8b137ae0a030c8e26a6cabc5e0531ee16b6bf3e631
138 32 14 100 288 1344 :fb5f69e09343da2b751b712dc6549a55a29b3acad38faa60c1da1b7cddaa5171
139 32 14 100 288 1344 :7ae82b51a99e959b2d8ce0d5ec0497d3fee015abaa1aff268110dabbea473ace
140 32 14 100 288 1344 :4e7342e040d6927afe41b9513896b6daf85bf87d4d846aa63726edaa915a1492
141 32 14 100 288 1344 :8687381fec6ab3dd3b83b9f0ee73f85752ecf61661da29140c50ddc2946eff95
142 32 14 100 288 1344 :27e8e327d96055d21191f6f1094e9a9c6375127af2b1672a0d60587e5b96bce6
143 32 14 100 288 1344 :6937b21a874b6b85082e160333d254b8869af369ff8181bdf5d4daced27b4f3f
144 32 14 100 288 1344 :11a5ccea94e8a34b93d1baa1581e11704a9015801f9d78940b985a128c64ecdc
145 32 14 100 288 1344 :df3ea3d205b906e38b220701b14ff4b0f031621b39694b1511da06fc627b812b
146 32 14 100 288 1344 :c6009acca2aa83ad4b86fa81f4aefdbef5f10f13d94dd0605414da196e9c5649
147 32 14 100 288 1344 :395257026149654670acdbb22799df00ffe2c8ba28412107bfcb6bab64d222d4
148 32 14 100 288 1344 :abcea9447aad8a6a2f664ddbaffc0ca9143fccc9a011238053816fbe30267a7c
149 32 14 100 288 1344 :ce909c9e94fc9aa77c14bc68e20b4d43a8ffcd34b16fb3938561e18038e8943d
150 32 14 100 288 1344 :3837d00ce5785374d58b01a202c1692e42e868cb263cdb2f40cac51dbcf4fbd4
151 32 14 100 288 1344 :0ebab8c60cece8d0b44cfaf9e8f6a5e018eeabb7d21c4bc04fbcb3d9da10d929
152 32 14 100 288 1344 :8af7722ef098968f7dfebcb5869742d580dbc1fbf9f5c5fd1c854744ff4a194b
153 32 14 100 288 1344 :4ed3baff4ce6a46ea1c4f7987a5c16f0f3c5b909fe60f9c359ff54dde5d1416c
154 32 14 100 288 1344 :8b613e01e8249c761e9ae703c85f35a6f96c59b4fe206fcf08166878cc7be9ec
155 32 14 100 288 1344 :d71a6c3b03b849fb79a060d9deff4347be7b53da8bab3a0570aca439575e5b9c
156 32 14 100 288 1344 :cd197fe692e83cc51a7049e230a7a0d78e3d68781feeee3004f0afd59d55f1dc
157 32 14 100 288 1344 :e43c979eafdcd582942a4242edba7e41de491e60f7158eb0e5cf7f3c671b8ef7
158 32 14 100 288 1344 :21b0c4e301fd8f84c381518c316dd93165c588eb3dbc3333d9608a92da195044
159 32 14 100 288 1344 :8973254d23022b10647d2dc69764067516c3e67ae4a381f00ec58abccd500d73
160 32 14 100 288 1344 :cbcebe1d7294e48eb6d4a710887f8906b3229fbf73c38c23eefad0b8ef9144c2
161 32 14 100 288 1344 :08cfc5a30c58ac00bfba7dc02a2e8df7d850c7a8f300f87d0ba8d0d461432d21
162 32 14 100 288 1344 :c3ce38725b07872e97b2065781fbd759a9080759d837968ae52c170c29bac3d4
163 32 14 100 288 1344 :1d704718ea3f1207bbe7b93f6083bba59c724cebba9a8a84a7e0dcd63563f767
164 32 14 100 288 1344 :571c4cf0e77f98c3d1b98e3e317ab4b683c5c0921574571af1e5accd734524d7
165 32 14 100 288 1344 :fd34689b93c35443b0711c4aeccb766580db1c66d6abb13898590ad31d093479
166 32 14 100 288 1344 :1adc691a2e02f5f082aecf26275845b10a41eb5fcda06af4ec0c4206483e0fac
167 32 14 100 288 1344 :e4dde0bd73115a4e4fcc5aba4dd5be8f02b263680e4ffb049ba36883fc042768
168 32 14 100 288 1344 :a879042395a64ddd3e17a957d8e7367a532fd6b5836a1f7f26d88fe5fdcc0a5b
169 32 14 100 288 1344 :95dc6051e7cfad23d21507e5e1473828112e0e41ac4673c0824f147dc1d8219d
170 32 14 100 288 1344 :9299448969722be85e04a8bbd3bc0441426ed27455644035b4dcb63ea5868de2
171 32 14 100 288 1344 :3aa16aaf1274bdb89140df035dd8c5e184d871b92a5d46db01c0a9c7faf9513e
172 32 14 100 288 1344 :d9da803f1d440d68ff883cd9031cf271993c236c5fb94f85f95cbf7b545dd621
173 32 14 100 288 1344 :190da92f9a2588a5511aaff141b12f572ccdac0b596b9b1a569c05640ee2c6ad
174 32 14 100 288 1344 :af3dddbbed6eff7f2109e2f4c835ddb16a6423ccd0433b529b06f80e881e5e7b
175 32 14 100 288 1344 :189adb29dfd595b51fcf2b5e9b6e47fd3b73ac1222cc26a5524609ddab5a7709
176 32 14 100 288 1344 :2ffa6ed3640453757ea92345516a91f7489895aaa0653d6fd8796f90f28a5240
177 32 14 100 288 1344 :c583416ea0bd6e2cc2f7aee75aa86e067efa44f9a2a8851e32f2e855afefb6f9
178 32 14 100 288 1344 :d100e0e2618f7ff0bb5f8492ea08920fbf5862dad0a47675c132f66cff9ec2b8
179 32 14 100 288 1344 :fb74b40efde63a2eb7a097f614496e5e560c65da53f89bf056dc449b88f7bfaa
180 32 14 100 288 1344 :503771b6126aef4a4c3bab67c7e0481abd5d6aabe0b915eb9ef9789e66d9e05a
181 32 14 100 288 1344 :9b7b7eeba827b1db8df4eedb861d0319798bf0a1471a839a9d5cef09974ccd07
182 32 14 100 288 1344 :b9459c4eae9a05d62305e9e02a26e997057878ab0c62cf631156266f744c4ed6
183 32 14 100 288 1344 :84966d02184d4dd40901bab17d5bbe67c04076892af435743bceb27be09b5ad9
184 32 14 100 288 1344 :cc3d6932ab6294cc51707102aa74a35ff36aa62b260f986c1410c3850b982dc6
185 32 14 100 288 1344 :437914f31aa8e83f2623d86ee2efe31c41fddc5a448e0ad764432c1e7a5b8993
186 32 14 100 288 1344 :f152be703bb2fffec6829d6f476df4ff8cba28101c71b0afc8cd877571a6b0f7
187 32 14 100 288 1344 :1b655981d124cdbed184d225d447714c29ec07195e2b0eee0c07c31e193107a6
188 32 14 100 288 1344 :bd4ad1578cab650bf901be5819c31a779ab87fb6955d932a959a2707557b3266
189 32 14 100 288 1344 :94133702696eb5cd23e1507d759854897530168e8ab28b0f167f04969caad042
190 32 14 100 288 1344 :9bf959a07addf9572cb0bfd5f5dec0b21cf3cac3683a74964f8a82b16693eb22
191 32 14 100 288 1344 :41df1f64e9bab9fd8aebc74c082b32eb785e1677aa02b63b473fa6f6e5e3594f
192 32 14 100 288 1344 :5aeed646e6bde8990ed844648d096a544017dcaf53565a85ccd0dab56b03f0ca
193 32 14 100 288 1344 :9f2e0333804e802789c739986cebde66771b2a5029e42cd4f9ab14e886f249ba
194 32 14 100 288 1344 :d48adfd6f4a049863da9b68faaea8592f4438d1ba58a8103f3c7ff0c9936cfaa
195 32 14 100 288 1344 :f10282117b622bc1dc0354b5be0d8fb43ccd6e00a5034b0770b4af7ced798baf
196 32 14 100 288 1344 :fc2ca2af604ebe46de7d9dfc8794eded2c0e620fb0adc202b64742f4c55a6c99
197 32 14 100 287 1344 :0ca8b1bc54a0116ba33e2473cd692c1ba92075a524a55429d5e6a404b0dde46e
198 32 14 100 288 1344 :f8a69bb09c4a7343226256c94b3bb981df03f440d015742db450324721f6c2e1
199 32 14 100 288 1344 :456bc6dc5baa9359719c503ba6c189469476e29ec736bc9908d2f8b43a4982ed
200 32 14 100 288 1344 :f712af6589e990d500025b5b9f7a35e81b831e6336cba4435ec78cb59fc37bce
201 32 14 100 288 1344 :ea87d0d942bcb1236c814a74b2886fe417c929c2c7c275ba8a3a8abf65002241
202 32 14 100 288 1344 :8cf1e6c3cb8f0a288cec43b76c873251063bb190f9108321fb10f59ce3492bff
203 32 14 100 288 1344 :dd204c293288ccb424781f8bb07d5ccf68aa7218ccd2416e62c6af894dd9b8e1
204 32 14 100 288 1344 :79397efb2432ae47bdec70974cdfe550c892cd9960f1825cb70fe0b932dc964b
205 32 14 100 288 1344 :ad82cfadf6e1c24615dbc5f3b0f387ffd570dcd10759925381e1600b68b33633
206 32 14 100 288 1344 :9b2efc9278e5496bb71db77c1e90c70c1dc4f966a5b305dc44edc9a8172647b3
207 32 14 100 288 1344 :98d24b0a90e11ce1647c153a8dffc021d08e89e6a14bc57faf51c0884cab1801
208 32 14 100 288 1344 :c1f22ccfc98a8408c1849ee8ff4be95b349fb3abb882991248bdb28f79a1eed2
209 32 14 100 288 1344 :2223c29fce9eec7df9ef2ba9be5281f12df824bdee809f4c943f8c0d9bf4ddc0
210 32 14 100 288 1344 :18eb1f51843e518f7913b4178af9d91d87bc8d2e3a9642f3eb2bacd39a3cde5f
211 32 14 100 288 1344 :b071a16a47f6cfd25de820b4b773bd57891b1913faeb05d8c4319f02312f0950
212 32 14 100 288 1344 :66bfdf826f08f57633d784bf8a833e5d7497d728a0ff472736be133e88dc684d
213 32 14 100 288 1344 :ec017827c603afacb5d0178172b4e4a933ad0df4dccd949091e099521db0c5a2
214 32 14 100 288 1344 :613c8ac9ba28588e31c915ebfcff54a6e18a40e49835acf48c6b1c96e9eca048
215 32 14 100 288 1344 :fca28c59e36c9475d69b82b4aa005ee8812fe5cddb862a6e056893a6cf230766
216 32 14 100 288 1344 :74f213cf258fec35b5fa745a8347a537cbbe122aca52181d06b620a54528117a
217 32 14 100 288 1344 :45c05efc184294b7c1d91831250596b9260a0cf3cf07d635e0db80828b253880
218 32 14 100 288 1344 :8812da3a4ae6c88cfb15eeee93a65a4bf6f23f0c787dabaf5c0d34075af7deb4
219 32 14 100 288 1344 :d8d54aca95fc267a973bd46c760ae07ed31a3bb6759ced7733d56dab9ea053e5
220 32 14 100 288 1344 :4359aff8212ef7dbcb64d60969f34c5d1999dd8041ee3ef40015334f00c2b430
221 32 14 100 288 1344 :8143ab46af0aedf67e617f9071a532381bb20b766c9586213fcd1890183ebb51
222 32 14 100 288 1344 :2f9ce04d8407e4daf610afba1c9f78b519f4847582596f124405dd279f9c96e6
223 32 14 100 288 1344 :284b9f2cda7f412c2c868ffb2f241fd24e312f73641ea2f1c4e5383cf2cd7ffc
224 32 14 100 288 1344 :9363a424b8b039c27c0ae1b1ba14463150639c231d90f1b89681b3170cfe79c3
225 32 14 100 288 1344 :6571751747a02d2a2680a5b2e8322aee1107c0999a3bd5adb0438d4bd72bb46e
226 32 14 100 288 1344 :b3ba6c14bd43df05db23bd4fa8dcb040772c8483ec5df8471ed425ca6b6a570d
227 32 14 100 288 1344 :c536f5684ae2d62beb7bcc4a41c3782aa56de10f6625345decf4a4c4ff6382d0
228 32 14 100 288 1344 :ddeeb37dd772e87c5719c229af628a742db8d81e476e9abfdd1d0419dbd403d9
229 32 14 100 290 1344 :a9ebd174ee1341d7835fba0a29e191cff05feaf08636b36bad60352ac5584d4a
230 32 14 100 288 1344 :a8a4939f40ca1ebb1b47b0065ee47bab3080b694c072a50fea2cea7e4cae2721
231 32 14 100 288 1344 :2f910cea7d29f87cd31201c33a7a3240d647213b7cfe482c653b79aab3d1d9fb
232 32 14 100 288 1344 :b6445f88ea1b79db7e2a23852499edc392e74e78474fcd864cedd9488a65db81
233 32 14 100 288 1344 :e1d8785a38f86a44a23d9ac19540b69e0a3cb4538658e435728e7a597f3e7465
234 32 14 100 288 1344 :d76b722266f4ec4c73493bca65f4e29d08907c43d0d5b16b0aca71f9bb4ac0a7
235 32 14 100 288 1344 :c700acbb45dad40344fbcf9518f616fd4f6b60f3ab6afbb20becb7655a541967
236 32 14 100 288 1344 :7ae53cabfd312d4adf8caaa33b6b829b4176acf268744ce6f5d1559655991581
237 32 14 100 288 1344 :1f6092b3c8f6f2506c5844e5f6d4be5eab36fc41c93a705a11cac68c0f51b0fb
238 32 14 100 288 1344 :23bb9e7e63987e16764001814de5e3ef30a43902b0e5d2bb0412bf4a9804d1ed
239 32 14 100 288 1344 :54b5ebe705e856d917e33e1ace7092e1fb71782c089c92641567fe640dca56b4
240 32 14 100 288 1344 :0db9eda3032d6181b6c8aa82c7b7160ca52e6a5f742d6542984598d255139015
241 32 14 100 288 1344 :0bbb883508a8d17d23555da4b913b128d09fe53ec1ee56239a4eea321be5dcb4
242 32 14 100 288 1344 :1ac22d8bbf34c6911b81b228630516e1744ca04901e744af2ca41f438ecc9c68
243 32 14 100 288 1344 :357aaf71a6412f44c6505260f7086f64fdab97a1d739cefe1d78fd851a06c974
244 32 14 100 288 1344 :058bc864a6ffc51a848061421bc9f2f05c1dcfa47528a97855295cc375eab7d5
245 32 14 100 288 1344 :36bfdc383c7335eb645ae2f972e715dd8d4cd1915c7be49e694047140f524e94
246 32 14 100 288 1344 :0ceac9324ccbb3ea722f1131e676e3f30e529765aedab0eaaead61b6cf506375
247 32 14 100 288 1344 :43350ea4976920dac8bea9e2e0af9c63c2c3c02cb1dccbe4b665172bb4a90eb7
248 32 14 100 288 1344 :f6996089c0948e21708a09f51a241880183266ed87a0d7a362f7987558c67c68
249 32 14 100 288 1344 :94ce273d9a7f833f98e8dd238e4eca6e948dc62e0cbe8809b843ffb7e1d57b9e
250 32 14 100 288 1344 :f1fd4460b25099050e5985a4e300044cf6cb06f44463f1eeab91c49cb8997306
251 32 14 100 288 1344 :f6d783fb501c715b97cc7ecdc2c64c23243ffdb9a7d8ce4b6dfd371db1fe601a
252 32 14 100 288 1344 :2390ee47761bd2f08196ad6be7c3a641a202cc03022131ee7411d74fa81b5ba0
253 32 14 100 288 1344 :2f50f4c1252365edac6ea446a0e6331414c8426784f82e3b93feffeba7a68ff6
254 32 14 100 288 1344 :c527d98c806e9ff32cffd1e0f8e3ff1096f09fb77a464e271c08fa629ae804b7
255 32 14 100 288 1344 :66c8bec84633a065c68b208b0f7d2700d9c35b9bbcb44e21419010ee21ec7ae1
256 32 14 100 288 1344 :2338ed5d3566f34a7a618aa861c838aafd72a0171174ee21b15f3ca2ec4646c5
257 32 14 100 288 1344 :a2c7928dc43de8c9e935e24f4043f0a0184072c0d63b3474c79bcf9d4565e489
258 32 14 100 288 1344 :8b546b7010fcb8c61c6b887999e55e0b6060eaed5fe8213e48ebe2690b1db5b7
259 32 14 100 288 1344 :1be4f3436533e1c55466cdebfbb73b9fe5e385b15854b9c57d7d973e85a75bca
260 32 14 100 288 1344 :740c3cbe41e190c7ab80a3a8156d0790e86c1810a6e319c3c6fcd49fee8ea5ef
261 32 14 100 288 1344 :d8756bc4a033ee14d4c151e32073e92975bd737effa02e0fc06b2482ffb46386
262 32 14 100 288 1344 :ddc6feeef3874ce59b3eb1864e83893728fc522dbf5ebc63dfa1e815d9ecfa80
263 32 14 100 288 1344 :e4bae5bba5ffb6fb943cf6158795d970aecc6ea3b652f40124a5593f9607a982
264 32 14 100 288 1344 :c49677ef6d2fdfa104f08022e65e9aefc26c0b03b07a21ebca1d47654e06e294
265 32 14 100 288 1344 :7d4c7d79c708524169364309fd5f9f126c3412bcba5d1bdec84efaf479e5828a
266 32 14 100 288 1344 :47f2c28320c4f21d8cd6c86eb7dc41449d3019b441c1f143ced1ee332f775bfa
267 32 14 100 288 1344 :5ff3a35725ef859c3ddc5da7a23f724f9e8bf1201ec11d7f0c4adc298819ef8a
268 32 14 100 288 1344 :9ac95a30b6cbc4b21a75293e5b000a7fdd00c68aa6358e7313998ed304cb82e0
269 32 14 100 288 1344 :30974cb8207856ac9f7c3af3c1442cdf36f93883efdb8823d21c906bd08ea431
270 32 14 100 288 1344 :6d0b7fa7843a8debe0ceee482da30ba3b9c94828718059b19425d9aa5a9a8550
271 32 14 100 288 1344 :c918dcfa07d4798d1c295058f63487e894c3082b734241635635f3b446522c60
272 32 14 100 288 1344 :23ea2708c199fe7e5d4ffa57432bc547f437e86f8ea709962c18303e08e1cb68
273 32 14 100 288 1344 :019573a129f30c0bd47f89ef274393d4287cda4bf4d1eefb87c326e65ab29db6
274 32 14 100 288 1344 :f0c264373f63300b1e839a69c9e066e01c27c6a0324ba1d5f23245512d5f0e26
275 32 14 100 288 1344 :bc064154a935069d520d361547412e53b57c50d1e848c5d8959289f26185b815
276 32 14 100 288 1344 :1cc922358393395be923e9e865670344c0e9afb81177b3ba47df287217fd0049
277 32 14 100 288 1344 :85e8f1e79446f18055b18d3a5da0b774f31e5f0ec3e75f064c0b515aeb3d86b6
278 32 14 100 288 1344 :799f0b6e8b1fcda5ecda1fb8c67ddbfd93c0cf1908f9ddf216092bdc5ced7b0f
279 32 14 100 288 1344 :7e7a5501aea8e1faf6eae031ac97b00a5653d52701adee6e89dade788c4276d7
280 32 14 100 288 1344 :0882d08169b76d7315f876722106eb11b262dbfa2a7a7917dd25567f72474756
281 32 14 100 288 1344 :9cfc71d4ad37d08ced8783ba5bc0c978b1dfa7b565812ca7e4db4652c1eaef87
282 32 14 100 288 1344 :586f04a92418be109e9b2bcf1f0f4065134293064afbcd5649b1d066a07854cc
283 32 14 100 288 1344 :61789e45f907fa5866804539d64cf9c64fa68aa1dfb47728e5632e435d4f657c
284 32 14 100 288 1344 :a4e28260a28e3d679d325fe7836e4d99008f7ff37387700c5c39276931b1cafb
285 32 14 100 288 1344 :e47d0e6b6b1e0ae8544b9758815a33edaa10b434ad769fba50663120c2dec805
286 32 14 100 287 1344 :635df38a7ce77d0b4d37905f63d4c40ff21e20dad3b6fa60997fa735dc6d2979
287 32 14 100 288 1344 :747c3177863bd1755348a0d8ed724a0e129b52005700ddf9991430ecbb8cd748
288 32 14 100 288 1344 :22647fcd19116c779675776ba992e935a5b78ebe6475f2cfc40b58408524e1a2
289 32 14 100 288 1344 :bcc730be0de2f4d645ed663876ecef09abe9f875967e209097440f3b5136109a
290 32 14 100 288 1344 :4848f7262d74d9c7e9864f21b7304917d586e1e11d8de9061bf845a923bdfaff
291 32 14 100 288 1344 :142f99060e05fada8c2fbf9426d17e989ad1bca231f09559e2ed33641ed0afa5
292 32 14 100 288 1344 :b4a469b35cc07f6168851830b496dfc88ce45214e73d2b71cb388e5aef66d1a8
293 32 14 100 288 1344 :eaf11d954c8e7bd55cdb02e08fb8d17bd2eaba3bfa7e84ec6c3fca55432ce3ca
294 32 14 100 288 1344 :9001126f99114ad17ec744dfa4fe52218a450ca05b70cb5f450d25b9705d1587
295 32 14 100 288 1344 :e4c1f47213bfad4a399d8c9f06fae49a57c70bc09effa738fb0049eb31e41bc6
296 32 14 100 288 1344 :5f269ca06adb73c612257923e1e148966026d13c23307ec0ad024c391460a878
297 32 14 100 288 1344 :85bc1d9963da07f75e192f09058d05892aaa600cfab7aa4fbe12fc86edb91e2e
298 32 14 100 288 1344 :be50b50fe97f7f871974a7dc289d89be874e83ac91f9a6d8ad076fea7b0dd4b2
299 32 14 100 288 1344 :eb3d75f97c68839423b1dafb39395b02af2b76f52ac6b91d89e3c58548b39b60
300 32 14 100 288 1344 :10762d3bff0c946ef68997288b67133dad22ee4fcd2260ddc1e78a4669131beb
