# in_len out_len m_cost t_cost time[ms] memory[kB]
1 32 0 13 67 1 :9f5e7417259cd488d059213461fce5572f93c8ed93cbe4c38204a89c0fc3f5be
2 32 0 13 67 1 :580ad7a07b1c3a1c033041ca268aee9db201d894304a7efb0bd106306db15f17
3 32 0 13 67 1 :718bb3620d4102563bfef8e7e0d28226d5231bbfaaccc16ae60f7a3667eff79f
4 32 0 13 67 1 :8cff02bafe9d3ddc8b2836d89e74430baef8b88174150b9e9a61e3d64fbe6d8f
5 32 0 13 67 1 :ff9788f1a837f590eae53ea9fce93cf55cc13b98ec7a96d628693670ea6fc609
6 32 0 13 67 1 :70a85a0d170d59e9c15fdca319fdff9b0f1f13b2aed5f8c24beb39c8cca0e320
7 32 0 13 67 1 :3065b131bb751f026581ff04e107d9fb3868fcb6ba8d232624741853208aa6c2
8 32 0 13 67 1 :4f19f629318ef0dcad6682807fc4c5ba024703f2262ca4f733722d6f264f60b4
9 32 0 13 67 1 :caa1dc3b97242102f105fe4186f8faf4fb20a32656692f7c54875ebe7529abdc
10 32 0 13 67 1 :a8096979df0151c5fbf394cea1d5e61b2ea055552eb409ac4be7b1338fb53774
11 32 0 13 67 1 :c01a0a5c2be21b53cbe544a0910efa7659c6f248473c03dd16c3f87af14aa021
12 32 0 13 67 1 :46f398b3f06e4f6bcfc1481a8ed0e3c66e0f3ee78f9e5c3d225326778ef19f73
13 32 0 13 67 1 :2fee95a6b55a0c3936d878e441cc85b90df256cd9b14022560f7d4871011639c
14 32 0 13 67 1 :287ec2caffc947ce1cad333547ee5661613e873882ef12aa0362901fcbb9b7ab
15 32 0 13 67 1 :89fb3f008221c904a8b9d2fa68b4a9ff35c8473dab2b79fd034c7c5e0fc0aac1
16 32 0 13 67 1 :01f8f93f57303e7f7affa392f7ddb5938e3823e550743f87bfb33348356ee3bd
17 32 0 13 67 1 :16f9db14e7f4bcf6e5921116e36411660f1e2e56f57d8db427ff9c311ac75fd0
18 32 0 13 67 1 :f5dc261680bb84d858460c14391f4bf05777637dedbe10dde5ca6ac2b908b81a
19 32 0 13 67 1 :30d6f405813a57b9c5b4090224887d539ec87463eccc556a85892824f19d6d46
20 32 0 13 67 1 :3e3dacd34427ad38f94fba610dc4f18c0345c044f2327883331f9132967a4414
21 32 0 13 67 1 :aac02debef277195a9a42931dcdf79ff59b71292bdd7a71308be8114a692080b
22 32 0 13 67 1 :3f33f1676ebff8f900b9fb11835ffce061a55e52c694e1970209834bc2d30c96
23 32 0 13 67 1 :d8075f0861194250a6de8b73c2d1eddf783e589219df23ad988371ad69bce23f
24 32 0 13 67 1 :3c3e563f0e6591c0292c59769cf7a98419c73acc1a1769ca8fc321e35854b579
25 32 0 13 67 1 :628224de69d9988f2b2b8324d1c8a7c4d9c371b41c4c83dda0b1ac7c19e3b9c0
26 32 0 13 67 1 :53cab630a8c403a95c85a3c3bd3de29e47bb1ad1daf64777775241e44f47e510
27 32 0 13 67 1 :d28d3218013bd7512b9d36f6fd87b7ad7bb9a9b31ef1b8b91dddeb66dc846047
28 32 0 13 67 1 :4ee944ad929ad56bebf6889df1812e19a0e38496631eba3bcc06afb31afbc8cd
29 32 0 13 67 1 :427e80596d74b4e96fcdf9a584681f49769fa6dfb3eef70e8403997eec7cef87
30 32 0 13 67 1 :d53bad5152d5187d575e0d430dbc28f5bb2ead865be2e1b0f87a303c77fcff08
31 32 0 13 67 1 :4b74e89be7d981729007b385714de0cdab84d2f744c4d9145d34afaadba824f4
32 32 0 13 67 1 :c2acbe8127d42c5ad3cae2add1c7c9d775d777919bc5dfb907c242936b8d6dab
33 32 0 13 67 1 :72a3a0bded11cc1d547f33b331a4148fbb002b5bf460e7155ada1d0de4066507
34 32 0 13 67 1 :e606b34cadcc09c96280237051dabbb4e15b6a550281c837824ae9d0cf851d37
35 32 0 13 67 1 :3be5bf53c4d2c22f622877807c8c52d830c8b0bf9ff2378c0a0c734f8972bea3
36 32 0 13 67 1 :1d2a7fd0a7a9dff7795c8a6014eea473c46cb5cf0438908c54e9283120eee304
37 32 0 13 67 1 :c77082703a7100bb2ff531685865788d23e35e8906c9496ba7717107954e15c0
38 32 0 13 67 1 :9a64c543486e48be0f8de77c0c559b6e568c918a76192ade75622a59a1daa2da
39 32 0 13 67 1 :bb44d4dc920d444113474173f0595ce98651e34398202a9a94e91d61ae3d9c57
40 32 0 13 67 1 :e09ec10646ff61558b18347b3bec737eae72605a6d92bfc8c76e009a1f506c44
41 32 0 13 67 1 :a320c72c6b7096386eae210cbd43bf7f8ca79597be8acfd1a281d35346cc476a
42 32 0 13 67 1 :31127438777476c2e8c0dfd607f882acd20f7ec67e3361c1faf34e53b5d9e23c
43 32 0 13 67 1 :c70fc4e15774d4ed4597769da0ec02b683e98c990eb7407bc211126e01252754
44 32 0 13 67 1 :d5994d5c89820a8536fdfbd714ea02f19d344dc97f85d24cef2b04376f311df7
45 32 0 13 67 1 :c848cef0a0c78b3002628d01a56d79179d61e5d4a02ad069ad4678100c0f3c71
46 32 0 13 67 1 :f2e363c36da49766029677a8a98641c541b70d450d6b801a94dc3dd1779f6850
47 32 0 13 67 1 :a42c3d8061e867b34c6ce77c7a991df7d900eb799c8b755bc0781d5ece083a3c
48 32 0 13 67 1 :5e02a89a25a0e37b5af65bf141a47feed3885b08902f3b361f40dc318743e1bd
49 32 0 13 67 1 :a0bb70e83dc3a77e00941062e54ecb6fe5c6c22f9cd540676d34377d25c07d95
50 32 0 13 67 1 :3d24ecd65cb05f6243a388164d1e120f490f5669df5da90d88e2ce0c190f062f
51 32 0 13 67 1 :4fbb20105d1521a3aeaa466d8b04c6b8dc14c2ebfcbda2944625f83700cf7aba
52 32 0 13 67 1 :c768f5a50b944b2e897de537bbe3397e306cb0fe9a269bfef9e680390195474c
53 32 0 13 67 1 :2a923c5d092536632100acd9acabbd0b918c60acd867eaa946c449d1e502fa67
54 32 0 13 67 1 :caaa03a5403c5d6392a2fe8fc479bc60dd15e5788172958400bc3de8e3115005
55 32 0 13 67 1 :66691291cdee79b05d9b44897a645a11587940cb74a2f41351fda84c9be1c1a6
56 32 0 13 67 1 :0eb9673d9add7bf2ce6892cf60fa1ef546b1412cfc7bc5e81c4c256b2c4906a6
57 32 0 13 67 1 :d452372a1acb8b1b9fb24076bd019aee4412e1e83c0b4d0962c4104f69a063c8
58 32 0 13 67 1 :bb4180d4a3e8c927143f4094a83ccf26b9cab0ac79472d068792ed3ef8aeddd1
59 32 0 13 67 1 :9751580496e26387ddcbc623755bfb8f371ffe3432ca95fbb2ba7699d50fb4d0
60 32 0 13 67 1 :b6c65f7b170aec5777b670f4fd7ccc15aa56575682bdabae8d654cf8475911bf
61 32 0 13 67 1 :43e15bf67c8824618b4da01e0b939d348714da952a5b60647bb397852d01c161
62 32 0 13 67 1 :dd2b5bd5ca6c09089d9e39598d95731decdf2c52033979b2dc502210ebe99275
63 32 0 13 67 1 :267e4d2fe723bc48fbad835c6b934c672571ada7b2869b8bde268427da2e6c9c
64 32 0 13 67 1 :e8e6f16ad7b50ad04a9d69fe3bbc187a19d9b491f5a9ffefa973a19e1aecb310
65 32 0 13 67 1 :a7c6504137f32a513fd4837fa823e8848e8ac910941ad4691eb68d052e3d0760
66 32 0 13 67 1 :5a9da54d6ba7fc451ff9d74da32f5f804ac8586fbd41f63402bb71fcd0137840
67 32 0 13 67 1 :c186982747d9dc6206b23ec7227aa016e98b77107471731e8778ed2fe0e6a9bc
68 32 0 13 67 1 :ec6067020f7a62c3f8a2d6b6d234a74cafd0b6953cc47d0d14770ba039369e6a
69 32 0 13 67 1 :8d8044e6d292c22edd976fdbb02db53fcd10129711bdd6988cf6e08b383dac1e
70 32 0 13 67 1 :dd867688f5cdde719fb89eca97570fcfcf17dfa327032db7819fb64599cdab57
71 32 0 13 67 1 :8d2bdec45a998d35d0e609801e9bd0c4237e0b3dce9a2adfd0980b5ce0d5bccf
72 32 0 13 67 1 :a55cc14bb266a7539a012f1e97316b9cefb2a8e2b312de8147e5fc0934b60472
73 32 0 13 67 1 :a528412173c9d32e5c6b98d2e70ddd03bf7bd0c31876201b2670d2c8184d0f56
74 32 0 13 67 1 :c67efba864dd98944db8fef44a9eea1e89cfa39fd546be5fbf8e6d3176959130
75 32 0 13 67 1 :bf9d582b9ab948659f0829c163accf18e2f074f17e43e739cac21a51b1fc38b5
76 32 0 13 67 1 :ea3e49fb4d935585648be4781b9e28d46ab00beb515a3f95a01e0e62ae7f4c2b
77 32 0 13 67 1 :87aa37d4403a3c12ca7e190730e383193cc5cdcd8c6877ad605e01e13edd2551
78 32 0 13 67 1 :929de1ee321103df336a820047fe21609711237eff366d88c793ed933cea08d4
79 32 0 13 67 1 :650f2753214a09fab0ee413057816cd5be87ea15e4f39fa04cc7c332cfc2ee62
80 32 0 13 67 1 :ca5b7aea64de1083e89746f89264d6d7cecacc494474de1cbdcca0bc1784aef5
81 32 0 13 67 1 :033771be3ea659c41638134ba1c3f162669c57d7d938e26c3eb332ef0a7ab818
82 32 0 13 67 1 :9f2940644555b8e3857df8399105a4cab9838ecc7b5e1123e8935b3dcc500079
83 32 0 13 67 1 :42243860ed58ee1db04a5c6395feeef1d62e70001a61d27b16eac17bcc62b2ee
84 32 0 13 67 1 :2f1cfd0542d7114514003e2a1b6b4dc56f42d791a92a305c62f40f8283494a99
85 32 0 13 67 1 :f13d8ab21bacc14bed5638e11e6589d725444910b25a03f546067b8237c76d86
86 32 0 13 67 1 :8548141a7a04d63eebd55d2111ee86635cb07c5e74beeffbc681e97a362ea060
87 32 0 13 67 1 :d3939a8c830a6d8265dac76cd379027db43438ab600d08129c5b7b7e7e60dd61
88 32 0 13 67 1 :dbc7c3923a62034e3c231d5913c344cea2fad1965cf325fa7a85f11cc4177267
89 32 0 13 67 1 :2e18f46e0c18fe53d101d892855886f9732516940c8c07836387b08c4c91ee01
90 32 0 13 67 1 :672878bdee34c7adfe4011200d1458c616053331daab981c910796d566350cf6
91 32 0 13 67 1 :4b63fc2e7035f194402a9b0c326bd6dc0fc6c5b4d6aa49a2049103a74e4ce263
92 32 0 13 67 1 :3c1bbc7293475d1d3fe0f55059c9955974f2d328d289290e7db7d33d1faf269c
93 32 0 13 67 1 :4287b8e1d8c1c04e65b9f37247b3eaf83a1174ab0446abd91330efb03de35601
94 32 0 13 67 1 :01ce4edf89beeb58a3b4747384c8c36552c6b0c93b37ced46aa3c5a644eaee12
95 32 0 13 67 1 :aa654be000345c8d2b98e6351cafa10da6584c8fb8735bc1df3f48864fd08575
96 32 0 13 67 1 :dd6cb8be60c492467a828be9dfd6900af4f4efe53e8e1560be2a5df5035f7398
97 32 0 13 67 1 :f19266759cbfe135c5de870e4e741e9f5bcaf531378007c90549297c676e791e
98 32 0 13 67 1 :bc8943f45bdc923a1b03e420d34d4e9b3eb3f62f84bcd66e1bc6ee269daa1c78
99 32 0 13 67 1 :2568b44f0eebca476e232fca518261bf9900b6140f1109cf1c2439bd947a8581
100 32 0 13 67 1 :0d7d5f473d3d4f8983863d951950f8782d2209cda5d461b4b200f9ccfa3d9b82
101 32 0 13 67 1 :a41450fedcb313dd9eee57124d699c3ac63a6aa085a52f1d520bdc90585be886
102 32 0 13 67 1 :dd0947a53ae51e37bf52f799cd647a9d9545e8e8c0d6b955f49da33c6319e405
103 32 0 13 67 1 :2ec4011c09fba3b1d52eec67061fc35132fabc54969c8b0bb68598735b130b69
104 32 0 13 67 1 :7b0fe7e627663bc3c06a4a624814a76179bbc64a4ac3908619061e7395582cfc
105 32 0 13 67 1 :ea40032754a1c24d2eac7599b889f176da820c5d237c66b41a96a58e397508ac
106 32 0 13 67 1 :38e2735831f4928fd0eccb6b1a3c74f889d6819f2e85a983489dcdf0fa19b7b2
107 32 0 13 67 1 :0f1c59d59ffe797e67806241235c32c78d1cde4c157b1968901585623430215e
108 32 0 13 67 1 :489f3a4e792d873115329dd8258d46d13a44831b499dc784ba9ed6fc92ff9a5b
109 32 0 13 67 1 :c955c3b2191d6d5056e654fa566da5c7384007f136e1643c2d0964e6c20cb036
110 32 0 13 67 1 :c328730207f2362ded79718f04eb2517f38c9464925b79072c9be1c72fd1b4ac
111 32 0 13 67 1 :117c311c1dfee180d11c8bf023aef8edbd2bfad5da043f6014dc324ba318055b
112 32 0 13 67 1 :98d50129bbb9053d058b3a81da69984ec36d07426e05a98c7ed1f6fa539054df
113 32 0 13 67 1 :08a7b79f1f389dbfc7e0c930d06deb95824a321018ece36f4219bc68363e35fd
114 32 0 13 67 1 :b1c00eead5cf2d245900c0ad3199931627e216df1fbad3bca145cd83db66e2d8
115 32 0 13 67 1 :b3e0aca8c0df5b037d5edb4fd9729ba411942a14b084d33d3ecf4bfeda899823
116 32 0 13 67 1 :7720a4c6b1db4521a09f63ef3dbc324ad33963f161424c08a3dc24283cd6122c
117 32 0 13 67 1 :51e6ef796b38efc3f09a25786618d9ec245a090dbcc1a6e41b4d626e4933ebd0
118 32 0 13 67 1 :92f6124d56cf3242691c56f1ed2902e405914d8a9cbe282803ea019fd9c47ef3
119 32 0 13 67 1 :7e35fbfc651ac3552b0ab16bb7ed2700cb547bcae971a42c7d4aaf0a06a55f34
120 32 0 13 67 1 :b57e545b5af540a1136014f050c7a01fca42b37f760ede9f9f6d70a8ce81a2b2
121 32 0 13 67 1 :8d21c1612d37e4f2248f535fa500adc51ca02a1d6e8ee66de86122073557e849
122 32 0 13 67 1 :546f379ee2493f55ade1ae5053f29d55b9151791bc3d1dc9836be52b2829b3b7
123 32 0 13 67 1 :bc2e168555f78a9546d70e5a7342228ffa0ea6dcfe0ed90b48d54b0d6b3e9b45
124 32 0 13 67 1 :4481f5b5a9fd36cda50285c31bc6725d6e6a19bdbef29f0e22fa9c2526e3d23a
125 32 0 13 67 1 :85502a27ef1a793f52229ddc1b62a7e979dc162f477dc71c8581464eb1e9a8c0
126 32 0 13 67 1 :1cc5a4e71183fa5548620e10f890ca4e7c2486ce2f57953aa535d922865d7c96
127 32 0 13 67 1 :7e31a81860f0bc39ba25b404272f30777acb10a9c425219039faa8e008758b8e
128 32 0 13 67 1 :a0dd6a7b5477663db9b0d3f292d2a5cacb9d487f8bfb110bb485b30bc67fd22c
129 32 0 13 67 1 :0bb43dd9ffa5e365881dbfc3f4d950043818d67df3ce20fb6c0692dc7eef9349
130 32 0 13 67 1 :04a4956968722c502b17fdaeaf1dc503a9c2a2bb5145227b3dbffacc833baa63
131 32 0 13 67 1 :6e8fb11bd91a4af1493bb9a4360fcfbe68c8d5ceae26b3a20cfb130653209881
132 32 0 13 67 1 :72e0cb4266fa8b509b1fd5dd3aed64ef5d4f51d61fcc8df6aeeb121cd763ae36
133 32 0 13 67 1 :d2b83d0142203cb745ddd0a4547d2a1516f82846c79e92d6bfb0f5ae81211796
134 32 0 13 67 1 :58f5b5929d76458e72de7ee2cfba994a52a565a615bdacdc9fe78967b733c4a0
135 32 0 13 67 1 :b240724e6af27e18fe48d3a6cd6d4397c8bbb2a2980d787f3b2c697f109925df
136 32 0 13 67 1 :f3fa743f1c9c2a1a821e037b3abfebd5539d1a6838763d8bb1edf68f207d02ce
137 32 0 13 67 1 :b8f83e9e0bfa8fff43ce15e35ff741d1ff850669d6b1c07ea6c677d6346a9074
138 32 0 13 67 1 :315c42ea2a0d117788da2bd2fd33cdd8db14e7309f336775671d2d8fd3d82001
139 32 0 13 67 1 :4beba5da0216fa3d3e3e609881aa43464294267573d95c4a0d25293b7af7ac9b
140 32 0 13 67 1 :da3ff68fbaa424565bbad32047d2c8581ff88168a861d64412f9166708ce15d4
141 32 0 13 67 1 :1b2e9f2d1c0cfbec127db905bab82a74586ba9cb0f188a2d38253c096ca00795
142 32 0 13 67 1 :33a0ba4455d62b112c83649440cdf57e45707e29205e878faffb5c65e0b4751f
143 32 0 13 67 1 :adef5d700efd8d9f97fc2fa509a9c7929ef766b537671159080812a97d3fe739
144 32 0 13 67 1 :bbf886d92c756730a6c51fe2aae5d8b1dfd36773925c9fa4a6f6c8e8ce499634
145 32 0 13 67 1 :392e66baad51c2e8ad19805e4df239c7ca3688789b8923dd3cc2862ccdb0ad8d
146 32 0 13 67 1 :f7e8965f57f3771cecb8173602eb2cab4079cef23fbd1d596703c1bb888404d8
147 32 0 13 67 1 :b73e011ae688f83601b48a03836fdd31d00b2234df5b76137c4286ed3b5c6298
148 32 0 13 67 1 :8ac84b2fc50a551ebb5283ff904e3a6598b9ffb3a76950a4db5083a322dd75b8
149 32 0 13 67 1 :3639aaa00d6cc6d32944e4a9a2be0f293ff36aab61b63170d36555311f47afab
150 32 0 13 67 1 :fbc7b8f814b5bc1c49dcbbf906cd56228c41bc5e00cff0aeea19c071665c31e3
151 32 0 13 67 1 :4fcd8defd0e0c319884d7441dfddc8dccc77069f9fd18982f646a000d8939aaf
152 32 0 13 67 1 :38ad9a77fc3d81c150779ee55487465881262035743ad3fd209ffd8cc5ac5fb0
153 32 0 13 67 1 :b9b6980aa06422997d15065bcc8a071bc1bb036fae229e8a70857b7309a4c941
154 32 0 13 67 1 :635df5ffcaaabfaf3d05b5b1b1e11d952fbabe9da84d76eb5d9ecae3c034f84b
155 32 0 13 67 1 :dd760d0cea32c223617882cc5169db8cbc2c1fc27bb43d304f4d3112438ce1df
156 32 0 13 67 1 :7018f39d0e5d8ffd79d58172da2d4c89fa1425791d09ea19510c152d01cb9be7
157 32 0 13 67 1 :9432567bad37689d260cf48258ce6e10dfd7e1360c47e4839e1bb7537d77762b
158 32 0 13 67 1 :2cfcf5f5bca09f9eb525180129cf944c758ea25ce4ea1690e5200c1c0ab845a7
159 32 0 13 67 1 :9e93f1d7708adfa2c7d09d78a80f36764434b66e1d25a49464b80e659e91d126
160 32 0 13 67 1 :889435ffa6db51b1381c3d739a89d3afcf9510d4b45bb81ee931082041bea59b
161 32 0 13 67 1 :a4bf36bacad86a56f2bf4218792ca6c6fdc6cfce78de601546240230cd9e4147
162 32 0 13 67 1 :7dea9b21f7afa3a13cec6cabbaf66d03d5c34e1621b0245f0fbeac8e082c85a6
163 32 0 13 67 1 :df7f0388738dbb3831ab8340d8d992cdc1dd0c3a02cd1e2d1ae568cd3a5a91b1
164 32 0 13 67 1 :688ca949b82ade149b78736fc12965bda909207cf9dc3d6f647808656f92b2ee
165 32 0 13 67 1 :b05666236e111d4f6bf489a79495bf2d94d37d50b0532e44eeeae88d7230da61
166 32 0 13 67 1 :295996532762db433523148be7c3360b6024b08349628402c9303e222c226822
167 32 0 13 67 1 :38359831be189a0243f46972e9510fa7d5b8f8478dc6daeeed7713d7e7609e41
168 32 0 13 67 1 :448e0405d0ccf1186f09e492aaabfad4f1207af42529996b53732f8f8d921968
169 32 0 13 67 1 :fad9a5da3f3a6f0c768cd9c9f8aef6cb4f1310c492cb86d3a9b700a8d276ba56
170 32 0 13 67 1 :88bcfcab8a7db11b7f986f5d312e97768a048ac35dc1161f7187e6154c2c7ad3
171 32 0 13 67 1 :f927d398e7628e8bffc80335505a34841fcb68c8559c176a1225f6afd5bcd5a5
172 32 0 13 67 1 :38e8a06bb8e9d7bd74acb2871034b39a7a3a6a0a74f73c00f814d5eb97a1b7d3
173 32 0 13 67 1 :05fd3827b408bf1e3dbc4344af16fca14bc74e29f3dbb5ec8782f9429b0ccbc2
174 32 0 13 67 1 :56f3422f02c131605c53ab604677a067db21bb9e0a3f6cd8f92b230fa8284bf9
175 32 0 13 67 1 :2763a1cb787ffd3ba691f4ee8c61e1468295735b5ddbe1b163dc469ffe2babbf
176 32 0 13 67 1 :c1c6f7ba831d10cdc6cf7d25224e4435131c88e74dc8d3ec1e6b2be4b19c2641
177 32 0 13 67 1 :25da3ae92b5ac58e9dc2a1be0fa54c0fea740333ed7b2937664adc13f51efd09
178 32 0 13 67 1 :c66fb83bdd20e47b0c29951f732a063358616b4fe77d09609133b2039b6df2a4
179 32 0 13 67 1 :a53dad39087716b34f5249ae45ef75022a5bdf373b842d83e86b4079cff2108c
180 32 0 13 67 1 :de30c6498233e6229b5fc8949896f956463438f5137857205d1350345b20b7af
181 32 0 13 67 1 :28aa0feaf05b22b92b5c1960b4ea5667061babcc0c61ba0de87e3c96ade12ae1
182 32 0 13 67 1 :f21a7b83efa43b1aebdb23e6f7ed89758ebd9c7b43b9932d0ab4b10b8db1c7fb
183 32 0 13 67 1 :d736327a092bbb0dc28f4ceddd4e1f946482af8f174a1fa57322fa4ceb93db22
184 32 0 13 67 1 :6c831bd47b8aa611ef62cce144ad3632812f9bf6246534ed7f4e8f182cb75c92
185 32 0 13 67 1 :b1b0d39c7d6069786fb5f1f74971d88bbc0cafe5180f044c293721c3e877a684
186 32 0 13 67 1 :27ed771731980e067834265a8be289d99626d4badf49f7d7d9e5baadfd699996
187 32 0 13 67 1 :13c3d8ca729d00b0d9d66d1aa193e75d764c6cb44ec2dc54c592d910dc0861fd
188 32 0 13 67 1 :35426b34de2209ff600e62e35836dda82da55ea1ce998eebda782f44928600cc
189 32 0 13 67 1 :079e26bc981a3d4bc4125c3ca9e6ef52ea3037bb317a09bd6055ac01f60f8a1c
190 32 0 13 67 1 :a6ca59c87b101cab825172a8e39c60d5ebcf8dbd9ce0d295ff40d11f0896102e
191 32 0 13 67 1 :21bde4d8229c1549c1c85f7b8e8e15f31030cb82e650eb727d4df5831bd06c9e
192 32 0 13 67 1 :2edb045995a12fe3df07758de8f9b9bd51a723176bdb67ca4a850d78ce0b7d39
193 32 0 13 67 1 :acfb96824cc27f5ed4ac0afd328bbcd0f8a2e8359aefa03c663d8eb0a43cd9bb
194 32 0 13 67 1 :a8bf5130fdd5af4d041f992f97bdee4e5642f2a4e6c801ecb055ac565509a449
195 32 0 13 67 1 :ec6fe84643093ad091de01d267ab7574c8292ef4d6c944c12db908680b332108
196 32 0 13 67 1 :fe4406934d73c5e44ddceb0577198eb4d7648c7066fa924609d533b0226c4eeb
197 32 0 13 67 1 :a12e69c17a70f5c0a6cb541c27cf19dc31d7bead8ba63057d41d3160435b0dac
198 32 0 13 67 1 :96218bc5e8e592dfcd96bfb802b7b760fed16462c49728fdb4b53914ab03d80a
199 32 0 13 67 1 :c37c95c81afb49cb6ea1a9047f109f427bf0f6c9111f4c0304417be65d8f60c6
200 32 0 13 67 1 :f3379a8874d9dd2a0f97cdae0e7b7415f800e4d0e525cdcf67bb71e5f5c98510
201 32 0 13 67 1 :2d9e83b801dc24e33159d7b0e2cbfd63e90bbe77783d7e78588a04cd54ddbf3e
202 32 0 13 67 1 :79affeeab580051de5b5381801e999ef1506742a7285b40e9cc7a61aa20daaa3
203 32 0 13 67 1 :d721a0c16e1b659f473b99495d1546ca89c4517caf3d114d2694c5f2c0922661
204 32 0 13 67 1 :5fdac13ccc8d99cf9446ded5c41c93fe28cc0441124dddbde332223e1e8f13f2
205 32 0 13 67 1 :a13cbb7aed6aedec1c66a175806ccf828b07e51157c3e2afa9c6bb442f50537b
206 32 0 13 67 1 :96e263033b14d48c17ad0b23058833c6c20184cc6fee3c83510ae3821ceff82a
207 32 0 13 67 1 :299634fd815a046152cc8509cebc30f1f3c1123effac1a25c27357470e9deb37
208 32 0 13 67 1 :1a48aa6623de50097c2968c782e4c5c4bd6e2f71265e7927fcf985a2351cc2f3
209 32 0 13 67 1 :046e7eacc8be42dc3f32778b475ab7800dc51b22c90fc66dda048773530fa549
210 32 0 13 67 1 :160ef38902a74161b6e78248b83ec0849fedb09e0be7d3c6cb1f0b4d18bf40db
211 32 0 13 67 1 :342ec8e15acaf9bbc2ae01ea5f2cb866418149b880907a205d41f3fd3ea45ccd
212 32 0 13 67 1 :be5eed321ce43a5b0c982f63c0b46fd7456dcb9ff7be0e04d177f4eae0cba188
213 32 0 13 67 1 :ae01219a4713e6ed83bb3bb2fb181715c8120a228c33d883f622c4c3f1c38540
214 32 0 13 67 1 :30228069b0c56d0ae4c6c91b02921a1cf1665fad5d75b59119c209f0683b92c5
215 32 0 13 67 1 :10e2977bc32b09177af36d0259f6e35dc8113f731b8916ff0b50340abb6dd1ed
216 32 0 13 67 1 :04b5554b45216d50df15b5d579244acef83c237b55ad017395973d8787bcfd00
217 32 0 13 67 1 :7336e5b0aa6f910f0659251b23bb8ea02a995934cac4b9acb446d95056ece255
218 32 0 13 67 1 :d27a30b059d8cc1f07cb7f888d6802c07a4545d92159771d020ee2e30eaecbbb
219 32 0 13 67 1 :c2c1f96d44de4d7b8f9bf48cd8ff3893f869457aeb214abfd53694d4dbe196fe
220 32 0 13 67 1 :17c7c6c20f54106f41ba6d5e770a130f384a5e68cf36937bdd1867d26e55d683
221 32 0 13 67 1 :3158f876fa83acab99c5e7891f887f91eaeac7f8e4efbc3d9c1041972df167dc
222 32 0 13 67 1 :95aca867f8559990e4a5645cf2066b55300f55d35f0e083adebf0a4397bf6ae7
223 32 0 13 67 1 :9616e1e49bc32b4f4e3c141359c21fea400ca51b03f7ffe5aad6ce57c03aafee
224 32 0 13 67 1 :5f18d0f35220488335049f70da6955d61d219cf554f8fe1dabecaf24a33f8ce3
225 32 0 13 67 1 :942aef57a3c6258d9c39a2975d083d3925911c9f062f2408be77a1a347df84a2
226 32 0 13 67 1 :c392ca2c361dd02061a40926404de9c282add0974577606a4ce44accaf00cbc8
227 32 0 13 67 1 :effe29e5f2d77039408a5cb51dc22a6c5e69fb5ebece794004a301da7723138b
228 32 0 13 67 1 :7dee1cbe372ced4db5fe0818de217168c91effc53482e369316983368390a6f6
229 32 0 13 67 1 :c4c84c537ddfd16468bf4d41fff997527b1f69b623143653e25ba1679f95cf31
230 32 0 13 67 1 :205541c9dcac691da9bb669b82140cf3151355860ebb2c999a36f64d4c45a39c
231 32 0 13 67 1 :509e832f285faf1738ec3116f12f6329df27908856f082fc29e8efd4cf764bc1
232 32 0 13 67 1 :78f14fcd954e1d3907a1b7fbf637c0e36f5b1d67eb63d959f7861bce8716901c
233 32 0 13 67 1 :aa63ffa200dcfc17c1c46e027b2309465c00d23e2047ed71c189dfc18e98345b
234 32 0 13 67 1 :4ff45fadb895984d4cdf683b292cee9f787a91705f1a7a03bc33cc61d3187761
235 32 0 13 67 1 :69ae0cb48a7aa0eea82a74daffb38b297e4f92b890b8a523a40376d79d24efe9
236 32 0 13 67 1 :2f9221c137ab07c0ba118d10a1bcda36100739e9417eb165888796c599a8b7d2
237 32 0 13 67 1 :5c6da0f9a2db40d9270604039821588ead325ecf8bfce55306772d4a5b6cb88c
238 32 0 13 67 1 :927b8b593a8d607601173457b7064434d0254c1f93684591e648708f8a5deaed
239 32 0 13 67 1 :6bdc7fc29b37735e85bc7117cb6fef52edd47978035f212889bfc0383348f6b6
240 32 0 13 67 1 :816b6aa1d8cc9477263c8fe1f95a3a6903b884c470588208e3c1bc45602f9e14
241 32 0 13 67 1 :1eba7eded6536900dd868ad40a5b30441d26bdfcd2fd4bb91766375a50715dd8
242 32 0 13 67 1 :558c4db3e7223bdbd6710487c147db278ccd7b86b0477c6ba9db2b32565a208e
243 32 0 13 67 1 :956c7ae61a151f29532df3bebb880612a1498fc9b922e7ed389eb9d9d862b8cc
244 32 0 13 67 1 :c578b6b07b665fa09c9fb2b92a26d6b8ca74d31f385fdd47dd0123ab1f04375f
245 32 0 13 67 1 :56a85f486886af71d7819d8daec3e5008755deac2f11b99d59c1b4ccfed23f50
246 32 0 13 67 1 :fceb9f33c5d5868ee4a9bbde8b189360cbfa8da762413b4b3b91bcf9ccba44b0
247 32 0 13 67 1 :c954501af975b7d98e40f805f54a67c723ff9b1e999d104cdf0d88f538e35bc5
248 32 0 13 67 1 :303be4bd15eb637ec28d1ea642c7093d321c439c8ea55433a01b4180037d1bcd
249 32 0 13 67 1 :9d0da331e9583c45896a0b2833cfca3fb2e3f71e107468cf9e895be4c54e3ebe
250 32 0 13 67 1 :f5486557e2da59b6bb133960e0d817428393f016ad13b032b5f6103d1d9f1c59
251 32 0 13 67 1 :cdb8179bcdf09f2978adadc64179456d3cb22f8e435b69a3b96e5c2ef5ad16be
252 32 0 13 67 1 :3f417a634b81f7cf34f6deace28b7a64f4df198994722994078292708a645001
253 32 0 13 67 1 :0e5d77a2aa62e6daebe763fe3fe59ecb0303813c04973d17ea748823e1672ddd
254 32 0 13 67 1 :f165b15517796859d413d174dc68fd3252eafd3289df2b0dd007f029f056d433
255 32 0 13 67 1 :75988c2126591ae7aa3a86fea2d8dcfb901eeecb817cfbc1cb86b9f3f8ec0274
256 32 0 13 67 1 :1896d8b66bf9fb78818a38958c5a74feece57b49482aa98898ee53ec452cfdc7
# ERROR 257 32 0 13
# ERROR 258 32 0 13
# ERROR 259 32 0 13
# ERROR 260 32 0 13
# ERROR 261 32 0 13
# ERROR 262 32 0 13
# ERROR 263 32 0 13
# ERROR 264 32 0 13
# ERROR 265 32 0 13
# ERROR 266 32 0 13
# ERROR 267 32 0 13
# ERROR 268 32 0 13
# ERROR 269 32 0 13
# ERROR 270 32 0 13
# ERROR 271 32 0 13
# ERROR 272 32 0 13
# ERROR 273 32 0 13
# ERROR 274 32 0 13
# ERROR 275 32 0 13
# ERROR 276 32 0 13
# ERROR 277 32 0 13
# ERROR 278 32 0 13
# ERROR 279 32 0 13
# ERROR 280 32 0 13
# ERROR 281 32 0 13
# ERROR 282 32 0 13
# ERROR 283 32 0 13
# ERROR 284 32 0 13
# ERROR 285 32 0 13
# ERROR 286 32 0 13
# ERROR 287 32 0 13
# ERROR 288 32 0 13
# ERROR 289 32 0 13
# ERROR 290 32 0 13
# ERROR 291 32 0 13
# ERROR 292 32 0 13
# ERROR 293 32 0 13
# ERROR 294 32 0 13
# ERROR 295 32 0 13
# ERROR 296 32 0 13
# ERROR 297 32 0 13
# ERROR 298 32 0 13
# ERROR 299 32 0 13
# ERROR 300 32 0 13
