# in_len out_len m_cost t_cost time[ms] memory[kB]
# ERROR 32 1 0 1500
# ERROR 32 2 0 1500
# ERROR 32 3 0 1500
32 4 0 1500 58 124 :c90832fa
32 5 0 1500 60 128 :21a163f9f0
32 6 0 1500 61 132 :20bfa3e7a5a9
32 7 0 1500 51 128 :620889e40236ea
32 8 0 1500 53 128 :00dbfce4cb6dfd6b
32 9 0 1500 52 128 :f21b8129080be4dfb0
32 10 0 1500 58 128 :5741189e648fe43a69bd
32 11 0 1500 59 64 :fda06f5cbef6c8193209ab
32 12 0 1500 61 128 :bdf4a3d6171f4a37e7f8d42b
32 13 0 1500 57 64 :22d55345afcb7846ccc69e3ec3
32 14 0 1500 58 64 :a51de7fc24aea494c045258d578a
32 15 0 1500 55 128 :a8d538230e345f33dacd3715edea49
32 16 0 1500 59 64 :030a2ea4c1d39ab7d3cea66646415b47
32 17 0 1500 62 128 :4d6c4c22d21c239116631ff487ff99b129
32 18 0 1500 52 64 :d492abd305756883c0a67431999e210d134c
32 19 0 1500 60 128 :e7894650509f4031fbe00f076c2798bd3ac6b4
32 20 0 1500 50 128 :f0b8270d1ae657ef96e55a82ae980edd532a8dad
32 21 0 1500 61 128 :30168b1ccf179073e2ea776728e9b23e60791817b9
32 22 0 1500 60 132 :92f164b1c8eb0cba09875fc14e962f978aeaea6553c2
32 23 0 1500 60 64 :a7f41f403c47db1ed15bd32b46e42d62f00e771284369a
32 24 0 1500 59 124 :fb8de398897e322ad5241040a15250a722a240e4a8a9d8f2
32 25 0 1500 60 128 :afb867b989fc52ba93b3d5c615dfbba26d387b3afff209c8a4
32 26 0 1500 53 64 :99bb2bed86ba0e2c126c13491a87232117327327f09cb39ccdb6
32 27 0 1500 46 128 :4db535209667cee4d9db69b5ec46450192a32034077a315a9008be
32 28 0 1500 47 128 :a1b323e0f58894b672d621e46fa4e4a86f6ac0fca693eead83bf3802
32 29 0 1500 44 124 :b9356ff27e01185d4dbcf5ef62372880c74486658013fe83678236b6c0
32 30 0 1500 44 64 :41952507235b876ffa012f667fe6105340e8f682e537459704d0e79064b3
32 31 0 1500 46 128 :bc99fe81cfcc439a4a68105a77e0ef88bde64b52acc984b490764d3b9f02a3
32 32 0 1500 54 128 :40db15967e8d56ba6ef8c62bc879456bf8a2cc1831f3f29268d97e50eb7c055b
32 33 0 1500 45 128 :7d2b2072431d40b143951321f5b7497a352b53b5ca90de34ef658fc208406c54de
32 34 0 1500 55 128 :2768a724658414cc3939025100b7fdffe1d0cfe124a8949e02a26cce766e81be6746
32 35 0 1500 59 64 :e2bfb253f842a71dd3d8d6c48809e8268f4cf248de6776eefede67b5d2245e92c933d5
32 36 0 1500 58 132 :2cf44ce1517cd885d93ff1bd69d066cb9b886523e09baef64471661b58eae3140a25e84c
32 37 0 1500 54 128 :7451dd12fca444b17c66620c972f4c32c7a36ca0cec4180e7c0f33b695a1e144cd6671e721
32 38 0 1500 61 128 :539dfefaf129faab83dc66b6f4ac4d7d3f1c6a51584c65fb9df422904661b80ec7c22d4f852e
32 39 0 1500 49 128 :c80499f5a2be619619ec6b37d33fae1a65de10eca075231bab53ce92589572005d13d8da292365
32 40 0 1500 51 128 :1f04be22ef0ebb587661ac8f283c8e568f46e092ac3958db7a404b2519775c7e17fbbbf298934943
32 41 0 1500 45 128 :4cbc9fb794768e5a6d7cc8c56c59f1b6b043b0f8fcc3d9db49053b807c57f8cc7b1fab2c9a8f40f95c
32 42 0 1500 44 128 :9271ddae087762d6164a64d609554e70fb1bebadab1b2de9000dc963849a7b412f60df6208434736c7b7
32 43 0 1500 44 124 :739b36dc3daf32da753acb397f761cfddd5ceb9cd3633ae774d660e050aa2188b2bba699f997203a57288b
32 44 0 1500 44 64 :bb2151c68e07f3d24d09a99422d49904079700c568f1d2798264c0fa81165389b2b0b262c78939192437bd9f
32 45 0 1500 49 128 :4174a35d261e12677638debee4cce87f0d2b9bcdf763db9a4eb98bff96b54fc14e159b6d2b769992dcf06c968d
32 46 0 1500 44 128 :86fbb9d7c55bef4e8c8b5588d5db20015fb6c39f76fc1c08427dbfa1657d2be1326eb1c0564cf118615cef8179e8
32 47 0 1500 44 64 :b3bfc8d191165211547118329003d7d5b05b55a4a28a8f0aa3ef499e5ce56d9e833bab2a97fcc9a8e8cb7473fb5252
32 48 0 1500 57 64 :ea50d7c9fec9f86b0ee63f2bee523a44462c72df74f8d525f356bcb71ebca0812e727f41053b139bf196135f8ecb19f8
32 49 0 1500 49 124 :91a1c7a9611cb2b2e11d4707ac818118e2b044a9708e0353747f194ef2502db9c54a4b90eb0ef80872f268c02726c636af
32 50 0 1500 53 64 :931edc82732e41c1233e0673fc2c0c339e9b11aa70a97b692a0653db80f5173e5161ebadcb1a8208191a9039967a20c91d1b
32 51 0 1500 47 128 :607fc86ae94206acec7804ae0c07d4d46e4ac21cfce2c32a3c4405435433465bd6cc26a317c82d35dbc3c165240171c34441ae
32 52 0 1500 48 132 :c62c510067bdddb57eb4727f8fb06b0d84ecc4219650ca32bdf9f3fe968a03ec7cb76badb3835a2cc9435a0fc0e575b16c677c84
32 53 0 1500 45 64 :410b468aa5fff432c8576aace7543a505192af5acd14c8e3da066eedbef700a42ceeef3008c6269f3e9b397884cf54165db9f183f0
32 54 0 1500 59 128 :ff0e8de6800361211503b43e1fa28561ece59652d32a32535f8ed47180a98c0c0f71d5c84239509876983cf8679c0a4ffb231ce4a438
32 55 0 1500 62 128 :e556db082ae97eb8901dd3194b9bc18610b1842b509cdab76c26f08e93b08ea2f1d40df488e24389acf59533dd8f1ae021cf2fb80089e0
32 56 0 1500 59 128 :f0d27757d6fac0a29223c3cd5c4cabc20163ba68c358d86c56d169ea6c134088a2ce6ac791c73fac87aa9af1f0ef32b924b3f0a4a04e7cfe
32 57 0 1500 61 128 :2dfab3d48220ddddd68667850d950675ede8d363dfa479aa0baaf2c9840a3bf89f36d17b8e0b9f536bdf4a1233b0276a8858ffe1e49b2e44be
32 58 0 1500 47 124 :817cc7d2729ab3075195111932cc757d398b9fc5f7f745fdb5bc2a30e8b8ef042a14098b6d216114a1742b144a44d0c219bf65c91ff8b8811cbe
32 59 0 1500 45 128 :e4c07e7d6e36727a06592db5ac1fcfa1c99e0963f476b90fb4331c0bfed321bf9d580ce4fe1783a97c0057804f367365329d190f3e149f79fdd60f
32 60 0 1500 56 128 :7de1aec737b9c1669d671659612e9c28a1978044321f468f2962c534592395da8c4798d8ed5d70e598b0c62608534c6940718e429ce6bd38802f37f4
32 61 0 1500 49 128 :fd6f7da5aa11e6fbafec734ac9f24fab942dec4973e99245a46c605c78b0e1d5794eef19bdeccdb8cfc74c042ca052fe21a816aae71449fcafb0308d3f
32 62 0 1500 49 128 :729e586efef44e807dc2d253e4c94c9ee64799d852d2696d654e46a1324429981d2f82c4b288bee4c35e676d647272442b77fb5877d640ea0c766aa1d4af
32 63 0 1500 59 128 :8c1ac766169e8af9a1c597aebd78f5bfea0bb784c737bd9d15d418ec7946dae7a4b25f76597938bac38a0f6747a2e555d91c38170934f7065577ce92022f8e
32 64 0 1500 58 64 :b39d2831f8c973211a8b8b209b89374e539788a238bc012ac078da81768e560563c511f02d3b322a85eee064cf10c853e530dd4a7a7177c1d32a9e08d93cd9ba
32 65 0 1500 58 64 :24dd8c2010dae475e2a364747cde74bd36e4bc9984d7434137502b00eb102f0ec3c038093c61b18bf7889f23378d3807e77b0b6914a8db0e4ef805a68b23128f47
32 66 0 1500 60 128 :63a68f5767fbb57778f2e08b816e52453871dc616bf09a511fb958957b4f4cef9e77eb2eabaeb8f7b90f6dd91ea79896fe430e0c4c6f1c1d33c8f0528d2357303252
32 67 0 1500 52 124 :8843b4ff4f5109cf4aeeec2d8e52a515776e31c5eb13ec4b637aada1a9844e136ca5385dcac941739aee6dc06cc40c3cec98dfd3a75f3dacce6aecc01d920e32d670c5
32 68 0 1500 57 128 :a3ec2d9b97831a151f9818467ecd34822ffb42b4d73352630ee8a3d1d57572609cfd8bdd67fd0d67c5e930ea1db5a668d956e6f0b274693ecc24738e1e15bc705cdd48fe
32 69 0 1500 61 128 :1f5a954ce3b71198c0706b69bca98c3907b12f4f66c3f517117c1b3b16b874060be7060d3262c464841408d636e996efa64d672b1c1c9ea0e05cf4ca0bd95aa90927b51a91
32 70 0 1500 61 64 :b9711dd979abbe749ad9decc3c39100eeba235cc2107b7d07665784f20082e7420ec9d49c910836823428733ab96b053d92bd37400188d2d4e7b835309ea63b9d8ceaae3d78e
32 71 0 1500 60 128 :ce2ae9df755dd1b78b5dc8b171f1539573651c514e7ebffb687ca070c5fbd768677bd395604755d817fe330d7f8a4989a40e6a73c2d87c17fa7d49631c2a64698dcdebaa0f8265
32 72 0 1500 60 128 :af231e88644f2d39ca46a65ce110b2291ef5448d5254508e3a966c63bacfa412f21fe8d6e38a5eba0dc3f3a526b60ab3a80042f7e160d32e5491334d7c6c213a615ea262e06e3e43
32 73 0 1500 50 128 :dcf03dea8338f3770fc45f853d48a8f130f95b374d8cb49a89deaa25a8341d758050929d381e282b721bad9f0f70699743fa4a648ae0b339a6d43e5da2f31d78cc8ca0935ca052b1f1
32 74 0 1500 59 64 :719a558e6c19f8c9c6f4aa3f3f7369a260621253e383b7e09d3a423ebcaa71dd79e10bae97edbe37460bb0be173159c591767ce1cd009efd122e0c94787c2dfd24b9d83a7c0874409a3b
32 75 0 1500 46 124 :ac0b19c9e48c4bf0334322ec6a7e3c0e3eff9e9264d1c8da417e6938f37a02644798f4b41ae5398aa67a37ec00907ac612d2593a21208b9b5523d4aec2eb0b8f08d64d786866c6aaccfb84
32 76 0 1500 46 128 :99a7e55aab539628b42dd5f92e4474c0c6650eda207ec76f66834d85dc9e344bcd592c9343e3892de54bc7ed9a04df63ac5d50b9d161cc3b472f441caa151608f096323fd748dd9005f28bd6
32 77 0 1500 53 128 :f528b2afd85e238451b58b11404f26fa43918ea0b8bd286eb4f6874e4f5f1ec5287470e23469797bd7b30753d7c9e8575d1098f46e0be5715b6d596ee776e03973b68173d051065e032b0fde92
32 78 0 1500 48 128 :6f537f973d3f8ab7e1a3e7027ce12649945269e6afd184904758cf070a6e578392c663fc59b6d9c6bbcbd0b4c17c2149f95caa559f8417e3123b18e35906d6f87af71e9dcff71291c03ea421549a
32 79 0 1500 48 128 :3d3d8c1dc2983e59851ccea3cf2e10c273d0632ac4f40d345498ed9d5a2838772d679eb530dea50f49358ce424e73cc7437f64a3874a43a6b8f2e929c8d4981c6365162450bdc202d1950add0ffea6
32 80 0 1500 57 132 :d80c335cbc92e7b489951a887ad8a888332644e6b3a0d53d845114ab7fe2bdaabf3d0d560c4df68e4da2de8f304ba77c947144b6f70bbb377060ff9bbdf280471367f68ccf2440e79df000cc890baeb2
32 81 0 1500 59 64 :337c0f6bc20dc2e76c446eb8e3fa3b02774f91cd67eda8b0f0c7028f1a7111e20c6c46c67f37dc502d8312eb02fd082f9ee584a406abf5d3f43dd7fa833b7883d32301889e961218a9c487d3e026680570
32 82 0 1500 51 124 :d3a630d601f0a642fb509116ff3dc8f3c04489e1e1ffb97e62eec9addc24423047985527fab92bdf9a848a6bd31d12d4b20ae5215c236fdd654f2b08d4e69715e0c10e1dd65848f0cfac83ebcae064241ffd
32 83 0 1500 58 128 :20d8f6f1bbfaf704a5dad692c0097de436e6d01462faee98aa64add18758c127169aa6ec407194df07b0e2848eb5d0a258dea9d29e77b0414002f24a63f7e6d96c6b3bdf7506b12b968a0cc2a24bc6ce731270
32 84 0 1500 56 64 :8b94fdb75e3cc580a21c51a6330768a43e7a7b2125c1856bd763e0af9e7ccde76f46477849907083a1180da7f014219e3240f2ce01f29febe981ef9ec20ed5a2d7b4657f1613112a549eb783e6e08cae9a66dafc
32 85 0 1500 56 128 :5ed4a7041abf9f931c377ea0eae0d38c7478b3e979dc1b9ba5d3544ec7a14a6fc1c0d8a6d23eeedfa7af194651513bbeb8c363d99317ec7dcc1661a5a9af4313b9af8109fd0a6406b04425f18743a137f260efa632
32 86 0 1500 51 64 :23d25838f534fed94b6ca7390db2aac156d93fea269a3c652da2e10fb0475760889cc46b72c0e5e91757ec875a6c338c2f9588e888eab8b0fa041545d98734fb8f99584bf28339db207f42c205763b0681a266c37c4d
32 87 0 1500 60 124 :a4e7cb895d8858a04d48ab2276b7283f52f001aa11f0ab3d2563a1adabb7571c01aa1079ffacb914c55442a8d62c7beb7f8c8e73d4f8874b87ec55c084168379c8d0766f7df3c590bb0bb7e644b259121228472a71ec71
32 88 0 1500 53 128 :9b11e9a7b755a58c5d4f25f13c66cfdae4f1559602397540a978e792f88c0a57b043e791827785a14816db77bd8b8e3a89e4cd9d24d74255fba2228951cad6cce1ad2a342c71d207679cfd050516dff000282e1a74fbc308
32 89 0 1500 61 128 :22a8ac2dde7a8135d13257f5207302d7dfb5581ed3afaee40f34150e54eb832b47d5f7f5f6a32db59d0515c2b5ff9bda9c447c09adca2b91b886daf7c6d6ab6175a27a92ebdbb0bf5db882bdfd6cae05dde59a58bf6cedb150
32 90 0 1500 52 128 :f7ec3dad1fd3b4a129acd29047a6195cc1ffd0aea126e07b3c7878a9f394cded498ae738995404a7d7806cfe77b5efbfa4138c52510a8163c2757c1051bca4ac033fea523d728a48e1b68abb338d3fb42de097676411d9529e22
32 91 0 1500 51 64 :4e5bbfe2675c4cfad3ceddc955a25316e2f31c9444b78efd50a98e07416ec1323384a3760343baee2e96b5c9925538d602258c013da7e6cb54cdd6f42287f5cba6e2a5f1902fb51733859d09e5352ecc212d86e8212dfbdfdbfc1c
32 92 0 1500 50 132 :4b11145ce200663ce3f53836599c5dc1f1d6add0fd1ff2e5a55b6567129ec01ffe14fd211f854e39ae01a6df6d63cb7563f283bae5d9616606058fb082064ed6a217e71ddbe0393c2ca0e357e51a40bd3083c2a457b3c12fe5d44f21
32 93 0 1500 46 64 :d2bbfbc53d5db96212c6b417cbc8524cabd70bc7bcaededd2f7016c59bf825045ff5e7f954a4c2c8ac0e07dbf8cd3e6bb3250c39603c7d24ef68fd9381c1b910b7a5130f72c528768e2fcb79d79605ea574c54bd55b1746b7e8c020428
32 94 0 1500 45 128 :320aab936f0b88b77c3425b593677670fdef19af13d47a8798d3ad234acc6f82adb4c34a485d47fc69e10ca3cd27d9c8e3cd08db94dcfa32d9791952314bc02fd0e720c9d231f6f3a857086b39cadb6264eacb867cb6aaadac2f1fd1b088
32 95 0 1500 50 64 :0df7b81353090c256251819e823e1a8652c1bf154b705dc1269e0fc210a3f45c98a830f77c37f7ee789fe7dd263561ffde3e54f40d301b0508540dd69345490f3f5ab379c0049120e20d8526bc5ce5a4781f91908b1bc9bcb18e7581a6da3b
32 96 0 1500 52 64 :a0ffecff3edcdb425854c35eb6ff5cc2cac51e974f770c2c6198fbfa651eb08882ed547218e088239182793430b5cf757180f8f7cc53d7eb4e1174fb7e6e6ffb51d9bbbe6e639c7bc1bd48508ab22b27f48c8d8ca251a6b744073fead8361bfb
32 97 0 1500 47 64 :92d2d999234e308b1de267e1c40b7de7ecbf92104edfdbea2a72ef0e6cac6b99794598529788e735ab3452c8ebce63cea7b7334fe4384f2edb6d3990a03f0df309220e6ed6dd09e03bc7bd175587d43614b703bddcf1c250de52bdb8f5e5d18988
32 98 0 1500 44 128 :5a854ae5fff46380b123375a38b5f523448dc5484075ffa6769be618a229cbf49367cf43592904d27c634ec093aeb1cde70f28ccf8ed904c01c739a389da78d9149a3a048d18538a711a5a84a5d6212016e7e4c07b64b172db93a42cb0b1541f3d30
32 99 0 1500 49 132 :4e7089d97421e30ce9157d9ba106ea315e249a6819fadb0abda83b4737e321ae7d9f0087605942e1cdc182d2c6683a2bc0dca50c49f6f2a584c301d7c11d306595f04d297357c817caf09067b2de50e078121cf39ad522619444a68b03af370011206a
32 100 0 1500 53 128 :b4220df82999d46e92679232e009eaf19ab86a0e7adfcf3999298765a56e738f293173b6193496e77d1f72aa522e31a5599f5fe34cc3fd0ffd57f0ed33c785f594781300bf8cdeb6ef953d38d95d10aaeb146250ab365f0341c953261851b99e199cca95
32 101 0 1500 45 128 :e6b475809bd30f2c219d397323fb412e15b98c745bb758668ea6c20a1b5041a1499c46704bd1c8bf8cb5b45a9f30949d5b9e0de6378f2125b8ef1466453031a28cd988cf2f0c79c737f47919e413af238b9451ba99a3f8496848a5c177b1703315b631cbc6
32 102 0 1500 46 64 :20284a4660fa18e01163687703703000694c1e73034177f31a8c873ebfa18f8731fe6aa0860481be0d5aaf0e6454df6ded0e67885493d97000c66b28a22b59564bb41210c647dc940d052e592b3cac65c9302ac53dca02de73c4516277067344c141c3e91a14
32 103 0 1500 44 64 :518ca4068d9763e54853735768686580d950121fe086fc14ab843cf94417b21754b894c9c47178ed9268e9e03e7b6c50d071a7c740e5c49b637e8d6f99e90097eb508252c40bb08e4c3cb34647133704e63d58306f65e3a6a009a1ee9f07acfd4f219ba8e25980
32 104 0 1500 61 64 :8de490da3073e5b2c217d9dcfbb70522d5f1727000b28180dc6dd6a6292b794eb674a1a413547da593a2a62a6b2f75385c09518ff4713046f92913660a0ee5b52155f2b63c359b8b655252036cf5bb31c1016d8f3a4164a8fb90792781e431b1edba4286e36142b6
32 105 0 1500 61 64 :42c27b04673a0a94182a2ac2dd5befc7e831feef576a0dd61bd9ee076e33f5c4dcc6d470faf82236d929ea51e6d75bdaa41e7ba7b8a06be4bfa3f65c6fc7661dd6c17ebebb1200a60e172095c0da3979fc6ec0d1db610b7c567c56d92b49acecbfb5044aa45db7e790
32 106 0 1500 60 128 :a501964e32144bfe62f21ed4c650f71e0d3afd3d48491c6581e00c56c5efd68b4fcea9d0a371557a1252165a5ae9173f4f350cc302e5a5c68d3b7fa85df60e8ca971a9678e00147d7e481554f4ffb43143c56bca7e5a4c54b7d97f7553c29286aa73f30dfc0b4b58e920
32 107 0 1500 58 128 :ac2a67f878058f7710cce9816a84c5a06e35968009a6567a518b3f5ff246a806ff80101c80c2ccf740938ed7186f8f75949e04ebf714a755738440c48ea6829c495b9b581cf49c2cdcce42ef4fc9b3533bb422e5836b28cb1f2310b21d5e742042ca5200443fe532cceec6
32 108 0 1500 60 128 :f31e6f58cdf82cc7779e957a0e5f26e39b14f46a214d017f117ac37cea4ab2f67b1bb62b6c108a3f6295d8e3a3fb962c216d6b7da771b7881a29527b8b898364ac3c7e9be2ca4296a30bdfd3a4f69422ea2908c95b8d4ec809adcc44c07b361b3460f62d9e34d621b9162abb
32 109 0 1500 61 128 :97b065dde603d7b656062cc903749645e61e03449dc76a82a7f92fe5f3a3e8350a5632fc8a8c06a1f7c5acaa5121532e1f0b4bc4d3850555c973f9c0b4af264d1ac52e1cbe49e39b21a1db6fd39374efc3be0c9544d6d71f89ff8796ba60c09a0dce107423e03b898632a4f252
32 110 0 1500 56 64 :b09de22042ff736e79704fb1e67973a5a66147ecf28b443f75237b8e1f300f35be407ee12ba7b41dd42abadbcd9eaa511aeb5483d49288ba221df8f6077037d7eec8724eb2bc8412b30feb8300109a8b048c36161e836ab87f18329adffaa0d76d5759ecc7b04de6b214ec5dbf9a
32 111 0 1500 61 128 :bad0e3b924037d7cdaa9c3085514a4dc4cea245ece19585b66586d50f334164277daff0e2881fb84fd87873ad635d6cb31e34a8ff4be33acfa95c534cd77c955bf956e1d6e3f987c029c1b30eee9427872954d135d42571fc7c465dbeac35f707de3a5b937c0c519b4b72faa5672cb
32 112 0 1500 61 64 :f62f61cc8b1522c35e2f7042827de6e2bbfc3297a75e12d815d3dd1b20067b4f1bc8d2847308a989f1aa443d3986057f63485e3114939ad746b80d0c30adde6ff4a1cd838068f3e786883699919fddcdd914491ab89ab3f159cb62075938a4604baa99a923570b323988b3ac97e25c0c
32 113 0 1500 57 64 :8fc965590f1e7d51c8415fc00871d1449e079a6eda0ed10f63eec104d9525fb9dfb767d7ce183835a3ad6180b262bb335626ca383f589950248676d4678e28333222e1047722bcc24ddd339c0b5e5b0c22e453e39ae37c724cb57f60fc4e5d7826810a06c6f376f1591cc7ce17a9456d25
32 114 0 1500 62 64 :7472102ef85a1bd5f5dff8b4e17c62b4f2c408619bca8a77fef892c6b09406a868061d619414472f5caa3b2eae95b208370696e73510f9c2c87f96bc0674416f308b28c7a818997eed7c6a7419e2867846155e299c1d8cb96f0d4cd430432fd73eafc0fda6fafd150e494eba560784b1c89a
32 115 0 1500 60 128 :8535a60ec1f099eac8a58dbcd25c81fdc278c2264f8ac28a42747a85c1ab7f1ea92938d432b899bd3fd2e6ca910f648dc0b2508cb0518aab2fbea32c688ec76d2f00ec1b92d8d914ba37352586a38d54b8f80c4a0231b956b4d7f0ee58a75fe1ce264d96002d06d88f389f4c618d929b18e654
32 116 0 1500 60 128 :9af79c9d90e8c5f23a21cc2defc34e489efcdb11e2abf29148a007f7485050891196159169488d61cbe18236a7e9e003963c124e3be07c3f2f83381a9b414b36db3d5c9ea13426d62203d1e7b1c058d59f3f80c04dd002da41083af57cbe98d120e8d4bc012e12823b9025122bc065dacd7d2f97
32 117 0 1500 54 128 :540efe7de59bcc5629e3b1f6d8114983f89cc3587e4037e8326b181755aae1775b1aac659fe0a343850e729e6b1cb5f38a989131a4957a7f747a64f3558b317c0cf23e22957a6bf99886c2e55174c976630ca0f11cfcbb748200274b251babcccdb846736cb88ab52ccab4840035651f52fdd9d0c5
32 118 0 1500 56 128 :2c94edce0f4e0b66cbd509801ba7e73daeec66f6b3779ff844cd0fca91e77284fe7ab731928fcbfddb07e7a075f754b2cec17081e7ec761b98c6966c8cc1b388b5e5586729c96996c2d2613282cb20db26545d84fd4e00ce3d704d2e90119dee6afd448f41462961e8b2330c190236ed6c92dab02b01
32 119 0 1500 61 128 :75389e4d57ce8966910a06a642399554a67c5c3fed4e144e7d0830bb49a53965545dcd9f41b48d8e1edbd5b2ddcd9b1412e78e4c540913059482ff2d0eefd3f6a858f9ef6a1a2ac5c4679b6a336b9ded7420367a83f462161f362191c5515a8b0413ce0fa57feb5a7bd43c04b46468306155f96cdab90e
32 120 0 1500 58 128 :3d0b5848204d1971a76eb63dc0b661346bd46afd211681e74b6ac4001e884ffa41cfbd9d2b1cbf3c8abb2f1ffba9b27f0c624a7f4e256308088bae5c63ea77cb98fadfdf86d03818362fb0906326a70ae952b80eb04412f391ab6d47cf37e1a49e2a758d4fe011af346c503cd5c1a9613ea0c6af63ea752c
32 121 0 1500 56 124 :d3cd01818539d518a24da8993c789e706a29a537c5a7839835c77f5d1eb29e58b871109bee6a981b82cdedad284ed3356209b0ca00c87c47312b3be5ef5f6888ae339b3a5652f7d69ad53b113a7133dbbfae9cf5068d0dfa6c365f812f8a8638aa92a52d06287201b9a65aeb0fd81b2450493d843d4abf1508
32 122 0 1500 46 64 :981b025dd65ce67ad9ad90fa59c05e0839d99dcb5162433624dbc5f5f671a9c70e0a13c72320b9cd4e8cf6367691f83ff7ff190b4ece0276ad02febddd57b358b7507c6c8dd75a726c677a1e33ca8e50b59a512c35815cc81744ecc8203b473f296b04d1e62a72faaf2d5376f1edfdbf90ef7398577539ae8894
32 123 0 1500 60 128 :599b4fd75fc31fd05f47de08a809564105639cf0abd47767cd33bcf5fdcfe0ed01d692a4f8faf3065382c31e2f7d7b6588563ebce27abe733f2ffe653cc30f00018573c0e5e9ed8905ca6ffc982ffea7b8a3c557d85d2fdd8ac343e7ccceab5f380f299f2538ad36a0abd22de2227d0ff27caa53cfbaf4970e36ff
32 124 0 1500 47 64 :fbacd9306f296fda60fccf6ad68c99e35fb3318ff5e741c9419152c546c4581b901be33c998f1903d2cd1c9f4888cbf327796adc3650d8ea25285f25f7db5e535d38a29088f21cda12a601abf42e47d05a03911195c0076d9bd2379a37c4ab6922724a2b6770a3e75385f63c295d399a973d744c517f92569e56fa43
32 125 0 1500 45 124 :b9f6be96c53ac374e32b350d5763f35a8313fee257661aee1f158b4c46901de436aece319346a53c140a49069553d40d7b44b477c43fccd2112f151abba598956bf154b570c8957a35de4ae78a07e2cfd69dabfce27f24abf65206cda03647cc27574df4ead63b5dbdfc72e321c00938633e05f6048598f1679c728edb
32 126 0 1500 47 64 :b445bc6277fcadf2dd9f31666a2c8dc92574e1b8d6d529191dc118d7baf033f5bf918557b2abff5ec385870db7643342efef3b022a1249465ea7f14c7537739549b9539a2ffe055b7c2066c9ea40a22858a6f831963f70b8f186dc3f8aaa4ecb15fc132f4936affa61a7058ab06d8fdd05f3d22c1fe9f3e45e72c78d8ec7
32 127 0 1500 47 128 :9795ba10e6befe9685925ec073f345bba5d024d2d97b3bceaebd731e9859f72e76424b4813b7cfa4dfe25a82db048f16f6e66fb0623d2b1a7ce8668b1dd6b878d976259a11cccadcb3618c2a922067aa98a0cf64e5d346697f498379a6ab11cd3f1fd73391697e690cb602be86ee3a3860e609ff68427f691279d3749943fe
32 128 0 1500 61 64 :39067cb187440fcce5ee16f1650697b8deaaf19ac842ab4fba1c5478e4770f7b206c7b000bf4efd730c248d149d39be64f6340fdd32c11011e646fe909fe01ab7ebb7c1b497ba7bdea3b85e324bff15b2dd4c0d8fb53d83dcadb964ee716c2b35671fa7515d37e90f984963616ba424f79d5be0f341809b2c51c817344540821
32 129 0 1500 45 128 :9450fe16695cca671f915479d4f044faf2dde09cd45e892c5c6943bf90e6257797e948486ac2a9d4bba99f46881d7e4afccdd3abba6378d457a0284db47577e788baf726a085c01342bcfb3b07b77feec5204800ee8410bf76c7d7ba9c0f8c552722ce9f2c40927965e0c6609bbfbd826f038c245cac7dfc938a721e0e7114e2ab
32 130 0 1500 49 132 :cd47e0c7a2164f4fd71381e5d91e363d5fc85cb270f4a6d35d95b8c89214612127e99b7bbcebb98447f0e39a0e339eb0d32ef4939b69e6d810730d34ccda4232a9a2b986e9df925e1f62b87bea659de51cd228edd0df45e312246e1ebaa2d590b34a54af587238ef5d27018a8dcb1dcd7f4283cbc3c1934cb0548a68d23a274fca60
32 131 0 1500 50 64 :55b310000c4e35d616dbb77a0c131c3b38974f861b3bf4545d97d65ad09bc57b221522780db7911fcf1de7c01da434ccd3a62de84fa0788dfe15d7a58aae77cc45dfabf4e34aa3f65bf818b0624ebf517a97975a21622156949def2c3e1718a74019b930f8d18ff3ede7f73a51102f70098d3549b9a5e5f0dfd5012abe07e64e473ea9
32 132 0 1500 60 128 :b57c83157fe2e683b0b50c7cdf24d26b1db7af443b13e3eccf4c4ba9042759aed50515795965cc665fb44eb1a07202ad97ebe1be9dfef05b6c9f29532532f744d9b4de46004725c1fed8e2c8e613aa01b71a2bbb14c56ba5969716bdd3a6a148f5020c96bd9aba170cf37f3a58d52207c8d98d960a302a4788145b3e37d22e3b40e5f5c4
32 133 0 1500 60 128 :a6b1aa43e2da91aea41ae6794b7b8bfdc544785013cc8c1ce90280a7affb41d5c5fb9c1461d74e0d0ba22f937b8cb634c841792f3efc8ec16bec8282c92c051b8cfa0a4b6da6a7b6acc6b9dfee0d44c0c3a72f6201cf8f16c604941d714dd7e56c2489609c97f424efbc5dda92b5e4673688212873d2982ff2ca933cf376d48c53361a8dd1
32 134 0 1500 56 128 :26fcd35e077087e0bc058b1487a2496e003b30e5f247bc601a3f1aa98dd3769bb0e323674667403d2d6fb2213c0cfc81d1a24652fee11554f5beaa3f56ca764a4648edf581d6ca6c29bf4aaee6171b10aec5a9bc58af88df85fafe731e03fc830148ef1a1c384166db092a6cf53e73790789358b1a2925d3a463d835c6df4a5396d71fc2a6b5
32 135 0 1500 61 128 :739f3c53aa3bd896abdc2d58878a606b0f56b92a51e76fa4ad82ae196664dc8c44d8b36c2e28582b62301d02d872d693c038588aeb4cc8be59e5cba4906315df2eb2e12506bb2066970c7a2b726962cee83775f9025c209690ce82967b63cd920b137228d07148f7b5add125abdbf1a88a2bdd4c81f06069215c6810fc3c33146bf5c36e193398
32 136 0 1500 61 64 :717bd5f0e74322a65291adab069aaee4cfd776e3efa1705376373fe64277de027cf823f16cd2861c9ee8c95db7648fe742cf479447131108307b7e237167217e1ea10981ec870eddb37c72aa50307a94faec30195d255aa219c5ba059503ce663b151480c73164cc8a9e710adb5151cd412a3e6e36628bb06f0503164225855c2d9d624b685e0e1e
32 137 0 1500 61 128 :b6340a3c1bfcb7b14c1f42d894511e739f58b25dd734c8ac39c163abef6c4142b10228439033de31da686a9897f41bd8f16ba6e67ca7b58b7b5c2f1894191def59979c543c42c9c1c1f35cdb2b8200db7d01a1117c285f92976235734768018648082d6ced77f7a67d1a987cebfd24c0b7d556fb010b2c105ae89349ade7cda0ebda32f63d9f51f7b0
32 138 0 1500 59 128 :2beaab6921bdfc0fdfbad774de58f1f5cb2d263322d2fab53c09f4af0bdae218f9b36004f9987a1d8c4117255e717d7c20e8b6345306beaae76acd6267697de75afb7f613096abf0fe224ef7863cab5796c069f77fece3202bc940bc2d740fd5b9826e70798b1342e4dd20a746163ee50dff8efe150de71e5b278f989458c9309b88a29be5ee295b13d0
32 139 0 1500 60 128 :dc9f2107fe9d20a0bd102595396e54cfdde5e53a89cdc9be2971fa04cc8defdbb2c7b7481652127635ff7dfc4d46a924a9c8b6c17255881591f970e4b7a962e66039d73617bbd7350401e04b243404ba6c0151cb3a91666ec746662b20faeead60548bd42d9bdd4d8aa622e4c796b5956ed10dee18fdb78e9942d5d1ac4d609112dd0a03ae399fb13cdf38
32 140 0 1500 53 128 :05a6a5b90453dc0b3b036e4edfabcbad054aa58aa5807dd63026b79d9fdad4566d7c34dc55f87bd0191fabf64d113286716d983b0157bdae26f4ba4aa575d0e6d301ef0806c2999d441941dcb0a612760a933a22cb62286f6cf29fca989a7beda83dbea7b1dd0f4ecaddc687784b686b13b27cb192974054bf9eeff31d2d090a3746caabc71d24627b4ba830
32 141 0 1500 45 128 :956765aaa09f9c7d760a8b13269fa0d3d8b9400616c7496abe5304e103bda85977fb235b3c92df40f668a3c9a700aef760ef78a354ddfadcf0af84ecf1251427e4f9ba5d626d0a7d7f091cd796f661597871690511a7303f6f91343f4ca795df4402231f9b47a5f4ef132bd16abb55e3638cedd5787c195034dbd5d52ca0ea21eaba6bcba64c9c948e4f445b73
32 142 0 1500 55 64 :d31331b6c4db84a5dc501b57e778238498699ffeba527ae687ec74b09c86a20ca3943906382df2596585dddb899e5e5b33147bd58d8cfd705eabd13a157ae2863aba84d325c2c274e35cc972ef160035f69eb5eafae6a8f7ac46c9f175cb7825a3703cf04d73c84704b21d315547be613d1b5bee67fffcd05609c5aa4b7ff4a59cb3aba85d994cb20512c042018e
32 143 0 1500 60 132 :486cdd2c232e2bc5fa45d46fa04309bf90d273e823ef11b5a35e6755db5f205d8963c23ed6c88a4cdf5ad8fc05cb504a5db51035fc6760f3ef4b87cd7ec73e20bb7c8eee6aad30742bbef5384ca56122627954f303d6c033fe0cd740c0bdd4be8e7cd354c6ef4898b4e832848ab7d3f31cfc24e0012fd4fb660ab3975415fd6c71da870d87017abe9d15c28c383857
32 144 0 1500 51 128 :c38151187ffbb2008360bb0d085328028badd37a5c5780a8b890bac7fa3f4bb77bd7d105d3e2fc1818e92fcc4c69b3c326870a1064f5bcbb5b2831c6f6b73972e317d7bd7f94572f8a865c3fefcf7ed4462259afd6ee8ab9a375c28d386329f8c3f391946a6054825faf247335aa77603070ba1ed1ec28ac9cc05359e5f990fc798bfd3392a2d1609ee78ada12309eee
32 145 0 1500 60 132 :3b36f8cf0ac9a90a1900fc58fae4bd486dc1c365461d0a15a1a685da6aa0d7b76127c7710182579b41b5d5333611340576e08e5889d441419ff9875bd16ccbc7f3f7e803ee2e848054659587b89b32d7c7f5ee748e33111786a6ad51ff65c4fabbe842757c0f5280219aaae1ce031ace2d4871ef7172eed14f4375f2ac003d369139d35ea8be219406f81eb8ba310285a9
32 146 0 1500 62 128 :38f1b24fb4dbe7dc7853169d9fc6ab82157d6922d3e0b462137fcd100d49c345d457da2df244ca84c79d98dd5da4be8447b967e5be6172899b62f580011749231f62e3a9fa8f40f833a8f3b6426897c52e0f58b8bd8f6b1f451bb03eb853c76bfc684d2d903973707785a2c220836d6fdf0b35e52081b47c8225605bdb4dc14dc7b097682beda49b3657882afb45e9f1b9c0
32 147 0 1500 62 132 :0c205fe58d77e00cee807bf13ba25f1d69d9220492211ba00bba14bec7100f091f1aa6aae1a48a4e95b07ef7dd3384b6ccc781a2825da7b982dc52bf732b26ff03eff1fa0b172c2878bd435574f64cceb41d82dfae668084f9e2f558bbecba02a657ba36c8b15a55c0ddbec6ee6f13807116658385a3609ad2b6d7730673c011f146e89e5687b7745cdde44f3d0b956d80d2b1
32 148 0 1500 60 64 :2ed616fcb367c294874d5e4dcb9e2033c1c624036dd3f30730a62f462945b4895fb6df152f1a2d575d30bd05c8b05e76c766a874147ce217b1f98cbcb484536a926ec62d10c5f25fcb5ad733dbeab7d3a94c28fa645b02aa2247823dbd35f0172b6485340228692162e96e8991106ca1c3a0e2094432083c31002758a7bc4417f6130aaea727ca8a2775a8fb2c1b17e56a3ba225
32 149 0 1500 59 128 :b7b555b9dd7eac45783188d6039985fc14d439fc8994d9eed19a455d9937ab639bbac4bd5cc5b924524d916af0a277876c35acc04a85590f1c2ff75fd4f8035d4f389bb2c8a3730fa5ec599276902f303ec80fb5ba55860a9d232beebeb3b6427a948a76b2f7903d7e7345a08ec0841dc6f02c9459dc6ea674bbe2710b9de8661ecb8a4cd458fa27f9c7540ec5b3cdb960ff93f53b
32 150 0 1500 51 128 :f4118d78e16f62ff004d26413c0624d533e77138e40b1d636443033a67db4807104e81cfe704f88b63802605ce060c7f0fff3a12f919af76709fe28a95c923693cface2edd258b510c9242bbfe5afaed8ef964b9aefcb14506c03c347c9a835446cd19e8733897079d415c3e281da133a16787ec8a17dbe78d01f9f98a50a38e864d2b4b9c8a10c0785806c54563eccfa0549cd06150
32 151 0 1500 61 132 :870934fd4a9f5e11da536b379930c6d257f5dd7376377e10e4b14dc1aee3721657a4f8f4ae6a3e2fa77eef86285b77b3c9b91b4cee5f1240f467fdb86d7078e10de599e5ce322b341bbb2eea406e5bbb930669911643bd4bd9d4d02a3be545c0b3cdcd2faaf55c4c1ca3d16c2a11e05f1858ca0ab4ab6c18b358e9b95809f4155b3e49efc84f95927872852f857d46b0e5c9305cdcd6e5
32 152 0 1500 50 124 :6a6696a107b48aacf0f9f27b4ec07c7cae31f0b6ae2414b71ebdaade1245fdc1915cf9f423b85a73e727eab01633a7feca7ccc8ee1508b14a8ec2d8ce5eb1d5bf5e2a85f59a602ffe69b15b4376cffdb8bf59218b826949f2d4afabb42b3ba8f7313b19d03611a5fb186aa5480c7a84e36258b272840eb2f12fe40a3a0be9872d4dd09c5362aabce7f9621d44b01afad4e68754033bc4f36
32 153 0 1500 61 124 :614a8787a7776d1cb64ca4f8151f46585181ad81a2ecf5df60cdb786f8ee0c2b36d995ef429e719035d6bc83cd405b187ab8fbdb4ba9f7a46fcad0c4153df0464aa9dec284b111b124d63abd7a59905051f60c8a651a378f38bedaf8744f13b5002378c4b009be5bc6a4d21bbfed6534d6f7b879f089ec88fd2d8625db859f9e5a4ea7a4dd66ab8d4a1089ac5c3dd1a02fb3fdec7c2b061a01
32 154 0 1500 52 128 :4713f335e9ee1d97a753d1ef65d3fb1d72872ca914a208b2e6c2f71e096fbf1fe37a92b2dee2f9f347b9516f0227314503d96d6f88c1f838d56ac407e5e2803f3349982e8bcaaec120d03b68d1869e8ec788578af5a0452aaae17e833370e5e42634f2e2df6c44215d17ea022975346e47e8bc34a8bb5e523f9c02f0fe07bbe70f047d85739a9ca8b06ff4652ad183cdc90aa8af14747f9100c8
32 155 0 1500 48 64 :76886752368baa15323ab0355ab3bf777b94518a25a7a1340536d96aeaaa0c6dc04de674d808be172ad719f8db83a09591dbdb824b610d71f0113067cae7d62792cb3eff2f3370bca3e58e43bf5f749396f47919ca2cc0a333f931223a33e6d5ff60b0c754c20c6ba2de9968cc607f5ab30896a4b1c9c19e288e39c340d456660f1fda96e3a221f766b656c935043454dc3d23423bfa70bdd56bfd
32 156 0 1500 54 128 :89263960b6740e5a5a987465ec7c6cbf30258bca758a3043a88961a141d16267662b2a4cd3cc3554f2ed74b5e440a0be6a416fc9eab622d5b22e62eef120884da8ef3dfeba2f48fd7165232826e98e32d08975e9f60cae1795e0b06e7a7f0a7677e4767cdf35434dfe57813c222ff2784e9a6fc26b018e74c31faaa19c11710e70dfab3752c66f6a00c37596aac50f48a624c50e1de038c48a44fed6
32 157 0 1500 61 64 :26db6e64cac921bf21e18d729cfed750c645d531209d2954614bde00913ec60d8bf742e39107b2ca4ebb816be9828e596a443c9fb911465a60a8d688e9b8d1116de14c11c15d6d21c1c570fc391ebf166d41001e2aa90fe081e4de03283c071e5666f635a3b7e7d26b2f572238ac5ed45cb4a3a1e59100405bd6309aba89be0404c30333f2f1e9fb4d22493d3b01434f43ae9ca249db7e14a88da64ac2
32 158 0 1500 49 64 :8f81de164169b07127005d35217d396df1fd4c0028a704c4acf758bda512c3b2be145aef3cbb6fbcbac41891766796640a47f7b9e43bb242560c6556aeaa3aa8d2f573f5bb50b7554944ce60754174291853a4505fbb43b6671d7a15a59cce92377172d8aaf0e82465d1c54b9112e70203567bf4426558a1a6fd8186685eabda21a81bebf28bc8a83bdd1936e9bb064a6bb8b03c022c761d0b9bda96e724
32 159 0 1500 60 128 :4f82fd9e0fa43a3316e3c7770d81f611ef4d3e9b295556e430db77f3b03be00be23f94fc2ec39d308606e347ebb9733694445d4445034cb2719f37c3d0ec926bae5c8d5b532b436899a9820f7fb3871499ecc4e197368a0b9da55a4d238b940085ec575e4313e91d41b9e63f896963a0ca923ee30b6965711a09e2470704ea27b26c731ab8731e29162b8c4a5ae916fcb9c5dc2962a307e9d9fc0f2544761b
32 160 0 1500 62 128 :61f1c45f46b92c419981083564ae6a96f6fd7fb0976d6d22587ebe4c4bf5f3902ee99c189cc2a77376210a67e92bc342d5b5bb26c3914c63137fe2498a34261ba0ed476598546ca4d713675d6b23a130e034b26ecb808a3de98fb77c31ac5a0947c9634b9ab54e921c358398f41aff1a894cdce755582b83c6e25c5fe0a8901249b7ea23ce0799e82c39c70e6e4a685b598ea5255f4344980cbe7019af5ddcee
32 161 0 1500 62 128 :35ead9f41f566ac21fb47abfd363446b994e2aae03083a2b56de33764da5e843537b595dfe642a2ef5f9a60a577a36b5265da10d35867b62d12a7ed85670918765e14235bb40123077cb4d6ceff4c47701288a086d2349712a5450f3ec2fddf7ba7cd0c62657d17f57a12e1955c8e81d3ad62f597cbdd270ad5bcffafbfc329a8dcc17c3ed5c0242f5b9fe015d9b6e71f66c77539412a33f934cf59a23fa67b22b
32 162 0 1500 57 128 :de62c77e1358ed33a7923c6df3961e2f33e16bb4a10bc87e869324c59c4734134e1ba638c0650327e39f6e2a63c8a142119f23715b294e2874f01abd123871b81df0c8c59e2594c06e5ed2cd29c74aa4b9618c700bbce6ae21870e3a5b6792584baa8f351029126ee76e608d07caf8fcaf288a6b2c80e8212e387208a34ba7c623da82b2d3f52a6cd23dc840f349eed660d233575100fdae3c793d3fa3535595a249
32 163 0 1500 59 128 :a95cdcd052fcf3d5f6fc82275cd3d5e79e46cfbd8ce6c81eef0ccc620fdcf0c880cf902fb9980891d7934bf71621b85af1800b9ea27c16acd803b6360b439a4a289d6752f884874a980898cdefef8dc8a42c4910711b19285c6d73dde458be2c478124e1053b9ac8c6fbd5e341288aa945f681f8cac88f15bcaf8d0849719899b2e4d40e1d0e80d6911122edef87b2a3a2eaa657db357eef6013b8e10fea76a43765b9
32 164 0 1500 59 128 :90d606527e4936cd77f72ca0478b2126b40f71b864e6b7fdb7ef6cebb920b76d563a67dd81cf75758e3f63111d3c64e514f1aee7b5ec529f8d78de9ea828c0d5b35065f4bc65f56273dba0d9eb3b3865947539f0f3a33d15e708826b252ef524cb4af77c2214b4b536cc2ef5a328283f6450739182dabe45389a0c101ab9b8a81df36fa4112e930280f866d4f018ae4226dd33b7e840d56ce45e50a77ae622ba9457355e
32 165 0 1500 48 64 :8a55dc90ef06f44a4f5d0ca1130fce64ba62bc70c76365f1ec6d009c0278233d09985a77562bb54b9df66cc7555d8be93cedda85ef806253a517ee91ac535582dc64c5f83c6ae99a8b6a166645ecb1073649469481fd7f1ee03da76a15a0e6b811bd21c50f208c165a1b1942398d434939dcd3c691607cc49d9adace0ae85d037ca7b7deb914f349cbdfb55e9d111b852767cf891171ddcb125a4bdaeee0b960de1e103b35
32 166 0 1500 46 132 :b8a18d912b3d1da478634d5162bc32ce7acf6ef398ac308d47e13e552f380d0b9414455eb4a5c89e71bd6ea4184d73cadd2d58f86b7a701b874776d4f87db7b63b7ab367abfc8dcd5a575214f8a017da23851210061aaec7b57d03eaa046d55385ea0f9108965ac95326b9a6fd356b91f494b96b915ddc28b54cefbbb45a2583e2d58216806abf62a5a449d224e78a683a1bef17ec8db16ba9eb902f158033b5699abc50b3f4
32 167 0 1500 49 128 :dbaf24ca72f73201c1f634a6eedaac8cd6880423a661b6dc3f2325d2ef67b332f587463e7e3e732596c8d0abced2febf04139b5ea494203b411f00fa8aac6e42d7eb744991796f3496df551a28e37ba354f1bee31874b7d6b99163873c9bc3e9f081aa0d03bd27b00cecdd71642d31daf57ee7337cf392513100228cb735a3df626ea5ca6c2ab38a21a5331d763b9c9270c93c6e6f6d69a1e809522edf1a877ac3d15dfebc4856
32 168 0 1500 48 64 :3c374d34d16d70506bfa80b2a6121176fbc57f673ace7f6ef17c9f75a31ef64a5fed0cb76222d7541ad91e17a1962ed5757ecf5a34ce8d1cbf9a5b5c0217fffad25fa5e299fed54fd19206f6a8e11e748cc223ba09ef07754a064e958fff521c206657e17ca266cdc6a2ab62076ee373f932cc6e13e5b7eecd007e25348309fd819e65350dda529a3f3848730e63ed773a2add3a82cea3dd5c97638aaa1886ad0b4e37ba8cee1f9d
32 169 0 1500 44 128 :ac8715abc2bb37de6bfae8e9fbc9d9e3acaf9be220302d83097b59d2c67cc4a9b803779ec7c9d61e1fbb44e614fad5c64c4855620fd9323eb83a6a0fd39c46787ca71170ca7f9fc800fa16fb9e8852ad9e089fe17feead231541731cb3cfc6ffa84dccdbff1c112ea3ebda648d166395026ef2e8dc339abb8d274a1f6c0dde78e2ffbe66fd569ead68b59009015c9e4300d3f5f6e1b23dd1f7aac16038814c4f341e63db56fb8a8fc3
32 170 0 1500 48 128 :6eae62319574e1a0893c8b045b19b6fb0d91f6115b92ca276bc82cf68c05bc38b35b7e9a104b7003871a2c8a4e2f610dc49744d898b5c1b0446be6dca146f4bae43b0cf8f8a5903f4c555f7c4149b4e4e5b7f7ae8e68f140b47cc186749c0a3e7746f1a350f5422c647f6cb327fa538f9b6fba7f9ab9779f3709f2bc323b5ab02b57510495ed2716426877626aaaa58582f61f6de447a9ed4ac87c4b5087dc76c7027091539b14f6c564
32 171 0 1500 54 64 :86d2151f1c1c26af01584fb9afd3ac626865cdcc7784879cc2818b8b64785d1119baf5c7037fef8c9395241662849eb5c8121c8cbd89a6ca52ccb43a57614ac977156beeb3a9c6f1caad3f8cdf8bd8523f02e2318019e434467e3516e38d32eedf233c06a3705ccc6705e69ba515096bfb52046b3a864135426c038add3d9d151c3761a308602b42db69d23df1491c0483b5f04987bd5c0370f598061aaec6fb0c311671cfdf6197f86033
32 172 0 1500 51 64 :4abffb3363adec6636884be6f761b28a9e5bec32287cdf7779e05e74f58f93e7dfa25cd137679de66cad9edb954a708fd3f96c267144cdb78e3876ba3dcbb6588bea1dc4894e2b71fdb61af32427b9ab467f29e48ab7c490f2251471628772dc207ea1ce8d9c872be595641ce1e4baedc2fc0bbbb5fbfaee364ffa416468f5dc2434d26e651207b1fea5149c938106a9810d7d10784c57043687afe7df1db532ea7d9bbac2e480e0edc14c13
32 173 0 1500 45 128 :eb39aff18a78403c07589efc49c19cc0331d7afd329297410903f31c32bb4b17a53b464820126f88b7c89ed28e0f321f55a7ef3374cb013f792b169b94051ec120d0a6c8b4c1a752f558a3fb9bbeeeca00fec05157882a243c5ba616fc06322e0c16fd9ef1292eef6c469d3c1fb5c3da290260c9c2ff18ddf16ded1bdf8ee94b87aa03a96c341965709a49e521a518b88d58afd2735b4afdaa75562a01b56f927e69654f812481b397c182d90f
32 174 0 1500 43 64 :8680a5300bedf4b7d1b2195fd5be955cf2c4f29370eebb93c7a306fa0e4c5c0a4fbfadb6f919da03812a3b203bc3e408bb37acb654a28774fad54cfe9c80903f524f22be3dde04d9ff01270a4a8f82578cc85b55cccd1e350c78af84f5dd15c38d346867ae8def88009d6184632d55a1fec67df7f4cf6beedc638433ea68a7268352ce62c83f9f710685813ee2f2c770841977f026800e12e386ca60da809ed0f384f5530e36722e39d8c4087683
32 175 0 1500 45 64 :c6dfaf731ea8cfaeaa413864911660355d8a541d85031e3cfbc284b7b3c3b8491d97b10d20dc086e58086f1ab09b22b77a1ce9630e86c44dfabc3a29e08e9c18b6e39afce7ff4629f3ace1e7b4544820abae157e6571376c0459ab2450d26075d78194a3d4cd2fc49d5bc1180bfa6e1d3394f23c7daa9f75eba48c9c3665ac094ff2cc86dc606e3f68594fa332c7ad82198ecabec64e58b8ef6f8e9f4df320cf4e6590520b3f1effbb25f57522eeb2
32 176 0 1500 45 128 :fe511485d3f05e339b13b545aaa0e59f2150ef30ec941aa54e6c64f445c4e256943d4b84905f7b8eb72c9fc0ca55334331c90b68637eabda2bbe3277ddbd774d9fd1a66f630ac5eef5fe6e65b734e9acb9ded4c2d07efa2ad81bb7183303c5b4899a76e8bb1d6dec862bb7bd5e44498529ad3ec9d72fcc0514c82f0079612b4ced181a81d92c5cbff24c7b06a03caad6b9d92e5ae1b0c685ccfc2011dd39ce418f55b3f642313ddf4781c1ec47dd3359
32 177 0 1500 52 64 :99ebcd2ecfa508e7d36520937a79aa923ff329320ca97801c7504b865356b5300e98c7d42f1a46e13c2128f8a9a4bb58645035e011707aa2cc7ab0be811567830ef3d4b1610ac6cf1348398f45f6330fc28aaa2570eab4f9fe3dc2cc1bd0862676f76477d22126d49f167a71113cf49341e3c05258d34e748593527eb68e75d3d99e830e401d8b685c73eb16be3427020c039b57e597f1dc5ba790663186cfeb7bf8a33bafb98b6923ba2b0e4b2866e427
32 178 0 1500 46 64 :0e3f1a10c86a6c23241f8d1489075616493b1e463b9f7768c2c664f3891fa47b2e75bfad10c5eb51cc16fd7882685d4f3a1fa4735c56d232b9709428bf0f8e7bfc761a17fa2feba4ea29803b8378fba4ab7f26f2580bef78265c16635218070a2e1284e0d2a4e8af4b20c3222063b2beabe9ec5f08bce5a74c3e24024401d4a9c7954f15e2621d81f893c5d66e31cd1134cf98cad488942f8255b6977ee173484530251250f0255e315896bf076f24fe36d0
32 179 0 1500 54 128 :2623ca3ad1aa1aacc6cf4fcda3a98f1c76a7f3d9a49ae8ac8ba984e65e2bc98a931021cbb80bf18e67fe2e3d5658bf2c7e91c3fc97f3f8effbaac8f5d1b615d8723f51bc2659418b265327ef80bfc4181e1fa69c83a0e94562de11a049bf711cd65030099313802a29ed31800262a866865aefb07f9ba7db709d5f9a3d335ffb75f3fe23c7c93322d4e9b6a320d25d4e2caf1bf38c987931ad141203196f210383529a5ea46e14ad27446b995e273cadd9e6ff
32 180 0 1500 45 132 :106dd8c9cba032aab65302b0b0d30d78e84ec163473c7c4ff67ded7e91fbe1617a52e35027820a63763710ca2cfdf8b4d88f95be1130c8ec8de067feb855e4527f00516ea04877242bd3df4459aa263ee52b4ff06bd0340ae16c6143323553689a73815858b1c20ef01b6383a436e02db563694b321ecac97e2c273cdc700a2b3dd05cae427031c77192ee88e812d7d824948b332a38bb3e9a4d783a371b2bb5bde41c5d0869dbb89d1129d0ce788c52924bd0cb
32 181 0 1500 53 128 :710bd9c12d17642b90bf7322153881772d744a514048690a99fe4b41b9dc8d5a524a200270fc04389e3bd2ffda0754f68bcfdb36d1e6531faa038bdbb649bb7b42ab94cf48d9368f23510f07f00afcf931ed24c1fa87bcd0224090d228447db105586772e861a48958aeb617ec3e19aec692cd8bebf186983a3d8fdd594dbef7595d6539e2fa35a56a8f7a71cd2046600ae27cd9936d28acaba0c3f93de2d1ed8b7e5f7c78a706805634ef90f13c32e394a4e74557
32 182 0 1500 61 128 :c4a650634b5ad021d3697dac1d81df5b5d4d85a392217da8856bec38be276d4a958caae34ee08065ed1f545d9f97225ea8cdc4e3b98dc17534b6fdb90320ba28dac611960c91e7befd8ddca80fb62f63d8f918213ad9658f26bd2e11b65d9b37e97f42f3ce4adef8a7646edf4b503340bc7291e8760ace0586029bb1fd8cbf56d3fd2c3d2cfbaab668236e77cc74a72911123c86a2a3ab351441cdae1eb621941e80c69df4d33a7a5c607c42024f38322f3f843b1521
32 183 0 1500 61 124 :d44998982df2d88c5a45ede1ada2159b62cde4214e8f7074b83e8823f9e0aae36d1652aebbab4a1d17c3026358a3c90582f63566a137aa9da0abd00779a6add971cd372085685515dcdaa6f727de1d4826e29457fbd651e4b9da4b362c48cc19af3d3028a8c4917f946e86ff8acb0d261a5dd5ba3434d37091033f19e07d1aaa19205f6c2ef36ab5e35685a185ba89ffedec82346541207a80f8d3b173a1a383af17375bd4573021d74aaf82ff8021dd255d02991ace0e
32 184 0 1500 62 128 :362e6596bcd76e24defc67a6035a9dd72ac6d30b38cc98f316344b875beeda2a8319ca444f033eec792a8f2e6ed1e9111090eeb0f36fe8b0eb08e3fe7a02b4d24f17fd4410bd14135aa281f59d4c3f29f7d1c9c1c7bce024d08a7a065710af0e57c462bcdfa1a256306f379610c217fb4fed161fbc3c27b424eaee22820ded302505aa970444519232ca3fed0368cd1c98da59293b13ec2579e11ebcd8953a612871af4973f7617b1cd4e3cf1aeef5118e38cf569c6260a3
32 185 0 1500 61 128 :17a48b4b75d67650e2444d05b62c4d2026ef135beb0ef6431653c5d77c919e07fd1057c7aadaf85b9def62a1679b5ea67dfb3419ba86b20485a6644039fcca9146a93886a0162dfff29449486f8da4c49503f909188fe77f9e7b8f3b495e813bd7f3f0e5dffc2c09d80c46c11c3f3266916f8a0c17500e415adc841db6978855afb7b9c633e3eb44fb7484820b9c3421437cca5dfef0197d6ef2cabcde3948f3bc486c6ec12f4d851934906ddce16a8e3a4915088895c0c740
32 186 0 1500 62 64 :9b3ba9724fbe4f7fb9db5cf3b6f5dc782b63806bfe686591edb53f7bf3c3ee3431cdfa6dc0632204ce0a2b86c4ceaf62e9a89a26dfb97ed0e230c0fff07e00b823128d0cd8b0301b15273c817efcdc8e280c670ce9dbc68a5a678920609398fb5ef0b823e09b4683b760c75fb02eb798795a448530aa0357cd7881db77e1b6ae911c27a340cc7147f70c295e674c6956596fc6e0e248500b5918217192a94dbb08775683ca0d993cebb9d79781fbf00836af7e1da0385b8cb61c
32 187 0 1500 49 128 :110eb863b809ed33c87be6a5e2ffcc6c4fb31fa65083c2aed1d0c12ecedcf7fa281122324cb94e50feb74e8e30c7b088723378b8ae96885b6ce8efb3ff4ed86fce06c3f24193a39b1be4da3eecfcb2f4df4e7768b8ab29250126a3fa88a820b310cf8dae3dd20384d62e36cca24065d4e12ddee1c8886e954dd49f35bb9112d7c9ce86e34c715c7946390eccfc42e6720ea6daccd0ffe0baa2a20faa5c376becd704dfdef7eced3d239186c51b758adea7c394e3d701114bfd76e9
32 188 0 1500 45 128 :56be19e05b5573fa6aab2284479866e05480cd80ce100219292ae47d3591bb4cb6bca0825d988b572697fbd44451af9d06fbb2b2165f3aedd2d4f84a411dad90d6d13236adde0c506881200168aef772b5c045833cf46cbc1faa05a0c8ed2c3aa4aa237b3dd7679038981afd27999d5a80dbfa6d18f65eb3550c170f764b34b69b1cbce0ccc4784a4a0cc4d92dfb02c7350dc06f86775f329f48d89a0d04340f630a760de7df4c2d82a4d39e8e9cb2fccc34945250520defaf0ac791
32 189 0 1500 56 128 :5ceb984ecc497b8f27e782435646b2c9a5720188049e08217d7ee4e2c4ee017531782d853334db8f952d72d133952ace5c2f031a8988fa2f29c992230c1be089a888503903890352e506149dfb20c3b03bef7c45e8bb87433e0fede1d5c2c4c5a06695f410c1cd5062fb51c674ca1d2f7177cb89adeb5de5fd9ac9fbd2e386521a18ec91ec3d4197bb0c9b72bd463f098dcc4eaea82abaaa12befe81dd7c996983cc50f6b4cf9ec0f237347fc08efb237295bb31cf25600f4ede1a13e8
32 190 0 1500 53 128 :242f22026d8d609d680c8f3a584ecd2ea50b03f63fb06b47d188b699b98c2d6b5f84347fbf606fc41f0f7ba73dc620cacd1055c2a89057cf697a0a031d5d3a92a1a35d736d6bea02227abd9f234327b98adcac05f6daa70a881811829b458d64f3fd452bf275715564116844999003b6369b27455ad2bd3e5e7f4303f0ec22b9c333c346815e46e94093bc78c8a76728cc81cd1c45bc3fbdb16816c6c134c8a05a61d64d30c32df4ef464d94319e68ce3ba82dfd0f808d86e01b264a8e4f
32 191 0 1500 44 128 :69944b18d1e401f789cc92014ddab1e72b5ad3bdf56a8289e37ed3d153c0d9c112c7852ef5b149558879c69865b23ff6b26626e093d505424f12fba45ff37273d0152a03c1934b65cdaf7e3c7d64ba6de513eef653b7a0151b5d68978fe96eb690829eb69e5846dfd0d7ffecb34501b2b3ebf11e56df070a561a80edf20dafda604aaf39dd56fdad033488a04d35f0ad111f004f659aef24457591c4cf20425652068f39bad1b6fbcb595ed7cdf3fc3eb4af89c391edaf5a3e0510b2aaa219
32 192 0 1500 50 128 :7baaea7c056ebc09ec3189ddd8a17d756c7dd6813903fa2e3fe1718ec77e402fe79b8a6a18f50368fbfcaac1e67c5e258d012c343451e87badb1dfcff4624721348e17be759cfa25dfc03e1883274a47d6ad612451712f37cbbe28cafa9d231d937eb32d43680008ffef0235f7b19856e97c41c0e4a7863d1b4200598f69003d346e07ba4c9f7eee2ef4f1a1c6270315f4c897d53936a121d7d530f65b0dd7a0151e18620621496cde55086999ad89758cd56bfb8451b0ee8d5b372fbcbf29ae
32 193 0 1500 46 128 :215724eaac9a08f364b0bef60218b684608e10d2bd0463277ed51319e062d923d3ea4d3b60290c23b4ef489dd48618e7332d21fa5c76d8e2dba0c79db7a43b58ebc3a3faf43165b67822aa87f31a62cfccc7637ed69e6bb4f16435decb54dbee44e8bcdcf517b6efae8d3b2c349198aa04709215673d52f20ff4d6d76efdc532bfe8ae3a1e9a228903b8bc99e9c855b197c1515b524765fc732b85b295a6633b4303d79b2fb259007a3118ffe2b8ebf6b30aaae129534c62c3f740b902e333daf4
32 194 0 1500 58 64 :9a557bb40b45db1a10aa4ace4d2080302dad69b294f147f276447c3dd1f0dc898fd9439f6aa66a7c1a81668c426081f34e94068a3238ee001d52b70fcaefd0dda8bdc2bf754ac57f3d19c50c4dd3754679a13147c8d671144c07544ede211eb86fb1385ff2b12f516d9ce9cc1becc92860b80b7a94dd895a60f7288433f2288838017ba40900fdf42617bdd8ab0c3425a39da89107e7fe5938c5b94c369e0c9271617746c677a7bff489f71a085716a412da121d44d9c38c8022381721dd5a0e18c9
32 195 0 1500 59 64 :82fb67774a460a6c156a01cdb66e9df0e8a6d157d72aef708fdce8e4003e3173e13e4e4a9fde8ba8a619541468c91cb4e28506e5247c4fb12bf1b13442ed65b2f225c970fc9b703f2fb67782e9350d9423ac2cdbb13ebd7da61142777085a16f9c0095ec608cc885ef3870da6166f0cfc35007f3bfd2e8e3ad4c946d6059b8601626a74230283cdc069bdcb24c5c7c1239a342505e342874be0efbbaddb6f638a2a4f7a8189d383a17ca0bc6a1f8939a347734eb5b2101629e5874f042b129c44659c9
32 196 0 1500 61 64 :75f5e0cfd31a6d6d23d6a86261356eb8fc1f9f1995b0a6423df7ff6d5b9cf8f638b9c056e3b09a09655609f8a9c4d7959e7e7b77ccf36ab43a9c635fcae8881974bc53cc34df1233698fc62dd79b35be1c1a3ffd101fb84de68bd2b5f7395b10b69fe38f05bdaddd0c51f7b1a64955b63dbe265818d7942af9bd1f07e4fe9142189ada6913614113a372082592db7f1609e6da4ead265f498daf8a446b735138257598d686436fa7b9eb2208828719c75f9ed5f993d825331d2f64c85a7b1c6ea1f443f0
32 197 0 1500 61 64 :5be3d3b1712a007535947f1849d83ecfb3b93364a895d0cb3a73979f0e2e95767e1d2d2dfc8b7d84fc39fd20a41752442394c263b2072291e31e0e9153fe500bb988c6c666a3e25467193c77cfb538a83dbec309d47668fa17a9d3d9643c303d9ecbc563d72ae92d6ab383c92049f3e8926ae6aa8136e92bb242f41d919fcf1fd219d6d6ec08b79490bf37b7ded6f6849854fca587fbc1c195223cc6c50c5a0a26654822920592ef159550eb74fabb5497846c361055b1accc3c49a304aec010916adffd2f
32 198 0 1500 60 128 :6f6e322a2d5aadb1956ca83bc2d66165b35ae3f42c6ae9da84fbcf7f9f6876c842022c6f0755a344cdb0760e1147751bc1310f5be73fa49c33983f178967a6c82584add91b3c14e48cf7789106fbad067054a207df508b199668b14950dfbd5abb441da6b61ac7bf850590d5048a72e74f5da14528a816779d24de7edbaaedd4361b799af26c3965bbe947be9cbc79e6b839e93a36ea17323ff4e8e7002cce90dab50d2548eecb6f64e422d7a2c09150805e7489b4d6ef148285bb566c2caf4f9123b5806f38
32 199 0 1500 60 128 :9618614c6e9112bc374d972b90d86b7514726fabe73e0187a2c3eb9f49c55a9472567839ac55ecf4579d4cb7c9a36ee3300061234e037dfb2a3970b3cc979b9eabec91da04eaecbf134b377062d2bee85a15ff5dd5970db668a991e4ca03808007ffa79ffc2ebd21520fce20f8a8611bfe06afeae8af896e0466bdf5b47a747dc64903f60f2f2ba28ad8902375ec93901626df6e4a602b9e38f1a1193a60d25c01e0d0bd5638a47daaadebb6802215bf0c09b8563ae7607a247a182029c88db1c5acdcb6e6c998
32 200 0 1500 54 128 :a5c3a1290270f988bfbe5d081f8767389e529d64780910f9d37db766c043b777f3cf26ae655fda47f100d92df0060db05daabc692610ec795e5f4ec8209b23ae6f9f539714d4d3265607fabbd002501f96677c2ac415af4834ec1ffafa438aa56c953c9bb3b13b1ff1ed7c6317a655adba456c044d09e4c1e225b0fbea5c41a970303a47c7926415e64da1b175813d32ec1073bb24eb8c9bb854f79f2c20b31521e8128c93a6c7e8bd58b948e6f117b78aea791c11add76dad31628ad2faf7870b80ea54cd2937a5
32 201 0 1500 53 64 :ec7ba929c44b97797d5f741cfd5da85b349ec52c6800d22a5aa4022813c0feaa715d5097d932eef6341bfe274aeda11bf7cf4f8d4994ebfd176c4a0752a5c0784c020dcac87e11385f4c3663e676dddd2f387b91f95bb71c480e5352cb003b68be480d6ca856ca6704cab9178bbb6c8af30ec1120985ed521f7f187788aa52fe9f1f145b7a00099e2d6c19e9bd624615653306024bef68762edec12efa20d14ce569ff4d1e9f089fa82c9b2508ea49282a46ef6dc5da186d1de97003ffba5ff5899021bf1c40d30399
32 202 0 1500 55 128 :311dfcdac3ae637c563d2e31a4207ab32ecea78f7705a786906da354dd16c309c2989817e2f621cabf790d67d261df7268a09e177a9e1ffafea12503fd4fc42fd14212c55a3cfb7c13622319cd9788efd055ab08930391862ac194e8401476972585cd7a4d4c4c0e6686ea638e97f2fc7fb9219c6cc8ab9752ff765d4a5bc96812d1ed587f38b4a88104a9b4fc687235eeedc5e0827dc9eeb2f6477102022b1cdbafa9b23b2d024ed5056596dfc42d96eb6b2db81325da5cc695618ecb60a705fa953f64121a676bf2e0
32 203 0 1500 45 128 :ecd54b75436122a7ef2e7a968860232813e669a1ef2b197a2e805b1e49cb16955e79f26708a2de54329ac61bd8b0f85e30deb6f13cdaebe35c80497fab30c4b700eaf8e37d6df4586b5c4460260bb9c7f2262d6e3e592e1848941faa3a9a63a67d41a9548e290c212543ccf75127503d370bbd0ca5c708973554aa5279876e574bfd25eca7e893a697cdf289bc489b68464c905b81a6ed2268cc7c555b0d4bf3bc9698b6d8ff3381479dd1fd3bbafa217a9b5361b9dce1fc5511a9645bffc9fa55e5bff9898a9af17b8aaf
32 204 0 1500 44 128 :f6f3d6ff4acb6db5a5d7d206a25311b1c9d670024d330dbf572993ed6367a2d436f59dba53c1de80f27387ac60bcb0636c086ae111fbf0a350fea66b92f5bfaaf33648db7233e8cf4c7a2e167bbd0d41a8101c7c6b2525b0c80738dc6e45437c11e6d8d7061e048584516375bbb4fff7f70e20a9a72770c5b6db11eedbcc5a0edba6f512327a64674761a4fc88f34a38c899661ae9634f1e6ec2ee94a42af9d57b479e34b52e9de74096729d3bd908b19dd788efc33924506184d73c28c14f6d3a0eb6d88b6c3904aad28e30
32 205 0 1500 44 124 :8f4a13a141d9988cabfb30e0923f72821b1245f563c6aaa440b999f63d8c532a914dadfec142f71a8575e07f2aa088d629d2702b0539b0a3195850d773b6ea48c5fe990282e7edd8d62fd0765c65d643b943070fb2c0b326a746c3aa48ee458a808377efa09e1e59414dcded34389ef4b879ba913ae159ac6b749cee315bf7af7bd7f897f582ad5acb7d79353eaa9605ca0d871d7cb9d4d496ec21511e41b404090d62a4564ad7fe40d4fcf8be460fb388608fbb47d83749ca070fa6eebdf894eeaaa13719a22072da51bdefd2
32 206 0 1500 45 124 :cfe128e3098cd05e6711c6370d28ee061c3787a2d14ce721f8d588a0518b72b16f85bd840abaac36029df4ccdd595a327bb2381d753c436d8a7aaa135dd1f76ff9c5a39822678d0d4a76da593e01af254acf5fc3bdf7391e9bcdc56701d4fa0ce73d25ac498887ab79c101be999f262f42a06cff243e7f0eaf971d9c1b9025258f599bec8a23a3fa3d768fc32fcd9bb237f1b0217a2ef6d801efb911a1796fbd7f2d2dc8f9c562e3a5577ea245e17d627d0d5b5ce01c1d1ae69684b7fee647e7443199abeddd6ececfff9ec1f471
32 207 0 1500 51 132 :ea996eb4548cb8c5fd5f99181359aa4c27118c92b7640ef240f6527604cdff3e4ebdb86ac5b0ac9b2d36585181436cc981518dd96a023155d9a60e2724793a80fc51971246eb4b729e3bdd5848425a75cc5e9474ab52f7d18335ba6497b66b5e92b9688fbd590b180e94d5006f24ee56e64a473acb5f9dc4e02c791889e14efb2c761c7d6cc93e931ee6d0e0791f6aa8c63304e2aea2f7328df60bcc293f369320f542da3d70779a931f852b554c9fde7562ce147d1781f2682c3fc01b274572c4b737890695378f80cd4d7eabb870
32 208 0 1500 45 128 :e816d4df956023ca443fdadd28a60c7621405ac31a3b14c90603bb5e39aedace37b5342d3c380ebb5cb529bedf5c48356634c6788bb1f2a6aa84584f0e8d600e351d6c09d28065f8011feb79b8699d047db957d4494997f02d31b551bb40b9ef8c9f0a3f4898ae4777c54764a21e02126bf285ff1e20606eea5670b09007aa748813063c5985c1b7218788c05edb1f8826dda33c1d92dd1a05efa16676897caa3a1928c963181d670e56e66b9567c8d235adeb9005452638ebe0e72bdebeff98dad563b5237ec942098b27620fc01da4
32 209 0 1500 44 128 :7262ffad786ea84a77a7307ae083e10098f4888f811ff8bb3439eadd3cac41260f1da40693d08287f88e82c9537bcb864182fcfd3818deb0544ea879a82c97999e66edbb3d31df61e40699da94cd88ca63b15e3935ca413f97d2d5abd55096b2d3863de396940e60e0661afbca93e8151bbbcf08cae66361b3ffa9392a7704e98c87ff2c98a9ac37749cde931f7e68bda4bb5528d0e3a27be543487498b12f8ce5931b4af74160775a97fba22f3b45cdc8af29ce1792451ef4d9372f40a08ac3655a79660577cc458a77e2bf6604028402
32 210 0 1500 50 128 :e7d8bb13adc20f6e38340d3b92de034187b6f7cb41133b972e533d5c05b0922ec984fe4481070a87b8a173cb164906d4532af54060abc88e6f5f70a7bb5bae79da431d0ab1d529e69e7c6c1ee7978edc018a7955d93d83478786fb9f45e3f44bf0f798ec7ad5c649d93c1134d8b7881c67eed31d03e69530f866544d8736bd5a454c41dc3a0e1c00dda679b751c9bb7f924002c14f0b64b68d860f86f8012832d679c4a93af6cdb918fd7119b6edb71b691a5da6086903ecd39968f2171e0048bf212bde9a34f929afbf3d4a43d769bd2cfb
32 211 0 1500 44 128 :275cbdbd767ede8d6ea002d666f93f966a7a55e27718db721ca3e5e362b45473fd85cebd4e72a0760b78b639b5e41efdd8d8ae561bca9a4c3293b59cf1d9178bf108062c1e8b00cd97f0d3a570e2f77991bb32afe5987b6fea4d725a0951e00a1cad4f811d30698a47ea8e3b2028028e3f730dcfc5410af277a28ca4a4cce34105191a45cda43e091557d0cf1651771f69fa74eb9a60b3cb921099978c6a75f6a6405ede1587b5b3a7d9e63c74662975e869acbcc260a98ec962f26da21f23f3f31a3abd7bf151c2cb947bcac12c84fc761a14
32 212 0 1500 43 128 :6eb2168f7a743e68bb5de783d8a1eecd3eb6ed1d5ec9534a812447cb841b3135fad4b578cf43d8fa3a348cf713bca9b9077ec1e810c4668227eb17e2b974f42f175758345767c7d7fb20ee022d8bee2963796bfeddf94f18e1dcfcd5c1d6de4e7a8cdb8cb2bb214975908970b962983f0c1bc7bfa635d6cadf7b1d463b76e66ce3753bb81e0518ade76d1769dd733019865195d7f00dd93be8c06f49cfab28db837d860ceb303275b0a06682fc5e59e04509874003c9504eed470a83243278a0139c4b68ef4c492d1f1445f6959cfc0cfb0b4d98
32 213 0 1500 51 128 :ece4190d23d4415d74725abcb4ddb1e7a57a4c8af8c5a11accf2ec419a818021c7d3c11a870d10fd635f489c334eccca7ab3a4c8545df28c812a8765ac0593a366c7a8329bf03648989fec1dc4ad85d22082a1990dd8708e307867e55f5c1b48164f1703a7824c4316569460005b6ee3eaa874e48d6c229738deb30d6454ee5e807e592d2ceda28121f818534c1da594b8219616748929ba56952d582de7aa0fcb5f56c1c596206d21ba266efa0be19d887dd9ae321b8be0bce38c27b1a65ba557093659576d0b3ed9a8710fa05b00e11bfc4aecb1
32 214 0 1500 47 64 :f9828fc39a49b6aaa81bf9f9e408c86715bd7641c2c39669e84d4b2ef0039e2e4b5a2eb6db9f949d38168dfe1e0b1b3b5b1f297ce0ae90d879ab299f01b33dda3a47a4284b3c847226bb93a52c5f0b04eabaeafcc2480a712e2f2101eabe27a650fd4b9952dbaa817996093da955064a9fa5effaeb4b32c0fa7e63cbbfbe93abd9e7b82bba28d335f601b1eee63c803a3725274670ec9bd7dbb9401b5ad01845b5a0952928207634ec1922b58c1ea1ca59f2e89be19a62d94d0cabf926951749441847892688af61aabff83af00b6ab4882d8bef6e4a
32 215 0 1500 57 128 :9af9ac977e36cc39144856af179c093739fff6a628424e6bc694e214aecd13440b46fee59159835bb1535716994e7e6505c64f10eb6bf4a7d648aec9610864d914f208fbd087f617b3303fc71535120a84519477c86b26f8e22d9defc74a1243fb0f6dc536afbbef698101e815b9bf4e16ee827b9b4267b24761a9cc5f3b88937be506cd69678904882a78147e4b0d0104dc945a30df9e5e3b974d49957b9fa9fbada4c907cadf8d524706b8bf1b7c39895c48454b6c8aaf140bc2655d89e9cb4572b8e23d47ed82cc157dcc41dde835916d64f4a3b5d5
32 216 0 1500 46 64 :8cf6a9fb807403422a6898129a693d2516c08d9f7d4061b856636ccdd5f3ab16c44ff6ce5a694078b3e24b687cad11fc60c8b259e6bd8d00e93862839b5525989f956f3bca9d0c680dd31efba591d4d1c302d25204e6fa5abc9b505f0ceba6f2c800e54b79bed993c465ee8a9ade42aa5cdc4a1adf157c627b2f118789d5f018bc7193ab0ab4107c456a907d0b85bfa95d1433328dbb13d8d82e98c5b621aff99a845a2ad438d0a0fe0f2013e43cec34bc45ec30ab461dfd18f52e47ca0bc6d01eea6fea686de1eadef2316093a46cdcdae830cdbe748c98
32 217 0 1500 45 64 :58bf555675b78fbc6d889ec41fde1a08e60bea00028b791b480f61f5439788e0dfee3a0a1d5ecc981b7099e04955743bc8515480ec3ddf7f120890c381c9f329d69b55a2560adc0305960e7c84127bb9719c522cef35b831913234297ac24f03357114a27c56b442a6273c4684d81a1c9f47a050d4380cd0aed4f3a8a36926e28bfabba7845362cb48337146a631b487574349deb7c677f5d25b4d810af6f3a194c5f0b16fbbc4bad6d07fda033eacbddefc160b51f97602cb4ab3966b43edf60c0f79925584c445e1ccbf4539a541d5fc210a25b6d0463baa
32 218 0 1500 51 128 :50dcf3781aeac49c71ac4bef5316332a0eb08ada97766c0b12db04b346a4a96d6398e9eb03dff60ad804ef5b8f2a08882699379eea50cd3d245a0ec955d9a9f71b8d98982f1b6c95f8c40c92712a34271124381762e8891d8021a8d669312d0155e1dc15d9739607cdd2793f9a54ca69b9285223b4eb12b1dd72c0a72d40ffe014ab0437c73f293f884f8e06066ebd734dfaba7b41e0a203078ea30006f29b3389b3271b2a6c714419fb0de731a6f26596eebc5e0cafa3712c3ae300c41e5758a15a557e1df4d858cc6654b7ce4101d3ad20c2da2712c90dc9e4
32 219 0 1500 48 128 :90bb20ea03a0f77e5d07b398373efcd665a886abdc8233fe9c25ddb830251cbf927e5ed04134abfb6f8bd482e15cb3ef6dbb90742b843e46e8eb8feb23e8150e353498bde542ddadd2ac139cd1a33dc9b03e2e761d6e845cd4a91badd79f93b8d8ae9455bf0c3158638a5fc9b8f89bdfaab1c6c8aa45ca46a5eca888122122441ffb416fa47c8adefa2b9baf4910ea07975b5bc097f6a6d7e6c07ffaf1d5269739a14c6c54378446e2268cf0f01b6a6b75b44f9602653a1df4d3bc73a5951332f8f4f72bdfc5a43e2b5e84cdc1b45259b4453054d0ad14cad87f35
32 220 0 1500 59 128 :6300f6e914a182598ed9f3432d2cf6a217229d1d9950c8f15898ffca0e90676187c8447aafa1451c4b79fb62df01288a0bff04a6445e806ad36ed2f7c38b6218be313295c56d651e392b961eca5c2b7e7c40b12a96780d9e7979fc6e157225d6df358ad18aebc3078973d9d75f40c12139303ef601b0d70260504d1ffa6ba2e23c19158e2a727bc73a7abb862d4f91793037ec98894f1438831b4328f3f4c6aeb94462be7571ec798dc3bb7391b0c04189ce2d068dfd5b7af358e9a5cb9d0725c94427c94d052e0d52a50408861c28753ff2f3c3d530fb9e6afa8c67
32 221 0 1500 60 128 :2ca1527eefe345f8c2ef3b7ad317ae9fbacf7b45b8d1f62312a47a8be3d3374f4d40e5a08cecbbb6d14a6b906a82a3c20b05c8b02a2d322dd35be67b455734285345de59524c2d2f15428ea0292c7d01fc955aeaa81e196c608a736b7c352fff1470b689011c07da875bff9439b09a9bc9c3c0ff64887e9749f5e39cb01f0cfbe5bbe515d46e019bd8608afcdd51a8c13cbee5b9e4ab6d08169bd1ef3e25a023b69f98e5a83e451a52749980e01af18c34698bae2fcfba290d82c8c29b5cb76765f93b2aae5f697c4a5a089a642f697304b4e43e86e2a7aecd98aeec73
32 222 0 1500 60 64 :ba98930b4cd4a514e5028bc83a1669db0d98835218c07a8e8cb038939260c3c3e326eb584e272de677243b14101d1398a6ad0a46346a730b5d5497adcaf73c4eda82b7b0be328f8feeb8a1474878bb6f481989a86d0b2aa45e4baf678f4737ec866b292455fe4a564a77536630c26f1a6809f27e165d1955119c3f35fe8eb3b5aecff19d7a436ddc6fd4daeecd3a1592dba86ec7ea434de3b372e8eaff3a3b191f184b68046f5fe9b52056745fd2d60c05d571360f79f3e697430ddee069f0df85580288b6ee334f279696c3190c36ac1f2982edb0191e9b6afd9805c343
32 223 0 1500 61 128 :c85433b8a1731713f569c6a0033c27d385f59e52ba1f1defe85915bf19b36f5fdb5a731a485b7b6445ed8de22d62e501e776565e22ce52b0bcd7b817fceaae154ce860795297de96017aacb19123c47082cace817ef6e4ebb0344fb1f446e3711ade8e7e0f4a266e3ecf17c9583f87dc2a6071cc4272552b196ab4c4a08dfc9abbae11fbd75adee4c34e39c48d22b7d4c108368060a96eb632c1eaac1a5b7629709df85511535365abfa27c343e8a38fae52ca3be7cd875efccf035f193f560fc4be19c69965ada422c7f6bdbdf402f215c6a2e383742d7720fb8fa13055a8
32 224 0 1500 49 128 :584cd3afb178f955b73e37a45a9c2d275230746b874a71374321a272b560b8bf5eaf1d3a6b88d1aac83582b600c0d65cff2095dee25ffb174c51a03c9b68c9ae5e6063b135c73e32e95b727bb3a140e1f46d258f97a12a07e5a98a69505a113608a4459670400201254f94de62348269c82b7692abfd822e7c9f67f5962d58e11e7b7e93194a00b9b600bc7d17d3f0fb909e8fae2000893932d5725cc78229227475d7fdc0625f7121fa241ab3183408f9303190621aa0caa5bef371a1c7cba1334fe13ed1f285e112f4a615c80236a62d2b68934f7ec36f29bb927ce1e11314
32 225 0 1500 59 132 :58087a2db3093665c06ac4b2ac67594059d73d755a05b67a05a863dfb29b26902852526d59dabd5d9a5f2b73297225de103f3fd847e020cf67739ede8d625f9064ff220c686a66fe66415c2ec0dfd6a3e7db7fc50b878ddefaee9a2b2c8204864dc00853f5dd5a742db70041afa27d30e6b14f19a7147185dd1924207a663e898130d171f0e0d9220981b3298c63ead0a8884d8a81f2afdaf8092ea774c325b212d9e1f03a3848056ed520930cad19fded7ebdc77d3307495d76ea6eecc24605d7de159c205dedf3dfcf5b02c39c25d4880d2332c03ebe8abbc21926b073546669
32 226 0 1500 46 128 :aa789f9d859306f6d5aae710398dd057dc47d72b7b0fb2d6efadc65dfc907da15fe239de9053a1a4140728fddcdb9666e71312ac5307755a483cc42d8c010b509b2e00291cee2bf605c83be068a9c7eb60921c2a13a93adab59ca27b45a8850a3144c124d56635f8c309ad755803638147d6e28f139a49619700d2b7ba10b3d8478994c9047ee7272d434347be5af64265dcb8c489cfa76521b91f0899b2999ff5461398ce136f2a6b5cda24308383185a18d0c10ef39dacabddd0bf9ca380816e84d9a843048facca76a3b59fcdfa2db79020658ddb3e116faf45e5e0ba0bad07ec
32 227 0 1500 56 64 :bfcdde62a0f2516e38e2806e19aa96ca32ea5b02cb61e4196c82378f09f522d676dc0034efb37c1bfa33fb46c811048e64a3d105ff8813647a5ddffd17916dd63e3dc75f7c64ce565cf02c860fa836aeb79c49aaaaba64f242248dc90ca8d815483b4448e3c971aaa5a72c3af3d4718e5387c1233f35fad4906001e85a772356e2cae005371ed8e581cbd7f5ce3d21ab1193755066d37b61ec8a6eaf011b9accbd134133aeea75a21c59b816fc905c38496437389e443b05c44c6e47a01b7d3465b79ad76e638923d90714c3a6af88a58ad95e6d4b3df8928a9a73a526417704a9de70
32 228 0 1500 44 64 :4f3ea439b1b718012671289caeb92b157757ee1222d9d9e231510dcae7b5e40fda8f5af3984821ab81eb7dcc24bcacf32b1376773c1c947612d53b56949f1df26e2ab29a241003474a385aba7ebbe31ae5da0e0979f5abfddceece0cfd775681b15163989f1a2a158cb5d47bbcb50f3b61931e7b7e6f3c9bcce94b43331afdef43fee85032bffe58c8f843d9110a5006abfc41e3569a07e37b0af06d9ab7227de9e900eba3d6a309035f95dcb5b04810a5019fed06af5fe182e97e0476be0e2032f2e0b74d49c28f4156223e465b499d838506e072dd1da00fe02e633d032f9a3e32e3c9
32 229 0 1500 62 128 :13cd05777050518d896d242f2684762600e329fb1e88946a7a8942406819b9c9c46161fb17615e6b17ef19ad54777d491c46060dc1c5370b5722d428365f8a4bf54230920aecd245e7befddbe4a3a33b4802b49e80ebc4d78019c6421f7dddcd78e3f70ba6a735f8d6eee811c99fef58fe072b73dd700686b6ee1aa92d1fa3fb2e2c7d59f5735d0ce21118759a276efa96e7ddc18f69f8b6af3e313848e1be9c83f67fafcc9913891748bf62432de0a7f80aa3f26d12d289227bce6b74ddfc85ea50c417198823bf9fea926cf9d932a9ab60781c2be8f6f103a1590cb0afbab245cd0d3cb1
32 230 0 1500 47 128 :c24526beb1a87cccc8d0e9c442dd3a6b07ac8bb5b826c1c8ea6528abf1a7c90d7e911b74aead76455c6431f7262396d36c4281ccf0c79c4a740e5f122a8bddce3a08d467be52028d83b638a9f7dd260cec0b9181d868be9a65dccb45842b621392157646a16d7a7b807ee6076232f3382d3a884d09b6ee90088ee72f9123d5b96f0cb6621524d2de1f01f70ae34811879c45b3fc9f61e803579cd4b1a4f7fcb3de458270312de4cac9f5f1e82866a8018a4109ae096a6e61d515dc9a0eefb11a56047ec64b4aef45ec992cf64ba2e4c67f1018c2ca0358ab53889111b13a23d12c53bd0973de
32 231 0 1500 45 128 :3b737d3ceb8af0b3a779421e96a6d768b4bcff47df0f101fb808126b4806ba0ed3124e06bb824a8bef36cbd9182f179af116eed92eae2acf8e4ef12e172b221fe94a623b3f71f43c1ae712063b83cb8a7bc5799272e1b466731817a35f3688b09f83987b50f1d4fee3db5b53c875f356063cf6fc2ab17f45e3d7537db441074b49d9d9f8305e3de9c321a6748364440581633ef67718ed8148dd4d94e564346d2b9538a47bd8adf314bcfc9e71032bdce9efff237f6997fd6edef4fd2ec7d934cffcc1b20ed3dfcb7442aa13cd72b4b5d5a3c5bfb1806f5a8a4b2f47286666d0c9edc530419d3a
32 232 0 1500 45 124 :c3130798ee901e6e37f873e77ca12b7a46b00d87d12ccac6786f746d0114eb7ad797db50f70dfb4faf1a736ffe663e6fd6db06f23ed208bb7183e76b5dd372858161b97392720d651394bf0a40c6fa37a782d9dc1e2720465a49220ae988cbab5692d1239391fd76faa5edc839c532c12c9ec93af3ebe6cd600c766b17c891db490f3e1a2d7d8ff6bffa908460aa4a033f9f4101664286e1cd5dd0b2741b91a085aa63f2ae0dd4f2d5d1758cc4b736a208efc68be8d751fe74b03cb947b9d95efd47dffdbc79b217d42103b654a2e9cfff9873c9bfe7de8c1bcfaa466006e86e65f504caaaed675d
32 233 0 1500 45 128 :ad1c6b8b924ad1fb60ba24622554a4ebaa9120328d73e78dcbe183d669ace314de0c061935562fd8ea0f23d903fa5429de4402aa794ccc29d21ff9839d63f1b4b7e00bb2bdda21981a8e1d553c36f2880dcf10961790e7bcf34fea861b7f09809eb563d3f332af74191ede8ffcb0d4aa7d73bd39e3d3b87b87944d99beaff9bdc342836178d1e174352cfea226c536b54eb05d2c8986b68d8b5dec62fb900eb2d650b39973d2e8b0ad0fc8bf6b324293a11d84f59a2398db49fd67f0a721a7ee7f5973f2a93399b63b1250990308b6b6b2a0791fbbbb5f49a4cefa03d02f89684af17183fd1bd463ec
32 234 0 1500 43 128 :600fe39f8fb5e5d54b2987de2d3bcc6585f9816ce17d31460d4dbb85eb74ae890b1d5b2280e46705830e79a79e6e748a37464fb173a7884e165cfd9524e4c5320a15bf5405e7783530eb397932dd36d1bf3d76fadaac84c02fa264f7ff4bccbc9cf0ae855157a41ed8930ed1c5d9d5b5596fd98cdcc0813489ad4318b6711e10e2967cea4a1fda796a67c577d79fda5d729d864eebf166f01a6a01ac62a1201669370b90c13945d55072b1029d5718cb0c319378634a708fc95596089b3e82b0a4c7dc08089fa9101dc3ccbc3710f06bde486392438daf9167fd1c1231ac38baa5caa56db0ddff85a58e
32 235 0 1500 52 132 :3b4b4fac5a7f5efdbe9a4518f588c249d7d1d50e73bd8d598c569603f8ea7417d7b6bf33e2089498d5abe759081222901733dbf2e4d0ba2f63eea9271bd8f0adc4656a514b5ec27f7a922e21c20737841b7dc36b5cc79474d5cc9c3c0350a4ff30f777564c9b34e94f7c34bc3e01e6c526123eeff86ba691aa9a8510dfbfcb29fa13bc1c9ac5995c074924be6d76168c2f6ce408688c4babbe4c7dca60432a21f0993dd94637e4e90014bfba2cc2117d770d93a00e410f95b3bcb0ffcbab2d1113f2093c72d4655abe9fd839b225000b64522bf081bf9998f8b006d3a8db568f034b0d967c2b5b26493785
32 236 0 1500 47 124 :c203e29f575f8c7fa32c47783d5fc704b7dca7a63de665e2e226009df039ac24a7f4f840401d730d2d8396cdda165f82ccffe58722260e40005f79157ac1da2ff34123b9ef90b50e8c19c684055cb0356c230b70c845cad0c0accbdb2f25f11a754f6982b75be5258ee1d5def9af2117efb71f7e62237553e1879e1b1e62148d25ce1cfc3e376d5c71cc13b8894fe932eac710bd65f7dac39e212882cd66228edea6e151d03b3b5a8b8c445c9684d18673884aa9eadcb8000f2810b1ca36df97ccd8a8c3cd5354e470271b338f18af4dee3b145e361108d1ae37a6a25650259c6d34bc543a00535e4604f87b
32 237 0 1500 52 64 :fc4372af94f9612930dc85f24d56f27fc9b097574191ec2cc2bb9c7ebe54f7952ae77657cff3a793ee643318cc30b040c4edc358a811e4d6f35d44e8b8de73428fdf6dce4cc1923926c2a6440d355c5e3465ea9e4f928d863fcf364288a2cd18290bc5f5540a7ef36f6485b4bb3cc10e0d613c03435f42c4abc9932e8d446520919fc683c907fbdf3fa804d99350a35fefcc32fd203809ab674e07fd2c2dbbd4e2c114c4a79ab7b9288f4a08261a6008b3f65bf56cbd62dc4636522c0836d491a32de8baaa2f4bd1a580b51c49c45e25c107c60af06f37cec2cfcd549cb1a3652fc59553569a51623b106bf571
32 238 0 1500 54 128 :f926ff0f10dc4aa250ce44a2d21a7731375cf7a6ba56cfbc9b98686c44c64c8fb7f822ea49597424717f570c246e97d84b57a6d0ec94b5339693276854f2363de0d89cff724dc59bfa7eda8731b0b0105c4053b4760f25599c2c7bd15b757804817a87f69fff0bc66e40e4d12de752fa3c08ff7aa3716d611434e2471ff4b08f1d94dd5edbfe3a1c9281618b84445abb10831e0fa4b6dd5e2bba5926f53a89691503d2a152c93e0e33cdb8c44f6b24631443be18911c7b036db33e43e103addab2635d47112d1509332afa553e2376bd9c83de96356e757c3306549aa1b703aadd126d1df816663aa21814e29c40
32 239 0 1500 50 128 :aa649cef20951884bd8c5b17269b8674d9d480f46a07773e62fb8c16121558a794e6e90aaf7735e84bea8b4cb2e8693361d822cf903395d45cd7623c085800a60d1c09c214c6f64daa588fde2b4feaf9bde158d7a4263c99c8a4f7ac762852308412425739302aa6f5253adc6075c5de09c553f462053063049f07f69f3d8418ca66060f9cf5aa01eceeca2f40e10c869e2b5385bc003a36c3821cfbd9f535f64a945638a68064eedc5470d59510c22c97be39fe05c2587c100fc03776aec2b873f5a2aec7b706fabd9724b323452106e0a68b417bbb3f06a8c8b1d318f618f05fa8efe02e5b9348a173a4fade61d7
32 240 0 1500 61 124 :5a02c133fa8043c0dc6d6b3cbb35beafb2e6606dee9d48fbfaf4f303549e2a43b7becc17663fc3f2c50aef49a22a668e286821462573912a189eff93ea208e73fee594768b055a12ac8d7a9fbeafb51d3ad133e91d8b93dbb82754089c08968981a46dc5fcf6a39212f56a4b884b45e501741d02ba9d539fcd533ee729102c6ace23b595a4d8776c4b264c7215a77acb313cf2766187e7c9dac1a4161e2f2242986c040e32b302851dd535c9ca493113f8bf414bd471780a637d366a07830ee64dea793e1c403405fe835ef548048bbdfb4044386db95d27c99938483c393ac18d3b4c0f300d99ba4998fafae647f985
32 241 0 1500 58 124 :258f4b36add31fa116c0880bfe3e773697a5d1f7ad905dcbc93652f669dc3e788dcf92110e13cec81d16953ee309938bebcd2a319394cbb7553deb0d6b280677ceeeae1f8eec09c1831140831bce242021bb803fc31e8e5e40c1976ec7f06ed7ea9c638580b6019ece6483a85e71bc1373ff9a7403ea645045cb874d4e64f72cfd5817d25dec934fc31f6bb54871041575b56e44d51eaf70c5cd876af025285ae14a8f82ed964b6e221acabd5ecb03148e3a8a7676c17c3c83507df1e83ff7e118ef3d26c2db7aeb62b6e40cdfcbae834936a8d396126f9fc3f7e48d6139697b301620f99994a9732337a5428de8dc3f85
32 242 0 1500 60 128 :3a069a8a28f032ad2e4e1ecdcecd5f1da49b2f5d32d817f07cca462d6f26bceb763b030f64aea7d268a6132aaa03ac07e33d3d4259849309edd43101c1d4501ab0eb080133a65f8a31ea95f4fa2437076fb54cf5798b5b0c8b4e88e1c5910ed774607fb3bc315a726c62d188f3ecde8f34b8791d37f4b944b68e9fb26170d7da04e3026294c19693a3ab365cb0b1d4b511cc93093ff7c1fe7dc6e4e5be14550616f79e0737c13e694cd0aa8e5a4924d963a49f890a5082b36b877b60b5c518a467802231f99314e1575dd380dcce50308dd1943bc871ce56e81cf67f8c36c38202cf8122eef8dda2e33ed56d3690e629585f
32 243 0 1500 62 128 :79d032c4f3381a93e51dd6349cad2d8ef59b4405363885270c80c33bdae5cca66ff07ec9fbd05621e104f50978b4ebdbd4320eb694b74563db2793d8c4af769b0a83e39d4afb08538aa896028c3f812f9ffe205253310727ee6742984bafa15417492f1a572ccaca87c91c9cf60f4a53d13f94d70f25b4ff9faa4913497dde69a57b274d138427b20d3a124291dbb0421ed2ef6d6c5bc8495521e45dc78e15abeb18711413613b13aa8736de34279c98bb5d62de30caac348a5c26ef44b9f0c9d8bcce94d27761f43080226b8dbe51040c1e3ea4e4831bf173b7c2ac401259be8407a7d458cd51d55d6d4698ed4483fa01cb84
32 244 0 1500 60 128 :3f77e38f5e7bc351187b675bcfd7fd2b28823f7a10c0758698ece9b5a86dfcf3f6fb13f6438459f221279fec1c28291b03eceaf0522a5b47f8a8faa5403005a3b4746eccced74d36700c39d7e05c4b572314b95ef584e36fcb6f48f69be1075d24ffebd01bfac0e745ae99f89a527bff7d1385ba8bbe0e2d319ffb994af0583a0e9ded26a60d8caa0297256a41447430c0e5695a074707f7b36fb66c2e2fd4c42fc537616567135aec7b16dff33a4124b4832e8e4fcdcbc596b3c7a0cecfe0b9c0d0702f5f31b3d5d445229677d7796f5e5618b458f5864890be8789cfc8de2ea875200103ab0b475e615745cd5310dda0442b97
32 245 0 1500 57 124 :d80e17238cad3a270ac780b1756401aee8b9c04ad9913dba7bf61a5c52772b9590eb17dd4d1deca5d21022ad47dfd68ba581a1170f9ad016d41205e91c4882bb1f247beee1f7b0caf872659de48a27305a098b587f4548074463d5a941c495e81e7c9ab327d7579c9778397ed7fed42e71e0d61d9d553a7f74379d560bf8b87dac773ba8fac5dca395dc7535b4f01da70e5d378ca4b05ab69311f5bdd09dc6cc5f9efc39fa1c691992a5c1ff9f832bfbc6bd51cb8c21d5a65ca946ef4969c0fdc70a58f7813b5756b93af86a296407d63ca31282fbada9f330a187883576d6a79d49298004eb139518de5a7fb7713ad32d95d06748
32 246 0 1500 46 128 :c976d90010f85ecdbd50fc5804c890247cab37deb5cde0c0cdc9579c20cacc5e8867caf877b38d8f4df39e26500e62092f0cd57a4fbfd1372241365156962c3ac5349ebd4e89fc4244f68af77da397bdee7982de3b7088efbf2b162eae29259b3cc953601d995805a095da7a11c3874040942210b6654aacf401a6418e0bb24eb291fde13e7516ea354fd8dd7fd95527ac5569090a47745e31e9b710b21f517ffe73bab645398b2eaee5e1d87178c30eaba7f8fe1e54f1689371abd80e04b44bcf644105b1e30811a9b730cd0899e50b06ab87f9ce723e0ca68c74d393652a2047fc643f3bc2aed06251ebd98af4fdbebc0e3f5edd2c
32 247 0 1500 53 64 :b39d71cb93cad6ceea601ddf812b25ef21ef79afdb8ce7fc9e05a6aeca65e269ac7e4098976e601ade86b01231d63f44d2ea95b6928c164ab8e9425276beb2126834ef765a5733b32e6d6441dc824b3f73dccb26ecab30546dbf4ac5e039304face6ad2123c092765a20bb89dcbac33e95d25d4f2468bc13f0e2467b5b21cc287eb6583e12f2180e4e50aa71ec689c61d0887b4163c41d9d99f986671d8b8830e0a433cfd78960cf1ed01ac715e80d7731d8c0ad078c417b005498aab83ad69badb52a9b22583f108de2e9a6efe78895da4cf9ddde76e32b279e0738f1a29868c23dafa43c31fba8a756e7140dea2d7e558b469f2d0284
32 248 0 1500 45 128 :db28e5dd15e2ab44a2bbeb8aeb25e0d40a4e4bbc1599ba1a3db194e21f4107cc995e5b03433df23e7cb28faf34b7453647c0c949e6e190566d8dc07d8be84086d382fc3cd3d00e7f9c6f42c0c7fd34892179775e0752b9fb80f2e332a337865cdc320ea489a0cb457bc6cddb5710317cf044c0d68ddb46f6feafd2d0a18c5773380a41a871fa2cef86b8870e1bf0219ff62b814dc82a4575430abc8bc88366d299e4da7cb9d6f77e91e1e62bf0f450e5ebf5222488dd2cc8adc1352c10aadbae6e956bf30887d6a8857c548a72a68e354369c05a0855bd457fa38466f9e8f70aa92ebf3f0dcb9bfc9c1497fd815e94647ec511ed3b9125e1
32 249 0 1500 45 132 :71ab7a0e1cb99d82144ca24660b71f59acd3613f2283befcb3d52054558438664dd786d8c3d420063232305d726d0691a4b1e29d4f0942e7f87ae15bd9cfcdf54e5a29b13655ae27a9073b7e21270240f09f6a40215c85077153b302f422d623020a2f30d6b9d8324d84b2bf49cf54c093c9201e832d5aae28dd94b4c8f9ea298e3ce2e20734a3f5fae167a5fd3d285e0c9fb2edbe016ad7b53fe4a298f9c97c4fe594b993c449418f44e6c7ac665d88ded29783338580aa88288c0781b41efcb612a25bc35eed6d2b8a7a58b414e59517ee3f82fd926266a20e4fdc845a88aa9a5139941f37a48c221b2673d7992c32daa51f3edc93c85b7a
32 250 0 1500 46 124 :c18a46986b704819853754ce36246408c4c96c36404891c371d45663c724b956d9ec542eb24aba6500dc9764c242a78f34795045032d8dfee7aa2c2d5bc772f56d83442bbe48ecc9101b2aed47c15d9c3503c0689b6173b6f4eeac97464212d7bf175a7df9dff10e2761cdbfc6c4ca0a0d3aba58c503ed84d11a73ea4318a00a6842fc63d50da9882f8fe3300e32fe398d1df5a0be273c62d7932892d985a1819143bafbff011e78f062ebca6d707addbee1bd124a26f41a790e5fae865f3fc0032e7eb0baca7727d50f1768886f16b49501727879996edcacaaf3ad5ffa71e8f3f9762594393d7f1c0d171a4d244791a1fa9a09cc4c426b6ae8
32 251 0 1500 43 128 :58cb04354fb4c67a21c6120bb0f3833b1ad1cbdb70fbf7916b53ea44820c8bd4236c3074d3e516321c29339e198e70404f71bc4e589d8aec9c5cf9d5d46414f441bdea786d06ab932ad4412aeab91134684297338345f097e91bcf2bbf1739457a9af96e7591a5fa25bc303155b09669dd005b61138dff4647c4d3690564100d5a374d780961bbee713289ca14eabf875fd0c7ce05e13560c80439ceabafdfd0fd23c47071089ae7a28dd3d3b3e8c9c0f30d05de9205743dc144f47d2b26917cf98c9e3c5907a2b9db3efdbb7428255252f0bdc80d579e519797e0596c64ebb3b51317ef3193ae5aca7b0b57ef401dfcca17b14a8d55096ee9d17f
32 252 0 1500 55 128 :d66546e98d35757f78d0fa04023bbb90545fb78c3886185bf1d77ac9f40f8b45ad9262e8ee781935c66957732ebe55d60a1fa470c7f93e4a70db1c337d712a4191e3f9786f9f66dc34fa0649495ceeb0cb15ca52bb52bba334416ea21a1555a873e6ec9055c7a5de5b31782952114614a8d317f28fff2f935f4b1593101ea2c8ee80b592d93bf5fb2f0d27323731768320007de1a23a7ff021b9c23367d0e9aa4881f0efad0beef8fc574ada4b516834d7e3c27d369605f081ccdd64324868967e5afd8ea032f5b920433534f6259295460ab61a4e92953d7e65dfc8a8abecc4d0a860b55089d1233c70d95c4ccc1940f14ae69f0fd7748c1a7c02ac
32 253 0 1500 49 64 :1fc9c407121975a89d50038e1c2bd51fb618f045e6fc593edc6bf13cca58d7d41e0ad75bf5c5a79db67f77ad00f268cbdb96971605e307d2db86dc67f4b7d735d3bb4c0ed2201dbddfaadd7e854a4196310aa33f7cbc13fb0f0895549dc9048c1ed316f52ad775ba82d0696e5a7f2ef259d284a5094bfaab648f8763d97089d772e3d1479064c5930d506e93c7cf0f963f5a42f9b6f773117b37b734f465abb28aea5af434a184595088a6f4381fceb612bf850ec501549b8b18408f81e0c8c3b260f629394240e98caaed6ab27f25038c9c77de5f55801d14a2ae20cd5d0a7722017bde9f3ef59e677cba69119d0aaead311d1aef0105a32516ca25c1
32 254 0 1500 49 64 :f69628bc7aebde89a99dfed8862256688ea33f62cf041bb37f694fa9c4c4f0c7139ab85d1f5fe5c85aa1894efbc70982aaa1a4ae0fe12d15f124a65c46249aeb0e178df00ccf897ae6de6bb9ec7a54cf9abaebcdec698bbed567bc663e7a4dd994820ffb2ef38bdd8e1dc3fc7e53522ea4f1322fa4fb8d4e3cf8597b3600dfd76c64c3d9755c694a74681d15a813afc8ff3de9a806eeeae288ef16ec6b624809183af822802ed4a09a4c0e9445e30357cecb6ccfdd5a6624ee867e1c30cc969ea9064e871b7598ed0383f7d9d5e0603564597374cf5ba29274efd6c60c7eeb930c105a5a34e790be4791843b09d4805b6f370604955ee84b86413d87302f
32 255 0 1500 54 128 :0ceb88cf24ab3f94ec045fc38076d119ea613695acdbdbdca14e08f4f83e2eb320f94a4f8e34ea1623dcbf334c83e039b3aa77aa63d9d84564d0b327b9cda74f2e94decb4602f0ccee01131eed70f7047298fcd2f5088532428963349efe77854185cae67a1920e97a5b17f46afbcd63ad78ed26209b7031fec23b2f229d2c059fe758db1f415a270f7b43bf2fd50a4780cd0684ffa714993b9cf377591e11b845dffd1dc4ce1a87d02bd7f6f4cfb4f8587a6dd4c3ff7b71e38b9c4e34aa84b73f69f44f8c0e1ac5c99819f94c27f1e2108ca8dfbefae74054bf4c0de547a346df47d14d8d25beb5338289530cf8d537d9135ea9bc2cea97af6f16f0134770
32 256 0 1500 48 128 :373a7584ef4407d00da95716fe968f2f4d1ea560ee98454a55214697c75d1b6785117caa8752d4d2756ad7e0f356f9ac0bd487a2c4d5a8bb7a66d5a60de1f32fc574703fe7244a132ec24fb1a4feb5354460c644cc96cfa2a7afe681761b1034f0533f8e7d6995e18a7d9e35cedd49345e123e8abb5962abb05834b458795ff5608116d6fb7a3c299d9c06920f38b20be0abbbfd0812efe39aa0267f0b0c9c026f9c849e61224845df5d119b2bb907d0f8b0620d629ed5702bb68bc43a6193b9b0cee151599e08dd3f0968db37bc6af64a44891ddfd60ee2919245ac3f53c211f98d781f3bc310ef1adc11356cfa97ef49c2a051a8eedd06a4cd3bbdc90db16e
32 257 0 1500 51 64 :617c03379170701b9cd4021169ab4457a9499928d29936360f3dcede03bba24f23b9f990b2b66140d7c34a37c4561dd4249978bdb816119d8710f96c60c95131010ce88fae0cfa0b7250821844f85c76d58a3d231dd6a23ce35ec69c047b5d659c8ad1117d85ad84a34125d7f6276eb10767eab45fadb8dd211d9620bf6c758c578bf79395200051bb5120110b939b51512dd896c9d19f473cff588baf12b9350796360023405474c6f8bc457b9d9fe82eff7fb275089a182b64fba752c7e16cfc1321489031cdca485d071f00b1510a4d442172f8f41e9d699b603015fbb3afe942e3dca219dd973e3286c6883616e75248c0186d2da0c807066362f11a4c2f29
32 258 0 1500 61 128 :f16714c7577a53254c7979f59f6f585996f378c5517005dd8dc91a622924bb490e5862c67aef3543e88a3690a4a2aa036cbe5cbb35b28bb7bf364d49a9ba9662f51235ae8241ee588f662b8e0af2173166022dd963c7c9109466923ce8ebf8238db5d3fc5f063d6428f0ea6666fbb7813ba81f2ec74960f75104a169347c1e89866a3c4bf8fd8531517f4f769eb6b282e381e2bd2386710486cd17ecce829282be2cabdf644b1eedc1a76de64372b740e5a8d4b5980278896d4b35f51f72e13e25e3aac7043af9134d8b984ff05c181833101f88e337059e484dc9cbed4b91b75edccc1f2a3c2e24232e9d91eacef875546c4585e673ecf2983bc0980a7b6b01eab6
32 259 0 1500 60 132 :69cd10a559df4fa69c23acdaf47004131f356bc9e6d0a27fecbe66a727ec5ea9daf1c929a9c113a6a020b7b13f144df0ebd16c8a37d95a36097878d21043ee186804ce9dff10831de17f7b16053e692f96a4e2654b677937923f768a2fd18da89a43694635d77b46b2a72c21c02aa4af4ea320269f71c15cdead466cb19e14618dba079af833f886a5d480801caed3f79bd5344c13d7ace4f26d1f9774c8fd19fefdf76829e237682c862757232611ec41b3668899ef17ab5b243664f8fe5a631bf3f7a85c1fe99ed1d07e3e2df3674bfcfa69360aa8b79f1fd9d772f2050f40c7d97a24944b00eeef98bedea16608111690f2e1c3d249db12ecbf61199d646ba4ca52
32 260 0 1500 60 128 :8375f47853171b77275304c83cbad65bf1b0e297ec157e37abac831ab7f0796cc0cc3886087c0fe35cb7dd356f45ff045840052ab84b9441cb6ece0ac6f20e5cc547d9ff312532100ba40a355020e822d70f78b0d6394393448a0ef3a17befe09b9fbc03a8342528fd28d454ce59381b1f495ec2a9e89baf598af7f2881079a8d1d5371714173c7ee47cd69f2fc3fbf3ec8e0308bf045a417947e7708e8307141e4547120c8934af105f28e0038044d906eca51da68a6c3c802e5f392e3e6fc6de2f3288cfde6f7448ba431ae1fd8fa0b9d4552eba1979711e5c8ef84fed29010ffdc83e4e46de2da476dd6803e608f6989132ce814b1b594fcf3ea64f1b99c753b4ea91
32 261 0 1500 60 128 :de03335b98d21da90a9382ca71acf7a9ef4bdfba86c42d55fc54fee53b7cbc70d941bc1d1f13760bf7b62ee4b4c51ea2bfd1da3a91ca624ffc23d1ea894a250cd3e3be91b6bb84c65f2c9de154a2424a3d92ee8225cfcd7eaa709e94a572c0678e9696f6d57f3719766cc8c23695cbe9eebfbfcc32a0b373976457d8809720131ade4f5b326efdf7a5c77e9c5c85ff1042ad3473e3f37ddffd2d947f86b2b80e09370f14f2103a63bd0c225fd7112f9d10ac3cce1b60118286e728add4ab03a3322462afc598e344a6ffc02fa0a73aa46a91a2f141eb6004a19d31e0e15bb9e5d1d774e135702e1e70c07fa228a33e7322c051de575f2b147341039548c3887fd3a8327481
32 262 0 1500 61 64 :3e4e92c9ffaf9cb153c1e3f60a6051e4226d8c3b68c4d2d36f1a0d7d443c1c6f2b3b82e03b6f22c8afc92bf26cfe0562941745e42edca02b242e7bc8af2abda715b76cbe643476923a739443943c03e7ac0b0d9b5c4ee2b50b169bd294d7f1c55ee78ecaceb7ed303564c98314f082a7389a0f57504605ea5e384fae5275b8b4b26031aa45a86d8c196183ce6a8381171be046465b14ceb872b64a83a35f937c1d3f90782d9092ef42cfff2e2f0f2bcfd00f200b2dec7392e8421ab75c6d95218bf8e16ed1f093fd936a8d698ae52cf5ceacb17bb6482c8616bf3659f52e6f9879946ad4b8067bfb0f20f9541dab2620eca7d4016e2b060039fb90736ab12082819c6e189659
32 263 0 1500 61 64 :928a558a1e0835a52b954244b340c0e512ab1f280c2147dde283de71b9edc81f69abd59e465626600f27e149829113073eedcaef8d1f450217910e5fbdb6193e0157afe4a83804f2fecaeb08857a238abdb8724d0d8f1d49391c8d55ddf81795c3883696f4b69f07ea0cbe93dd11531a6bd6ffbc70c6c72a8368ed1fd2463132ea0d8cff7a0f778a36a1eceaea3d204863856435ce6226c9d50647b6418196d717fe5591633ac6cfcf2936b86a14ff8041a9986134563ac366622edf85ee43a48c5702ce49be4f427eba746252b4e93b0495b28f3a0ae32f04b6e99bb05cabe3c2291b4d3c8a072bdbd3fef1b7b721ba77906740c717f5452c78bbbfabbbfc33477481738dd31b
32 264 0 1500 46 128 :6423b17384c1f92b705d2794dd2cdf291d646b724467d1d4c2b6c462185ecd8a32e74ba9f510bf4df0845d855e56d734bfd6a9e26b4ab0afe06b96c6e124918a14bc2009b9a74deb7e8804a2eb1f8592e3699a7e1afc0e3d475199aa36612992f63267edab9b5aa0562e2e96a623b1b1f976bd91a0a5fd16d22e563dc1e5bd1641970512bfd6d7e4d069cb67922f9f0d7788ad42fa01837c1a66c4db390d8c4a2ed2117e627c30822a2040649b5d4188134458d3710ce43cdb53083e79639d2b292a4ae8e58fa0e80a7ee300981734c6317856ae3afff4a1b3b4b9122e6e95f1fa73138d8361faf5c0a4a0343e517d74cfd16b893468f8ad662d68996d4d3fba436f88ac1a503af7
32 265 0 1500 50 128 :07b5ec0af904d2d7819a351ad60cd70f9f71f6231033d08dfd4a8a2d6cbc8e8a0ed9c03c999f86be1151b55af22e270e23caac197b6be2078be82f497b38a75cabdfbd2c371eb88e404e13ca7b651092f58e25be801ae44621947c46db3fdaab670dbb552704aa327358554709063e0e13e79973741fb87b7c8d171062d0d7d48a8a5b08242ab70f0795f112236ba462495dc65cff17eaab10e23fc8cdde07e69b6878a28a95ae407a316e61aaa5e51f7c5d34bce01a7b3992e757e32b56d4ff4cc5c156b9cd5502b18b2f60610896d76dfca715fce77d3d8fdb23aec6b8886fccb3092396d490578f9ce6a9df82646c1136eebf2cb5513dfd823633d83c54428839727c492d7aee1a
32 266 0 1500 49 128 :cf3a1983f7c2007c51568213ad725b6922ecefa795547c1fcf5d6a77f32ee47b659e1fc8b6967b09de42058e58a692bdb38d8e5921a24c513ed8157c2de372ba4cf1996d5d6d9c4afaa2afe5bf872fb95132ca6521ca27b2c852d5f9067d087cd055c0ec4ff5faeefaeb6b87ce0fc1ade0bb923863fec677ea3ad95da6ff798c1b508efca38ce5c6eb94ba9c13010c6e3aad7c7c9520df9456e2ff1c90b0692bedabe7b525eff22f90c5edb91f60935cbfa9d4568d658fb097f0b5b620ba576382b4df4ecb07727d3af977ac4a16a21c3ff085e5b053b69c8d5c9280a449dca7b0a3642d46624b2a523023af78dd7fb5e5d82f2f8a413636dbf33009d13b9d378b199425f8dc0c3ef7ce
32 267 0 1500 57 128 :0e48a0ac48912a2a5750a2180b7a937bcf25298029a87cb9456bd83d109d4a76ea28ba263036bc2233e03c46a7615879b537e5f77acd4402294de183ce04e1f675e2db1629b3149d3473464b586abb7a8bc8527bc37468b26b2b4607340660262b64080aabc1db16648197fd40f560f4a9497e4db6ef43112a645cdf64e26ba043be56e1e53920a4a26188b427a91aecffb756fe87b44a7421d89dd2b1355171b567002ed2e26c9215f2e21f995b4a0d50ca2ee03201ba75afb9e859a8ba7f05d65cc962a4746a98ec27291f1db9d4673b978d24d00d4ce23607ae3625a4e7628781227aa900f7455b15a3cbc15d4faa8332155fe7f46aba0c23f48fa2ef1932f38b821a03bd9cd3502af5
32 268 0 1500 54 124 :dc19f9949666e23ce232d4b5fe564a554dcab9680b369f99d223eadc3bf20186a320ff402f2ee3085402cf92828e7d5a6d07c1ba360bf3a81bf37e96baeda04bb4196d59f3b57cd084444041360d5212eb7fe7a5b62529fa3f96cabea41218ec6c6d7b6918f344c4534d420779b030194bf2622d6d5d4c57b5d75c13cd02a382452eac01e4e6b127d3da5e480f32b5da133a193aa72abbbbb08cc15448a4cafbf4059e8e2a7cbb71e64728ba216ec0a039446fd5ca079705bb7ddaa4b5d5cb306e9a4b08605caa0d73ec1d206acbeef49a54e3ba9197874e3d142b8c800bce3a55129245a57e939da131f4ac33694b8575a0058ef41949f688ff3c3866f1dbd223349d84208199973b1d3a27
32 269 0 1500 48 128 :e0e7dea37f534fdb9cd3961456a71dc3d15245d5741cd5de77810c573e8285407e29aefbd5fa2752983ef81e2c5e21b4d12dca30650b19f7afacf80ce73f5674aea8f820fd22ec0408aba1e8d9a58faf66ca682a4088c8824c6bd7408ec3ddb8e2202281fc6d94fb7467d73d3c96195d2b5f9e2ebf2288f14168c0a94e953518f14d755202fd3620f6052130e56faf9a341c8676d869206a7c33701169b780750802ac43934c1db4ce355fc67ec355c501cede2f7620111a0bd9812843e9e7f39052f66fb71d27c621d8378bcd2f71eaa51007c63d224e77675f53c241bfba670d8279566ceacaea80038c4ee3045ed11ac10fd26d4793a2166831f715d3a48ba5921a4860d8f3611a9399f40d
32 270 0 1500 46 132 :aeeedeb29c31a7a2f2c53df8bdcd7a01752a47fefaed9a09106b0771028a244ff72bebf9e12cf548ebbe1044769d9329fb4ab59411ec00009425e78b227b1ff9ce6d80373ba8865ea6395ff3bbda58b12c3eb9bd0b0c065d8e76efe187b9bebc0ef201aa870454c46158db1109785b52e335d5f67078ba1bf4e0a62bcaf03e0051c35d9630d422f97cef0d2aa84dc80a94bf3bc5e35e79013c2993a9e4ced8e64fbb904ba296aac0844695fa566e0d0350389105ebad229492fd6347ba6771bd53c45648d2473417bb4da050d41ea42159f2ba736da7baa1a80382cde8d7647afe2ee934467daabcd3a06d66460a685bf4530bd43c14593862af8e0b332227dbfadb73d55315b8e510162f2e2922
32 271 0 1500 61 128 :201278057096b3499d9b82f5b4d63fd3b186833f35955831d6507419b8486cdcc3fe533d9c4685a22cc30354bf4241ecb0d36bffb6d9f0e71af7cb3af0ba406f957dce6fad4c353fde930d22798556e4aff8837aeed4ecc668e113ff6a2956e52f6730b3d3a53e6fc6b965ac8f00bbf7df51a8485c3ad36b4eade5426a39ac2c9b06325a564f9374d146bd3cfa454a629f958b651517001fce7ef8b7819dd3f98e81426cc09af446f06a1f0e7e0bc8fc7867bd48d6e8fb37d1d9fe1e6e5bdd801da124203ca37c3a97ddc46aea960be5d82d3f6a889db2dcdc07e38d3a238097469d6648fe0c8a505b7b002ff95df6351dcdd5bee79e0c5a888a5955e17939f966402b42e761c95004d889e3827535
32 272 0 1500 61 132 :29ed11664bd80198fbf7ed08c32afbed26c7d11b34232a4c91aa447af297652c555762f056a5cf6bcdf02d75b16ce580a952ffe20aef572a68443e94df73dd7a74ddd1d5f8e98894c6c3f1391b99f8312de53e0fb4f98aaf253588398aaa3e09be23ae350f9919f60e0199bcb8aa49d63923d5494518c486f8335679da22485ba1a96986277e4fc9651af11c3ee0e42fb39a832fdcfd32a810ad4f75c0023ace133d9e82c6cf97c61eb726b0d77a2d693288650182cab2f1319c2fd6766d2aad7c211e8284cbf1119e78eeed131a13403490e33fc5e35ff09f4a13d0483a3a55c9b4c887923f234172db77e518dd2287c1474eb224d6aee3be00032a9fa29fe963481696a7eba6f4869c3e873663ea7f
32 273 0 1500 61 128 :3216304f9b2c4b54dcab65d31f33e59edac9753b589ece917724e6ab87ed1e9a44c6a3007d5254443d109ddbfa79ff56c6967c951ff970ee0ad488f9774196c640e53760fb6acbc5c78c49e558702fac4a09e7c5a838ae9e8901e079cf04fd8cfac14048f28c2618576f64c4a8fc017e4d9af089139b35e5350f0e8ce494c040806bd347cfaf7996902ca7bfc95efde1b102cbc171321e450fb6c6dda56435de8348c8478906eedeee78d9d993b42e99511c46465851f8e31220b4cde7bc13483645f607239f9878f55021653f1b2933e7bfd70860367bdecfea146d4f2a75625f02945660e33f6a20a8f37ff63206a6cbdadead921dcd7b6caca069eea139af00cf87d14d2eb08cc0abc45acf5fa77131
32 274 0 1500 57 128 :03b9b7af63871024206c70dcb76b2d4fa394cf8e71684d3697f8692727ddfd7c097ea540807ef6fbea59b5588f04129db3a40dbe0e7b8ff442c9d7d7ddcebacd8647a6cc4a288b41767a223a82690236cd3d78c97ca3262c6d228491ff55f305f7b2039a53aea30532b01d2350a5b39b58bc51298bf0b406a15b891313d8350b4f44833b5541cb02fb474e7cb6684a2702c51efb6f7ab17b3bca0ae9275937c7954dfb4244da42bcab9a971500ecded74d41a2982a533b0a59e75c7242aa1045d04cfdc884471f7166c2f9ba914e6a8ebe6caebe2f8655017724015ce4343a554de492d634fef48819e596d8c69448b472008cc79215b82cb23cfd6f341c63a7620e35a7830a0ff447ac5a1de9b722b87979
32 275 0 1500 57 128 :f4209cacc7b12882e632528dca59fee32710d552976f7c26eff908b16b2a5d1109dd8039b0f42d9dc5d2008ea0d15f6cac1cfe0b75f9ab963f6160670a6b93b12ca92b2dab9352a085061aa87c219c679397028b7bd0eca70131a9bf96241976aa4b15828105e05e6f5f37fc32317932a2435df23a7d5960aad19ead998cc8567fc10134e4d6fe722a0d73ef0efdc864bf0af42b19b1b42edbabf291b618a4af41db9304ff38ac7f8cc9a8a78c80618f34f967a12ed1832906e055590931d6b47d2b5c5d5e5803ae0a379f02af2405903e42212bd0c63afcba80946b619138ceedc030cd1d2d6fff15605f2a815b7ba30efdd594af2fed77356377075ecd3d460b2e94bd0c3c0326da595146ab71afa28de20d
32 276 0 1500 46 128 :cd324ad22652f7ee9672cfdcdf68defd00af565477da1397b88b3706559864347102fccd697d70e7aec28ab5be8154e6db5b01bb8837e59e06d4678993996bd3f565c718a776e0c409152a42787d45db49aae096db3c7c3e120d2dbd6e8cd70b90cb51e1b57b658c665fef87191464d01526b71e253175c09747f0a51d2df27f207323ed6aac4c422dccfd2d1684894637fe80141253ce373fb6a4e9d3239c692e44d8ab0f25cb8cd3711b8b2b2995129dc84967e1187b16ae7c61173faf7a24fd5a6810c1493f9983363399ed8299264c873c0f934eefcf71869d2bcecba7c7a764b3ba2e4bbda6740ae035449ba7e62a77c3711d4f439589c0af09d6284bc2b04920e26f8f9ed714111cb04e58c91ac813f9ca
32 277 0 1500 59 64 :130b63d822163de00e247989e75af9960a2f627be60853b564998f24641cb5d5c84e22154b6719bfb9143266205f14ed936bd146286c558777aea826f4c107c0ddba9ed2c2209a92ef8f666ab2d0709385ccf6ed0c10d030f418cf855d506ca83d526f734a5d4880e6e6b74f851c64725e98f1971f7e38e7051a0c28861f038891fe6d544927352b989c6d8637928e9ed1c52bd786dbdb5a68a4dc7baa2be8c0089afd2a016e874b162a7789a1d17464f7fcc04f1ae7d2902bdc6cb2ae83134c9c988df8325ca614c3f12af3edb461933b933a0fe1a177f06984ca4df14438f5a00e523e4521e3a74c4223c4656db58554461559d90bd47244ef243d229a546e53b2e2462847a4f9ce8912ccfca410cbebdffa3b1b
32 278 0 1500 59 124 :fda9a9333d8aab759ce303e1fd7d81b2d1de11fb4fe596fdca580a1abf25240c9c2795f36693760f93a01cc885138d4f01b89b0ea3f8996b22dd1969a370f2c245b97959d2aaad0798fdc1093002cb4be9dbfdf04ec7cd16752d2a7dac0058ff64507f1d0f4f618d15a1bc393a82851475a5f62a31e9f8916bec7aeed3f93fcab1f70b23eff602c37a1fa601d3dc5570178f4b39a11e4e58e7adedcdfa24473103d14a5dd4f178ddd264eb3bd28902dd286f3ef3ae092340b808f0d351fbaea95aa1e5502471e129189c4480f4579132f5614e67cb801f30c10b74a5c4e44f7859c82cdf39f363614b43bef958c256b3ea618d6bd4135a34e0ada22e65c89539065f274f743201a7fab8969362b5b5147d5adf3558ee
32 279 0 1500 53 128 :0bd7f14b6446ab10a887ae6ec44e2af7f1154f31c3dece27bec552adf64490e5ed498564b8f4034a7cdae63a58915e6429c3405e6dfd8fa309b73ce11bab931db636483e4c679c61af604805116b345019e8f52a05e688a6d066cca2d44ed8f7a0f77cfcc75f7df59d8857b9a3681210b9ca444101efb4199e965deab5c133752c0e5fc61725e1db6e2c435e607dccf6bfdf08f0bd3718ef28551c93b01caf07d2dd23b990112cc2b5eb626f4ad2e75b4d6f3dbb5930b8dd63ae6eb82f24ca1b852e6ccde4bdcda1f1005f5a5d274b4b2a30b03649953937dac423a9c5fa4d91df37cff2f1a8dfd7a5e2a5095fef414c67751a05223303043a723b33bae0852554984f449116c6f726eb7b197d3425f80ac0c718d16c20
32 280 0 1500 60 64 :361f71618906ae917e718c4409854a226233ac08a0937e3d2be487dca61123f68a184149f97215071573cba236c6d77eb0e69485f652836685d1fba8a7958069ccbf6886265448816cfbdfd36846744af162a37b324d3605fb24e6971eba7f975ab90f82fe76eae1214ef7310448ec899b31b9e9ee7dc115229573c4e177cf96f9cf87cae594dc3e627f8f2e2c712ea2dce88fd950ebd384a423179dfeeb5fa8a497a52990a0a0bfb250869b2032e2ebfd46f0b4b371fd91d5c0e3fc5a067b038eb6626131455ff2b894b3e672c06d320020afabefff6169942c3df0d67deff14fddf238c2f19241e57cd612708fe94fa43ee68aac3f1f2b178f6cd30b14e08df48ac591e3be260fcd37633cfe1d6aaee515e0005c10f64f
32 281 0 1500 54 64 :281c71f8943236205bc3821b004962f0326e038453331d0a057499905583a2e64cb5e1f8da862487d273b0a60e9ebe6436cf143022e5781a164cc5dad57c4e4c50ff5675f8b1b6ebd9b01e9c42627441e776cac68c46923fa637ad70176451312029d772c169513d80053646e258e12418a66d953022c17abc92e341a81387db53c4d9f1a6f1430acc88bb603679d689f87132d1566893201772b5e9c9b8180b8b5d2e0051c8ae001e03b8cb68f231a01044d5d1af00901ff0afb1bbc08322d1af3485b0cb30572e37c5c9eae26a330c3c067b1fb3625920d0721be154af09671310be799c035e95daf242f84b131fa723b0fc57c94d6caf0302f99644e9e21c5a690bc951d6b93395df8d1f9f964d8094700ab0ad7c49c4a3
32 282 0 1500 56 128 :a68eb9f7a0916b4d7cf970cfd4429502c6315a8dd1a04edcc15d1b53a1bf0ad337a493a37eedbc084c4e2c3f21fd20135d059ff037d5b09f56378a54bba44ccaa26d60f7f320d4d79b1040ac5237b674cc87a16e112edfa87d29bb2b5d820f1496001731172a61d5f90e23de35226cc5374d410c93bf0859a3b851bf7a1f121d5c79358fa182bde0c03e1951b3d004d6ad8921e0e946e28ebd4167bc7a79f6dcf93a273db87a700df64878f045f22e7cd9230890526c12847062c1dcf92d5ffab73a20c1ed735cf0b4527df557a4c7c8c6c1a7cd53c9b8ab063ab0942295d664970842a692be7f0f0a0ed58675b0ce5db81b16cc6e72c3da975074d457545101a7ef653e3630d8b72f6f49ae9e6e56f3c602577ca344f799a933
32 283 0 1500 50 128 :ba0da9874451c3a9b8f16a6569dc77889fa3c04285e9993476a72b9936ff792eeb011973dd70c38a8c9734c5ab9633598ad93d8bad11d1d77f60b18324cd28cd996c0363628286d873e84ef31319bef411b61acb18e35d38a612b0e87efb0d9d7f9516c9804f01f4642fc91083c70a8bf753e38ee2d0ece42ef139b91b609b00468839dbb11b26de17690bb56594ad195ac8837d29108f6997da6dab419b0790107d3f2faf1da7933faeac22addc373272f3a78ee91851b31b31a24c17deb46399144941432981395e0e614e04e787f6c76e36226ae8b166a0fde28247f027d1bdc6835ee23e18afbb8fb6498456e90054829c9d6f6dfcc3545e86cda1811a86e1ed99ab72bf08cefacd56b0b0f0e4c3f4b3c45baed021c40731a2
32 284 0 1500 50 128 :361c9186188e2f21653bac22a977b2281967505742fb489b41e72ee53fdc29e86c4c96c88de9f6c62ad527a2ee4cc98e19154cdf7b744d4475b6e78d08074b30738aac3387e7ab25eb7d5f2255725182dccf05be620a2383d4e9165ceaa44ee656222bda73b52318b0f4f14ad573fe7ce848abcdd50724422f8ab6aa55f001cb05a4b698806a38e6303fa9522a7a5822ec232ee499de7788223cbb46590bbf88f0c57f03f59540b41d26ea6ee28afe74f01cfb05b298565fd8702d665bc73ad3ec91eb86ba0ffde0e8ac24c5c8a5a4a98913d91c89ed9d8565261659974d0845398338bfdc3af241624da364856a275320b578502f221127d264fecaba3c4a5d1951e9e56a334d3d7d1caefb18da71e6ffc0ce724a3e18abb30d477e
32 285 0 1500 56 132 :4c3fee03ec84e5638afc61aa91903a712f461ecf643a8a8a52c9906bf4c58c46288e66032da7275de3e3e6d12b4b9c292d5065812984fd8f4f27e5ceec9b7989d61b73d70ce5fc98ecb684ef9c528ba816b7e2e5436b8a65984ac843dadf577ab3ac06ada6dc0208ac907ba901f28149d8818bad6c61b92ee18e776f2ea87b2538fbf2f55dd8f105d6572c63ebbac4d2b48172ed811e092330c5399391aef0b22a4b023c432f61262ef5a3d42aab3efef1aba29176ee89153b88a302b67d9b60446604945c4b4d3686d97277e78375b053c2635420ebd9bede933952a3553d892c63abd71da278221c2558f95dcfec5a4db5698bdd61cabf269b14b0c571c71cf8eff6594367fdaf0daab372c3433cb953021850833dd9c2ecbb1c2f63
32 286 0 1500 59 64 :4e9a0a603fa485e5578947f4df8f7086086655a1bcb8ea85e0ee1ee46b2206adbfcf8ef9ac59330e05eca146b3441cba6f56afa4730924c558328c03e942f1972659d56a847e3e5332425a64cbc68aadccade9c7da578ae1d728a9d32a6e10f212fb8a30a30adbacbc0339c83d4b278ac68e560830ab8bbea9c177b784f13df7dc21374f77905abfaac7eb861e06660fd6fa00f494c277ec5a693f67a15027fc77dcc67949527c6bb1bd8238275f87afdfa511a74cdd6a06f5dcfffc9bad84d9eb6aa277ebd19b093a2b9ec6108a89d80bada4931c5f68287da4f5c423fad27e4bda3f53056edbde9b8a7c322625ed90c196b57597b9b235a7cd97ee60794c127a1718b32eae56477c9fa55da91a4ca5b8b7b023d8b210212505ff752cb5
32 287 0 1500 52 64 :88cdc4488d1472a62d20cf11e8ecc5f32b34350b4a22ff803e3c53cd80865c1e6d14d450c023c651049242f3348f7488d82b9e68ee22011e7094090d079f2156d29e4b6ecb5be1cc1671212881f553993659236e527dffd5c15a93388ab0715f7426d973944c9e8914060f5adc84008a121f1dacf5522b9360ae23bdb303fc3c24d0c360659b2fdce07b3f6e676c6db2d984d8570c59da078253bf7d1bc70680217fe55bf2f5cddd5d9d71581deff0bc3761aed416fae9c40bfcbb1141441bdd28d569ebe5a55ce7dcbfc14a9ae95dbb571a143490355e2b7bcc82f03d09b2518246c0ff175fc90c02360e2f781e38d99a238e98955dac7a1bd7cf5f410497aca422dd347d4529da952b1e98adf82b6b281da79030fea648da45e1a28f8b62
32 288 0 1500 47 128 :d494ddec77c076a45c598ba70c4743ed681d07bcb24811fc4be8daf366f4ac37ed3359eca110c79cd295485e8b98fd03dab04cfe13efa0577165933bc0cd303cb707a9ea0c0987f9100e0a5a0ac26439bbc63aa2a526f9953f25f046255fb6b2142f2c6d6bb994cbec6878a3879cf0a294bb1dd62c32a11c85fff27124e5b4e8958e15eebc8eedbbe9ba2ca655ae7de20c3540461dda7c79e2edf7d7daefb5a81dbe42e71488c95f32ef18b81adbbd5b2a756529945a195ccb2a5ea1d2134129483fc3f6a58305c5ceaebc15936c8eec5a410e67e2d8ab539f8cf2fba24bbb9ac242958b95aaca767d538f3feba162c07664b254292d0bcede6a4bffb9af1f6e975a476436cdda90d8d4ac0aaae22cb0fa8851df08554bd4ed93d0bdb222e95c
32 289 0 1500 45 124 :c86be841c080e86305c696fe9c3390ef52605df5993594f7b32ef6dd5a8c7e665e0007c6f4988960d0b94319aab3fb92c0b31c786c165f5cf9ba3aea46229eaeddf67f7e5b8e487259e86123af52345bd95233685da7c2afd00702bc908c91e69f39a21f09cfe12457aa4bbc606b6194ae6f95459cd6ed1e494a60634523d57bca09e3e9de71c04396a21fb5c3d433e0c79fa2f245bc87497d95d7cd90a07e9434293d1b2b3747b567422c794ca10b5bd9960b4dc70b4f3d3eb9f4467fa92a119a42935ebd2f5c5a1b2342c5fac8a1f02e6f60d7ab4e1b939e4a887ba4d43887ca474a4c29c8deff5eac4e1ac7fb39cf99e278fd756faef7d3493f4109dc2ae4a7d95d808a1a0ee6bc5c997884fcb09f207cf2cf7802235b920321bafc1d1f5d2a
32 290 0 1500 57 128 :4ccdf969835f40bcf8b42bd5c192754325520515ca649bdbfa9889e56e8ec1f90b99f1c1880bd2e0ac49aa841a34375ab08a8789e05581f9d8a1076c0d16bed2bef301939f2c9682f5e73c9a38bd5d0084d087f0f654b56ddf4d3c77f3c81fa23a7e4a027e2edb021ef023b0b71c40067409c7862370f0df9a77c88d985c77d63c44e201499e070c8d46996c9c4eaf916d982fcff57fb9f607dfced3672ecace3ff5b4f05cfa5ac76d2e5094bd5fd9edeb56aba0798d00b342115641f2acd539e2693406d8fbd142c8f9a6147651e5222723f63a79c97cb0ffea4bed35033a9ad6f6ac3317fa75f42c13ec50177ecb27a5a631e343758305b593965f84ba1089473dd90a0906251ea6cfae81036ca79221c4ef67af1b3a5bd439582692e77a9dba07
32 291 0 1500 51 64 :50ce75f6d0789abe885ce3cdc9654595328acf6242e88e67c78c809011e4cf3124f1e94f7d904c39316f31768ee33613f04f9b388c0774ece3da5593bebbe9fdaaf483315dd08984998ce7dcd125d97d99c9c9db884d4479a20367a009766507fb881e6bb550e6ea7f926b4f16e9583e2d2d06454224d016c1f98d63134673113d8fbc1d78a15ebfe3b597005e723af9a3ab36e1f89d467c0fc4ed377e4ced0dbc1039aa6e23ae6c84fc1973775f01dac944588f88b366f371d07d5c26449143bae8f9c6e6ef2a33248c23bc158cf944393de6b5d22b625cafaab9f94c5418b832a73d2ddaf05a26bc26ad356868875b62c3f481f8d0c73762d0efe32366ed10a9a7dff80e15a863b8d73d895d97423585d332978c2a4ceda5b995d0d08a5ae5321de7
32 292 0 1500 58 64 :934738b09b27124c660340d29f335c28e692cccbb319609b4aee8d7529e83d9a41d26f96f12ffe00376e7b27a01406eb23b0fdc84a50ca703e92c60db9afe3646d3fa61a9e7bc15b1cef78a9e9c57c2cd2dbf4a4498355c48169e30c1cade13a33636916be7028a192f01c9dffd1005cc841652754a8fcc17081b037de02954ce0fc94b1bbac3ee59cb95658d163855e33f101fc7f8cc3f133c208a4ba95ba02932bd9aa8acdd8f9b461a0fe14d2181c388bc45d7e64a27b7b1b8bacecc5c31f3e68b7f99cd188174530f6d5113e33e52d673327241967b1246d9b3dac8d13da3d4e483797c9e26f0e766de9c5fcabdfb98f4887349d4d8a921c5e50c044ce8df1b6b5440039b480bb12475c969317f89b9b571b3cf65cc7c02214432cb9a262fcbeb41d
32 293 0 1500 55 128 :f497f64555750962bc1506f2cd3893c54434418a0ea72c34cd6018a1bceabbd1a0e78388404e17b22a5736b062f4326e614545c3755c3a98faa7df8c290a1b26824b2a877c249b3cf1ed6e9dd137c2a9c2aae58ca3fb4f95263b32360aa3956ead00d4483665de9fc1826e0e520d25accbd86ed20dff41da87a0ecb76b6023a8416ea51c22b2f31409fe35fcd8289f9a1c36a1a4f42af34d5f6901cc6f2867cf55cc4ae2335d6fc53bb183ea5c522ed7b8b817bfa040612fcafaa4ebdad2c2f1d7645ab5d875ccfb55a4b9af1b92cfc298e1b1a8d49ed0940f70be7e39f42a57ca26be9d027c8b8321b7c7912a2d49d72b24f2f30d44e0b9b7c890ed22c7363f51548343abda4a1e62b9c5a00ab2c3f3bb9bf9acd39af658d1df128b383369cea849c3d04a
32 294 0 1500 62 132 :416ccbed0ab6e84fa0179804628eb3c123defdaa7f36841838f2a8d7d53cce61cba567bc815606f11dd0fb2d1e5bf6efcf377c4e2dc8ba0fd1aea127fa2adb451de6e78d165d194646b37f08861175feaf357821290ec60055e5646caf6fa25862194e4fb083e2e5f5ca5e99f1117ab9cadc5762d38a42bc17e25a6d92cba507e6588dddbbb55a3d91ddd89d9dc990044d3d580db134288459a04296bc72c681593c4ced5dec6904c12561c0642180cbd1de37599ac38544c64962c0a18ea11d67bbd2e804d973e5da83e2bc4a2967694647c8a5ebdbf695cf2b352da91dc98c0981b6afa460856f9588c09bf8b9cc7204599687144ac367380d7e369de410aa7f9e8634996cd0a77b676a4aea30b32ecf89c6978245c49373933ea489f20e5e803021d0cef0
32 295 0 1500 61 64 :0ce17553288482f3f286b904227dbd2faceddc0648845596309b8f871bb784eb22c85891699855ea715d9d273d0c5238e62c187c2b029417295400120c9cb92c4be6508a67704c2f84954c88ab1e05e38484d28fe50a8b85bb080fd5e9075ef4d14ca4034e62afb3a4c562561328a09a2e210d572bd124c464412de4a18eb8d7a91b50ed673b633811b13885af48b9d410df34d2848d71b84dded027d2b8e6954ae28259b15c38b02de997f380acc377f6b2485e642a1a10eaf5c36c04e69296e711b62993140dbc745204cb1751a5bca62edeb2e6f77307f3c95f19bd1da181e1a5b12dbbb9a50839cbe0c02f5a74c2d61b6f027a14826ae079cf32ebc600822774e71dcf3ad1ca34ec15641c97d5ee87e3ed209914269996eaf0dc6b610dc7b50fe7a022ad63
32 296 0 1500 56 124 :83d21b36f54be151c1344f28acc28e2f41b39be12592bc7bd642414221184a7afab703763540fd6997665faddab021974f3abd1b55b1deec93365d3d08d90ad2e1afb7d1d2ea797acd14d24144e993e22ca003d285dc0c54c7fcd2b46aa4d5eb68c86893aaece40e70962b9198433508ff0232c912dabafec00f476c393dac126f5c8cbb583c5b3bba97d5adfa20ba9b9003ecc78977e638504bd67fcc1022e2a4f84e3f021227ff80a2ac5caa6f13959d43170044078cb6e354408cee72dc41b6fd2788c302c31fb2752ade2faca25decd2a42a022c6b1aa6e33af7c1f8efa38c6616a25de5951cf9230fd9f83ff77cb0262ca1e581899155ff32cd9146a1949d8b82baa0072d49df6521324859ee08f23fd28af43d6adc08c566737a30c9f2a13701db3b61e28d
32 297 0 1500 62 124 :b0e277c856987f534d6985425082d87e456183016c7610856a2da7a3efde3da093e2d861ab9665baca3d68f009f50be0a7e155f8417b29cfe36d114a2ab25626ae2327785bc6bea0b85725289a33b93dd7f267c435801cb3b740226bd18e1f09fe595f8385dcea309f629de58bacbe0a64c0d5ac83241a41b22163fc6ff80e7ca9967f237e0dca22e672fee82f011d3b92ae5f530df7d5cf2074c18bd2565fd5393c9650a80df1c788972144c0be07c6feed87f6e60c61b621bee8a6a264368021f9f022f9053d6f7256e7bdae53109c42901e22a5aa777362d40248244c869d03b21007a0017780938f477c7f7aab3960114832fe7118877df3f7068de0c4873f67c61c3ad0b5fd198753dc75f69158e084ef4e8c23932ec5f90f0daa2fb745357e355dc3708e6758
32 298 0 1500 62 124 :d785859b73c25712c3ca654163e7b02a073225b1734b319d62d3a13d1840024253d1e2fe34dd456915515802dc889cda98d1a544f34fa076e6b32c8a4a98762fa6fdbedb266e6d7b43159cf760e1c2ec0751b17917f996fccdbdcfd09b07581bb6175559fff48c5c528f68a32a399814e28ad6ae7c6384c6e37274293e5e423b40977c0e64cdce52d58a9e6d6ad0f92b08a08099b4ad03857659d315fa1fbc81ee414bf68003b56f89c14bf685d017b19ef2a8b5d7601f0644fdfa14106c624bd42896b54dce624012beeb5b2a7f2444750b6bbe75e2b906a4fcdb3c77431e4c2489d82a5cbfddcfa3c5a844dd08037cc3c33a356d92ff2365e660a93ea4d6e81da2b11e498b60808c51c1c00e72c02f85b32e69d30e0a082f041caddb67c0d7ca6c791ebde0ed9c4710
32 299 0 1500 57 128 :56da1df4960cc4b9d590dce6b8de4c1ffd34e8571aff042d5810c63d9caacd78dbb500f25239e4596736f95dde02b21b8e292bba64844ec428a7be7323259eff6a1fc64c7c2a35842c28b5fd656c081cec1de81d818093543ec46b68315aae7085d4341697a8cd2c8edce63c330960696e7c630391c3947d381f37adb75371c840c23502dbd58454427da0d336ba04b0bd9e0c5517745d72465709a1c26d1deaa6a9ad53234a8154e0e36a55e56b9c3d2219b032cf44309e9fc38ccda9bb1c40241ea919fedc0b2c8cd04cc39319dca740842383f631a9229f9a205b4c31cef1a29069540f9a93b77499b02e0afdc7d177e72a0a1ef6c2844340ce1647b48bbc12683b20c60b1fc743b2e311286c49686599f5aca818ca1c493c62c6b20bb15fac6144f44edc86408ade33
32 300 0 1500 61 128 :94061c3fd50537b18bb2b71ec7103d831edf4b2fa09866b440769fdb0919613210b7dc31b7d1dcd6d4f75976f7fe6c7a9d7bcaf0a0757ed48e68379499eea51726420ea2fe0e1d43d8cb58dee56f1b6a6a816ed74fd52a5a937612619acdeedf2d4d806c4e6d77516ccba6c23a259774beea0c4df5995f111a068cd51671785b897ba3507450334b0b30bad0538e16f3cd50a2e0046238538f0db9d86a3b688a8c2dcc764f3d1610e2d8976209ecf5212f47d44daa16571afe534e063c5e3ce462af293677917d5d16f19e1cf212b3d3eb26e5a4afa12c97226a319fd9f0e31d36e772b44ab30692298fcc3c65d85beb0ab8016ae8748b1551aeddb84cb234aef4449ae8577666bb4093f0831a8cac6d8dc8e9248b24d37c77b14cbe2c69f978e27c9c86554636fa0af5975e
