# in_len out_len m_cost t_cost time[ms] memory[kB]
# ERROR 32 1 0 2000
# ERROR 32 2 0 2000
# ERROR 32 3 0 2000
32 4 0 2000 51 1 :268759b2
32 5 0 2000 52 1 :ef32730b90
32 6 0 2000 52 1 :0b6906e37077
32 7 0 2000 52 1 :f1f40fb985ce27
32 8 0 2000 52 1 :8e105c60ff279015
32 9 0 2000 52 1 :33f939607366858b0b
32 10 0 2000 52 1 :cdfaf923069e3ae26029
32 11 0 2000 52 1 :f933b2e0b6aed79773ed72
32 12 0 2000 52 1 :75cf21ff1bd486b08ce00514
32 13 0 2000 52 1 :cb2e386cb2da785afe9c3e88e9
32 14 0 2000 52 1 :51d718094a8d0b8d5bd0931dfe6f
32 15 0 2000 52 1 :292f3264fa208f3bc58a9d10854e6f
32 16 0 2000 52 1 :74aac1c6f7209084ada5c86065735b6d
32 17 0 2000 52 1 :d2ff392171b75f610e122a62746cf8a27a
32 18 0 2000 52 1 :b183b16c8689a97fd515137219c0b850fbc4
32 19 0 2000 52 1 :3cfebf609a8e40afc1ac1ff97de2bbcfed56e4
32 20 0 2000 52 1 :ae1f3e42e7199f4e94e3c26cf3090566cffb662f
32 21 0 2000 51 1 :3f57f4464c7c9924b05593ac34927cbf86c23b8fe1
32 22 0 2000 51 1 :84c6aa966861550c3972948e42f9a0c1008d69c34491
32 23 0 2000 52 1 :0e7a5d42eb8dea9dc1892878a8592e9bfedc2eb55a66e5
32 24 0 2000 52 1 :02d80e8d16e801943c745c3f272699429975cec77c883961
32 25 0 2000 51 1 :ceb02a620b7ae6f0c6e3505fc1038667ac8496ac1d2e560d49
32 26 0 2000 52 1 :88f968a57df96042d60ae3f651e2470412a92fb23e163dae630a
32 27 0 2000 51 1 :862d4cd21f61e6f4f1179c9cb4ef5c99f8b826306258c3fef97aa1
32 28 0 2000 52 1 :38e72278a1c9bd152f7ff10baf843abdf4d7ed38029b0952da133442
32 29 0 2000 51 1 :4b7f79851848275b7159aa448af88ec8e6c346237e96a4e47bfaed7bbf
32 30 0 2000 52 1 :4046e8143a5cd06c80bc35362860f9d4b5575861d0e1cfc0f9e4b002ea3b
32 31 0 2000 51 1 :2f111bcb29be09a3241d920f8973ae233dd4a894283533ad819f3b7ed74153
32 32 0 2000 52 1 :909ec06895196b4380dce0d4fbe31cd8975a03d20fa54b8643fe12e6c9734c78
32 33 0 2000 52 1 :0796c2888fa94d33588e1bedc9de9b2a282280c1444642a63a99e2617d296ac0ff
32 34 0 2000 52 1 :3beb57d0c51f30d16bbe1aaff11a36364856d00bf8125cb848c1af3cd42fa046afa3
32 35 0 2000 51 1 :29e0317c379e316dc3991e3b2fadbad3ae937a8e4bd5a7fc2c95e4f24124c2c79e0203
32 36 0 2000 52 1 :0d741bf55e1216f2736d1b6d2b8b1ffdb9e1be9b42968ac7c7430539a8032392064d92cc
32 37 0 2000 52 1 :9c093598ee756791a3f37f1958347b251742b4ccfc02e213391f8fefc5393ad2a4b37cadb3
32 38 0 2000 52 1 :db895072e929e4fb33106af0a1967b2603fc63ed18dc72331e094803dc900427b0422f6a9146
32 39 0 2000 51 1 :0f779d24ba940a7527d6649aa038e54ef639ac934fdea4ee3bfeedc902b9866cc9df94ec1399f7
32 40 0 2000 51 1 :715352a9f6521c683d89a741ed3a1a5e3f1ee52ca00538a8f8c716e9e4924bdc207a864c4f2e2a2c
32 41 0 2000 52 1 :2dfb2a4311f5409b05d298c453eadfb2838facf8ffd3aea55b24fb9b467bb3feeb2ca4c78a032a4005
32 42 0 2000 52 1 :ea6b9fd52901f2e9dc2277937296a59db5106dad6aceb0fa78408bfb2424e336ad0d9f13f5feabf310a7
32 43 0 2000 51 1 :b3b9ffd720f59f1c1decac3a4b8a6e11933d36443267e06d8e03138e0a2ad7a27575a5b50d4ddb8cc9e895
32 44 0 2000 51 1 :ffdf874bf04685f4ebc3319008dd7f2334640bbad19c597c240603a38724e6c8a7ea4536c86d8b6a7d6950a0
32 45 0 2000 52 1 :f218ee90e5bb2366ae700a55d51c3db97d15798d6c988cdd275ce4ba4d09ad52f5d814e0121c70952e924b8d1c
32 46 0 2000 51 1 :1e670c943c62e1871f037a74365a1300111d0bb153be1368148b2c746cf93fb418934d9a0607a971a5db23ff6477
32 47 0 2000 52 1 :c02107becbd7fac9f06abe9a25d98df2abe01c29b01d852f47596fa0527ca8b8d265a1beaa501123f8948f5e1fe864
32 48 0 2000 51 1 :1dac9f861f085cef3a82dee5e2e7225acce274f2423b2d42d9811be7cb03c285b0dd7f56014570596f471e00c66667d3
32 49 0 2000 51 1 :02f499fa8710ed67d4c3960eacdc085aa50eddffbb448d2c23ef6db55f802a71d8b50370f87923c34fb6890f401507577e
32 50 0 2000 52 1 :1c60dc6e0d3215f658e0254434c6cfe519726607fe99f7f1638034bee34c7d218a2371c69d71969a097a582ab02297c33682
32 51 0 2000 52 1 :e3eaf7aceaafc9eeee57f0f321272a4583e76f1db939f9e576f56f755b37c2238be40553a27e05f33cbe885af16b2f5a0e7647
32 52 0 2000 52 1 :b218f6136782b5fe5651f3d547f0455cc6be9cbf4cf1448b83ec0f99d0c223de7b72e2158dce3840c13fc4cf390d7997377f826a
32 53 0 2000 51 1 :93db2da03172173f3b4281f030e15e435cd2d4b1ab0dc25a5fe659600b9fdb593fcc7857782bc80b90b2ed4fb73e5ce331c2d907fa
32 54 0 2000 51 1 :dac1a24d96d42df25d40f68f903115ae1a74ad65b04b3acfd5ae399673727d66b40029d4768936101ac137e702131197fb38f8d7bcf6
32 55 0 2000 51 1 :ae36d5e85d84ec67d3084c9cca2f69322463df87b6e7168ac118208f6f4e233cb2828659317be7a47c38ad8b32da29693f8ff705f50f76
32 56 0 2000 51 1 :d9755a14e8424d8377d0c383917113a65b9c090208567a2f3952f68880ae4074cefcc91f8b51c2c2de1fc8c2fa3e50747abc484ca8b51fa3
32 57 0 2000 51 1 :faba66d69451b4b45cb032ede78ef4fc697425bca02e288e889fab01d1d57127b6cc16a32392d294114eea0d15a27062c75d30f11801ef56ae
32 58 0 2000 52 1 :81f9ee312c28e614a8ed57283ee9154de7187ee74b359616f9b3792f5ff632eb34b41f8ab55f8c286b7ac376e740a869e2d35430c43887894b07
32 59 0 2000 52 1 :31bdf70b2a9da6d34378ad801dec206d4d2c6465fe75d13004317cfd83877eba198b26465ca78e662902cdd8016848e8a4c20440c87a12774db930
32 60 0 2000 52 1 :e3198e0133989a176212f1ab1e21695876c74c5b342590e4a61f1bc0823bcc716873df16f2b084fd616161aa80e628372eb2b0162beafc771af7fe7a
32 61 0 2000 52 1 :992bc5a8277d2f17bf589afe653e4d90629459c855050f45272bba6553f931e699a67c24968fe22f90298868150a2ef9a5b7d38b1280d7457c926a2045
32 62 0 2000 52 1 :b343a7bd4aa96eb0d0132e265c0bb35e1930400683f49da5617166f0c0e37e98d80027a803286203f43be38b3fe7eac9c5c175f617a7b238ca3c86f9a8e3
32 63 0 2000 52 1 :d1d4d5c0676c14a2db8c5f35421dd9a226898f7086dcaebaa060399e66f49509272d1cf61b76b85b146b84a46e007c6b4049b90c003307972d21fd940a01ca
32 64 0 2000 52 1 :803055a288b1754738a6bde5f366124256871c00d35711af839d0b22965a43abc13e81b4d7c273a445d98d03801caaec9f1c8b2df6a85d7f1bbb18f54fdeabe0
32 65 0 2000 52 1 :ce97cba9b637cc31249d6ccf829d4c9dfb573b81a15d16585668864512f97e0216ba045874afd3189b8790b5b0426622678655fae1c7950efc7cb6d018b5dc7fab
32 66 0 2000 52 1 :f401d53558d87934410b315c653906cd640eb8e1057c5bf4e8979868852872a3824868459cf7508c00d5c22d12907d4c97ffdf2dcece80ba5d451e306ec5afac7e56
32 67 0 2000 52 1 :c5a894e013eeb88405318a00549cebc2730097161f0ee9bf3f3d52cc8bd020e10dfc40246806262ec9477bfa70a0a5a8db4dc255c34ed844652a28435a4306d55517d5
32 68 0 2000 52 1 :09e85918ec8e80efb171be8168da3f011e4840ff61d61ce271004c812c57d93130463dde3ef3feca613066d661dcdd7d6558405dfc7d014231f39bb25a7f4006cb279a55
32 69 0 2000 52 1 :0a665025adb792a4e50c89c3e92378c319548079d898b306e5a3cdbd3017faf703229ad83133c35370dc603fb1855f7f25e1f4f1edba0ecf63cde2920e6fd2121d360f9984
32 70 0 2000 52 1 :272e5ebf1d042be3a90cc572a1ed083afb89962f241849e6923255618f5900b891a8e2586e2cf0eec9ae9ec574d723129db0e76f85ebcc4ddfd0e917dc56bd81ff5e2c3b94dc
32 71 0 2000 52 1 :f9aee34f5f6689495f9fbac2f3d00d3dd86f8138dd188ee05a953809d6b77c1377ad8c018042948ea7fbcaddcd54c206caf7e063661600583b0af532442677103c1e4b8d62dd27
32 72 0 2000 52 1 :045cedef593b0a07931a81b1e5b12c6cebf7d79fa3acf3b9edefa5148855b22f146617d128989c7f4af0c4e9edb06dc90fa8c15eca93a10804dc8770f8ded8ffd5009bcf8065a7d4
32 73 0 2000 52 1 :69dcfaf7338dc68273a318ae6da6ae94ffec6e29ebcdeac23610eedabfd370fdd9daa2633aa7922638dd8e203a4c70ba6814f613877428cb82f8d5c87caa2ac5353a04a1634ad02cab
32 74 0 2000 52 1 :98f071487e763aab0d5a0d73460c25ffb055fbcaac57a6ea4ef82a104dc3a704568d36bcb9b6664ce2dc39df03677959376e4c1878affc252e3625de07feccf61e0c2e8788f950de3533
32 75 0 2000 52 1 :f3871ab93e14268f135a685752fe600dbd5b20f6cfd46bfe7cfc39b8b0723bd334b50c4eaa24bc6e7b30703a25715fb988941a732caf35c5a8cbac7a0e7b7ee7bbc1aca073dc8877f9148d
32 76 0 2000 52 1 :05ff976aee6178a1f4acb415729a885c24ff0b651b387e08d2608f318257f5314e971feb958d05fd078e651013b8f76bda2492884a0f40afee6ac98d8429405b6458daf4f0a84c6fe73a986a
32 77 0 2000 52 1 :2b924d18b0bda6cdd315fc998ea7a0848be7807cf0aa39de2e5bb28c9f46cf17a1e9efdd9a8f420d9de29b0c5c2b24424cbda9585f162fb2950347dc2ae37e70b13a0f3e3bf4cb08b392a6748e
32 78 0 2000 51 1 :f1e07ffc9ed25ffd54460abe3f9e2e967acf667aa264cd62a0586da4d8dbf783b79009fa6f59ba16a92d6f710ebbb77a866f616c14bc0894fca1c139a04484437cb655e27bf33fcc8f3363524ffe
32 79 0 2000 52 1 :dff4dc42987d12dcbe4094f863ddc3eaca7f1e9a293834993e642819034dddfaee860c1e0e9b09c5e078f76d862e8057b8efc1dec1b408c5be8ae8ef1236c37cd49679a1474e59578a7b84525f3d0e
32 80 0 2000 52 1 :51ed9438f82b4c00248e81558d316ae8e5fd48d56a19d29d7d366f4549899b1974d62d767e95b002b031cc958b6dfc3b6dba6cf9aeb4d37d4288ee2869e4aca6c888bf25c76cf12903e00741feb7c9ae
32 81 0 2000 52 1 :4cc8d14a0107d534cf67e236a7f91caba18588a9b80f0a6c2e10266c9ff43cf69a86cbf8b41058fc26fa6b44b34c5f003ee4d5a54cdb441404749b0808015a401736e65ac5383e557be52fa054ac42763f
32 82 0 2000 52 1 :5e02df1ce431f15040f4801e43b587fd3f5dda90c2c005213414a093ce78c509d3d67907118aa60d9c1589181b1147928e9d887fa71961a72ba682905cb71cca3dbb7087959816f08ffbadd268472a95d855
32 83 0 2000 54 1 :acb87a9c2959bc29ce757c5e82f902a7fb8a31d3bb7def0bfa797bc897d2e8a6576005ee2e4c9468abb285a4caad5b92df03137e1494fdba08b3784efa64d6315104c30e236f772066daeee505e53904f2abf7
32 84 0 2000 52 1 :8612d8de8643a0074e3404e33cb49652d5bd38778c08ec430b819186fbf8c1a2725a3ee027e7c51767d58f11cc5f5ee00e0cffc189906dadd98818fa1bf8957b33b3f6daa40bf96d6c660b7483f1accfdd4b943c
32 85 0 2000 52 1 :18b32703c573e51038e95a6af311f7f1abd83b9126eaa353bb693fb6db3d2731eade8e78e3518323aae7e3cdc1dcfa066ab70077e2f335837313ee4dc9f6f4a3f3e8eced89309c5a3adfbf2ed52a10206494549fec
32 86 0 2000 52 1 :c625a87b8eff8729c48d29a19792d811f141080621ba27f5f30f18c4546e69dbc293058473a5286327823275d204542f0759ecf3d32024daa5dce13776f82d2e7c0489e1ff5a480eaac2696c43bcd8b2cc3ad6b6cc45
32 87 0 2000 52 1 :4be050061f2f15be9e21f981b10bb2db1d7aaadd0ed51ebdeba93ea76d7cad08ece58ae019dce31a8825773518d19638eb04556ba3b983a9c1ba8b06913259b3eaac39db31368055c4c6a2dcfff636a8bf0a6b97281e48
32 88 0 2000 52 1 :08c238e6a10b3c111cc6477610ac06b54ad978903157f6f35d332ce5b203e10f6b8136987fab7a98f4b19cc854bcfa4a9d5b6a71d31f51f0ca6325b7a6c0300a6814c01ede377f16481ffecb630d25b38d24620bcdcd6be5
32 89 0 2000 52 1 :44d650fb67fa784be6a1507bc99717e84d56644ec90a2a06f2de0766450f157368e16cd01e8f5e7b5625fc46dd42cae5cd2566c668e1aa155da705ac6519f8d477c0e08cf1c39e08c982ccc3413fec655263107c1b10f5ad29
32 90 0 2000 52 1 :67c02bf4d0c00e30def6a95b03dcc2d9ab51c4553cca0bc32453c5881942bd58b300ff1b357a5f13f9c8279ef225918c2438c80fe61d6631e49801fdc4eabc33301698af105b4fe3e62067bb1baa80d72cbcdb33ac710a595e7a
32 91 0 2000 52 1 :6bc9c376027d155536437606ebbeaf7a3be5d22adb24f6dddd4c20540b268e138abc0fb4a6d827d79f6d9e9cb44f0536436c8197d76282cc363c4260c0d28db8cbae865b9d99bad6197a57dda40bf1105c3be84749e747fbf82b54
32 92 0 2000 52 1 :6b285e0c9aecb6203952b3f5571152fed9f8dc518ae5812d13316d5391c98ff473affb3a7c765c3ac1948810ca38526448be28581d4a26ce2022f6215c4f003c5df5f4f1bbe063f3f774ea778835b3a9552c07ac00bab9ab5eb56cad
32 93 0 2000 52 1 :0108266214a7bc0d6251e004a3a35ecf274b65964488d55ad8fbf7c96d4bdeaa6566a17950d78bd2b68749804470360ba2beee444635f681f40836d8039c625e752c79e4108aec8c2243519bc9ed4361465dcf56f8c1247a35be116820
32 94 0 2000 52 1 :2293bd1e10e20d030d68efc9e516635ab225a63f16a625ec8aed5a0d49d7a4acd1a1d04daa5306f20c057bd26ed742a5c4e0a47142349c4ded28f1cff9d0d5e102006c4d3f1c7d8412d5bd009b2d16e972bfc6022c9001690794ba23bfa7
32 95 0 2000 52 1 :fe64d340f0007ad6403be307108c58ecf644d255e451f13642d90837bd549296fca86cb13c1b8acb2250510f9126b25561937c0b35d7ddaf4055f6d2a86d0dcea0dcb6050ee9dd6895e690de0c74b3d264868139e0314eca128e3b3ba4d888
32 96 0 2000 61 1 :30525fc400b509abd1af3bc7792b3fd1583ca53432939d8997cb383f76c79a00add5e13c98c1ab91ae95b1e3bedce640602d97638b2c094cc62ef6ef7374baeff4669ff5efe91dd346fbd682383b4ef9f3f9b74d155ae484a09452d9e0192883
32 97 0 2000 51 1 :d3ce4fae58108addf7ad9c42871a8ffeffc72c60cce2bcc7755d78931024fe5ba211d8058447576241866d8f72d817bc530b504bccf7502075d8546e8e38665fcad949c9f2d45282b9e9427751f5311b094d98e34bf04144e82d5dabf2f55aaaba
32 98 0 2000 52 1 :b77dbc3e1cdd2544621227883d439992d67453cb85e324b6d5f6c65ae3b0ae680f951ea15669b343c7acc5fbce4ff7a844a1dbd88a4c43915cfa8ab374c97a32a0a50ff0d442a0c7669a74dc4d5f30455d237cccfab4bf595c2f5afeab395576b1a0
32 99 0 2000 51 1 :d04f55ff41dce406a100986992c8dbda196b6b2aa60c551a4c23b4d7e4ca38b47f53be2e59ec71e90dc9eb031b85e16ac0ee486fe4f392e5dff9e55ff718e28e5a1f195c64b38f79d9ae3f22e785821a4f504d9b0783857b44036c2117108faf7e3ef4
32 100 0 2000 52 1 :62a7043a0711f9ff4384fa00984af02a4760576aa000dadaa051d546bc9db301a226844782bb5a9cb3d090f56468b40b25c652fa7ed2a7966754a1cd2f7ad583dc2ff25b302c5fa5a98774f8d3d2784397b1b2eb3b49caa1b49bab4217ac4ddb24cd4a96
32 101 0 2000 52 1 :f3389d5244da8c850f579db0846def6ba29b88ba06e1375971bea48798b5f2b942fea7e3427efd513d391477041889e22ba6553526000687bcafcf560d8575ea1571171d438ff86f807da5b7ac4d0f028c5f6fb39ffef83acdeb263e2198587257dacdad55
32 102 0 2000 52 1 :e97532195c88ebac68dbe6e8dbbf7f86e785b861ceb3b05382ded742d7407207b9f6924138271434fcdf7b19ef96a62b300bd4806c9dc6cd26e58a25326da7692e4a8bb2383eede46c84ef36f4949916d57824f5241d0d4a23850d50ad3df0cd5bb2d2c53077
32 103 0 2000 52 1 :4bfcb4ae14102c7334eccd894c35e97c467b6dded566d294b0ef2ebf93f7022ecea030e38f40327757e0663e6c524c277aac2904c905a1312cfa0030f7160f02d0fab4e32a8ef525b45065093c1fdf9bedc245c2040daa64f717c8566bc2445fd195b1cbd1c688
32 104 0 2000 52 1 :80e22cfca71a8e28e396d9b04b241171e992ca8755c6b7caf179cd0cb20795bd06220c07285c0b111b983b7158127950b64b120abe284009c06c5052d16f21dca2cc8411b82e650ec99aa45bf33b332bae6ec8831cb2a7e93d56aedc2f49f24c66d3db013ac5a0e2
32 105 0 2000 52 1 :448744b9142ac5f2473b849dbc079132125b499550702ebc24eda8ee312c6f4f2cbc4a4fab615313f8dfd3cb4fd8788d8f126e3c0f2302339f445a472070e8fbf0177966bb71ff530d878e1f96df684820d8418bfa003d96e4a1a3d4d33e5a37f6115b399e24397061
32 106 0 2000 52 1 :3bdb02a95cee289c47d1eed36303b5b69f888240def319367727d727c5281d94effc423bb62266baf68481b84543fdcb4b49f07bc3a33ff5620fabfef5b199ade7df89a2873a4ff9c92f02fc7380c3c1ee7ecb8d8f1adfdf93c2215034f35fc286554d7446566bc35541
32 107 0 2000 53 1 :751114819469c8ef09f00a062517d3e30325baf72a5ec97d5201397c607417962471645e537048b6bcd40e82f8fde9521f5c54b2b07c38e15584f2b81f4d8cc2ca7a9244088e8046d448f34eae6a00d53be43b240594b055047e5472b5efb8aff0ddd0db3d082fdad51324
32 108 0 2000 53 1 :b09f63fa07b8a92b92f4ff2c25cfa49a1701ebcdb04b8fbab5a1d4ec89d03e38b4554938e7278201480ed74d30b7050e139565db3d41527ceed95f727a606d5d827f7b93e5223de512bf3ec1b38623152d6b7ff2c8fee851ccbe590d1f3171b78500c23f412540b735ee3ac0
32 109 0 2000 53 1 :7425ed37502e3c4555db6e32c848a19116ce4b401de5e803801002d9ce1c768bb539f3d4f47fff15cf17b7cbb95895110445937c77dfa0ee55ebff817f73a37e441f42558bdc4593fe47fd261c4db0db332dc6fc72ea42576e555eb45d834e54b9c0591d84cd6de112c02d62be
32 110 0 2000 53 1 :8af0b538dda0db8a70b0fdd9a3009c8e21961cdb29f6bf7fcfd4174aa592f3dd2033515150a9297521db85ef98376438743fbb561aca70c444190191f7f913e0128f44dddfb02a820d4fa5e66edef02cbfa0e8e2e47681c45531efeea108c81e38a747e52127bbc4a96b1731c96a
32 111 0 2000 53 1 :ca76624f98fcfa6095abc7e1d0b67f36bac043d0917c5fbd48c6a020dbb73165563673258270ecf9cee87a752e4ec26e93df41805fe904d6f8e57f6c7eb78ed1beb32611a2604746db32174c92938c2b648df09d85cb66996535a0824b51abde3fc3f7f061c440a0ca77650de6f055
32 112 0 2000 53 1 :fcbe6c5972ca0ee7cf3f3da52beb31f5aa465657305f87c5fccf7c4fc6a54658b17a46cb0bbaaedfba9f005bd6f984a616a2bb56168f7493f0c4e03aae9469c8e7c0a041e1bed151683b7b7940257ffd86262ff716f63727d430c643a6d5ff8d94c937cd507ee81e49d84d78accb6557
32 113 0 2000 51 1 :5d813bda43976dcabbb3fbdd9f61dddfd2e55b7cfff991ad7e72bd29c5e0fcd930d53f7f9aae25a4e5100ba26e8e012027e49d5f870b28c63c8148107155e9baa3c59c6f29dfe95a0a3a33b8cae212a5569b2838fdc0ed9865f147f50b22dd8b6c97a8f9a022a29fa27211d8dd659acb6b
32 114 0 2000 51 1 :ce341ad51f3f6abdc8c873021bd08a3569dd919dcf085dfee7f5b56dc0bc7a10ae1f5d99e159a3c93ec364622655dcde476b44743a85964020ed6fe57d61564a843fc778a6b645bfd19d1f6f373cdc4544c79641d9b3d41727350d1814f913827539c2c66b83cea50df9456eaa1c35887728
32 115 0 2000 52 1 :c67b9ee426840d903cab7d1d3d08268d28cb36454e1fb3cc93ac86644d70f7beb3a8a366516246094a127292a20cb839f5746e4657f67e29899d3136d111ac3f24ec205c18cbd5268d6ff4d6ee521437f5fca73a20263624113596be79c04804cbb688c5d17352ff8b3e1687a27a53d5f32bfd
32 116 0 2000 52 1 :0afe3570ed47c5165f332e438596962c332f21152f590b784ff2744ba820804fb409a000aa5c874ec74b9670fc3654c5f5a37f2617987eae79f71a514a1c2ff9221d5423b894cc4f0721d9313e547d11e9fd2819c368e15fe3c0ecdddfcc6657cf110fb7f5b710af92e061c8a27cf0110c43cb9e
32 117 0 2000 51 1 :6aad20b30431d518f3f6fea8c4c0f44b000a66806080dcf9d1dde080f7e859a92364729f14d0fa31543dc173e924ff3143e7a45c1651376d946a4c27e0f0b914091409efe3c007607cd2a950df711622fbe46c323eb8748efb5e15519bd465ca91961c58b84248cdf015b117481e476b626230c7af
32 118 0 2000 51 1 :b00df1f05c7c5923bee6cbc09fc6b1f9dd18ca239e42eb878bcc513523d0b34e9be4d2a914084fd66fda471fe88038f2c57f8bb67eb66267d3db948f6f14dd21acd767aee23d021ae66f7b9895ba3c04fbdf0e36822fe20e9dae4eb870a5789790c806b6407253b22df84754e01e0eb98c772225cc00
32 119 0 2000 51 1 :7000e3c0283c0a67a0c8c733184d123127f7334f967ea7e514819ef6fb13da4dd1f74201feaa5f3ee9f556892787ac72e2159e6a24c56e9e5208b7835174de45621437707f639ba95127d593011c128a23c5570cf043984e07e496f137bfdf6c53a1faf88331cc433907b39d4771279591bc058cd6850b
32 120 0 2000 51 1 :dfa72ede875b867b621ff4305437c0f5b1236fc62ff17cf8f738f90f17131b6116900643ba8c927dbc43b6e3e63eeca5176675c247ba34f12bce578db35a9002a56844eca93aca659fe52f859e4e7b56bfc9227ddc0d85519ce7a97128de4b17ad4617113dda1e581e383a2b74505dda04e4e5df3b8f3dad
32 121 0 2000 51 1 :20146c65c81e3658574da8ecb1e6254fc4e2bcda03081867dc56f7e1b56e7ea8628f2a517ba491c7b64143f9363538f8b1c5930557c9eef6100bea4cac731be9c7c4edefbe6105b0260348302003e6d5fc3029a0c51babdda786edd8197d7a395321b085ac0d58ee46de623ee1ac7e2e1f297cc9192cbfeb03
32 122 0 2000 51 1 :753f8354b05f873c6dba8d7326824f19bb8c866c18a298069dfde9a12d60731f10bd985c2d49c3918815af4f3662f802d3d770ee0eba5b5a2e5c3080c588c7f6dea9273149fb5f144d74a64d81e6f84e2e02f433f9a89984a2e563799688ef1b12b992f86cc9d2d0ac9416630b26e922c8ddd7e5025966ac99f4
32 123 0 2000 51 1 :c8dd339d37fcb8f85d98c48ecacbdd13c6d758f64455416234daf09bf45173fa44360cc9d30a0c7495b509c2c7a73af3c44216793088408b8703aa5aa9e931a834150da3d4ca34b7fa6154e0ae16f8d8e0d34c730bea1ab9a5962ed1ce740bbc453648ec3a378b6df14467b5572872ba181613bd43ab1197933540
32 124 0 2000 51 1 :efe2f36b395443ad095514497d8d63a2f4d3e9dc06d14dfa656c1dc9f481ca3d1ce1a513f96a6df2154b421503d1ec7baa7b609be1966f0b6c711b251455f311168def2c79b2348d77d6e09a140d12c2c1a257ffea062cbd94dee2bafdb1223126a58840eac4cf3f9efe6635a5f4b65a2f8dce0ae62126928803938b
32 125 0 2000 51 1 :5231c1bedb25f6107b6fae62fa5d6a56c2dfeba4d50b729de4db6c4ca4cb9c6c2b168edb721edbce2d040ba6132d2b22520c51783fa654760adb1e5970cbfc8632a5931acb334bbb9251c11a816747c8f590b61f5f5dcf5973a39d3b6565b669aa9953e888fe9118eb183d2df9aec2e40d692717c88df7bea89f3c63be
32 126 0 2000 51 1 :e7187bdd41db1f9e9b13f5b3c72d497dba40fa9bb1894c808177e1cb00f81e055d1b68cb0f10cb21024aaa0cf73673514fec273dfb2354212a726e5e0345003044b889db28b8715f3ae697b7c7b475bb638fa6bbb621a4204b69ffacdb4766c0aed18f5096a3ffec71cfddb74c817d71d77e4525ec3ff9bcc48acfbd9b95
32 127 0 2000 51 1 :3639b6b00b98c0241d0a66bc242f899075c296198e709f62f4be10382ebab98cab96bfd3bfd192b4989268c920be254050089b27709f94bf04a03a78a39a534af17d3b66294e8b878011ab789a198aa402ffe8445b9a218d6a94600f398ee1362706f05c4b5576cfa19d74eb301fea5e72be92ead7d8e16609b86e2de62032
32 128 0 2000 51 1 :8612c837e0fc677970f585b4c6fa45d1eeed4e39e102251df23cba5c1acbbd9971cceb9ae0fc921b6e89d95df9abc048992938a72d07ac717cacd73eaf974aedce2e6f603501d18732f8e42c2ad96e35e8db1a09fcfa10e1792475070db4925a56d93ac968771e5fa9df41f483f17eeed6fdb2498282b2172cd5e9c1a0c2b092
32 129 0 2000 51 1 :c4754df143a72a4f2acabf6db234ce856fb656a39380fe38ba4585dc6d94a6a1d9a789c6d567ffe36dc5c6b7f508318c0058b960bdde16f4e52c4125d451417afa517a5c71af456bd6c9101a45ee6d0db57fa79d33bde7771bbed1f040593320bcdf9e8d9b28e847e1c1b24e5281034ba677bfee5e098448d48abbb3a8d3c53df2
32 130 0 2000 51 1 :a876266c18013d570403f6c803e0087f7f7285c08bbe0a7aa8a228b1ceaa957c45d6b1629e42e70d22f8dad76704938f9bf949a6977f7ec71a673669bf58306ab0baa83960844515dc06d13dcae66aa5a06157f9ee7fdbfea03962160149dc0e44bf219338bc79178d380dc3ebeb7ec8758b050a18474633ffb626b661fa427c6a9a
32 131 0 2000 51 1 :ae516858e4f9b33e3c21b0202df9357206ec423c4bfe7503ed934a0c95f84f8b41efca384ca1a76b40ec42ff0f999cfeeaaa1e7ca16fed91b0276c5cd0142fc8b5379e472d2a1dbef98d919fb915a0103490e450eaa5c1b1e6a0446846f34b5a2900cbf20e5cda4d6af225877c89bd02a7ac001e622a8bc091cab97b422d89f123d1d2
32 132 0 2000 52 1 :abac31daf1f5b43b44c4955f05f5becd4922b157cba6df2d8c61f5b1c37cf6f825ca9086cd2cc8ee68498b1c1ba9da88f9e82bf0e133e648ba69b52db2dfacfcf88286125e0a8f7ea6f800275028cdcecdd828a770b3d342e8d09f37c38e66c16bd82b57a78bd2437dee4043b0e36fd5ec352324cb113d1bf95910bd9e08c634c36679c0
32 133 0 2000 52 1 :8f6327297789c9571f115440d3e2e49628f889b4e930797d397f2af677bc955ca798e939374acab8b7cbd3727212d91f47eed427850d858aeaad39d3550f1356dba5fc832795aaf61811072a34ce5924bc63741ac05196726aefdba7f8f2af64a63efe318f182315ae3970e83d00fe482908ebf3317d1df47689acb5201e812c7fe0de8bee
32 134 0 2000 52 1 :bcc8180f1dec33c7beac77c6915c4479edbb670f011711aa199d1ea3df9b2a30f3a64cd17b95a2fa06ebf3344c6c3adf8e0f2c5c7392fa3877523f03c1788aea739510c657b069f956edddaeba4ca30d7aaa45cb0b82334a12fb10d07b214fc93dc86a8574614e692ebd0ddacf49b8dfe022187fc241afd72f0eefea0862911de7c946a5703e
32 135 0 2000 52 1 :fbb6b5f37bb4b4f5da0651261d2e43012fc133f60856ecc728478dd8c48d94689c0177456ea925dbab46851e63695d5a4f09179b4494183090bc2a7b9eaee33a2bd64fb826188231b177365a602f747126a051200db65692b6334ca7be44e80a03b62b4a182521e94e241fe961557010993c31f069048b28614f0851d489a7cf0ee9356a9f5dd1
32 136 0 2000 52 1 :6c16f191696ca70f24ca3be7255392dc75922de9eea33f03c46e330939ac5d9ba16dbf213054d895ebb2e9333067ceb5a3828fa865190155bd99068b3b77aab642ac26ddba0120e99b881cad1114b71a086231a34f84a2a39dd593c8c7526de119a92f4d06ea925b214dc2465fdcf642251fb465ed4c6f809c71c577bac0fbef2db9b9168f6b3cea
32 137 0 2000 52 1 :51fccedc38ca4f8bc7c1b069b77c6a62c0ed4ce652b689ef1f0e8f9ad21fee6415ac36446b426f1e9198a83b62ee82d46fd961a2005922c6afbd326de4c9750fc5ef557e3ce45536c866b19e17afb9a5856acda2f4e872e54a64b1288f980032ebf2d988e10fb051ba13e3575c159098f12b507e3ee245054c755f23ccae696a1832c270d77310e5f2
32 138 0 2000 52 1 :a474e32d4c30cd20a07784bf2709d262b5da4c263e10d800d813a2e29cc54070c383935b5ac9989adaf0cdb91d3030798237c838a84396d0cf139a31d07383f1073a015eed9aaf668719c700b98a4e52109bde34713d65117e2af6858128857d00daa8a0549137e11a4fb80ed8db67e6f423c001b79c5d95bc5d625028c8c0d8c429ababe0d8cbe678ea
32 139 0 2000 52 1 :c45c33bfc9dc8860f8d34068dbfea159a369f44e9d8868e64e5d0d429deff3586f3200c436a172fcde1f9503cad8cd12428690d6925582726a4c85d50fe21a44881a6acea6bcafc79f667d956dc377ff5c94e3913ace103c34caab0d01f66f5d8c12a520f7b7d40d75d26a68e2351485b4a2d691dec9ae67945a3cf22417656e70aecbf2ad8ff6199d9360
32 140 0 2000 52 1 :11e63a80dd4d9538070e0a34ae37d82dacea9409ce28afc93e71fd81517395cdca1c84335b1b122240a4874ffaa662bbada42046d0b28fe8ccc115ca00d0dd71029ad61f715637f63cd5d7e58d6b42b6cb125ccbcd86aec43bfa3c969933d8fb71e071e91dcd1e3ae32f2a1d5685a056bc3e5b39ef7a64df167d87c249176513a6216667abd56835b4b6540a
32 141 0 2000 52 1 :6bf4f60645581fc0eb218c3ad835306ff443b3123a06876c604f1fb5c0e882df4d9a6acdf3e99e24616beec8b82b694e8510975d92406426db0a9db8462d549e1fac309ae35d4b3d519aa7b9f9c0f74dd5633830efa71c77d07a071946d0dcccc1c520f5ec6cbe0c580054d5240c8771c4c419552f622ae909fbbad4652667507cc7173678ebddee98b38b382c
32 142 0 2000 52 1 :1ea077444313fe12ab6ee7d64007b0711225904591c3878025f5db483875ab0ce230a9212f37f8cb10ab3d8d9ba0b37d682b2809d4a7a8cc8c980d6817819230315cfdf6b9c45a93f858684b40c32240c0b9eae55ba356e5a8abe5333d8539963470d3b345da4a87db5135315da78e6a1b8874109a14ae7b92b425fb5155792532c1ddbcb0100da9effef0801c25
32 143 0 2000 52 1 :f9d6d62c2326427b3a5b01814be2412b52c6dafda46c02f319fb3b9b364669ea1ed409209d6a7017c3ab1f7df3e3fbcae31dd11305a84157018be40315f76f6fe184536a9cc49209f06842e4202244c0d8156e8aa22193de2ba7cd98d76c6988a86c2dab30489299531f55f9b13a3b1de4f6a830d4f25a1f09dd1dc68f770075641392fe5079d31e3f951f7665ae47
32 144 0 2000 52 1 :4c8070dcfc230f7ca29e81d128d24b9240d6f4b88743474d85a4ac85a7781a2c016f2a2ed908eb0194b9da666f84e638cdddb924ed5eb0cd7bdeb2ccd57674a5c0b67087c142ad71b5aae210ed577c7fc69ff81e82fa68cd3c63c24755a7d7f3a63464c70640435ff8e7eee5a556daeb0d11df548fba9e22ea2ac29463040c65feee496a3a3047624a7bda0b948d7941
32 145 0 2000 53 1 :4515b35d5df168731dc7cb3e0c77e2a4aa9aa72c13247227748b4713c0af8403f5d8c57b326ac337e5c27d6d8f014e2b6c1aae9e3a12540271d846a50951df9ef590cbdae2274b897b89d74cac6d058cf77431e2f4cf29913114932eb66dc6a5681a1bcf4fc52760ab5bbc1ae8e6a8cca177fbf5065aae2b88ab9d7cf93bfd71c481a92b5b944d96dffa6ee8ce42003da4
32 146 0 2000 53 1 :70cb3564c62f97ab8bd6461c2a003fd1aed4472a2bf4ab4966478620701e36b2db27b1745b1730dff700d03ef0efc09405f68af75bd60b381cc6884688c4d373449480385dec1742a4580d9280340521ba5cca3830925c4ea92892d11efdb51779d04787cec783cbc432ea48ee3e75a0ad58f80b9bba0bb6c91d3fb951e33389e76edf62af93c37a46d98dae0d884b2df2e3
32 147 0 2000 53 1 :f675b88bdcff5bee7aa38ed0bc0f1cbad0f365fcde8757b20be427467a74a25a2ddbfa5e3699a173d85a8b330823037ab5d337da65310124a7aa40a39b2e7385da639d4567078984ede05b3ea81a3586caf7fcb94146d19798b0516fbb041a783f75ef746af3ecfc2e920fd3c820a23157791f64734913b8024fed9363ff65b49d749e9360c24ecd4a2741ed710a9c5818b0e8
32 148 0 2000 53 1 :cc222b8b239356b17680f1ab03a61ecfa8bda8499ee2f9da1d28e6b99193a53319960dbe20139be549ffa6f570cc386a98dbf4e37f1b7ac237e2886e23ccf81863c43ac2099a467ada01e6cf08b544fd72575c128fd3b429fa52bf57287838bb20d482fe4e4195f1c677a66a99faccd9876bb8140044d2b4b9d1b61e07a8b30e8c9320484b9ed923009433308067f4ecccd13251
32 149 0 2000 53 1 :d74f1d42fded3f0542660420035f986bdee6f8e82b12fce246f34ee950ec07dfe3c55686d618e0bf318e2efda71813441f251cf1ebb4a78d35938f058b4a3f515c4ec9ec9d9894e07d3d4f981df7102f3b1dfabfbc1cd030ef5834f5a00d585816b16018c1b279216aa3115cc98ac0034f59d03c82ac1c6e8cd9ac2d0f47130321817bbfa335301a31e1e6636efba035f5735824b4
32 150 0 2000 53 1 :d441b549937013605a86db5b89788730e371aef8b2dc6fd462fd073b46ec1ebbb32bbeae82c69d9913fc864f9fc061e96444acd8a5f6d3a6fa64b7083403db048d5bd27d2efd115ef4a32208d4562c4c0f9406cb270a881115f78ce4f969d11bbfd7581a14912c7dd768080e3e6438ab73d8bd7a9606ab99e17ee7df437fe8c7d2c613f2219a7cb0050e427385d85cae701268f39c19
32 151 0 2000 53 1 :06003d43864159c0d7410d8a5ff57137af19359c242fde18cacb38c9f4c974f40e48b6599467d0c45c92af01ca1f9d0652e71f9d07ed36504364ea50dd57c21a44f6f7446bee9344025459c1baa16fae95332a0be367d918d483299e4f36c39df47fbb86bb7e48b2d06a9ff997bc80d70b5d73b961ac9eeb13e58cba9e77fa0110681bb6ff2cc64ba93a6508355985d6a6dd1c03a9fcd9
32 152 0 2000 51 1 :9eed65760b46e690e55455752e739500d57ae29ed5dca8f09d36d673e7c0473a66b99c47b83cbc6b24c6bfbc48e558ebadd740e37830f2349d62a2618b9950f542eca5f490db54bf2df51d77235a3e7e05d1ccafce3868a666580f3863a2dd783c5774ff44c829cee49f25df5952497c8d6452674b41750888a1095bc794d5fb87df1ed9eaf27547559a2af592720fe2c0f6d401b99d8b02
32 153 0 2000 52 1 :c54b99d538c04a71669446fe17cf820d1a45bd026c50177d4557f1460ba33bfab3a2dc5e1e933c06b02e03dd142b304dc9cb558223291c883bda1b9a00fee93a9168a755ef107454dae8c3ca42de728b0fed7b8f8a0ba20f24db9d7891ce2e2968b4e858b9488b89dc44c8bc509256ed663c27bf18aec76c1b4b9dbdb0277ccb7c7f6a32aa42fc1688876a616c0b7d0c0637c3f82e9f55af6f
32 154 0 2000 52 1 :91e059b8bb1766a21d4a5703377bcbc8e7d9a9c1aea214c519144e271c67aa578a51f4e2ce97998ba5596a03e8055da00fc826eb0967cac6b339586be38d62fc3888fc8cb770665ffa908c764c26576e98a68244b4982bcfce2ed006cf0470fa7110e64ec807b25541ec39715f8f9e7ab79c0c69076fa79350f27f7c079f5b0f542eb2eb6de4e038461c6efaae4bc3989a66c2a4af8168928402
32 155 0 2000 52 1 :c3bbcf4a2b60045c9b7aa6fc6f52bbda75230b3839cf913fcadc3ea1fe57e090ee33f73b84d9b854da81c270b3ab1d5d02ce5ad09dd6677737ee2fdf34d9c5b300adc269b1fcea13f187584deb7e7eef5e5d562fc0635064be6191fb67fca6c2198ffa9abed25c05e434b3469d0cbf8d5d22c8aa3cdf203413b9caee4d1cfd135ffb4b30ce3bc51811e810380d7eda7cef82f74d4bf68acb16a00b
32 156 0 2000 52 1 :00ccc36a4a92da5a6552d6559b0a74c65a5aecf8314e8e3c48e8714819fe5f3d3c210506227cfbc916e842d514eb18da751bdd915568fd7b5c6aecb2a555822fcf20fe8e18954363bb437566c91683afaf542ed55711e768a3049a9d89a0857e429a72bb95dfb8b650cf4fd6265de9e837073b0910bc5b13476cc2aa3310ddfa6eaa0e295b95da764006a6082b8a8d1f4d62a3f9f28dba618713777e
32 157 0 2000 52 1 :44590a16fc03630ca6ab98337998eedc0b6f0d574dccd90a56af100f8d1c833fa8ddc7055182065ee4131a7776e07265846511412d4f7f194593d5d46441d6748a2f8cd2ee2ed8acf9b0aca48d6a903d64391c40b3ea5dedbc4495a66b6f4be9755d8db0ce414b41e05e1b674cc010691bd2f9684ea6f49d73b5c14acabc8a9cf044b6a32c4ee4da1a6a347ffedc735f7cfc18b74c10535e5006f6cc9a
32 158 0 2000 52 1 :0e543a536ce7f7a3bdad1bd348a2fe88bc05a3a5b0bf04d735907108db9ff74fe4165962896c774c11bfc0b38e8eaed78752ec866e6e862e52d5b29d0ea1e2e11785abe8ce64218c40ec34f6f6f1a21055a9bdebd8b6c4c45806eca7cb672fc85228e6db38d143192df45d031b776296718d6cc3bb7df7ee33b912eafb293ae4649a6cd6fc9394cadb0e56f09771558a5d07cc6b3eda5cd11ea4e6a853e1
32 159 0 2000 52 1 :338f147ff78841d07d77805778ca1623ea4fe413fc3c6ecc6fdf61eb5e9a24f9fe436a975c7635c791f51605dc710707275bfe694cf81e46730f1e844ae9a5fadc480ebd86d675857b0d212d2418a9e11a87d9d23d01568a31a29f0f388233a4025e528374652a782b73542fd67395e08361aa235d9f62dd26362f25fa28515bea1a5496f11bfb489124188ccddc177075c4a8b729c214da27815e62239227
32 160 0 2000 52 1 :eaa8b5d4f142e508bb198a03088e579ed4e16fa591a4f19b9cd32f36906362b2cbdd145df7d513db6988225e0846cb8c3ff91700d331d1db8f1243c2ebbc34ce36cf8789854946aa64e07239afae2fcf0f0cabd3d1f0e28ecc1c20090683ca4866ebab0b6b7af2753a5ed93a144874afff0756a6bd891e74b5fff253116f39504114f36f4e71a7a392ef2bf95a6b34d7c80e23f75050fd567606d72a5bd7aceb
32 161 0 2000 52 1 :6d60ad2a1680ba91ad515d1816a5316de470925b8bdaea3fd913cf4eb405f4142d4228d436963281fc74ca7af1e5680f75459af723ef22266a04cb0f0bb4851e524accfb9fd81caafa1375979fd829dc21ccb9e978af63ab8c3cd2af6ecb6654a45ef730785d04338eb6c173723048c5f732d7bb12465c8eada4d47c3cd4e2650c65de190d0d748e1fd896b02753b353b95677abfb9f60767096813aa7d1c201a3
32 162 0 2000 52 1 :26256306f991a4d928c946be32ad5739d5da44a24bdb068d777093acca82088048fd05e84a0a28bdf12e87e58b548ee398a47346de2fe9da7417bc155e812318498f8e098b038c4b28bed50a3e9fbc73d3665802442d6983ba08736301d65018afe9a376b17f73caad57c2a4a0ad5904346c81fbd13c6e265d2eadb5dd69de631b41b44785e5624432bb2a097f613b5e49d3acc9e957330edfe093a17826d9bd8a92
32 163 0 2000 52 1 :009cefa80841a3a765c31eb989b30c505df2d3b1b69adf3e7238c395614522ff1abc29dcad88bcc42237571d4e0b68c18e350701aaf31d43c755a2ae9cf2660501d10fe2ff8702d7ad6f50568c04c2fd5056859a431eee01fd66898b4a9da8e625dfdcf51cb99cd78ad7977e19ef1b2fd676fac24da951b02227696d47fde72d83218411e5539d0e36b3e66da76acd0bf96ae493e4b7e7705ed55a6b6f5e8bef4b8e28
32 164 0 2000 52 1 :d1269923d5b2cbbf4fa37829d400dae4f1bf4026f5a7802be131f7e60cbbb7edec8008d96634afddf9eaeb437fe8f75cc5a6a0f88d681e177bd42e20e5e3935aeaea7213f72eaec4d75755d67bd2c7ef05e2bc24ab49fd781a536bef45cbf04c7a1486b4733e3090580418a1b86ae59095090b6d0ed722412bf290c34330e88fe811fe262c85b6b05688bdcaa59536f631accec4a93797a6a4abbe687af84961577e588b
32 165 0 2000 52 1 :3f460c4a662b102f50577edadfb0a85bbca575ef9ca3c244379169f6b1c119c36dfd66900125f6d30263c4c8dfd30877299005011c40385fb687d8cf609bc692c4ed6dd3b7a7682facc2297223bfa1d8eadf42957990d3f8b678ec8687fc79083ee0bb4d2a417da8d3f1bd006b2d5db762abb13741556328d48807970ed42b2949e229602dc310fdd69c042bed93b9d6cbf4275c6ec4e020b74876dde9781cc5afd7eaef86
32 166 0 2000 52 1 :8a5e60d1f52fb2561143b108a387e814100626b1650bd9eb3bd2a57786a0d46ba7a99e84c7797069196c8071345976ca3e3c1c4df8542c475f65b9a9de0bcf6944817c541f720ea72769b40c981de4c3ae84a64b43c608ce324557ab530ec3924c70da181e98fdd3b82146e921fc202fd78bc97c27ccbf66c7345fa0d500756cac0efdc1f862ada020dae84a623948ebd1ce3cea38ec5029493f08903d97723437c690f061a1
32 167 0 2000 52 1 :f48af28ff0e6113aaec724e058eb8fe816947d511c4b46e2e1f0c3ddef1b33f2a73b475ed81d2958bb2f536e0f05b053f7a58584aa5b948ee6fb7bb6f05c346054bbd77af4e4eb42192d6f7b5db0f8d059227660150a2f803aa49d1b1b704e133f121367e1d22c46d471bc9b1887bf024a5b414ca40d7b99b71d61c6317ee9b6d7a4def32583eaae3bc1a033bae43b74bd058c03d94ccc4e1baeabe3c3a2a548e50eeb6c0670ee
32 168 0 2000 52 1 :9d40a45ab8576c460706a5730217db3b678e5e4a8f86a147cb6fe7053989ca0210d867dc784c76c5e74046e045f28eb25241016e0aff190681083b4618b37b01aa532a438c526aadcd29ab41f871ac930b6bb96d38b2bb92b8183465c27c7c2958e586db453d035735781d8c9a30e2b9843fb621152e1e7130582e1140d5ceb9f49fec9c4a1ebbb6fe085cc0c6075f614ecc05a505a99eb79045d2a33a57159b50cbcea46db0c340
32 169 0 2000 52 1 :d41ad93d8aa90ff7452e00eb18720ddc59016dc1474ec2f05672a4c8afc5a6e2a9f7f58ddba1bf6330258fd839c92c835486c5ed2e7c0ec13a0c77bce7705a778fb6df5ae376a910fa5343a6c294c042a6a7806fc44619c157ed2f98acb6b99906a64b462566e0885690689867d5def79ce4eae79f4da59e4c05c7f4696f484143d418c09f317d1fecd8c111adf0542f5767e5306cdc5538ddc8261cd3037e10004db49c169aa3eb99
32 170 0 2000 52 1 :f45d85d50a6d674cb38a13d78cd71c4df9d2be4925cd042c23f9d06c82947e0cb66709893314a2335872f34106c3fe6003f1ba4cd19e2171b801f414a4b3b33a83377fcc55e141d962fe21e1e301d82c8b1a81d7f10c902bff76f7515c3e9b5cb55406a48484a30f5ea6a81ab4301da20ca68be78f924428db3318648bb5e44c115d57e1178edd875c8bdcabdd88faabbe7e88d9dfb9db41f4d068e64b955b7307518e5e993f749f7710
32 171 0 2000 52 1 :599f8a2a00ed52aa70a56dd8b9b99c31ded32d8b12ab98307ecf2ab08a96331a227bce5662514b5023510ecfb84ddf45c58b9b69bb34b4681338c64255573821b689201c0a1a3819be23dffa56ac5a23a0a65c87c9fd912bf42fc5c964440578d003c1274d26e619bcf2a6930991ccfc5479772390c86a5597b54c24d61adf5575116345ae374b536850a911e0d28c2ba6aefafaa7d56ae06dbb548077c2b1f2aa90587391bf380ac41c80
32 172 0 2000 52 1 :055e51f98ee6d505939efd45ba55ae0899c32a0f3396f66284019409e5c8b2c7d71a0120ce539e5a0afba22bebf7507ca94be0694b285cfb0fce2ef04f7d0e465e970e28218eae06f70a29e2ae2b74218435e4e051843ff793d3cc710b5bb91c2543e8b91f38e32edd5c2d4ac7b6c7695abd2c5af01d0d03301f404a8d41f50df007776c58166cf858a7216f7d3b5fa294ffff0578635c1f8c7ac81f71496e78ac9191a96e3f1a6d43751c5a
32 173 0 2000 52 1 :6c0f4a590ff420300e5cf92a69be61753b9b01d72f66a0af570c8e62b7329ac545e743bd58b9ef736d90634c94d2f23a58ffa8b626eca75e778853f899762c019d0a4ea2dda0fdada02ef086d080784094e3cee8d57d65709a81318081b32bb80edb6b044892b49c5731df63749d2a8f6c4f408a39b3d76f90a13ba6f6a6297cd4df9bc032464b61de9fec4be201045af7e8cb79c97d9dae0a83815f6f96ef4f8ec6eb605e331d796edb4ce1e6
32 174 0 2000 52 1 :50a8474abc698eeca6cabdda503aaabaf6287af1e58d08a6f6114349684edba317629fee2d48449043fdbe26954d06726c859195ff828674581eb00e6aa0fbe8976babb3de61249681156c76de07345c739b9b281d3ba8d76cde3c07bd67fb2593c8b7618577b72f38a5b4630ba8a43a4ef8ecc1dfbf540f73727acb032e6e086b77738b4df7c1be705c8b4d1d8c7f25938504a5e1c0d9b6563f540e95378a39e408c6cfda8f0f63f879d0185adb
32 175 0 2000 52 1 :355a890abf55e789555ff06b82d7278955625ae2776a3ecd2ab359422a326d66b8e4f7afb7d8eda08776f7a396bc8c2ce14679f6b125ac92df157fd55bbbe7ae7149af59b03a165eab145e587e2f05884f847aeeaa7a994cc52fb0636f03d9592fd706eda456c25abf5e838e97f3dba8a962e586a9fe36c21c5759c30cd31f118c4438124cca603274fd6b9f9011e6a0566905dbee6fd07afde7ccedadc5fd6f40f43dfb370f1b5fb3f41d11efd283
32 176 0 2000 52 1 :2dddd24506f87e71bce77b6422c8719f395358fc158f305a0741168d90fe4beee3f9163c698c42d6a4d7edfc127308a0327b0f48dbca16a7fcfadda23166a3f2eff4ef6d7bca1de0b4475dece0f5f9ed98ab0290e4ff217758532ed0ff01e54eb85e1c95e4caf4a85fb6061f8fe24bfbca7fa17feb31079a8703f6b6ab44455cff7e7faad348b476ba4b7eefcda8c728e5f1155734976731f1f78f8ccb0c94a46fec5a2f2a80b14513066d09973a5fe6
32 177 0 2000 52 1 :aca8770d3d9ca7d1a980b2dc996fc672e25375d71241d6726d6f1c969023baf183812381189b1dff9dbcc5493ac4136fee896fffd10b6c48e7de3baef7b12b9447fe3719bd623701c390be5d7283c0aa0ea9bb9dcaefbe430ad0308ecfcfdb98c316e2dc4befe4853aaac99102da8d6d24c2220c03d8dd66d8bccf720d34ae7251c8829045d0e3d9bbae8a69cc8986eea1d2e8f4b3abcc6e2d27c2cb163660eeaf52f620b3fb2218b95eb7dd656546ddac
32 178 0 2000 52 1 :a2dfc826d444ed23ecb19fed883cb5109c663da6abb64f6c4276a7dbb0624a2cbc557aeafeee32095512847e7bd92737b274179b6922a2c78e8e29e3a6155901f9dd6270a83de127ffefc33d4341999f77c2d99279769d95044a93e267db389025d74233062a9aa26013e5d4cbcb32ce9f4880c967343f9e2bfdb0917dc07fcd9f20a2e8875dfed203e2a255b3815602f67321619f1e2a8535f4016c769d26a653348d6c6048f40783e57905a27c726557fa
32 179 0 2000 52 1 :50a0373cb31c2dde97c6b58b7d7c0e703031d37ac089c636ab6e04dcb429786e46d4f71415e4ff2445cd79fd1a968ac513dcce551f733ae598445457d31b3136d50b3c35ebb388c911e47b7d8dd019a110b994a880a397a3066591460017d6d8ab2791a6a7fd74e6007d08e8ca67af46215fb40b8a0180f5241e73673037ec835470a71e32309c122bf8c09d341c5e422463827caad844268e1b877a6cdd1d80eb929838cf0ad73a5f40f39f273e1110c23317
32 180 0 2000 52 1 :d719996e11951e2424e915fc0f85917cfe899c15e234cb959f53ba98a6e7213ae983e77d5ea4d8c5fc5a2c483316a27b92c8876285604f0b7098730ccbda6e31abc903604470249591a1064cd0b60b5805a4d6ffdb544651d19b497b66d2505b1dce27940582e2242aa79bcbbc4e3e05eed40773f04a5b3398290772c2d50844af76f498e0b246556e03f9f844d8e572703f100d3a0232c64637779fabe14e3e0c19feb640597e9aea510d9c7cc7b7c0db5465e2
32 181 0 2000 51 1 :88b5b75d70089a19adc8ea6997e8333c0544f48a86a01fc7e8a623be17e2c12065637a997cb1debff4e8ba5991b8040a32d3cc09c4a62f8c15e1bc7a607efc907426f90b2efba86661900d258b5cfaf1ffa8cc751036cc952dcc3557e593b4046db265781ed09912a86022dfc8b5b29cd9927a7771a86e583bee143636643d448c826ecf897d3d113363da3d09854ad2354f884a3b722ab9000803fc465fae56020db52002963dfca65ee745e81a5ee7ec694af402
32 182 0 2000 62 1 :2e0ba2a7ffbacf0f62894f112e504d8fc4e8398da194f1748cb647a6d0c999df5400a62b727160d8bd07396990475c2882db58044b4d01734d7a1bc8a4114cbabb248fdf51762e7f4d5c7744d7c583fb70a5f5400def5023081cb97cedd3e19475b73789a5000e7f48a83d495e7540a476bb2fde892e764d81a2beaee5d9a9483ce5fd82d42c651dbf7669ec6f3f1f555e63610f4a9832dc9279797dce72003b5b667404a897432866d9d2e8bd4271a6d01344eaba86
32 183 0 2000 73 1 :10268f239cb4b27e8731394d33ec2ad090a7a6c9a7e2034ee940da69374221aa8f7621a2eb4665f9726be42f64a72ba375a68e33665ae11ba85348139ffc385a79a348752ff226a55921d28a477a98ceafe15f1fef41b0ada740bbf61ec717b4438c792be8ce34bcc812a11f548cea1d0a7e44edd5960d8aa0fb53a412e85fe441d0e915c92cebae900b42b45661bea98c476253ea2e9fb4bb14bde0a0a06b34bbfed962338eafd2508e73cbfc985a6e40f044af882619
32 184 0 2000 74 1 :b88a073cd7e70b1b4913dd4166c3864911eefc3d176fa225532641b8c392f764d97690b9c5dd11d9ff80cea4ee353fad8656f00ba9b9199cf9f74ea8c6d9a0fb63a4c2d1bb17cd3c6466c495eb971cd853ca56ed4767f15faa12cc351e3a572d77da32781dc11341842ef54d3ad87e372c463d36d30d05760c61511cbfa2d89e7e86ec941cb421d2868e621cea8684b30772569683568dea315344faa8966adf04731cdd726ac042415c0e88eda73c5c7613e35d84618545
32 185 0 2000 67 1 :3a60f894124bd02ceef637f56a4d59a533f8b3dc88a3d6707306628f527adf42e261f4127a622763953eee36296aa2877d095f81ed7d7c176bf6eb26db9242bfa76f3a1cb60d0829bb5ae5dd2b208247571fdab16f0b32f7ead948bca37680b5c28e74ade8359385bd50e5d344ce7a7b435473ca116f11c8cd008f9f596ac7158c6f603e4f861582d245dfc9ed915d95519beaf4d1824adae8817f65d506d0f8e189d9faa4a3a00a2c4a0646d94798c09fe1f76c11b9e00d42
32 186 0 2000 51 1 :dff7c028e5c10ec0e2964c8355d51031e0de73a17f04b7b3fd8faf656946ee7dc76f4d15a21682fc727bf26b68b8b673cf299dc49b00ecca11a39bae352638de73fc122fe5c0b3b9ea6544a6b0e6bd8a873bd2d150fe8618764f9e5a5865506162161361ed08361f74bf7cfc4a48898fb7aef38ee90537a5b1061a2ce43f1ae1937898d10066baa05d20c681c289377cebf135e570685ece4b15d8d9ec90efc8ab1ccad9e3c7ea70ef10cd98344425673ec3611f83d94eddf9dd
32 187 0 2000 52 1 :165645e8868a840af19ea1ffd04591894ce7edd06135a05ef163bc4dd8ff30205f2e2c01cc6e136b16deba18f8f8592f0532e58fc6712b5b05ecb14d88a222b99cc5bf1b346e902460d68b63fb36fbf6b9e0fb0e06dc1817f108d5f6541829decebe3046a7da28fac4fea2f00f79e2be769d6b11c82c96469a4be21d7d938f603b6f9e6fccbce49d922fa4cdb08c067f91de27e07f8620b4872d8d045780a275d7f81c3a37d0d03623b6787b26b11ce60583557a526cfe409c60d9
32 188 0 2000 52 1 :402a214691c2f77fa2f315f353380c801e39104069d768fb76f7d8bf916e936b8efbdf279f61fa764d56f99fe955fcb88cadf6c0c10c6d1afa4eb2ccbd5747368fe2291ab7bed69bc5eb4a51cad4697fb8a6550a2b2334ed68ac42ff65417d8e73d142bdb072b8dfebfff120a3a65349cff7191c0d7fdca8921e1d9e758240fb735f8d912ae7784adf98b6b1bdb075a18b5bd22adfc0976df710b8192c58054fc968fa4228c74f20ca4e3dc87b0bb22372a277dfc2c2fd2fc14c2a5f
32 189 0 2000 52 1 :de95949c998ec0a7cc1d1b095f73082e9c63f0757fee6b1db868461539290331555e6875e62159f7839e682da14b01bb580be1ff577959a89e4159e2566c2974daeae85e2262d8ac4586c17e2475638bec8e8f34652bbfb0d5897653a0d126680dc350ca72d56208f53a86c99a6ef2181d43b40d350a8e13fa6dd2111f2aed7ccb499da7a036f34ddfe153c61196b4f0ce6b0c88fe0db5e21b2a57ac1354b902e7bb51804ef95a883b257e5e17b89bd39a832ee9835969b54fd7a88ca3
32 190 0 2000 52 1 :cf7e2a26e45d00af3f44d7e5af2bedf5b6597fb003ee77686ad1c281e492448c38f6cc376f4677d2aab17ba89134f94a987a3fae9c48229b122936758fc7d2fdda985616a686712675396af202a0fdbc9709c4c2db7684aaa239a1c7c2e602aa08ef8cf882cd48482321fc4b171d76dfd20a5d36540a3d6faf1d109ef4fb6a2f9bd70bd86b17934eb15f7b44ebd750f291a79633789efea97eb18add82919dcbae5cf505e625af6d41954684ced980804d1aa64a011edb035d9b5aef1b1d
32 191 0 2000 51 1 :916bf0c87265cbb58bf2237782e8db39bc39eb968092cc9e73b653b8211df93fafce92bc56c4dcc093902cfe09334bdbe11b60a8e6f6d92382367b60dc1a9db73e5f58fc75d6a7abe8cba3783262033e16c557cab61fcde8cf91340d8f9222918a5b19e4bd29b396b537dde2f494055c7aa92b41eadc46cb96e26a42df901b3fe4df2ad9bbed8a5ce37530bf0342d89355811f11a04f5a84c3d8723bbab9a07898e1025773cecdf192158420eaac3ad5248402e6b4998e9f4dda9457b4a6bf
32 192 0 2000 52 1 :7ce8a84bd2542636e09bbeadcc2024c49937cba7c5316c4e7aa3877dd8fb37ededbd2e5b256e5114e7a4471ce2fba65243bb8e2a1a209867bcdd2156879fc5b92e5e333d3a1389e1c138db67b7d5dd8daebe347dd27b732101b2cb3c21166545c5536d8f4a2ef06cc1c93e06e6812077fb03e07c6e4324b259f8738d23218a08e66b4a1738b26f199db7775c354b2aaa13aa1f81a38ef9e066495f284f02d6f253ffbfd9ac1573b905338faffa38c532c8fade998d4f9445ac510cf644fa8581
32 193 0 2000 51 1 :46a9cb89671cf8776e816d2207ad32ce9bb92896c0d5d02121458dd2f8a48a360edcf7ebc58be172b737a2124f598ed68288c7df2a3a5d231cd389151db6305551e2d5fb0ffb4fead0c6d412a07c09a8d200a068f2768709c55ed4fe2883149176204fc1520e2ca47d074f2facc5a222e5f8922936e2c52d4bbd2010dcf8cbf214690475511d9ca72dd68ea418b67e4989cd8a63641cc8dd0fedc5ed907db17c8a7b3aa14ec3de0cf5edaea1f6f5d9f854ced354a75ea787da8d290e0ef7cf65a0
32 194 0 2000 51 1 :af1f6317e987463935e1eabfa1a674f66bd2dea6b0272c0720ede1360106202a5ccca41edf9d98ee1e1e8042eae13793f0c3d5983768114f14f7b6e38df35e0f2444f24226882f223137b15f4ea29be5165299283f39b5d231acfea911640862376f0d3089209819379aa8f5ec2063bdbfff27ee5617d0060a8d22f179c0bbfd9e81abcec42d73bd2c17fff62dcaa8960b0455b1476ed6374bf354ddc9c54fbf756c2c3623f80b1971b50900e66f370e73e2b9ef2d06addfa29ceca1fa60da9290b9
32 195 0 2000 51 1 :8c70ec1bcc189264039c043af4b9f01e4adfab59a9b4bc15ed42d078907c8cb54b6159a7e6d25be626b0b5612c3b23ff759c65dc58bf48b5b6d6dec44018883b4744751ba01829be9de00050d78bdba5eeeff98e96c25fd90b1ba3887c82d79e3343e0a524dbff553075108c619c49d853bc391aa4381da97a1689f6c9832d9e434c1b85ce3273f57d0048c5833c8ab0982bc6bca32334e197206a7e7d3269d2a33cdc0594c64ca7bb48eb09293ebce0a720a0e55de16a32b84f7b10c2a16ae882347f
32 196 0 2000 52 1 :9b904afd7f7d69ed577896af818a7a896932e002efb2d3824f352823fde3f17a108ea1565f8e00cc1a1f7f9fe8f204b8f7bb2cf346a010b09f91fb13438fda4f73a94c62e06ef60d36021157e5804951e022c3083a8136200cc63fef53d28b5cd5808ab0a6d9ad47dc91dd100130c43df98ff601ce5300ad035bccdc90d5dd13dde0e3aaf39b43d77f3057b32ba9fe36dc939b8e09dfa9ad1256ba324c9eb9900a342c30f6794d07a5d9363621be057db23556a46f3d141c64be8f4e804a1ce743d26a0c
32 197 0 2000 52 1 :cdefd3a77e97b8896c96e03b4a21786011ad153f320f8dfd3ca56c087deafa8a9b2890340f29b4447dddc6f027214c6703d3a43ab08227e55340502d4911aad7f724ce3c1aa3c34969a74aa5239bc7fff3fc615d3759d273f914445cfd50cf87998e663cdd63fac28a9b997b3212c3637430040bc4741caab40ffc893721517fb5bb2c8a2b26d2d67ff014662cbfde98c96897ad0e34ffa942f0bcb2298e580f04e45ef5ebd83aa3b0e7c0a2dd7f014e2628199becb3ad374cf2c3d073cacbde91d8e64fc1
32 198 0 2000 52 1 :f93fb601f6d987310ae568a905df8c1de4b3d3cf4f8b4bf2e5a14cb9021cedee8eac5c7b9393933e2a23e9ae0efc37ed9c4907a0e32331b544185c37e78465366efdd2aca8d01c5fced5ceed29fdd0cc91db824a5c4a4461835095a2e29f7ab28f65bfb7275d4911d1f386a1d82fee055cfc136c7ef3bcd3fbffa4e4615f06193c37713e7357abe3658920d81b1cfc2b6473d80c70e57036c0c092f7b40f49f12ff489ed4ca627cadc80999012fe9ea8c01d278b5a90c4890ed5e321987d3d58dce7575e9382
32 199 0 2000 51 1 :e78533dc585c49428f02ca5488edba970845888f2143cd538d54eaed78e839f91959ab3dcac44bb28fe91b64666a3c608fe0ad41900b5b2edb9a20bff0ea03363bb1a1743f24d4a100c3f6d6ad1f885763ca89fd7ccd261d01207c7bfcc3f476a993e3753e655c3503826d65f08852985970536dc153c5a92a99f5842a505576fcda1df480f5308875ec4a7616c06a63ecaab97b7e747269e9c6aa67fdb55f3569cb11c4b07c1146ef29745b79b6f11775ad93ab43cb80e030baaaa3659c79a85f1b4082eca212
32 200 0 2000 52 1 :c9ca60f49c8d346c5884c529ea103aa8f9303fce0800576ce26766c47c575445c92be71b265841ac98fb0a652c4e6eb22577b874ee72cce83361268616790ef21aabe85df01ece11ad1a06ac0aab5d7f770c9e88d736cc51fe1d9dffb433e7a21c6e36ab471f09ef5d172b1321378eef499172390236bf08186f873e796eebeb3dd5a94f8a87321c809ac6e4c5cc1d3f176069c93dd200a6a6abfd14bc3db0c467b8003b4e4a5e198bc62d04e97a6f3766dbc93ceddcd83f4e2b0826d5a536ad3c0b105944d019d5
32 201 0 2000 52 1 :828396b633e18e1d8aa57605a28e188737648e1af5bb61a900969408ea265ca35886b29739c7bbdfbe3ab99996c0e6420eb01d409aac78ec716b60cea11759c8538c7da8a54f1f536c3bef04a470836626b1e3e6edf43cb09e3224a59949854460ab3bad3d4cc11e4b46c8fe2f4f13f0f63cee9a15a0c377643966a38feb9366dcd81a4ffa0c9d9a581ad275e8d148fb0eb937a9710c538a5adf299e85c7704602a868b69cece6b9f4afeb7184a52ff6915a975cfe1da8debd0aa50eb54c5f54678381a9098af53195
32 202 0 2000 52 1 :efcd16e53a840a89cb55db7d42bafdc7451e1894215e6e185e76ff7a1ea575e7a1b9431669d972dd9950136658813cef46226a96beb1d19f9a73aea7bf1e812053593050511744c03fc3fcc06c53542f90a24dc82c552c513abd62535aed1795540ae6fb3c2b2cde06734f20ca64f161dec4ec61596d0cecbcc5467c7c829c82422d297d8a9f14505977e2d229a19524feac61b6d3430f567bbd3ca43f3f5fb67559e09d263da14d0f480465498a15f0e8d6a40e6f5fec9308a7395c4e480e26e849ef46a69e3b62e69b
32 203 0 2000 52 1 :ecde5175bb757f8f6e1e3f3c097a89d330737a0769a1953ee9148ba79c42ed79835db736c41d2be4a4f57a55121d71c7db0df360a8576ff79f6d0b2f87f369ee9cca2cb2e45b873d4314742bb0a7ffad790998efd15e58e72ca97596fd8d19c22bb0ee8033b9b0990c6158fd7fc66f2dc5cbdc0811e98099ca9669815f4558c94e12745f99e593310d3aca3a57ffc7cbec15339ba3ce89d5514414365069f5b2ef4fbc1c68b91f8a5265c95fc1a4799b225a25b35148c2cd306f9a3ec3a77ab790fd93577e87836f20c94b
32 204 0 2000 51 1 :45252ff20265325998719c571d5d970fb5a3fbd9d52eac8eeec9c3d3097e223ed820547842ea7032beac4acbf3c34d7e584d03d7691aa9ebd60730b75808a2418bb01dafa9a0294c60bd468858690555c1dcab9e93b5c6deea9c7c4c63d6cc6dcf6203d56befadd8a53a24c91a8d4e6b21a784f680cc023ffc419e974ecb720cc835f8e7330cae59e4ceb9789a68a781f9c900cd13318dc97da592afdc85c91702d7564c1170bf0c240ae7170b9f71157c66dd431014d763b819c6bfb07cf2e060fd72249d614c5d673d0219
32 205 0 2000 51 1 :9b2aaa275b3148d38395ea1b1386634ace63ee4bb77a696133d26c0f3a3b4427bb5202cd386cc29f4155c9bbd5ce17e183482a450023c91eead91ffc5feddd634109f1a60c8447d7bb6901cbaa208e078a401a66542e9d01397dc4dad8c453582061204b113187cfa11e9d8ba255f6321e72f10aa15be9888e1b012e7d75b5d77f47aa3b6b16860d27a757a69b4450bbf4a5c660ddf1734dcc950448b5c2784b4d51e7d6a499ab99a03946bcff135073e3bfba74204898ebf30b18d3a4da9180686b8257ef7b5fb2fa85b9e218
32 206 0 2000 51 1 :bad925a532004d66d08796883c984c1c92ec6eb1d305fb652a31c3d802e641630f4da00b72e75a4185aff09859cb7fbf661da79660406a5ba0d3f912137b990dfd91378919dcddefa5288dcf66d5564168423aa2fade024336084c668469e0d00e50592397e354a5bdc8a3f2533a74c15b64b149415e2b02db36c23fc727f3f6184f374793ac0433c6a4e9e5a3d895802c934dc93c9503234a8eeef1e88d8a1691a9cc400ae301957747a832ea2cbd8709c19fc3eeb450f47c832d96a9130bbbab2272c1f00e4b1884ac62ac3a2e
32 207 0 2000 51 1 :68af0b905c84b721696a81ac371f20de28681d85b56b8b06a39fe299b63c132446c0ef126f49b2cd8f382b37e8c95014112887bf0340e7ea83c4f135728c19e7136948a0f64f028fe4f8db9019585ff570155c9d7107832aa070e22c7f84ca634a3582dc65d553e6d74d12f3a291dbfede23ae0cfd09838da9e665b840161baf6f88ec3464e7109d59dbbde69d260d49d699b8704996add08dd9e110e26a5139cdff1a5660ea6f1ed842ca8e2060400ae86109f7e4554f163a901c0b5727d2c00b10507ab27497ff2b093c76b855f5
32 208 0 2000 51 1 :2a641b116024589290589336b1eacc848d14e37e0d648a54a7f9458aa720470146fc4ec5845a969e3558ee9aa15055de205085d314169ad29d653d33f65e1dbf4ea6f1b00ad7ac50ff434b36a4443eb9d427b8fba0a73eb1a54fbc037a93e9cccdd70db48bc2e11b71d7cc2a6b4a8cd2bf00be4318e1776699aa1c8e0e1c75e6681495fb41b439e4eed2d2e197c4269186a286c3aec1a1586040a5a970199bf255dd819cf448dcf7a92a567b6131ce29bdd18cf2adab890264556ba6a0044e2fe580b59a001ed7e8c1537afd8ce00370
32 209 0 2000 51 1 :04e348dbaf674e8404880b4b72948c6af52f7ee43188e3140a84174f7b1a7e1ed6a2669849ba72f6bd40eb3b9a1c75d26eb4bed47504aca55b4f90dee65b6b7e50c375bf52190db0f2ed2444dab575716bc12cb0cfe6efb2ef6c3afbed4727cd41a9346da1a3bc3591e9c4d49ed0de290e3edead759dc750fbc3f55a4f26f1438adb22598a1266551ed93dbff57631250f5c67b46eff80398ac605a972c59ca7b5642690e5989522ec99112f68ef83f2a626cac8970d3ce1745dba96cdfb7005fcf9fb8ca16e502757143615cf3b748884
32 210 0 2000 52 1 :4e1d512cfc019f7005d3be6915855c3b26fc0b9de7f1055737a7e4f91ff4b8b91c64153f7a24ab3f6a88ff79e448b3dd63e398d670e963ddbbdc5ba8d83793e5ff0351e48842594034043c77dc6ef907e4af0721d5d3117870c48b38ad226f14de24010b4facc343e5d913c2eb4170e38372ece4eb0437e253a64b570ee3ec2e552a4b7694b2c4c348b83512481b030f642acf763a79ab8cb686380496985b82f601d87f515ac8c6db782c9e59806789b35d0a63ac79cc8b3325bcb05118d3dfba64ee3448040a9f5d4e489721bccff3fd7c
32 211 0 2000 52 1 :0818096eafc5f9f0c8fcf753c9af50d3311c1ce13fe2e875106526a23027dc25cbf242860c0f5cdbccb0ba344249ca4edbdfaf187699f1f421996567f2e749cacfef8ab60c23bb6fc96a5a0b2b8fcfa9b192636964a69a067bc4d84a4bc296adf2d7e239f7bb2328b92913a0cccbb0feb1b37d39353cb6e0bf86bc522ff7e39c8015ac288e599a6c81c96b54e981406d55c14d446824c0a98d88493e562e8cbd776de767818a18817d07242ccfa144ec5fa64174ebf91b00ededd9825dadd9d5e77fcb3d91c30b510ff1d80f714fb51372e4db
32 212 0 2000 52 1 :f759cb355943f10729bdb079eba2c7134e4674bef57f1ec55b20ebb33cc08d499f90b19bd7f1e9f6b9cb1ee350b6df50cab6766e3cadfa5964a5742a36396f4f9a19c66e235ff1e3a22f8b244faed13e17259112aeb705b4ffe4ff978e3ffed5c520882aafdf1fae646ddcb6329959073a871ca75e8399f6b06e80f6ee04c32e56d62830845b89f395d7318295cd45c45512963ebc70ae0de8a3d5a0c8d19e2c62cb2d8649ac9c6f5423dc06d30c7a9477ca3820ced193c5909d5a4c26d7d2ebcf169ac7dcf0561b03fe993785d943d755178031
32 213 0 2000 51 1 :d7258b74f2d66274d39d5063fe608c29310e25e824f8aa58a45cd00e98e28e4b12750827ea90c5942b529a8f76c6192457eff3548a24fbac8eca73b849076b6ca06d9f1ee4f2b504e09eac2ac7d71a81046aadcd3eaf39ffcfa3233b34d3d6c84d7123ba25dcd987af3e6465e95cee429790f6b909faf1e887c41d3ca70f896efefc29a546a042ec5c44ebb25b2c992bb18de34542b30587bd2ee2280704dd7971df7eb9fbc46494ef12cdacfe6cb4700191d4992522f64375a5e0d87240ff24c0f204f72a8f9525511ceb0497e5f2b16b10da2052
32 214 0 2000 51 1 :12fdb1bd56b7c26ab6bbf3f72eb6bab447d47e6feb2edf2d452271b1259d1096b2295bde156102fff910b5849d5aafccdbf24414fd5be7d110dfa5607b8ce8a74a464f309518d8785ac02dbd7c0872848e404b8bcfbd39151c5ab7573366c6ccd0f9aaad74f03cbcc69f12a31e28b988fe002c1ade0ceee434373388154c15230cfaa8eeed2c43214c3609e2c4f8c327837defe68cea08c39860e40dd4b6e726f9dc7fe7d4864d2c695873a0e7f1dd4d00edc8c204140e4626e3f8af886f50ae0cfcdbfc86bf78c50d43b1380948a1fbfd1c4b7d7407
32 215 0 2000 51 1 :4843043f2175987428e3ddec86fc900c21471504d3fb235571a7e388cf244d78dd10d5f4b1b924933f0e2389157f532b82b52c11b9baad12f6bae410cfbe722690184db85f22911fa0af3b7e96f7fd5e7605d3f20bdf10a90a42793a6d2154e3b76cd887231c19fefda077a36a3c3bab741cd06855a7c6588fb35b7e872a17f2e86c620c67a40417289fe09f2333be67a03ed183910edc60781a0ed48583a28d789ddf19cb7d0f7b005794761a60cf29db52db2bdc302dacf1ce5e004a51a0d68d0e971b7a732899e70ca40011cf6c421fdd6b9aeb2ad7
32 216 0 2000 72 1 :d9a53fa3147038b373218fc1b55532c4d1c335e842981d360c6c69188d4876051a8b0ee713c4d62bd7d7ae33ee2a5c5a2c993c83a83b65845515591a64c50b94277e4bdc6062f78a96fa24423a690dc255e5e4680d822d60c6b2569fe2cb95a8824507d4a1198a6a64dc3692561dceef412ff674e864d851d2746855835f5d36b635fb0c8fc99a5446fe88d7ced5bf3af50857d23a2bffc147d1c06519618b3f42bcd77b003bb8787e6042abe83bd9b543c89353d699f6844fceb77157f661f8d96767aa9637f62721756d5a60be5dd58c4e51e55ddc3e63
32 217 0 2000 57 1 :64c98c1534e663b022e13bcc283514b1d92d990f691c0f628ef721c7ef51648b62e25353a145641ee604d0e570ae898b25cdd758bf08209ed9ec5124f69bf5ffad5ae95fa2a70a6a8de5d5e843f47e57b96464ba14fc2e38fe8d8b6ce1c4e4774a89db52df90c46f43f5dcb5a01f74c754728c8ed75f3a7789d525ffcd7b989a4aea07d130e26a5cb7cce4981d194c470921969a071fe597810170578783b9229a9a673d88cfdafe9fdf32d4d0caabcd83b28d22dc54f5f3a02b8c29c1c8776cd1b65827f499f43227f14518ef947f7941115b658148f977d5
32 218 0 2000 51 1 :b3b71dbb571bd4f817a8ffea36fbc3866f479e2d9a29db1a33ddb38376c2d9b89d0028adb453cceb54fa1a4a1feaf80bf49ddfd8191131a038ad3c69c8292e3cae247f3a65318596df3cd3d7ba55ba714b82fcb4f1146105584c195e5eea83ee0c71a2b296bc85793d39d0c49b426fbe3b4efa2a04eb5899973232867c43356719b3385c5b45f1582aa05ffc7c90b11ad39f31cc8f6179dc874f319cc7caf1f78b80924725c9ccc7a0b33fe40cb5a68618b4cffa578ace06893d86cf07d8966ec1031d8949cd999270aa00a8c4e8231afda3732941bff43568de
32 219 0 2000 51 1 :c7989963ef86fbc7c29611d95128b48a85fa3a81e70d87a5c36f1a7cffc7553da54e8785e72d1a432ac2d3b9b21ea429f750824254a44aff30dad60ff507a76b1749f5a4ec7e8ca142b125ac85ef796d7b62fe09db9f367d730cd31fdc04ac8a86370dcc7bd50028f24b8096a7a8c43b62fbe0d50d5202416d22bf8edba658597acd47eebe4b35a32fbbcfe5a42f273b7f10d13abf205fcaaa161677fa4fa029d5411c87bad6c1bf88068ef10a639bd9e01ec7590749e682eaca81b025ec1c4ea0e7cf9d1b49af9277d0fc6e2bdb93a8f5c9ca8a7e30b0500c9a71
32 220 0 2000 52 1 :c69dd58cbc5e3cece4a7bb99c0f46ca8a857adec02fcc3ff08126e55da356855d5844cfafed825bccb09ff28231e6da5f04e713b889a0ebe13e3f4ee9cc92a98587e17b939466cf350e29f0d2236c731f08e5eb6ec6bbc63e419a22b728870f32fb8896793d7ca0d067ddef31c700c44467ea4664c87343f87bb20f481c190a56f918746829f96e137db0a6e8d7206d8c082fbe0afe0cbe055352f167d2ba42fe6c592a13734aa6933c1e016d62f3a3cccf44235beb8ff9035f41ccea0c0c826a44b694c0ff854b8953c4189d4f9a5381bc33fb38be6889152d5f08f
32 221 0 2000 52 1 :631a97a41942821be7a67fcac409d1e0746f339aeb911640f9a4d55ecb9ba3302abc3a91c01a7bf221f51641cc4e4e7921e011962b987905bdd6d738898cc8dee9b6e1c21a8b80cac1693cc81362e38087c3927b559ecb8b46b06f7935690984c4290ce5687a513b6fc1aa9582ae691c1e85a2c6e62682172e75c22b8dfcea08571765020e67afd4ddfaf58671311032f20b0b77eb70e4211511ea0e6971eb4b5454f44d817e5604029228fc2517500cd79788ad78c60e10ea8de96ed7eb75059d2e1a7f6ea8025fa3e83214273be797bb004777f25935bac1e455762c
32 222 0 2000 52 1 :9f93a3198429f5d48d8c2ca873fd88dab82eb862eb14ef856b7c9a5ee9fbf409d0e214f852346cfd91355a79fb13333da3e0aad01fcd350086afffc47e108a99bf5b9ea886a05a5f093f8ad9a50b9f7494b2e7d183dcb09feccaab1f56ae23369d509bc3f7c14ed74c9122eac41449a62740ab5714871eef476d1fd49d2005417a1a035bdad04e3d8a089380ae006ec9d13218bf2f436b4e13438c5164b6daee042893a96895ee53550e9bc2910e344aec59826e062bb7fbceedf2e189b282583fc4a1d1dedd69e108fff0e66af12d017ee3ecc4397f3041e21ba35ebd41
32 223 0 2000 52 1 :d8c07b082bffc014bd413b70bd493e8346fb5a3144c5b452c4f758f96bd4a2187cd14f9819ea83aa31a9d15c5fd6d58aefd55fc817e7459e7c758e381a0153b8fa3f09a7458831e9285197a4fcf6a037b882719d344285c4079c2f11b23b97d6403aa756828b9a74db029e494500565c6400475a158ffb26e14ee2ea4af0218570e0932ee190a9e1bbe1054097105838d0789bacd414a53ba560090baac2c13f3a1b8f07f624fdc9433881774e64ce346fefdbd0c3229ae3eb451005029e729e825d939299f24bf1478b7eb278629ca23ead658a720e8f05eecd8ce51e1c18
32 224 0 2000 51 1 :1029f0d17a4108d44eac4f2ea95aea34361d235fba12e433bf1a120a59a7b2b0e54b9988b1f159d175d4102fde0e3d3c3db4236d5e0f4e511821e97084658095823019201754044c42d7c93451402c7fef2e7fc3bdd246a8674d54dc36ae5bd8663bfc3775f28ff0d73ab03c5944080f0abfefb78723cc59bf8d416a261435cdd6fa465517ef42ac5cfa7440110f2285e049954b5f58b5db6c93f0d6a09f1df11200de38121f7e71aa9fe8df7d8de24031d3dcae0bd6af95ad7b941d162a975e521ef5c4d897493ea131f2241680d9094762cfa2eb06f7547789ca60405b4ae8
32 225 0 2000 52 1 :d20d6c42a0604d3f207b446ddc6c4c78b20c7ee83173f5b5e8607740c62b56918596fef4d8a2029fa7d0cd24975a99e8c9410c43d44f0eaae8bba851a85a085d4e67b774bb2b568d84450b606c54d5b901da959e575679922d9bef2830206de14210ab1623179400f2b85a9810172299f25ad5c1358b62f01ca96b3bc3cadf81d24fc5f97f82199af29375fc6e39f7ba546d7bb993da206f3645493e8ff9e7fdd3e49dc195a353c82ab0e3a60615bdfd0e4809942f8788db5b0a556682e9880a180fa7e1f233d529e475f0fdc9a4f70b22e83ec9f851419558e03e212c5e05a0d9
32 226 0 2000 52 1 :9319e42d3233496988a30fadb86904cfee3e46fbf1f1e68a5ffb85a2a1a120ac3dfa1de362c31ccda48e4b98d45994e037b62f1d15cb040089dd7c186ca29b79bbf85d93952824dffab502880e771489389da3a09ccb39251036582d6b06496524772b45fd8833c00fece2f9af18cb86d477848de37a88f8932be451175bce7f704dd5be8e1d83b62def839b9f6e439f9686cb63f39ff3478488a952112a02f7f45c82871534e9dfb345edcf759de2aa426734356d0fb42c02de248b409b7387b4abf167c12370e25596cc063171c7a9cbbb260c183262953934cd52289085552287
32 227 0 2000 51 1 :81d50480cd1ce92d0d9c533059d43dccd8cf6ebbbef8ceb249db43d7bc872179301618665ac8b655de0a35860f939268c3aaee95d7c615991c424400a8a655c948a3b1a5097717994c917e42fa705d11c783d21235d86fcb49df254236fc3e44e4d4d2757c24553ae04e59e1b3d76ed53139cdb79fa39a4dfcdae286a0ac035c51c5545e17a662ec76d2a3755720cc377ea3d729fea5024d99b17fed4b38cb5318d3553f2237331433adddb77299ee03cf17d4fa5abc07fcc6015320a6e53ef2fa1bcc1f97c2bb9b21eb28309a562638fb0edf269a9a7a8853139a459f56dbbab80f4a
32 228 0 2000 65 1 :f16a5af83e33687453b531204f170975928776a8d8925bb099599705952876e367748e08c514b534ee5bd169bcd835ef1af8055f84762a8047c09fffdb82b8595fe4d1e5a0d836b175ff310ad18f4abb2a9dfa04d8568eac7324d1025b7db8927645ef6ea9ef0386ac0dc4f950e850e3c72d45a7f9f1bf3a2ddf449f46ea19d2410bc30768946aada5753ac1b3913e788d74816e2c743fef2854f1612c19eaa4c12974122a916566d9cd1a7fd0ec9524e3904dc3532e720c809d6e63eb14e2f15404c1ac8e81e86d6bcb6e50693c0fe5eb93543a8e487bc66786df5df389a47d11e0513d
32 229 0 2000 64 1 :72cb67139c27dd22486fea2178dc09a38ee0a82b72a61e34b533296779bb46e4d0be8844ea9ce67abc807f47c8b2dda4495b8511c47657f1c86dec021754d15378e1ae5c369e4d98e2ce0d474b95db28bcd7e14eaac0942553fef079ef93230159c3a8102184859446bc77659ec072a480c5d8a327f6a355a74ccdc747270219de52427da7601f8cdd3365c6604decd7028e37f663e866c612c3774796cfed4a8918ef0d019583372142f6d2ef5da9ad8a511736a3cfe2c3dfabf473f338bd122356ddc69857c290d15800dde2bcbcc7c23802b3556427ea6e3515af96e6b06d3db2f95763
32 230 0 2000 51 1 :d0ec4fb32df74e0530ecf8dff4417b7e06ddfe69eeb99b966952e2bd17fbc9d71588a54b27dee955a00e76bf24318df49d5b9c8e4e73b8c7a708fdd717e1c151d99204479ee13f528e1026c6568919d1f1935112db0a6bd4d68e5e5b64e82242d8726aecdf5f5f9e8f9ac88bf6cb6481ff3ff71a728c4ea2c2ac3edd2b2e7832dd38d739ad6eb28d7b3d70cd07bd547de090c1a91bc7ac5ecc59bb38d34d293dbb4e4d2caffa92ba0bd2473b2bca2a2edc6fc079d41520a84851c6053fb8a0d603e60435b19c9cb763547971a2ab18f76b6dd8ad5b013c744c973256a580900d6b5cf0567c85
32 231 0 2000 52 1 :20e9872000e5a838816ed1520df0086aea889702aa7815810f204f8aff054bd86ffea80479fdd5ba6150dbb32706b615fb6d61bfcbd9034d668b1f59af9b1addf4494935c84cf71b61d6ed0bede7b54c227d907ac4a8b3a7286c241d1d01f425ab86de722a67342765fa5d32f2cf92fcbe08b6ce100cd1bc3204e5920dbe2db004bc03bc1f710702f70716252f385d66d369b2560b04b714a7ce60a10b3323e02a1fc6aba4042b552ef52aa2dc2c1fac8a659d9bade643d3367d545ddc820d85651528a7e4f63803c549a8c40f5f2fe33fdfc4db39b9198cee8556aff8fa9abc338edaef16f1c3
32 232 0 2000 52 1 :eb85a273ea2e1158d7b2a135aaf552b2fbb41c0fa3f63e7e6b9bcb90809a0b0c3345e3389080680c196129f0b10c9f2ce07ec77c0b3ade6f3ba603963c90ce9c93f0518fb80c40ce2d79987679aee49fa7140b6257e9840ede04aacab09e6818dfadffa50b28bd25564c9c72d218da2c573004bb27c2a9fca81ef3fb2ba26b9078d55fbe12032c1ea0899e4e9f1aa5090d1f04ddaee2bd634c718d4dfb7ff53d88299f31d358f464af192b296a9fb1d2cc85c6090a372ce9b96aea92e0db5f45fe8ae5b6752836cf840aa30bda7260560449b68f00721deb54c2497aec4d21c0929b0c3df4466429
32 233 0 2000 51 1 :391c34a4d3be3ace50e9a83cb2122199b4559bb47d7f1cdf3ae8a707b4d6d3a2112e7f26035a68faa865efab78ffc8ada1ee9518285713bf8219cd73319d30fae1ed09867af856a98395c4b7cb834542d93f0a17c8ba6fc409f75f06d93c1164765ee77494276a6c1b9c9bf4b532b878ee0fea28a582411d9b94aca6e89de035815dae0768e908f02aac832782c3c66c943a76227bd9a0a68183f2ac3b163d418109a1bf6780f83e5ec61fc0624c324f06fd31dd2494bedc565ca1770e0fbabdbe0a7ceceb4d01193498cff90b55e32f37a93c53750ff95768a26ca6f00586ffebdc2d738ace5273f8
32 234 0 2000 51 1 :dce87fe47b045864f0a9295856f70a8fd5b94b80e3eb76865acea2abd38c80b7294ab50148c68376ac46883610482dc1ca98a670dfc8a22328b0903a783c3cd4f06e1eae7030bb28ad262620e8783f86b1ff103bcf91e4f7da9113ebcb225660c36e69210363e7abf9e710c1d8b1fd61cbb9bab60fb98658c7fcf3219e228030ac8aeb35caea6d9c0e59c22116ee84eb8688bb9a479836d88eb5e4fc9bb8fcd7095327cf03341a1e524c2750825c2c32915c99fa903bb4953130a67809cca5991ea5f62226d4386260333ca964282876dc4e6acc38cba50a691e99d8931cb0687e11b947bf7c6c32bdaf
32 235 0 2000 51 1 :137a60804027d8c40df5a7f8f6a5d63c49ef17001f3d2f943bddcbf292d61121fec510df888bb5628ef64503c21e15a2f91fa575cd25ee84f38adde515d6345663ea1e3737f75532df53a43b0164cd2446c7ba9f6f64db03b4e8edec892ca5be69db3a820d20e735b752aa67d3c63681d6748864fd15133befbefee523138aea47e562351666de24adb3ed46c0c5589f416d1867bc842d02a49ae6e2cfd28404de03ee79b9c0f11cfe083f87b70ce94cb9a4f2be5c74714938ce56fa972986f48e3c392ee4c50223f16c647e8d4ccf2f1c1da3f6b346b12f76527bad3fcc2104e1a957767cc92d88b3c017
32 236 0 2000 52 1 :bda681118a59431583dc45dad47c42241a5d32936f43e69a1668b4e60191ec71bd19c88bf1b712ae0a89f1744eeb949c7a567f888bdca1fba6d380c6354a68918814c594f6e7add0efa770ae09ee9e9dd178f8f8c7002169c3a03aa18dd3ce1569f5cfc58d9f7c030ef33f881948cbf82f29949a5ec8bfcb402cdef234791c33f230d5a39f9fae670b3215e0960d710f29ef6c4ae57140216fc3da2bc7bdd3c02e15f4b5bb4866ea4c64a64f87deb5ca6a5770a9cbbe2ca3e514885b22d4b500a9f3a4b6c2cff25b96a1126c6f4a3af4019466a3a6d19fb3502c2622961b38d0c422ba2e26880dbab0f32c32
32 237 0 2000 52 1 :566f041b84290deae4da4fdd834ef58a06dcefc672ca2b832e49f0f4096f2e9a931f1040a10994c48e43b57c93f7fed10c9a796f423108bcbf2abe86f52ac9bf9066bbd4ca82fd2698729f096147dc86f3a9f9f283b22ac8fbad689a1bbcabdf82de12a7821d1cb2b1507eae99b320c9c5e8198829932e5d5b748fcab95f07029feb4224175dc3b7e4cf11484bf800687d417b2b82b0f93b8433c9cf10866b004bce2f5a453a05b0c022c4dd135eea47040d4ce8db1ffe73509f12ea658adc28e9c4efa558a49c49f4d74972a86b7481f7d3d26f0fb600789b576da1e20b9274212da86c0c31c734fd4b5452c3
32 238 0 2000 52 1 :729f758033c8021b9cc05b2205de5b6934cbac03ecfb8de54461f17ed563e96f4b880d1aac74bf5074c43fbd52d716ba6726d2d7e7fca3bf9944d3166ffe1397ab1492d31012c8d84af32b8cfde3274b050a038c23c3b8eb47aadc2c1ed54459acee5897b25ddcaf205b41f308ab0580f33fe0004c04bf4aaafc11c1b547331195461a41b8fafdda92bf832bfcb8ce9b2e78fa13f17dc7ef51ac908276602024445e4cbf2496ed0b0303d9c3228d804678b444020f8f0aa019e02d922e9e0fa216aa6ada862d530d0007bd4e32b7eaa54c2809e8094d2be7860ea3eebfc365865f7825cdbd3978ec23a522185ac4
32 239 0 2000 52 1 :e8a5bec25b6b66d478f2a7139ed30af0174d35297794e3c22e06406040bfc3b8b94a09aeff98902b2eb460115e51e7115e6bb5ed949b5382fc7c6e8cc0d631e347c84dd2f5429360b8b101ec0822250aa41c5af4aabd245e7d322c5548242c121d2c3c0686fe5e10e73f833be56893c3981115fd00a23b4440f09cb28ae08b757eab83e9a39b60b230298ab57011bbed56300b33d4f805ccf4891a5828c32dab9546f2d0500145a9efd805eef556f8993b11c984491510fb535cd7988764eb8dca1a04c584558509783086b033bef51fe7f0fda504f16f9e830406aa3b090d38e828939ecfb25fecc7348bfa3cde6b
32 240 0 2000 51 1 :5e2186dc5ff3ddeec87fe10727f11c9056207f30042db5fe411a11b4e14fcd6122da81a2946ca71cda11c03af3e604e47dcd9e70779859377e26c2d56fe90c5a3a4476185b010dca8734b85ea435dd34e13f30dbfcd63d3fcd25ddff1ab05d65dad275c86c16965841962b4101aa94ea41f8a6dda1b1aabe3813e9dfca98d74822ad5fd6c86cf7c450a0ad7ec89ad467393df8f87b850e55380169a00140845483c5d3e10d9d2f00e5e4a5c9bc670f1ec3d3d146c1767fc671de310723b4cef49425634260b954321926d6d7a49539cf500c62cc099fd1df7fd8a813dcecb44ca6ab9d3b0515b8d37b447edead9521b9
32 241 0 2000 52 1 :d41316d175c0fc53e61654f3140b5614825d8f7f528d6e46fa906baf441003f56434e7cf4b4d6bc2b775b1ed9b65f705441eac971d08665ad835cced13ca21c8f4782142050dd9f2dd1cae639d87da452c79a09c277989e4d59c20e2647e5ac732937b3effb505fc04ffde270ba39d42fc44aad0838b9fb4d22546d5fb293bf03ee1982d2dd9f54e4937f7afe865fdd6092390b8b2ec0c0ceb2fae48ca808da2277a8d69ba208adf4f0e1c61b4e202dfd12c90d45c77943053eaa661997fbe49d518291b5cea3356d8d52015f987c6c1dc44955cd3c9c747bef976c4800faf0510a5f99f8441e0f23bfe865c9e838994f7
32 242 0 2000 52 1 :874f740857e3bf48c727bd4d1814afa9e974fb5df9d017b15ff54eb9e12747142564ff3190fc24b50c34a093ccebce937ce3913de9d9523cce8d3c9a70bf1d85df46b2458e63430faed849e959672fa58b6acc464b997bf795191e97800387b21456de70ac455c41bf7bae5976da22f0756f948c45bf356a1b12bee1598f48535c744f246411206ee8177e9530cd7cb76be16a6f9d9b75ad352e1c8bb3b958c2db8ae3d53a98c16f7a6fa68c6da9a1567003188b818be7d72de76fe117009798240a6f38890666cd6d60c685c38195ecbfeb1b39c57e51aa2d3ea911abdcbb5f5ff206f03335a9a8fe09336dd12d7a6f8d1a
32 243 0 2000 52 1 :f9f772d60aae6ac52fc9eeda7f7c48d311a14a75ba6acbc306b0ede2ff2ba32a15e31b9d6c60296bb176005f6f574b9fde6cf2a6e2915786e6dc346aff1204ee3a89b6f10b537f80ada919be4fe8f42d551859aedd7a51a54840d5aa0cc10086f368703f01120572a9aca129d949135ba0a2871c3bd6a96de37ac5c265461573510d05488c0e5f1aca9207b38ee16ed38fdbe189fcb9385e9fce2c25278e4509b29cc1008b217e11471f442391d9dee4321269a8c76934d11577b58d2c2c0bbc74567c12e0b343a24c4fcecea17b220117944f5e75a70d37919665860a12174b04370e05e68ac4e6fab82d47226503928bc2a2
32 244 0 2000 51 1 :95d88c2c349623d10b0ca365e2ee5818b090bdaefd50141e8c5e1bd6b074f0a82cc9cbd46e1462721c743bcb4a415090f53c7ecb84a6fcfcf15086048726e56d610768b6cd7dac0d3f47206faa204a90544b479519d52dbfcf0e2ec4fde2412f46b324ff584ea1169734b19761ead4f37d3a48c89e0b6b2afb16d601f0e79544848afa9701ea762eaa10470231623ef7c500a84287e9472ffe9240f6127dd8b518d423e3db28614751f9bb66c3dfb88b8227e3a14503c62d004db07e3c78d176cb71c205c9644e7f11488a13a37f311aedbf943f891769b16edf3842194b26d48bc9e935e24b4e38526d6029e0d6d436d36700ba
32 245 0 2000 51 1 :d6d37964efd7154cfbab9ff552ed44c06e4fcee938180bdf2a37eb362cc4b1a80f4624e6a32609284166d0d41bb40a5045bd4fa80310fbb92f67d0d1d56c3aa47f464ed78ad56faeed10d1afad97a4d496b2230932a1785b10bc5a0146b9cd51be4d6363fd40596544ec6c8d181693a447ea337046022d91bb044a034ab9fd72b56068cfd3c46ca5a1a0c147c272a2dd528ea028f88b1fd59c9586d0cb0b15cbe45b8faa335e1ac65ed4e8703664a9154339187b07245af9ab4a49f0e43f55913d35736d0f71fcfe0c54982973fa95bf664ecd48fa89814e12f7d59755757b44bdc6650c382284d6d8a2237104982faf26bb04a387
32 246 0 2000 51 1 :a03e66c4862f7fc85b4e7bce01f5c525b990e3651c43a2e23cb3d9a1931ea0d77e36268c631bb038540bccf36dcd2a73da8276cdb9b34eee224d413327d2fa3e8bed4308ba86bfbc23364b39bc8be868c88fd16962d11f317b3f314adf843d0abb7ea7169fc4e17ee5a08d48bbf5c32fd3cf0e348d19d68e23600d2efb31439190ac8d76203507dcdd7f7d91958964e4f998dadb394c953c97444b56541c356db8a9b90fc5b0a18bcdf0c34aaedfc6f3a16f2f3d1b3b977c8265953498ba8603a6ee2812acf756871db7b1086300cb64690f0570b60ea9d7599e6b7071eaca2ce7c2852f4d1a77501c07869aa59e80be208b6e14caa4
32 247 0 2000 51 1 :17693e96c9e817db3a5616c428d70cd3bd5ca6d0e716e1c3cb36d3258b4df6dc2483d849337a5dcc2ae91d0e5b2e3041d83c5659f9b902040272a0a64a6408cc72204013261871ae3c631c3a274b9233c37c74c36c2ca69bfb59096f9903bc02c0f91516883e56dbea2be293f5252924cfdf2a5ee17fb7e423aecb35192daa81a47e25032a6df1185085040272b1d4f0ce9f303d9640977ec6c2ab73312ec76893a937aeb67225d6a48bab418770c292cbea425d8b24f3e22557d626ba0e9cc1817678181688567feabff47815588ad849ba096943c1b5d3daced0e17fdf617cb8329abd9d3c787043826a26f761f8c3cc9cb3b9be1389
32 248 0 2000 51 1 :b73c8433a6be685af9fb40fd23ee50a40c9283535bfed4b70e4c98eef0f95bbde282aaa4cec7f8b6624869bb2ac826c05c035280ef067607b616a8d885291bf4583b5e54e632ad734624de792622ddcdfed7e433d3509d7cdc9e8ab5eddfbe29d20630117042dba799d1b30727f38e8095725e4e5296af20ed789218c65d0796270ee11240ae97a8cae2cecc17b42ebe43c0e8aff3bda8fda5266cab4151140a7dc15c82a47e98d43f39453517d3b55827ca0dd45bd14a483963a41a5f0c8743d92091614dfe418f424199f04ba2dc49d031ea1928459b7a315aa6ec1ef995e5562ad768fcec5e3f5408e9a756265f427d88472a4138756a
32 249 0 2000 51 1 :360d29613a64a2f8111637b41d1f7564336105c4bd06996ef3eccbb31285d0da1217ebc1f118b1383b8fc9fc5b23a505053dc6d843e00e6e52495c51c894ac71fdbd7ed0e0d5fa793797abe18cffd6c276570621141c881b1276bec1b0c4e4ca1a47b109f83bd317659ddf5ae3d80a760521e0726dbd9f123c3fe4ce3c0851b0cba4abe525d773827337c9349296466a516894ca9359113a0a46cb498a61b546d4cb8946ba152cdf5c40e99d1d4ba7044583a820e811b7387c49363aa568921c9b8254aeb06e1646efe4caff56b8db9a4a889647788bb317872966a5029ab73d103be092cd1449b59a1a0b19ac14522c6d754e3b37f08ddd56
32 250 0 2000 52 1 :426ac2432c571be2082b7e692833ad5bda629be6f99aabecfb612d98e2de90d6285a493e623b8de1441fd9218c8e1d951bbb579f4a75b53dae65a3d5a015c3c127aeb3a982550f0f564bb799e6f10045734a5ce18f0d8e3a998433c0bef17a3ac7d7d88d6169bc7c9b0e50177bc5edf5e45d77b9749fabd4fe9310ddce8499a6599b1e1b745a3a425c71c2de51f65c5fc69548c7242289a101ca7f317b7979ff178f15cab5d86d7ba6a1c262955b890be4fbb41a4efde9d5a00f203a0a91b27e26b212d5b005c25a7960c40403acd3dc48628f77b16d1f228c6e64d154f6afbc45a71ae620fcbae33a69e779916133542bc9e9977473392d37f7
32 251 0 2000 52 1 :4969ce48114b9ed125345c44886e8bb69a524478a3df6a9df788b42b9109b51628c5446622906cab0f9fcccf8b86753a6b590495dca694f36697ae21d205623e26c4f05f3f6bdf26df22dc71d48bef716e7819f059fb520f3a64e215ae8e5dd0f803d54f608f0163a058027a7cd57ca1243d9d1c8bec74c509e5369f7ddcde2d1ae80f72a0b7b2cf91a9b5ce39f8abd5648294e8927d250bf0ee499f2a65d00ab23fb614a9c41d50ccbe8b775abcb1e0b0abac60ddb527ef2716da800c33571c19d3adc5d536465ab862564123f08dd2b9a80cfc31b490146901e2b35238cfe53ec5eece0dafb77143fa08a3643a984d4c2157e9624d777f13a4c8
32 252 0 2000 52 1 :f6d8c537c384a7247855aa72f05b319a657c0e42b7014f6d3f6a96c70c1f72399c3362b308a9a22789fdf9e84dfbd38a7a5198724479855fc00d68a0491d6c302f56f75297ce4ca09beed38bab61322ca36f2cea9f1750053f39f65fae11d9d2ac782b20f06f93af00c2e6d3132277466d60e207428e2221a7e53da37c0f74d1cd1a4a1bd04ee440aedb63c9e5f98b40e950051bf23a906cbcca3b780bdf42ce062615cb49ee155a8599f106a106525848245593a4f39ec25bf177be44f52a1397c930c1b275092e4e6606f29af7791b3d6b5106519bb469835202f0f0ea9c73e7af83030b378e4461254077612ba0dcae5bb2476a0e8e653f895e11
32 253 0 2000 51 1 :cab3de1292832285262accc952f0d340b0f414bf17fb080dee4901f34a40aa99556a396d55abe96db56f57841744915a8a70a66ece50c5f39dad04ac8d9c44036ad1bda1bcfa83e693e6c91aeaef1e77de5151105771e5a2f3208d765339ad8a227cfac8b7446941daee8be2ad71ca828ef36b42d8b0dc462220bafef0973d364ed3ad9e3e8d587c746f14630a309f3b291cb726e062492bcec28c1e5917a00159079cde4594ce77f9bf8b21ff583f033252eefc63e1791d0cebc74ffd1f8b5532f332a54b58ce26f112d66ea5e08a71c271a33700afec4057742ab205d25d8d0931f8b06c7eee7a1efc0a991460d0f695870d3a450aa85e4102445225
32 254 0 2000 51 1 :813bfca0be8c56a41caf439fe9bd2617c8e567450dba4bd38a95f45c02a48fbbd68009a0d3db0d42e94bddd9f34bea4247953ef7ccb68aa6ea5c25e53f94dd0ef4ef013b2821e5bf6df63ebf72683cc5e1cc20ed1001e39d9283fe089e7e6dd74d9e5a697e64b4572133127f908d5735bf79e27f3a7bdd663ad296903aa509f26f95ce39a11674179559c12a84a5a015d9359ca5449aebaf88e2638b8a5458ee9f53118ae1629fd4f00150e5ae361a766cb5199b4ae963315019937130ebc8f3553fa7922c7bfed80e4ff92cc167fe742acfe11f1956f8c0d0a467a99a7ae3a45925c4cc332439be2d263997090b88b1819af9783cae623e67699a3da4ee
32 255 0 2000 52 1 :141a69ec3b142afef4218262109fa4781c04e90f744a9a796dc33220f48cf3be52a7e31d66a95e3ab02f372b8458822c5c7a2ea47716d2b532477f524bf78c92ecedd16b3937c42fb77be434a622832d54e1559fe195201a0cfae01dd92e0d66fe0ea57ae87dc534749a24434ec42a96ef2f308c5c84eaa18d825f814d7aeeebd854af32cc36f239dce86cfd9a2a13cb190e3fdcc8d45538de5ad6d19db629b9e20119221b1eceb94da4a5d5aac557f63c24494d87f1fdf992055a84b4b695bc5619e900e996688ce1558d603bba0b4b52d757a65103b497152338251e455e6b6c96fcff0145c0e47389b18cdee961e1557f7b7609b15702c7cabac38ead99
32 256 0 2000 51 1 :6d90b0ddcac9cbe3fb1ca3a55daedaf423459248c0f1486c7d2c506a97e6f4b92beda6e61ba347e7bc0081e48c3c238ee447c07c3b843b3291577a0418a5c073ac2f32620b9882e53c2aff85cbdde2a2d1ce28039b5d3e8e9a976fd2e5027224efda78244afc3e62d7ab8c36c96008330675bed76485b00b984bf8c7342bde244e667396d0cc1d1bfc021336353fd1acaa392fe014797fa14e1b3e0f5caaedd7310caef1bb0827046889eb67c718cfaa7d9966e33a086fcd0210d7c5017d0a8de667fd20788571626f6fdebf11db6753818e0a506588bf633dafca7a563c7ff0c1e2638ec4c084c2421d7ad78904ddd837cc2bb01087338a7f9d32cc024d52be
32 257 0 2000 52 1 :d6ac6baed5ba834383b186198bc81bc2f13e43522aa8d6cfe1eb9bf6e68371b3b41ead582f2be9e7e7c914f0de50560cfd16e7ed5988a758396197bfff5343932783628e3e76eb75929ceb3a06e2ad1c61aa840a04466ad74bf10e26994e14dbe664ebff8fd37788253a07f2d932cd6b2d428bd723891dc3d8f66dfe36840a72a9f4fdab71b88c93e6e9bc057f992960f6304367485b4b3e391f48a3d4d4368079e9eb4f3a8585a6dc911a5a6577fbb176454ed60acbc49aa288dec86600dd2baa5d250a0090284c76c50a154610963b676b54004976e8f99b81fa99fd3a5c1a299119446e62a56a8bbf67f54bbedd74c3c6f72855254b14ad6dd03f2c4c066419
32 258 0 2000 51 1 :6cde21bf5f8353f59088faabf9fa6e039f0496dfbcb2a33b34a273c2e56cbc01b814ae9d9801a0ecb612a3595d1e254be21fd5ce97e7461ff8c944da56ddffd8115a4eb0e0071dc1ce2ff95f5b6ad39282debe61a58eaa7bf59154b5eab8cd7af920bd26426104bd760179cc59844a8dbdcf4865458de146477ad9a5fabea5032f201693f6330ff620ab4e7f3502335aaed1f947d779e02ccb19b0f8173e52822c4bf9dfcbcaca12d4dc61d2a467df83afe90a725743f19810b366b3503f4525d188ce2cc0fdb544ccc3c3cced398626fec253062caf9d4ef06f3655c63a9cd4cbc3e11dc53e56ed37970edd9157c1cbf10d945657138d690ab26cbd0de76509cf4f
32 259 0 2000 52 1 :9799c3801d644d04c4fc32c96b10387320243395e856ffe2fe9e07f14335ced3d426804dbec263f410700f5086362a288d4384a4ad972ee1613f92e1ed50a43b1edc9e3dc3ee51142d552d44b02d342e95ec817cdfa37514ce7ed3700f0c4da641a33295ee7261cf4a3223704cf81418d024746092b3092314a698d0a200948a4f98b2a2477c79c56c3ae220b8fb9d0f90dc249035f894314655ba4cc3f3ef2bca6f264c90b8caee1b9c644866e43e010f0a4600577f4db5933e5c5c0e66a8a4e50f60f9f379bcd0fd6c821103ab74e740bf70ff1c8c0fd94ad03fe0ce8213c68fe1b0bfa5083250516e352ab80e2f6a5ecea2b3c138ce5e06117cc1a3f8db63f97eac
32 260 0 2000 52 1 :2552c3b5c15c12e451dca508db9808008b020d47984636dd558365085c012f9c3dca10e13d9a54e0d68467fbff17c9541a91142ba5013fdb69e3d041ffd094f3337bab7ae38af38bfa44f1d858ef76d16972090e7a765adbde47d87c91dc2031c43f9768e0486401f72b0d551b25cc51f7447b3f404aab2ee4f403b6e5323b525d27033b9e36cf5170bb31aec94f0ba22f76f4c444ac10ded865c69437e7713f1f9691bca70046f1c9f51fd09600758aad1fd3119d6759124c877a5f116ed59aeb51c9fc1424097b9928bbcf983fa3c3edd9a53dfa9e48f2dd82c29fa7b44f7e99da8a0a5b9eb326762aae22c4011f80d55c7f566a9ceee8269c3f606553081b901553f1
32 261 0 2000 52 1 :11dcdb703063d29c5cd456c9c7e71cf1f55a5ed5e2f2e8e5feecf05a8af49884e3fd7553d4764b5129838c22cbfd05d1faae4432780d69b08bc147f4615190e3b253165344388f9e9c54f241741aebed62ff82f9d2acd492fdfb7eb4a5b93142c74c6b25b5cb9f976c26b7f533bc861497cb32c8ac194125dbb5dfa4e59888d1f01f7cab5cb4260cd04f145f0aa58252ce38163b536bcc7c1cef896c5bd1144c65e1c19b2fd66e0e7c99216640831ec2a1d48385c5471ead89b098e571e1b195316d79c43d5331811c15fcf6dd2e82bbad1435d8723ff8c0de9a058aa4c176129cdf8a069a490d6f1b1023c3f9ec01ff25aa7b8f78440c279e22e610620a19fbaa91e7cdf0
32 262 0 2000 52 1 :4afed5ccd76653b3e942faacd4ec946ed691c1e876f03c6d89fe64867823bb1dfb56fb5ee8e7d8045e47fda7257547f62a75f4527fafe19f733e07b1090290b3f409088ffeeedc56be5b0ab0f0016e67726ac7526f992da2d6c82970d655b89eadd8334e7fd2c269221f31d3a7158285c6875f717fc27a537a5378ae94a1c38183bbd70e99e32961c63c717f061f8cfe5d407a28f5dda1d9f35a7d5ef6f3bb167bae8a93d4b6f05db17464b5f43275ed2fe0f42a335fddb6542ab5a502152d457c9ca69b97444d48d40742e8e048f5301c0eee5b4d7c8b17477f4677f0a6dbfe978fac81572ac727b34b5f135778a10bf7e586ad469b70a6b6619ca045f19ab2d1545e4fd714
32 263 0 2000 52 1 :3ad4f37ca113380595a4a522c8dcc44fc4a98c50a67ce8a572651a11e3f777b78c823d512d624e1cad7d61c51909efbfc59782df244ffce4697c0e77c655241f45dc27e45658ff8c1f432148763b0e1d3cf3d71b375790c360e5858c340abbca62be1915d7ae88341034db2024c42caca9623be35a02544254857fd164caf95816f5759eb845bf3bdb9459a45319a3f6b40b6cfb17f96fa9f7b1bc61d1fb37c228fa102e490e12585ce477da8ef64a85648f868b9b3c4abb3f4d25ab9d789c38b8050a94867b5f7496243347149e392d0d51a986da4a93997efab5319cac12165d492b98a780257ae77b3f286e55b571f79d5c97d29e23ddf78813cf32ccf63728d7aef4843780
32 264 0 2000 52 1 :d432cf9b0882e4efb99d219fa50882281c4079f9074a9d6f261c93a5b7856aa1f88ce14a88b6e1a962036af4c542cb2de2e373b6cc0744e79641faf1d10142d43f5e62f8aa516180a5aba613ae1a629716d838988df73b03a0d185ba0578c4d32760e654bbb1a5e9229b4ff5114de77e108593171feda828312080b4bbfd739f5cb4794a7e4318766beaf947c2b2dae8c361f6b3618b820f2ef75de5e181fb39fa500d473bd0b3eec6fe65235aee04dccee11c7b9385635034f121f63dc477c5b90aded1b18549981bd301cedc766d633f74b80883ace14404be310c4d5778c92e292582a6289dc682c6803a200ff2ba5d416f24cd4316585514750a04eaff2028ad7df1c0c9afc6
32 265 0 2000 52 1 :98d392787c6313d2c15a9c1e9de6675d09e9462d6845a3e9c874fee7bfd76b1dd13275807b86b83ac056fb4188ebf9cce4d1706dbcf8ce8a5ba74888ceeec57a7b88e01f91073a9feaa691c7ad88c7de94af1b330f3fa5a865ed4d56dd88303ede404ddb06e5df3b9d5aef4fa5a638e823d680627ba25e20bb5af60fc97909a8d804460e7240ee9e7ee929936e891aea6df15141a6e485756cdf322fde18ba10ea7d8be48b6cc58fad3c9625f025a0d40c758e4ec0c6e82580a54fdc2668e48da46f854f41a640e56101dbd4aa9f7b2504491de689b53ffe1b7327b2baab2579d4217658da1d23da7ca1665bd1d7c591fbb86ec388cef23423db671a4e0676519f34de76c66f289324
32 266 0 2000 52 1 :c7d460691ff72ae4453418aaf0ef88cd80cc352f50c4a88bd4279e1fa683c7e51196e586242511a09e48be89b8d6080b5916569129f7e21fd5c6418240a572ee55932653b9ad8fc6c4000ce347262fe18a6a9730aad5309cd09203e949283f230c01d5557d85945353efc42dda59c491fc2429c5a789ed88fd997e9863c47634459dee919ad1940016361fa3c20d90a3d3f87825d4eb8d2062d5d404fae0a66e973fb682817caa3f26439b4006f104f71478e15315e7b0a2ca89597fb7037a7e4e703549fc548aa534f883323a7d47eca476691e7b5fee131a34b151be441e29a88da302286edd0780c932f1148db0f1632898890e2e9fe2c9fbfa0e8b76bfa55ae02b1300281f48b615
32 267 0 2000 52 1 :d491925cb8caaaf4914388e42ef3b0720b699df71ed43d079f81d0abc207af4fa73de911afe56e39403346202c4473b837ffe774f7abc1f5c35a5cd9529e0c4f408c063b9d2e2eb5de4594acb745b7a62c2c1bd7676e563be3744c15a2e50d76a64614e71def161d497d4780dde1ea220984710bbc0fb2349ea1f49526162348be7ea2a52fe155de367cebf595df6e572babc28a9934322fdf25b246fd93e2955d3e589a9f0b479c1f650066b91927395b411493532763febeedd80b671dee59269e6cc4a61858e781b13e9da7d9e061734aa464f5767cc49ff713c6a833b83ef51a259ebeb7832043df390be66b7cd80129f3e2ae72221e4f18baaef5d1d16a739bc20af6f392b92f7d7e
32 268 0 2000 52 1 :d5496201a25125a949dc5057423ca731c0d2cfe91fb0e12538cabb8c528edf53b999f7318bd8be5cb8339a9b750a71e14f67e26bacaf7016a271f6b2678836756d8f55835df4852ae1ea1833977c327051ffbe8499329dae2a7e6fc6713bce119f8c5e779c62d7e39074e0b0bd0d2b7869f3b2db58342ecbdc6bfaf8d80b75ac6be143fb7d1f249bd762920483cb42a40157c0276bb98f2c8925d6d10d126999c84c3df79eae041c0b03c8a4acc38d9dbb3bf30114ace181f86a478dac665cdaa1262e0dff27d70b180775b4919a1221541cf51ab5c5e386bcd1b8430fcaef59d695ed0027bfb99d333d4fc92a9bb5928adc7f896ecc9aa8ffec3d23308c597dab071eb69ee77d6acd0f0f6b
32 269 0 2000 52 1 :992281dd7277b8800d11300e0d663141d527e59aa47f7153807a71cb43e63763f1af2c6565cd2fa25c9421aaa7aa53a6b65ffa6345fb9aa308a04bf7c818e67176f15e48bd0ba06e6e7899c26c1c70213af77d53e9d3d1266712ca86d900b2dff070e53b4c3fdaf0aa18f3dbc2599f07cce51fa3cece5b1c4d2655f6d1294e9447428eacda2676579f2ef036804a29b9630de9e6026275450e6563cbf0c5e96b699206268bbc43153576050f1891fe4df7d7dcff709eaf1e7cb8ed262bf6ae601799e7ff883ea6a32e4ffa74d40a7beca1c75f365d81757e86617cc82e7038284a0161362614f44767170d96e28cb82f7f30672353a9808c267b78baf55a918d42cba268fa7dcec609c8a61aec
32 270 0 2000 52 1 :e7f4b462a918692416bc561991c02e742688bfd49a54363e59f22befd29b868124d152d8a2074c81522542e2929da57e6f6f9ad4d21675ac7b3242ff4a74e9fdfd572021993a8b1a030c7fb0f6e67ca8a8e02ab6e4f1ec26215882ab3369ab462e9c9c62505bc8fe18d68b7bca9fda29319517e684273e0d1f9cfa530fa656f453f036f0918376da776ecae9f763d4dcc3e549cd085617c49bc0729b9976f7a0183f664232b5b608b03d8edec1dfc3d824d63ba9c5b438edccfc8b4602de440625d4bac86ea6067e39e66960c96b10c4cea07cb73d1c63de2a68ae650a7490a6e0e98b578effda7efcdf09877e32890b82aa81183f0046c3d9f67cfc08efb686340dac51317bb7b6fc97230cd33e
32 271 0 2000 52 1 :e930b5cb2036c85c6153eca367b424f88d36db23ec3c7ad8179fa2d573085a0699565b8954e80d82e61d5ea968f203592e6b716c69f10a4e3b91d64db30d1fac2a9d12547be415627f872e84c5abf05e76fefa2116ce668772aef98899e5a7a80528c0d40361c700747484747de13360b4d49801019d4cdf890bc723220745d8eb0ae51bb832219d7a011cda3c0aaead17fe99c30607694713afcce889a5b2df5e418c16729a38d2bf51d2aeff1f61bdf0ef638f7455f93f0954ff19bc5227bd89915d47bdd97956c8a9e62c8ca91bbfcefa6bfe211ae9db086fab9a23dd0dc4eda98fda26c71d9030b486b24c173c672ec05b7b793243b7f6b58d98783fd328650fe43f4b1d393c8f91298a13b326
32 272 0 2000 61 1 :279e4d0c7ed7a3d52174ed86e19130abda5fab91e271b5f2254c9e7b0366636e71e6e93e3969f26dc9a5242088a7518dd12237327b30027acb455d1934ea323c6ea020f04bc6be2ecf1ee9d2b4d7e476dec0262e33f777c5347f0bf4c3b7085dddc5deb2587fbe4b4cc86f882957ca0de12bbd8b587f4264829790165d3167c3a7367248eac53570a342c66ddc03fc32a347bfe42b3b013c30ae722f989162f762eecc450ad577cf4f7132cb27359453a2de736d2ef1eee5bbce1f7c2b547f69502166fd73eb5e0727d71528db37613a81f00a9c58c2457cb756d40eeba1a8038a6729b9079429cdc655c3a2f7eb3860300241905bc7d82e640d4d3de673fe47bcce435f5ed8bffbb1dfcc525bd4333d
32 273 0 2000 52 1 :0587960244a9d7ec98e1c1f10a09bd32520cb064e0ff71af0a2cafd092f4a98297df83e858a3d22d8b1f1edf4c40d3a75f265aaf6dbece2dfd6955f308d1246bf1a64d1e1ff2795ed540024c3984f48df0bc800bda3e0fdeae6ac325745a8de3aa90cb06a70bd59dc41d6c29dae75a942017d8f63f510aaf04b175634cdf43714d5c98f96ecc75741436e11385e13f685bf7a61bacbc0573292ccb9bc936c444541f07d42a7562057b1cf7c97c827f85e9651fae15ae55f8cb4cb11a9fbb5587915fe5cdb78a6a784a58c74b75f6590104ba421d6666f8733f32f82db83bdca95973984f0e978cafa32946547c7d9127df86a94fbb07e72531ec46f9ae13ad31353e6276b669064a6fc10fe9d702b9833a
32 274 0 2000 52 1 :5e411a69a88729bc889636c5f1dcddb857916524ac4932f47868f15855e67d97db6c2bb47bd92cd6b6c604693f2cab17044ca6b98749f231dffc1075725431b91c29650b9f65d5d4fb87814e0b17f16f8ad365b642856adc632690418e3f329cb5056506e85009e0da8fffcda26fcd587e6edccd2bb11bc9d1deacb467d4091d609a3b9ad46b3929ba363b4c645bfb6e880b9dfdc6d18222e956a7b32ba728f145d4344271ed75257b32fdb55652df48b0aca794139a97ae103df040fb82aed4068721c9aa2a46ff9820ef47b41e4b06849d8b388a2b37f0b05801360f3f1bc5c8937a50e0c616d6a99f3a65f2175cf355a41af72a9f22ab653039a222ce8376edf1a397e63885be68848657d6398a0b3684
32 275 0 2000 52 1 :722d1a409c8dc54932e9b4bf732620907a7bef36505e02c67e8fb304308da29ddf0cc3681fba95384bc4fa18546bdfe0f2600253890155aaf43cad874cf302158fc694685b5351e71adc7581c1c0efa06be51d84a6091792f55e424b30a9188fc00b2dbfb0db54fac46222f752ac99fb6235da22f2f4bd5f2c7a6deadccde11d6907d129bd497fbb143c234b34d386d844958134cc44d09d3d92c6f35367ece52f29e47840a5e63afed1330d4d4e3462ded8da7339fb2ad11809ae2873b77dd01a78d02c826b37dd99e45afb5c9e958607a3c53dae2946b5d51b0bf5c7eb7f1218935b61dbe4d5e7f7385e54ed3b004c4fe0aff8e02b36fe13e9167990d1cf3198d11a21e34ca19eacfb9334d41a2e48c8e06c
32 276 0 2000 52 1 :f62209e01c3064b2b221014603f7fa1a718edb322f0096821a38e11fc2936b5d69aae8bf8dc9e5372f6f8be3e975b05dc7e5fb611de884f5337095091d44043edd07e4ba5fdc9d1089f88bff071f271d2006caf5648f82fcb42bab74d307ff494336669f0c3d347d6ddfde8b6e04583ac1b7d7b497c4254945e2f38b1bbe926321a17b0b8cf157eeb3539863c50499b34933be9fb567605736c07cd0ffda3de76a4d63f849d696d6bf36b4f663f3260d16fe035d4b3109a986fddb990d9ec20bda9fab3174e8499d832bcdaccfae1b3d31cc5259f5236f98cbad73dec4179bf992cd681a575ef38bd056664a3c7e92277599d3cb9dad610460e394fad0b2a6b67d67bf4dbf070af420793a5c449289cd5f3381f3
32 277 0 2000 52 1 :4db189054b573fc9dc537cf0b1f900c1f24c60baaf4a8e2c1185f3681e913a176e5ab4091006434f0f977a9837e4ed006119bfd565be825562c2cf83c458a0c36b52c8b13326bfb9f0c66b4588e2ea682fc903258cb64222cd300fbbe433f6f8db611429295670e7fc9893de201bccca251e4216124ae0cceb4b16acbfc9abb897c2d1525292aceb3d9d317969de93160e4e79e51f31787752a8ccbabb352295c3d40f6344b8071971bbb7938808c1140c53fb0082b6a486a3a8d8c57c9c56259e71b0975693b42a356c6fc052bb38c6b7acbd67bfd54c384bedd3d2644bd1d208e5c26dbedf257e03a023cdcb4e15a6469b4d442987f683dd0a7153c2596cb789dd641715baa65652c7a466f6ecf98d7b6cd495a7
32 278 0 2000 58 1 :8833d3aa3aa3599b6d7503559eda9d4817ea12dc99821fbd70d0cf52407698a562c99e61547ca76dba10a2f1b9eef5ac5e90b0e677847da588de722ce8e9e3e5822d9e8f0f23f0b7d14df236e0980e95dd5f3b9302ca2fe609f4165a1d77f1d3495c7f5d92e66c055b420a84a48c49d47839b3a71bcc2050c4f796e830bb1f28d0bceb77c9f55c57ea1896809856741012f89c8299003ebec9e6be60bcf0a650f514339dccdb2514848bb67fd7e6a50911e8042aadc84c518f34819e950f554d5f9ad67bc5653aa5b55ce33f205b5cbf70c43991d61f6a54752cb0a7b044055c8a5b5a3a4ce83f1ba4a678b8a3991292a99cb4d5cb01dbd57c59295254be58018a588bdd7d316ca8b78f28931b9e5c6ea66c8c3a046e
32 279 0 2000 52 1 :a599edd21185c396371b2022261bfa35a70803015d9d2489d8d7f331a3d727e8736a5cde151f5d9ccee5164b4487a6a9fa0f553bc2c819c7740d2a3ae07c6ecf66212939fdd6a86df791bb27438ac77bff80c4acedf9806f538a713a970baf3573e4c4f606d520ebe8c07500424f5bcea1c225b5df1af0c4b0e1b89675b8040cea152873b3bb66e541bfb33fe5909d48fcb504b74700650163c427a91622e9bd3cfc7ef053ef09b191d24f414f1ea715815c6196c83608f2dec2cfa69c4d6a038a8a0323e5a12acbf8b92eb2713c391a61345daa699308b59ec81356c8ecda241816f434b95b11251f66c7b32eaf670fef899831bee1bdc2204aa6138ab6847dbd2671335986a45cf2faf3fb603251d6f445f00fd730d3
32 280 0 2000 52 1 :faf2f99e9cc12466e524f4f29fcfc19313391a12dc13ac2b11812cd43538229ea716fd9287762a863feb439987954ee78e475d88a13639f0c75282b959ff84964d6fd7b324020990574cd97d3f675feecf059da3b9fc435a12a35b02f3ebaffff93825e9c0c693093980e3f72ed894fdade73b798bde3f184995ace90b6a5c9bb541c8f053fb0b9f7cc039fb05aed18d1ea60996b9999c656950c567cd75669a3eea2fb941b07560d88b5110d1ef4a69531e842f21f09d4ae47688b04a75bc5a8f69c17e47cceb2c8987e14f9550bd5aa23c3d261f5c9bf11e393ac5103eb2cbd93253c63064a66fc33b5069323cf193beaecae97004f07c45672514b906006010d1e8cfb5e8956b959ba8597ec8c88dcbeb67abdb75e18c
32 281 0 2000 52 1 :a03e5856c107484bec86d6bcd6a1c9af922b31d43997464fb984ccbbc45441082d4a41d9cf2f4e833c31fc678e73dfe6d1ec6726c58e5cd93a7cdef82c3d68e0eb695278cf1f135fc6a05b7025a5ab007bf782585df4ee2853031173ecf1f25faab61fd1dbceb49ec26a6d107eea97556d176beb9793677f32688e8a6209ed9029c051760827da8f3aed44a8a27978eba121123762a35724991ff105064d6018de2daa1c8e93d0a89e193a23eaa0ec38154679baadf9e3e64e40c73366751fcc6532a073c3799c75782d1a9c4d4d430b3b60c088a1b1bbc6306d69af7f1fc27b6cdd4f689943a690233b369b6b2db7e3511bc753bf599dd3b2caf459c36b01b5233068bb65fda6bc657117d1cab23f751c482d8ca99994b873
32 282 0 2000 52 1 :7d7d568992d6a639f34b1b976d8b9eb6ca18e70c4404768d65c517012e2d073a622d0161757db03de098fd1f3359e17336ff0b896200d828427c478b1fc11a0c27b8ddd332b2c571ab00e8e23f3469bb5bc9ee7e98c08cb097a6c1587305ec2f681a53641bb3718f712215478157b676fc4605055138cbd0e24854462ac01a3079d10e683c3433738728a79a37b49cbf28ebc69448eb32ce7827834d9bb5e5d94bb9594efab58c00e12c0a0653378ad6ab1a5e7c4d05a8889b0e66ab47781035537f44271b10724a7ac27baa3f0c7018c8308e9d3ddc15754d36e4a9a90404b8613b1d4f5b49c5703381686b0eac5df31f5f0cc70299f25fa93e9afc91eba0601f5c38e9edb014dbb29529efc98837457c308bffed848c5d1c92
32 283 0 2000 51 1 :1a53089ead2a968830e6a5e1204c9c04030ffd5f55df114da3daae1f40ce59edbc9fea9f2dfe4e6186c8d125a787c88551e3cf663c09ed98ebada45038a294109dd7121f00054cdf9df91a0b9d4a5951419150af2120a0d6108edba5b1decb9101cbfff2ebf9d04ca034fa0561f005b39b2aa927f7b0659066da90ea3587647c2374ecae172696aa123502ecb959dc833ecf0093f9874769f9b4b3aba2f2383815c1e5d25e6c153ac8c277dfd6269d6e3e041400d456a98a715f3892c5d5039ee5562c38bb4c9a2cf58d82a5fb8c76099ab6d9585a01b47e8e69ae1288fd4b0c739f40e3b2f8ce3f1ccc1502b2503f890ae40fece3436314953733382271964146026c6121a28a786c7cfa3135f2ba452b445ce479d4766a773082
32 284 0 2000 52 1 :da3f0b4882c5ec5c93b9e7ac2e0c8759660d7570bfa11af0ec5178ff61eaa277e37fc9d5b2d07810f8ee2cffb940ad0e9e66268dc6ee4d263574b38ec69a7265b9117d46193d18e60f8ec56522da48b632feaf873a1daae41b1e1a6a9f7f88b9496a824511b8bdebbdc03a51c3a09fec1711d1f8da7843bbb2acc8d5bfc812f5ff1dc2ed895b63164c23fad82ecafec7d4626a65721c29145c30be87c37a784fcfd798c49cfd5bbd757961ba55072115587fa799611c17427e81f72c8e83d8d9166d6aaeec588049d41cbca98ec77fa285522a629068913d350fd104404ca7948fe5cfddbba2e8ec1d76394099041d6a99d775017ee8e41ca0b447aa1947fa7063ef28f7647219d524a535343a95af35e3e8f6345d8d5e1ca1f0faad
32 285 0 2000 52 1 :265c2c4ced8c9a79fd30be19a77b69a94916ebf4c66de0973e2eeb08ab5745b38cfad89717f400a4f536f46a0ac0be11c88f6903a5f925dacb13a9e395c56f33553bf57ac853bf38053a54efc9490927523f5c06a1caf878ae9df5be139836501bda40d0f7091ba4ea494337bbd6d3481b1e50357de065b4a4caff7b9961f50846725f9f3b9f06e79e58b0d7add4466864fcdbb1794a52afa506c04b411e2c998e85f60a3bb2f25d214f7df0015a516615c4bb4a9eb4071226fce25252c28687aa76f5435c837f162e2b529f100b1af0cf030dcd28b76e428198822c9d79597c50419ea30b9e4459559c3192dc65239a59974abe61d2e5ecd173cc5cea3f4c2367eb628070e82b91e74fcda2dcddd2a1f7ebf12c51f7d573f5f6c96d82
32 286 0 2000 52 1 :de6ba1709d40ef749050884a3ac8908202f37fe819150d044f8485ff557e3865975f1b759824cf9deb2e4985aac9f71a68f371f3ca9b2445c0c8cfd2279047288b78bb6d687b35adf4f8dbe337d2f8c97f1d22ba6ac1652e15195d66e3315f4bbb498636c26aa24136e62922c121a2b824674f680205a6742653d9de1b8f466d8112f49dbe86a9b3666f7927955345837652e01351fbe9ce8b511098c51ce114481d482fa34d125958ac5bd663f55f0ac4315d35ff9b550c85e352800fc139c82d8a12c795f215e9041b2f25a01619a3a95cd012f0fb6c33991f89080235fd7c35d1edbf6c6467179de6540097a97c3f426830e2522707b1b8266caf4db70fc27cfcae698960ba07a39dd49a8fd392e1753b1dd8b5903cbb369193eeef2a
32 287 0 2000 51 1 :661c8fdcca71f0858717ba5a22d846369b7fe78a0e54fac4765485db00b4cf723f95ce8d15393cc51638a9349dbf525e24218ef5a8aa649de1cd123a3d2457ba929b148bc596c6dac7ab0c59ef279da64526fbc4ddbd68019e8f560d21acd1fa716ff03206f851065d97bee0227718b19a7b01b35b26aad8bbe3dcad5c48c46591ae6b72b2eb92a21a38a4179d252c13be20ced07bba41150e760970bf01d8862db8b7f4bf2b54f5c0b245b4a02d4466b5a13423ac1ac41bbc989855f56e372df7ba602165b6991bf0a1d11023dd49581225da428fba30d2c7a1cd9d43570fa9a35ed903da7ba1416bf678ddbea2733497d218d207854270432cacb69e940b2e2582478ca9bd53c388986df56858a2d01fd66828226aaadf78e7d49ed049c8
32 288 0 2000 52 1 :6fdf76da7b30e33d2fc549efed00ea6e127e07297f8b1313f30aa906f98dbe80ad8d9ef9806f94fa7fb7eb3da2d3279ee2bc12e6aa2d7f14c0b147d6078c73f4a86024980267039e51b6771c61c9fc2ac84b016422a87badbbdbffe252b3faf3f4f5d260cb0e3f30dc7ad7b981866699f5c7a392422eb2fb47ed715ebffda3c82c1e60b5f6f805c7858e4e072a474514f2dedced699340cd42649f8ca254acfdcbe9304a51a8a0bd0c290fb4a5273bf3a944f0a34d906bd0bb7eb3b226e340dcfd2067fb941e948ea3f4ce559a8c4cafa38f4781a82483ad6a3e563dbdea25224d0059a78e33c074fdf8d6550180351feeb6e3bd2c254847fc8e0378ad5f6128d7a75a28271556233a90c466f92d9eb01fa571be94db197e03450323ca1ff3f0
32 289 0 2000 51 1 :ad2a01a273c4af93219c374559bb9be3258319db4b22674bed9acc2fa0e639f1848627d12beae92fb6cd1ae565580eafb211493abf4c6dc72502ed0ea3d7c028d948ed38ab1e66efb2f3e44f207ae3626959df7cb2fc722a308a3f38feed60a5e0b11019970ae5c988940678d7c03d89f1283dbb2c7a8052f7192c237c0eafec8c35a7e10e921c703268110ed23442e5e453186d698e886c3df4535aab63feebf466b00c76e9d53fc7e65e35c1b4e4fcf1cf2a2996a923be88f05fd095142653a0d7fb4073dcf6b60fa87e6add73913b96717b2a03803526c14d67673bf24e5d2123b3c65c9ee1755dcf5e923fdaeb8d433e7dac77a24da9dc0a3a8d692a285ac5a30d152c3148a1fcc8e7fc2881428c03c4f5dd3127a71f73ca2aaafbc3e1da9e
32 290 0 2000 51 1 :c305e96ee731b6be0ba82e1a487f4195bc311c4eb17209cf5935ff42098875a7761214abdbeeb03a015827fce904823ad1d93a39fc37ee57d5b8bde5303a66c6f0f0cc414af6b1b95658bdb2320702fe16bb8fbf7a07f80f4db9b8ca4520f37a83e13e05b597c258d33584d294f681c69807ae95d5cc00b627bda33c16fa621a08d467b2e4f6b161256153eda371d764f67d9b13cd98423e4fcb1941d1b4435baa16e40738da656c7cf17f8ee04aa351cda48a3cbdad95cf5b5d6604361b9d9f2f2133038fb758c39eef4ea916cb702cc0c6d9d4e5aceebccecd65acf8a2fc5d45fcc25a9d078ed661371034dd25428760c275b625ec926ee13d8ccb17ce3acbacab4f4f10816aa607bd3e88a4e56afa9f7572fcd811e8e1f5566772847706032da7
32 291 0 2000 52 1 :a90845c20f8f3eba0686b772c947f44e7805ff55ffed5e688e54bfab4d9523de451a124474f24eaa889aceaf45ff66c9d91d76463b231f98da5dc7a5f5a9c37be2468999edcc80cc8e5fa9a6ff3d902218aa6b185bdf3eff856f3b2983a1aa69e5bae8419163fab07777e989ea5a513031e6ef03ca080365a71241b98a7840d95eb0e200f23045fccce89890df4049c11521ce1d7f8851feab0e033c3bbcf9f2defefcd3bc20f1c167dea21eaaaad457fb60845017999911661f72910cd1bb515266c4dd9b9b6fa6ba3d066a82c960c015dd04b64a6022962be74cbe7cefe212c1d13bb80ada727797502e36cc59443c739e4af31213b41e004fcd8e296b67d5af904380dfac186556a75ff19fa4d8edaaf37c11c83f9761adc18ffb59a699507128cc
32 292 0 2000 51 1 :13b162af1c42bbc340c7fb7b2a8fa3c9a992ed20f9715ed5b6a9194bb0fe90b75be7d8708aebd5c532b608a032648f5d64ecdddcfca272940681f257150d4c83d3a4e9e64cb0822686338f004f3db01239343fcd29d813b3b7687bc9ff0a060d900536fa31f6be613eac2b51851267850174a003e918db4469301f7fbc3f43b9c12cfe96fe8351e2152e271496a03124442e57a74d614b701c0f1a77d9f6e1c7ea171ef345c9f38ab1d42c5291a78fffbdf7e00f25d8c1c934b1a4163cbce6e0d4bc1dc0daafb67c609ba8388227bf7b767a871b655c59389aab8877e657b1cc954857bdecaad0ad8072d778f4d1e61ef8a404eed8e1ddb27a93e9372c2890d8db9a16fac29e9b6b5e60ed60732f8cc6ca0380c7c137ba4b652d398dc6d5be32b364d0ad
32 293 0 2000 52 1 :ace243039bc120df425207757b5398424b0b2271bf5acf6614d7b1e830a400e50485f8102fb3b7d4edb0a446c6f5227c3ea3ca8fabc8776f3058e479ad49a194267fe884eb1424d093accf1ee5ef6a4594ab04891d8d849961ca46c38b9352a9d03fb030e05a293788ebd420b0f6f13778e250b002db6574a3649829bbdec02d78043431409d58da30becbdeab197d098d8a195bbc319efda0a54b2040bb75078b1c7ce5fc6d0548653d02c21f49c68d4fdbd98eae1a9d4dcb6ef7ff8d0df217ffe1bf2e76b20e558926c80b82fa4d6c7af112bdc3ecca48424702ca90600abb9ffc71c1297a0f8d89d2fe29762621e49578a03100f97ecad58ae9046811ecefe584384d8c2bca3274b996f02799867544f8c55bf4c786d3d60d444121e18e2c27d4b23961
32 294 0 2000 52 1 :d9bd55f0633e49e126c642d22829ec00d618c4f5cefd3ba60aad5edd0f3a4526d73182ba1c71f822457f95c17a3975655fcff99d0e8d91bbaedc6b1a7d5bc5ef44de368c3d1ed04ceca542cadd3584df048581d94d8e0cca16faef8062bb6973d7a19c6699623562b84f438df0f47ec1143ec300ce1eed804fea6f88365bce4900064e9b73ad27aa2b4c4fc47a4a68f82e4d4e8ab763180bfe6b09241a0f21d48542f2710a34a2d2e20899b39d5975c32fb436e4b28b3d28ea1f1a8c5acc8c96e5254c12d739c82fe7edba7c7ae217548fcd9750613d2dc3f732643bc4b04877992d83ac34b40c834e9fbfc81774838b08ee5ea8bf720b3f28a831d5ea8753b81c64b5aec7a75a221304b7450c531f661a2fac5776d06cd439c2e53f70131017f98c8112fc7c
32 295 0 2000 51 1 :fdf67d43986b62b7df410040beef9c30c3ab189d7e5e8ebb85f730db833e8df74dc628b0705811eca86d6a6812e334bf4e93d72707b076267d708c6f0bb74cf425f9a15cb686a9592757f2883b674dc9304c88047bb3f0e446a04e1e0cf943cc893aeb79b4c2bd1dd03f0b7bf03f6282df311762f75750f5d5d465e0f41cd05757a6971a5326ad2b4f8d55da16d5b4d3820bce898c50f96ba1d65e450c5422c4c23af23153466166120b86e4a5b601a78ef1a26dd05d4d328efe389d5e84efec1c942f9394cad262b9dbc9e1bde0a3fdb5cb717b32abe1f3ffa80a4e9755f88306880620d7068142e26110b7adee24f0737344535b422cd626e9674f248ddf31f6631604510822c51bdb8d84fda2beb83db81c535aa71731500bc175fe765c240da148d40bb0aa
32 296 0 2000 52 1 :6d8121a6af76b99cd8ce00274358939e3db57af65bfa0573cc81c856841b9d69468da0c43bcbe763a1a4569b352d10e7efb9be89faf59ef02eb0cc2636e65c91494c22227d7906ae117c1e5c50f597ce67ae6e512d943ef6a780c15ca3dbd4ba8346ead939ef2563206e1d15b0eaa41345fae7eeeeab74f9199fd2433011a2b0eb93a7916f763e4800c0dc39736fe2882b130218782a9021ebcaafb69c6f44df34f81295ed93ca36372ad717e951532bd4812566616396dd7f1f3470d18840174090bdcd0f7819e8f3126065dbc3b3c59b0fd3a0dd67ac054eaaa7b1e711a8a3677e0c2a7bfe09dcbc0ccc60330eff9a2a8b5a3d3e1f55392429ceed092504ef2efef34447c582bcfda36a2cc922346d7b2d2bbc7266608c3dac12f9a48e8afaab6e361f00af43a2
32 297 0 2000 52 1 :b1174aa7b0b7b4cc218d52ffabdd581140f4cbf316f14a2b95eda270896e894bf01fd568f2f7a3140095502bcd98ed6ae208dd77f427cdabf77e201e189bf839d737d61cdc503d44bfc7a07082e57ce9f2f25eebcfe7fd653cf1897a08f944718223ec5784e8085538fc03c267c4d442c0155b2e1c438701edfd506ff71704c3946ec1cae5af291781d39761f9e291e31546bb7ec324cad6deb2dff83cbbec09c1a50336c49eb63831242a1def7782cc4c8d19ac71064754ee96445d2f43bb0de3501b364e5033b401bbd873350f946aa4d21a57c06a8066decd612c91b4900460644a51a6b3d4e8987089960e20574a0ea54c0c0f195a6a11000145a2bbe4353c7b66395491a1113c2de16fe376c9f94beaf4c6147017f7bb2be4a270f0a6a7d09460cd17ba9fb579
32 298 0 2000 52 1 :779e0223cc20ab2ab4816c714c818fa2eb1854c5fc0ee03c81a0704fb7130187f5db000402a2d65a0aaf5746a55e67b0d7a7977dd08004244787e4b6c904113735e99fc843e020fab5e0e0e6c722d802272119b683d8bc071b1ae93f959998a10d47e10b8e0e5450949ebcff887a5fb9386123844f7b4bfa22c56067eb020cc90300ec6e77c4454113c78f475c32700faaafee9120970cfda68f12a3eafd53eb660b3f2285b711670d57e3088a7d7fdeb4c3b3792ee64c95c8a8d75bb2c09a5609667a97a5b90917acaae398db37769c57037071909c770f33ff4bc690b5a99ec2f7096503d4157d502943d14fdf01ea0eeec17e94d2e376b189e1ccdb238da1f2620dc9164b7820c2eec233a439b5c7cac211e2a3e38ae1b4bf0b2ff3eec31916c0cc6979982c96f318
32 299 0 2000 52 1 :b4849cb0fe30998555731e108ad99ee7ec48bd3a2944ee51f9ecf3d4222d5c1d644bbe7a79ae1fdfdf5e5c497c4309281e4fe89b370ae5f0eb25795d76fba861c405f162a19ce9c691abd6f2b04c40e3c3e73e40bd56d3a9fb4af19267c243f3fade36a130a8890ea24a03dc3879384667e94eae3a045fb3ba56e44dd47ad3f4e9aad25cdc755217d2ec8029ed1affc22f05cef0288dc1744927703d36d14809e4a46f1d01f2ddd769e1dba74c05dc8adbc4e6d854aba0caf0b02bc0cb1a2b08c7f09c6c18af0ba902b69a7d97b5a26b4ce4b2d1cdf71342487190282587bf9ada75fb45b5de87f197d08de2a85e5bc806e18110cd9dfe1901d2ead542a6fb11cea48d100f0cd731bf8f88d813be7fbb8a594cdd47bbae898ae216092fad5bcf5ef46ac1ce8c6a9905456a
32 300 0 2000 52 1 :7a6dc53f9967f2d05f947dc54f9e5c357f466b9bafac6a9fb9a6e9a09a87c5b63a9772b7d0d95b9c4200b47716b5d1fd76c57620e8ecdb5c340ceb930859af7dca3a04c0da0c80d2d07371a05ced073474a39cac797e61611c9dac26b4c9221b3dd2f000eba27df296358f9eadd1e54e325938ae05f1fb3a3f72c041cb30ce5da5976aba09b25f98a148c654a3f2fb847d67dcb68054acf753d7fa6e3264e0799bb360a6084676e5b6db16ec4588d962d38e128b73d84f9189253762551a488c9fff3cb2aa4a0df03210292b3d3253e150ec75f87790039f0314f98d7141b2deebaaba61a31b780c27b90893daa04832002a3a519b969f9d9f92edb7efc286d0e8d5799f8dbbcfe909e65c7cd6576ac5a81455f8f0a94108dcaae6c9039e8e63259f05cba4bc96e6924c5919
