# in_len out_len m_cost t_cost time[ms] memory[kB]
# ERROR 32 1 100 255
# ERROR 32 2 100 255
# ERROR 32 3 100 255
32 4 100 255 39 1500 :b3bfba8a
32 5 100 255 38 1 :ae109449fb
32 6 100 255 37 1 :acd37adf9739
32 7 100 255 37 1 :f17b2fd7b6f9f2
32 8 100 255 37 1488 :0ff76f96c8c6e522
32 9 100 255 37 1 :79fd86ee420445fb0f
32 10 100 255 38 1 :248c1b008b7464afd1b6
32 11 100 255 37 1488 :ad9f7bb525cb6ec97e833f
32 12 100 255 37 1 :2fce99856bd4fa9b5069e359
32 13 100 255 38 1 :b704494306a2e53ecbacb88c3c
32 14 100 255 37 1 :4523062a68f8329a377729720eee
32 15 100 255 37 1488 :16fc5316e118ba392b26580e928b5b
32 16 100 255 37 1 :62c59224ebd64fd8ef5fbbb93fcc17d6
32 17 100 255 37 1 :422a191685455d87de7736bfa51d042893
32 18 100 255 37 1 :efc2cbb426a9eb367d60f4820728b65da5f4
32 19 100 255 37 1 :ed22312787adf9e78d5e140cf8c7d1a15bd830
32 20 100 255 37 1476 :e9c596d2f887d9637b541ee65a5b80d16f4db38b
32 21 100 255 37 1504 :2a0b3b689f8ab0defe4c6b4c22b3dc48cee83c93d5
32 22 100 255 38 1476 :5a7531cc4c85411e792efb371ac7c9c2c9a81750af68
32 23 100 255 37 1508 :f366c57825e858e09b29889a9244734320e59cab42a7e0
32 24 100 255 37 1 :462163ea2d84ca507845e2036505c290fdf1a1759a2ec128
32 25 100 255 37 1492 :87a0e4118fadefb3a24c491500ff217a5f21bf22daa29d60e0
32 26 100 255 37 1 :13e4e75de1d5853a4ffbb2328f80f9026ca1d3c69ab89f273fb9
32 27 100 255 37 1 :2be7c278553210296fc50982571970e85a146e061695f1a4219d5a
32 28 100 255 37 1492 :da9c4564cf6c380025c63e8065364b1adaa4e9f5262e4209d517c1f5
32 29 100 255 37 1508 :760abbe44a560ba7d0c7b02601acc9bf80f78724c632be3e67ffa1c41a
32 30 100 255 37 1 :15bb27df66ff34dbb5893d995c90629fae5b62ea5614da2a51f764292aca
32 31 100 255 37 1492 :edfecb6ae58b11853510627f5cb7407f1b864ad0f8d3f28fa11ed071dc94f3
32 32 100 255 37 1 :240879f1a9dc48692f549839a3dc845b50632317cf50eaecd3f45406d537c40d
32 33 100 255 37 1 :88c732b54435531a3a6342ae3d9860050fa52dba6c3b1dedea2d1e9c6d6a902ef2
32 34 100 255 37 1488 :10698a8ff311ddff60afec0c63be4c81e71787738603cb99eb7cbc4b48d823b168da
32 35 100 255 37 1 :dc6fa4d93f54adb3f82aa94e659c5f481edefbeae517ff0f22d2e565c4adef9db83805
32 36 100 255 38 1 :031885fb2a4caf2cef0a9d61440eb77d2c9df9a7654975ab4fd6da6b91e490ceb83a8688
32 37 100 255 38 1 :90fe38fa09f9314f9e55d529fcf070c58acc09f33400a7ba8bbe778981c5505628a278aa50
32 38 100 255 37 1 :073bbe010334fee27af63361c93d402811cd0b2f31b535d7ba54621efd1b31babffb5d5e4b76
32 39 100 255 37 1 :7c5e69abcd773fac5df11bdb2764807b4afd527f909d9c91d967d5ef75e139b49582480ae933ac
32 40 100 255 37 1 :f86be958c8245862e6e89b00a61114e555bf6c94ed52db0e7d0d10a1fecb5028af197bdfeea3c6b0
32 41 100 255 37 1 :9b0e1fbc3e1133d9bf40f9a8c205c67167021b237ac0d1a4702c2a787f4618f1c6d0b8d1f65f344f30
32 42 100 255 37 1 :b072175f619e038bd7cdddc3905b671ea4ce018ec3d7e6a663a65ecffdaf16e3b7789e003905b6a7af18
32 43 100 255 37 1 :196ae58935253b268a4fb7f08f3098213c4089c712e08f9904adca4b748a0a56844fdc54e2c562bd699dff
32 44 100 255 37 1 :3d1a9f06640f4215472f37b798d8d4c1df0c999bc841bdf22f4149af11d5fe831f8c321f17827719684df328
32 45 100 255 37 1 :920c8760be65f73ebba1e154134403f1567ac107d7daa04efd99ebe7c6ff8aab493b77f0741c826c9cab53b155
32 46 100 255 37 1 :789dbff4352381aef8b353f2ed5958f124e25e0b3d8e432384d3ae098999bc77e23111dda9de82753d0c0f1cfd3d
32 47 100 255 39 1 :798da320c1e2caab6abbc65c74ae08ad07db7539a4e1be9ec5684678a31c5dbe9a106321f023479eff9316d1c55d56
32 48 100 255 37 1 :ac0f16899e860c0bdf5930c604e63c15d14e37939177f98dc911c0975362e9a841480bcba8401e297beba445a830cd75
32 49 100 255 41 1 :3a04751d8f7ad7847af43f7da08cfde083fd108f906805640a162f0ffc1f303c361888e2b5856606db91d61baff572f2c6
32 50 100 255 38 1516 :d3d1cf52893205fbc0ed2efe36d7357a747f3e95549a2e88e87f77ef59aa36a69c66d897d7005906f3fcc1d04a2fcc4b8934
32 51 100 255 37 1 :b5df4606ca7c6492b088e9ea38acf22dbae3013e15b4cf101d2f11619536f3b68ac78aa74c48438236cb8a0629d2397b36a4c6
32 52 100 255 39 1 :35c66bd21c27d0d11e3dad30ad9841bb39e51d24b7bbd274a15c1a1921c5a9152a9543a9cc9037de262bf2bce98f7b2019dba817
32 53 100 255 37 1508 :c3e3f440e152c00016bee647d1f09f92767fec23f8e9e5ea5d0a4bc66e01727b2c4040a49b023e3251c365faa1c238f539243ee509
32 54 100 255 37 1504 :41ad93c1ab47c31b21a18ef5f6f8eb6975826253d058e6b420338ddf1c148ae72361f1f13cec5ffbfe1545bbc60919f6a7510d585826
32 55 100 255 37 1500 :46928af24bdfbb3d7e74605568d48e5a04c35ba05610364496bb6dbef34ca4471a3115f98b25dd0f8d232745234f46805b76cd64a88c6b
32 56 100 255 37 1 :ebdbf1699ba13dc4ac0ceae1b7117b02741565d67f74312d4aa00d471e39d9c6bcbc7830d63d9115248fec53c8ae25cb4c26138c30e2f705
32 57 100 255 38 1480 :939f7e219ecfbf6169f0af159b7bf099690eaf3cfb9ddb34c6fd75f5755a371b0591cbfb1f7bfe4657dd18b36fb806340bfedf84c240611029
32 58 100 255 38 1 :134657a2b1ac1c59bb2ace64c1c919e94c7802a88608735c3afaa312340691bf5f3794033d2ae3ac006cfc74eb58c9039b63431b3bac9989bc9e
32 59 100 255 37 1 :df123e14abcf17e61895b20c992e71602fe5a23a6a45e47ceb6a3d050ac763e63c40d16bc7bf331c4134c87b3a5fe814ce08a8f3fb374bf5ab02d1
32 60 100 255 38 1 :0020366b9b6e2b1fa876e8bdf54993fe9342a4b3e64fb07f1ffd398c8c2ff74c9d43c95eb3c2e6a7e0d522a07eace51e6de955765478ae266343eb5b
32 61 100 255 38 1 :b605eb96af139b17d8ac6e5ee15f478be61d053527df7f340441d948424b19111311c5cc11241c005a39524855636976b68e50f2c28be43a4d033fcd90
32 62 100 255 38 1 :edf7affb81f7d792f6c6fba1ec7bc91f8f554fb7be0bd0f87cec54ad04948e48140559c018469758083710e583ba4ff431a74bfa71f496cb68c856134e31
32 63 100 255 37 1 :bce4f5e3552fda8146908a501ae1edb62f9c9a6d070f6bf92fd39438a0ffc043dcad4927d59b86323132f5bb90ee5fb9b1b95319ac4b70138b09de46fdb139
32 64 100 255 37 1 :c851eb61daa6a461e03656ed6b89f9138752f9f04fdf43cbe229580d0de429edc8904d5054a0100f8cbc33945d22932ce162d99ace92706f452a8b6e336858c8
32 65 100 255 37 1504 :a95a8f43560297d8f981e662538bdef51925f36eef9add2f02a9e0de555a56c742d6099405e362cf86e04c4614e609ded65bd884390ef914e76720448000ec320e
32 66 100 255 37 1492 :afaecd6da70acf2e6f96d33c5db7bc762c119e75b52fcc3a0d0447e49edba348c968b7f179e5073b755fd3dbfd0e5a9ca0c81fe566990642cef1d7b69acd643d5394
32 67 100 255 37 1 :b3668900aef61058e50fdedd9a61b042b53761155cab11c77d116fed032435d23bb0075d112593de3b2a5a7c64d9a1b78a76af969bd849acb9ccd944796e2f84f82ab1
32 68 100 255 37 1 :66089d4a04cff6e86d32158fa1b858c73770eda30c3715e86aeef84aa2f4b275fc905de6ca103395c191e6c69e0c059a0d9dc468dec62cbd8b97cf62d877703c8e0dab71
32 69 100 255 37 1 :675c058faab743210864fa12438bd8f15cd01e637be3a519cd24ee3e110c963b949b41493668075a1efd3d9b38de4f9c18a533a0ae363b67b0ee7673acba40b1b63f65a60b
32 70 100 255 38 1 :4be1950cf0b47348a9a0336cd6ad887d66e83cc3f17d0fc8bfcfe3eb4bee6489b5dd4cf68c26d9c11c42b1f7cedf40551714ac3ede459adc0f596ebc6c2a3134872094963145
32 71 100 255 37 1516 :bbd4c2a74f89c7846a5e6e4603cab4b086d3cdf827a09ba3fee6c2562cdcc1dcbbd03cb52cf120b3e3990cef0a869fd46e1bd166d7c2819e7a4686dc65549e998ccfaea6526c96
32 72 100 255 37 1496 :d885bec8037c4240af0f73d6a1ed34cf38fc6c0f8fc14d0f5f6f15296ed989fa44d9a05b9ccff91965d1edc402484786c9adf557375c68da620f22984fac888014c93b7164440303
32 73 100 255 37 1 :79b6d48a0610b067bd3c5850fa4aff221fedaf0cf5da270c69ca83e911bc5979307176cb392f547e08195db4c0fc371f1f1e8687459b76c027149f940c37485fa512cdd845d3bd9a33
32 74 100 255 37 1 :8490716b2581ee08c730443cf0b042d10a0a4e72afa73a89e10e3c4b4e0b8a6a1456266bbb8a545131b1bc985716ff26f3ccaa19db015af492f4f720e028b67e3b7bdff42bb7be03ec8b
32 75 100 255 37 1492 :b0379b5d764db5aafceaf867ca27ba1797c5677b88d9e42c45ff36ba276ba50c77f2fb7657ad3294c9bf1c958efc68ffffa7d431e6a29f3f19e520edc2bca81d9ffd7361562d6309fd6879
32 76 100 255 37 1 :7fa838c79fccf0455fb5cb9ac0d672d08433ca26131e26f3733cec40d644dd3d2f72f77c06255133be180013f35d7a302821e7d48d0158e07f6d4a3afbab6bf67357f8094cf7cd657a9cf262
32 77 100 255 38 1 :2c088000486c443738d79026039d03fa3dd3be13d1c2662d98e0316e6aa55ce8bca0b0fba3ac67f57c3fd3a58b6d611351619ec676dac165f462bdf399bb48e6b3945472f25d29397fc97b37de
32 78 100 255 37 1 :a8773f56364b78e721b487206bb050bd57cff1fbdb422678e3a560e8cfa7f41ff9d46c11924325e525d16fea6c731d34c8d9e1d307bf34a7249a6d109a60df7f78c0b00c56a6a17086ee379cb1cc
32 79 100 255 37 1516 :1bfece68229ff47b6d323ba30568c81dbce8e9a3e118803d7e25a22cc0819722a1bdd576f8557a7e4a3297c8e0725dbd77c5435bfbc575fdc34921bdf8953659322e8c5651e10a0b09fc0fd3e57c74
32 80 100 255 37 1 :83c02b28a70f121ed32a3b5c9ae81a0d0252bdf37d50e6c45eb9d83bd09ed551ad595030bf6eb3199bd1bbdaf402fd50190302fa6f69f49be3c1402a9d303372c02813dc81ed597f3dd7a8d478da969e
32 81 100 255 38 1504 :99ef395e2ffa01b8726684feb6226055c51a0b9f19eac9e87f57d1a25614eccb92456ecf49641ebd9d33a98e74614683600cdfadae90a36b1d2870c409d74309d95a63403d6b0d12d6de6de8a958851d4e
32 82 100 255 38 1492 :46346f866fc28a0695d76bbc2254e208fabf8b44d04c4b18495d9d716b1c39b858b1416c84c051525c1676e1dcde90a08d9a22e2214621495bd7556a57ea68b8516643dc75cefe566935a253a7a5d74a9803
32 83 100 255 37 1476 :584b172113dcacb246ae208755446ce65cddc1143c480130d8be18cd60a5d480a7d9598e7e084f44cca4dc5366f3745d19c594ea6ab5e02d24f3692ca14c9f9e751229a30af34c5ff657bb90045e1d1caf5f00
32 84 100 255 37 1 :fefd40b521aae361122fe70e54f22242f13edad6481eebf133ab9cd9fbb48587ad9e246616a83878ea572e59ab9aa6917568cbeb754cd5f97b90293967c844d227295b8157aa6cdbcc30a45bcaaad87a39a98b00
32 85 100 255 37 1 :2227bdedd827bde630276f564c95399f775df6a259e99456d2bcb89dc9cc620f0665804cbc351402e1aad1b54eb340a3c6b83cd3d454c868f21e600e485d3f1d06799aba7090fc1ae1e20923d53f0120c21ef81724
32 86 100 255 37 1 :df1b31387ecf82eb2e2f68408dfb52ffde66f42ac3c09bd00624636382781284802aa8f72b768bafaf0632cfe9393a6ae6397782366b299eff7b18ea1bcbca22b4df01e0db97e9d4a06c069c086c58ea39fec98969e6
32 87 100 255 37 1492 :4cfd44f484b254f63977eda071b35be5b139a354fd86c6a5987dd284b3b16c550ec6256051b9fd654c83ee5582a2753eb0513de2e5d963ef73a1622381ec8f2ebc1ada80039c369db6f33d8e7e1ba88657a3fffaccda52
32 88 100 255 37 1 :171dea3c088585859fca97c5b867051212e4b72988a1600969a9d089542463eb5f44723118d8622ba75c1a3662b73a853650230795931c70db7cd48286701c6cc72d41f3293079251fd33b4e5135d278cc6746ce4fdb05ee
32 89 100 255 37 1 :b5eaf85c87f41618a8a5f1a8b5ccc8fd79b3d5528a902cf1407aa8a2f56cdf6001271699e022483dd24da09ae20f42cb99569105e77aab5dfb260deb1cd0ade14b97246838aab19156b0028ffb6b563d22382086b2679a5baf
32 90 100 255 37 1 :284cdafdfc4d84096c2b7811c4c544a6709b9751129312e99e8397aed1446160d179f7c086a3ec37011c716c1a962191db35f6f46bac704d45dd4cd414e973cbaa2303e4337dee085d402df01aa146c48aa2df1db9b908434b6d
32 91 100 255 37 1508 :c8bdce2e32ff6a3d586b7e2727935bfdd79e1f13b35b4693d066fa722b10a2db1430a2bb4e5b42ef19e58afbe356a3eb9e0f04212115cf8fbbc18fdff5356792011eb9a093074c64db65cfa7896589edce30a0818fe88957406671
32 92 100 255 37 1 :c5446377c1d9dbd84f89efe86006e766b96d183dc16449affc930e981d5a1c06edd0e876d913c638c2db677a04d4eecf9ce7ce6fcf9e1574a09b2243391302084fef6e475aae2db37dff7c2b65f1b6f7e7fc700d571539bcfe4af024
32 93 100 255 37 1 :9b81ab5cf51bbdd057de69bad8f56ae112e5e683157b7cbe5ee5032cde720caec80a16c417a91358b86be2c2503cc13a7709f76e2f333672fda7989a2964bbc41c96844f2b291edbaf29132a78a9d146a08e5b92f37ccd15d1e86d9d8b
32 94 100 255 37 1 :1ba0006eb053d21c25db66e7a5659eb4943e85a4a600c8686220609bfc827a3c5c6aedbd54e72d00de7a59fae63bce8a972fc48607ee79c5b6d016b9b5903855d76fb2d2e3ff007892f096b155b37d6ed8c0ca2b7757a8b4749460d3d749
32 95 100 255 37 1 :96d2c869e7d6559d118c4e2b2faa070ccf8e34f8daf52b2669e2bc11b2a68cc7febf4e421d421d7057f3456f78b8baff3f9196044556a7108360345333df3cda04a30429a083392da36d598e6e2f7201903856b9e504ad360f9c6a6304ea3b
32 96 100 255 37 1 :63efcd7429956cf10a75b5c09f6df16b5ddf879322c25f83ceef3fd87fbfeb9fb5adfcff3fbbe5f822f4c4d4a2e8e44ce8eec242652e625c390ee5fdd089cb9bd64afa9f41ae1252bf2f25971470c165f5859a37cce146422f39675fbaa3f589
32 97 100 255 37 1 :0a67415ed80d7f06340f29a20299aeab01953233dd743b348202d79638912e7ed219933ffa71d2359343b7b91838677c50d60ab377730781995f684d27a81a80c03f50f9baef4034f7e1f00d51926f3d83eb464311931037666b60b1018aed4e7f
32 98 100 255 47 1 :6cac9550c66bc1d2fea98ec3c151c436b469c4ab3d10f5c7636c27be78da33b46c267ce8d65ae065aff7fd60d532bfca914e2f87a6e59704173b57e8374456c1136451447cd1298bd49f0678307409a5ff8da3ac6ccdeb1df689b06a35a7c4f72807
32 99 100 255 37 1 :1f80516b0c10c2c90749ff5e47524d22fe5040fe9dc5789245f1367dfd992743207fe88dd41af3f395a5049b30ca990c03d24149910c64073025fdaa6ec1c6c90830163e798f3ce2eae19fa21778c548c4118d6faa04c974c71bc2c5d3b6a0b99723bc
32 100 100 255 37 1 :25bde7d54f10e62c50dbcffc4c4511ffe166a9b60afc918d4798948b8dac0f9daf52d0313e6279f10cc22d3a47dca8ded5e50fe3dd369aac2a7c897d5128463e441d111a6c83967a6b9bad27369bde0fae7db429717697563d40d3a9a0bab759ba46f479
32 101 100 255 37 1 :438a7f60bc9c60c1e05982c73c070666159e69a5a6ca168311cfd059c4f011f0d628fbb33160ecf47a50645766a3928f731116cadcac7bd628e723193b428a96e032a185ce4b795f2d587eb507221e8f1b2de23b42290a3e5e9ad8bf16414b727cee91272b
32 102 100 255 37 1 :25431006b3c9a751b0ba676ee1571043418542737a3171c7340dc5c81203ae82b96e39cd37ac91ef54eeb746872521bc531051c1c906e9984d136b7f29f6c7f014db3889d7653fab9433d126dc646202ec019e90659abe6a264b69ff15a918916c10c601b7e3
32 103 100 255 37 1516 :7a21eff79cc2730c1cd603163267b8edb44dfc4f910b44afdf86f3bf4eda1c3f7d1d61619683c619ad60cbe9f8cf7dbe7277f3276414e94a4cdb6113b4a4ac3ba3db765d56a04fb03425d24ee46961672486c0c98e690ec8387295ef673b6bb773b2efefbe5561
32 104 100 255 37 1 :a02a44c115ec46b0ad4f03bca3d934c4e9b07c6343deea9c223503c3204aedaf93a50240aaac1b3ab15d94d60ed7f60ba78b1828b419cffbe47706f7bff2d25060bfa20e71cad5a04fb7cc1a43398b1f0ed39d3ff7b990d6b952b412941d763fedbc5518711853fa
32 105 100 255 37 1 :81fccf99c7fc4c8acace524b77eb01b647676334be128926aa5bf68ceb3a4de101e5273feaca47fc43c75ce1c981a805d2992bb18c5c83385a59e52de0f9e99893ef903d7ace13a3eccaac5591484d542863491c7ea7d9dd60c7b465c44fea38ebdc8514ed5e2e4131
32 106 100 255 38 1 :d862baac54b58618cd54be488e59226b4abf46a97a9925a99e3f552206a0dd39617116467e2c2dee637a99fd272d05147c00581e6038341a8037e1e4614f7eaf279b45d489c80c641b501af21f81d347a4cc8bf68025adf8a3d821b04999bd8d1bb099f422f9cf95da43
32 107 100 255 37 1476 :c748dca82556283aea506edf679da9faa7e0e910a76f94b4355c792129312f1c94fcce5155914eb761c7097a138151f69daf629454ed337ea097f8decd419b8befaeebb212b719e710cb3d7fae65f36fe0928f5da6fb2b944d9f7380019aa13e10ef747e75ca7b449dd5b3
32 108 100 255 37 1 :fb038ff8cc843b10b9d3be2ac622dcbc8dffc253f9ee531f9956f5b2ae8eb345fd639ded3ae062f92e18428a83b920649607e49a2d0cb7d5bfb283ca839324bd0093e2b8b26877f4dc6cd6aef9af50de41fbc560a1747ff8e53304356d9398f3cd8151cd87dbc9c8c656b08a
32 109 100 255 37 1520 :e3d705ec6617e681ed10ad0977ac5f6caf2d76ea16918eca6618b5c12dc8a6f933bd219f43adb68b2a97919c325b7f7fe8b16853c99bc38aa7ff1546dcbb84339ca240a97773a796252f344406394e8c93af7e98d3d997a402cc071cccf42ee7d2ffeb2b8e803ceea0ea8fc87a
32 110 100 255 37 1508 :e67cc5da9bfb120386c1d450779f1e15c58b708af14766b982893b201d8a4b17dd051ed7562ca88bd9cb4cb622686d79c11c2b988911162c01f9846c50de712121fc8204a01a594cff3cd2b5fa8e63ac1c754339036b53146253c45de984d8f1b7952054ff47eba7dfc2984f4aa5
32 111 100 255 37 1 :4261fb2eb65cceeb00ede7a1a722947377e7c28b65b34ba94fa168334671b4c29aea6f73676e26b2db27180d7bc395ba078f737b90cc81b8755a36eaf7841169dc04a9f7ad1fca4526b45f9cc39e59106265cbf4828a2380584b6a74c5849449bb12dc2ea020143e83af6194c4480c
32 112 100 255 37 1 :25af6627b3dcf56baa2594855af5382fcfa4cf867ec8e5ed5b7907df6635301f6a73dcb55563571f8ffdbe95d1fc5169f4f3f2e47c6e79bc7633a65c907e12399618d45567e92994a7b9b380ccd3c8bc848d8a1bccb1f0401735f04afa62e9b38020b097f31f86b5a20a4f6a83e7ee0a
32 113 100 255 37 1516 :92ae5cc52067fbb98a5a958e862dab5c0941000cb25b520556b9059f559e0217bd7ff9dacd50d573dd2efdf5c302428c96174eeb73d173cf0029ef7d85a1f1a53ad1fdc4704a4efc7ffedb695975bb93e9a9a1ee8c6a254fb7904cd9fa6b30edbe1fdfe1dfe1078988582adb87e2cd744f
32 114 100 255 37 1 :99be8f220d269da9fc3895addf6d57499a0ba045be2be95f6dad56fec82102b27a4f08151f239de1b5e5add051a4d6c2c98924ac380ee289e8e896b8de5fd4e5d9407d632f3d944ac1e0d96fcd7d2c795a5740ee3f5ab26e455c39abb4a27a8927d2da5090f61edb9396a7837eb54dba7557
32 115 100 255 37 1 :37d9703a98a2a9b22202100e5c8706a4298332a0048df7ea1b77ed277f41d40aabd3fba3d5bf25bba2aa173235b3836068f46b097dc8bba294b197dd5606e6f74ed325fce92f43f1ac8c45e38651d8ca177fdf93b066741fffa29ac401c1568e106ff6b57528c18e321c1f63a9824bde6f00a2
32 116 100 255 37 1 :08b8207236261b4fc31584b2a6f4ad41669b909799a02f7f61485f607dc9a3133eaefa15b5c1ef620caf8811ac4de24f9c5db9556612d872ea48fb0bef236613b22a26cf23647cc05e2811080789d376ada046ed50ff30dcae9fd923a3d7cc93c0ce373985d403a14e403bd09b549a149fb23cac
32 117 100 255 37 1 :d15458f83eae4584904974a87ddfc717954e100e1ee4f49940bc350cb29452df484256458c3baea324b184a99b1b0ef6d3ade944fa0c77e8d4a10993dc492d74597f51c04c03c9c8329439e091a359f2d494705ddbaa4ff5042e7ab599e4daa2f4604590afc34b8db7a118ac8f1b31bb3377e7ebe9
32 118 100 255 37 1 :4b9059a7cfb9a5edee76afd2a05b759ac4b59f9207518c45a3f8c4552c21bec83cce3deff7915b5b3db4938a9c27392f5f8ab1b6a28005d4ecf633fc924d45bf2675f674e67494d38e241e0a1396862337c1b47d238d8844850bf7c9f2a1ab282f7b2d0a6aa77d18cb8fb7b02f81efb06d812fedcc08
32 119 100 255 38 1 :bc83ddcdc0468bce5a485a27433fce28e0eeec845301fb8433a4cad935f671ce087c03f8a093cbb93c65d95837a3f4283d849209351f426a95ca5367a18105c81c55b5a48c0ae3a267dda9943886a0f8c6aab22835cb279200b6b15205c905647e7c68c7a618523a9e0bbcb9cc28583281ba5196ca05fb
32 120 100 255 37 1 :7eee20ba0132c2274ba028667bebd6dca3275a91491a4d500b0ac6563246d804f0c9b033451fabc13a654e932dd6e04ec95d89a80d456e91e314355da3cae47d1900c24ac1727daf6a5da4391c7c3b2826adb14a025e6941939a84bb201298b9f7e08d5330e5f18e526acc9ea94eb417c0b282cad411415d
32 121 100 255 39 1 :4cffeb967563df26965a304a45574bd69cd1ae5b722ff0c3b944b87131fe0365edbc0b69c5d65167a3b89416cc9a1a0618c5f3cf12f4b411844e2310bf7ea274e2084f42072c5750c44cc5719e50cd1d71bdcb644b5ce12aba4ee1f68dbcd9c2627a76c327c93b794a95751f5958f20dda52f9ef13a42177bf
32 122 100 255 37 1504 :b7e49a563e27bea3743517ebd805a80ed5a29efa5bf5ccff1f9e4b35d643b50c8e2709c31f1cf065c32de4333291959c9215474b1671a996a7fe64c42d842a45c953527b849530bfa057545395bf5deddb8b32895a1213b5f11cefc3faab13f42f8e97bf37cdb88153c85521c34548246e91f3e50f382efb15a0
32 123 100 255 37 1 :446dd5ebad5b7dfb3847dbdbdd794f80a95ee435bd2c971ce79924dbdf7bf1d1e362616b5753ded6a4b388d0ff0ce084e8900246b6cd3d28c2929c440b2b9154410167285cff969957b56b31794671a6a5a267dcf78b3b38c0a025c4af12906b70575cea33889ea4853eaa1a5540e56d6b9c28bc2719ec2b29e346
32 124 100 255 37 1488 :5316a9085832302832425e692b6697aff34185d6913066572c12ba707d16307951a6bfe824d9a38a83d9882aab6438a99650c251d56c97afd415169a32eda0a3da775b1e22704c7926c93c1e58d6d654020caca03c5c69a7296f3d0aa7fd009e51b050197613e2cb21d9d4f32f3f02dd616dae1f64918476bf515fd1
32 125 100 255 37 1 :80ec662024348e24c6a1a2418c573fdad2bfb262124823b4eeb2e621a250536425454b0cb15a0edeb9d4eac5d76089a30e5ede0c0993d2572a70e9700081edd7f009e59043d49e6251c24aec9dbb8b95aa0594ac84d195bc872cd4a07d17caf5ddb94914f891061dac1c8fd444417dd5b105e9a5b139ceb483d051f198
32 126 100 255 37 1 :a5769a3d327f7813004447af7dabc96ae1183b8350e24b54bfd860fed49f2d6d43157bfbe0f1caf696df530a65d4efc5a3bf25069b744eeb032e79d0d36858968cafa453fcbe1e50c894e0808976c981f82b9faebc0cb4d685f681a2b3e07adbdc1fa7961516388bae89cc60ae79a6cde268bdd88906210f168efe46ab2f
32 127 100 255 38 1 :c7ffe1c94488d4d5ca0101a6e905e2a82f3c8c6d61bc55ef975e34350a04728a0c75c1e08c326a81178098914cdbfbee9c703adb7dc0600dd6f35f803b665b9f4e5c4d3aaf0cf5d6eef857ea6a334f7c55f392cc09e2bb4a1d32f1d5f714a5b415a3a751ffc2877853bcb96db56609e85236868aae98f2084b58f592b131ea
32 128 100 255 37 1 :be2e50267763f011024cdac6754348b6b86c1f7b5946ec433d6a5622a7adc3098e953d6bd320a523ae05f0418f2825c5f73daf59814b2517c684f404519113dee603568843b799289d657516a850d65b23202eb4cf0f2b4dc6fcf668a2f4affdea990fcfd81e0cc39257833cd6a2545b34fecee187cf955d4fd657fb71732e47
32 129 100 255 38 1492 :122661fc24eac95e5dd5d69c427d3555527ebf4854d6cb4ea3981662284fd6026b00f4fb4593d3627718e0ef57622be906fbab63504ea6e379b33b656a15041e6cb8ea7b6c1b45fea1385e4d9369546158c078217e377fd0d7874d4812c352d53cea40ba7553ec2f58ad68898de49405b1a5448e3e0d631fc3681908b64bbc6147
32 130 100 255 37 1448 :914119ca0cfebfd2bb63086f85d90019bee7974e3600dab38ed96f03312a97fea20c309d328aa48fab6efb395c46ad3f524ffe5a13b65ef0fe51249f6e6a029960ce0c20bff9d950b7c684d3902b0f32d8dbe9465fd2e1fb3de5ee66b3191d80f878aa9a48c38339866d7c0d8dd1b94da210d2621bd74ed9d5419fe3d6b42e2e5f77
32 131 100 255 37 1 :7d5345d823701d9414f292b3b6edc52592f0ba229631be9fa277dfe8efcd3a3ed88ecf9a20974c067a58cfa2903ef965c6ab3b10c64739f73b7d55903d9bfb560fd2d8236de2f5b5ca56e6e212ff12e078f59dea6f7c72ceffc5463283f771ebc57d8ae876bcbb212b4d9fd32197cd49ff326a27c2c81a970bfcbd4d196f65c356b289
32 132 100 255 37 1 :fea2b1ce8b2e9a3e089cae2bd4f3939c633a74d77e817f461c9b11c1625b996966177c00f5c9e41951c6a6af93279aa1b967db8580789a18cc278e8abc737dc1c66d0e6907cb56129de57bfb1ebb5604106424737c5e67b18bfc028b28b9b89d14659a0890d70cc73235b2811d30886f1308188704e9c3c8a371c91e5c7e5a36d1efca24
32 133 100 255 46 1 :1ffe4567c78bf84eb9a7de3bf607a4f3d33a7f1e131cd00c01b683e04efeb87048f497005d1b6c40ab43e282068a4ffc67337d9ab2fa242d749732d34d8c36ab2e00a933a111109aca726fde64a414f30f6b2c3e9fd124ebc0b4a7c51f2e2a4cdeed82d2a16db16c0be91dd4be03e287b5895c933abbeaf9396f597a2afa731e754e12ef3a
32 134 100 255 50 1 :613bd70c619936fe4db873726066723243bed10a546903379c0c3881687f3c3a57104df3f5a0b31a0066b14d179b20c0245f87126f23bc1d0c85e4d458d227a560b413ffe486b363f26c5bed7267aa51ba2d5d8afcfe76f91bb4d344d0f34edb6791f88bf96bcd3cefa3f2086b9e27d8d19d1e0c22a0b5a44e8b40dde2d7dc448e3d4db1fdb5
32 135 100 255 50 1452 :4d3ca355ac468a1ce2c68352f25e024e344b59de043a875e7d3b72475fdfb7fb66c34e4d4c4704a7edd6a9eb8e9d00b996f97538a9b55e9a6bcca53e06a1a1439e7edf639446ed7dfc919a43dded5a78943e6896f61465be02be293c6cbf31c4becd11a0d0a0981ef5138bc7997afea3c7cf98b7bbd13bf89a89392b156986e1c03933be6e1884
32 136 100 255 51 1 :ed9a4a23e715c841489372995d69e4410865610d7df61184f66feae769b2c5cf78ce86a57d7c25734ab1c3c7a9dc662785380ff81d6e539c1021f4c1da71c4c041a9af1b0355aab68da4ef946f90b57567f1c1a0e629010931b998955758cc82b09c736eefae514c9f33fd2636a634a48d6dd9d01b2db7cfd955e57fee263006fa44ff20708d2dc0
32 137 100 255 50 1 :f53bcdc8ffbeabe83edf607d568411ecc6b3ee264afefd337c2f8e0e142d772f12b8cc547dcae88e4816febc2bbfb8a12f146d93082b82778686a5e3b2afc99fbb8af5a023319206a17c38a846434b9c25cb251c5e9cbeadd46dbb10d51952c53bf69c9c45f8772d314ecfc1d906e3ac3e8a922cc23b6d99a8883746f04a202a09f9696c286b5d0747
32 138 100 255 41 1 :132484042d2d413ea02cfbe67e761fcf88e72350e4f5b6474bc17f89b730120c806a59860a252e829669654cd76fceaa619de8fcd3329d5b4be904ad174371a04f6f8083729949cfbb98333bf357d6ba1fb6c21d38106fda488bba71e79f84ada31a0208d8a6601b9d6705c0585f7ad2fa3da775266dbf3fc456fa8b20fd138e57aba6366fe9f15b845b
32 139 100 255 38 1 :8793c39c372f99b24152019f80ccf6991f1b1abffb26e4d7fdeb74f5dbf47bf9a084742b50b1a485d144f44ad2b266af60f482fc8a8e9cbf1e49e69262eef3b5f1371a88172c88f3b4fc96ccef79033f3ca0e461d50b4af31fbf804b3e8f012b3ce8fd9fdd530426e95cf562310fc6d9ec3cc7c4327dcc0d3801a2cad1106d99b40f4346883f60aeabfc3d
32 140 100 255 37 1 :86a6f04329b15147b823c5371b18dc93aa260f3e1ef14f91e7f3239183a3e0bbfced2a3af2463385a75cd41627f0ca271633377b3f4ff07e73befd4f999d49f352f479cd5be19853257447fde13f5274a4d648894b47a150a74b1e81feb79719a20743addcb2bfbe0b61fc22a041c9d29aece8bf05afaa06007b199e1820748f99c102e06840035cd1481d7d
32 141 100 255 37 1 :3da577d19ac8cf92d52419046f370cf6c0cf228ebcdf7f6f4f12bf18a0212d8e5273cb13b09a3b8ca8c0eebb441b1d0336dc05247996da6b4fb494ac0b59bca2c0ae23597526c774ff92e7fe3ffc54c758f6e9208924c9b0d6d60a8e0cce1c9e4844a3b1595759500568aa5a3d1d8c820619ce24aeea0a6e634f73d25e8ab9ef174c85cf4afe01ad7eedff88a1
32 142 100 255 37 1 :96d6aa445b61ae74d4db8e90ddcd101b0b56a44d4a4e006dd07a266054da20d78ee58b2287f89d8b5ac2a498e5afde9de8556e3021c36fc2d0aa763a4de6d2bda9ac77a08075e1714d040a2a3670cc7bc728306fd125498fa01a75b9eb88c500d44cead3c37a1d6efb0d31aaa57c4e821a40a33defc378f176b41af859d1f083280dfd02c451f6ee190cdf25d5cc
32 143 100 255 38 1 :228bb70b731dc000a362e2c60a5ff69c64f8badeec996c90ebcbb3f85997dca8152ada831d711f5e8ac735d5a25e9a0cb1811162a68307b31f6e254d5dd4563122509a43c3abd396b10bfde0b27ecb8234ae486c288e8d2d522026f4b576702aa214950dbc500be42d759fd277b064ca70fa649255970b018e2e3b3686c405067ebc3ebb43c071b98790a8452bf0bd
32 144 100 255 37 1492 :8b6f9c1d92b139de9538d67522e2412d09e127867b216a6d87bf195cac84052b3b2ea8e61490f50808ccf31eadd4d842c777fbd257eb9d9b56268be9e5c1cff08974034d0a568bd1d4d8a74da0701ed55dd84f65661b75f82bbdd29b1920b98b602bc10477ceac2d59af77d49fd5500261b744827ad10a8b93bf29c41c7969a5152fb25f68c4c7e130cb4becaf571131
32 145 100 255 37 1476 :095b680edb1af3a91c8f25ceb0631d73be8bea7d75aa780f09a903208e0a17256b6f1ba34b228c784efda46291c2defbcaa52c22e46f9b154d8ca7c3872143688c59c8f4fa3853069b97825e8453d2fda947a572ed95efd14e45eba3799a66df9497dc9d7869415644213c7679325d9ab993fabafe5a333aaa6482d12895a24b79e80583e82cb200619dc843a4ce8de65e
32 146 100 255 37 1 :e2a58f92caaa14806c137f83a18e21ad690834a55d4e21583a79dd3d4908c3f4e0714ca8daa16c91c6cb699a09116bff9a8cc74af14d37e161973a53321dd65be46f8a22432f29af7bf36fc3b5931324b17154ac3209ceff0bda47605bf2171e034ba0f0ccaea3e4f0335b328e8a4ab3d04aa9a1c2ab8144e11c17261e8f63080d9ace048484c4dadaf8dc833c3e0ddec2ff
32 147 100 255 37 1 :ae312a5ae3308d1a9bc2e5be624df6baa343369818917d5620d6d934007c2c8df5f2c98320094771b0d83ef38d8bd366b444866a6b8df446db708d9cee9a477fdfa84c14dedc2e516717f23ec0bd96c5b1393dddb7e6dd213fdeb353566b66f5d4498c8a9172d63e7674266662f4e97d5f103d534741f2b3c74c7168754b2e2b947a7f64d55483c1cabf492b57753890ced4a3
32 148 100 255 37 1492 :54404a1bb97bae42842d96b747cbb37500bf1db627d321a7f2da74a18c2f69ddd2e444d4f4865c09cb63853579cb1903e6bb40e14500932f48ba983fc928543f20dd332edcfd9698dfb477b452014a328b644a9725354153777ccf8670fa4ebf4353089bf355d47ecbf88191857639fd6c1c7f588541c0b779e50fc9d5fef81f3e4050cf2684eabe080a3e4016ade74ee8806c28
32 149 100 255 43 1 :d0bebc45537ed89c43345534356ebe9e45729db768b3186e5c348d7f030ed46d9c30220c0685f7d9ed214e888a43f97c6fbd3dbd4d04aaf81ddc2bfe8a2ceeb7b00e0fe19c556db766f77f682708f7be07d230fe0d3fdc90f349c4a0ee2a95fa5f13f5a212ee843f718a31608e1205bee9bdaf0be1bed836f59187d72f7f520633834d5d4fcd07580710eff75e3986f317e75a2805
32 150 100 255 38 1504 :88ad53c4c82b29245f85a9c1d51dedd4a5ccaa01347256f043e575cc0c21fa502f3a8a1f3d8f2fd08fad55aa9ec625904db10afb324b7c5c0439734f4798474b7488d7ade8cacb2535c7a9edfe347de5f0a5ce9b7f3d378e68e7c05f8766c82f1dc99b837fe94441d949359d655925162fc6dcbecdef0d4e92d2588792b0c5c7d824004091a379f24a2c749f43bf15808710e4a1675e
32 151 100 255 37 1 :c15a8110753a740370b6fe48b2dbf638528964071536ce833ed5d60f17c0eee6015a4ce363b5d160c878d740996e0e09ceb234d2805bee0a0347eee6a239e79d88a375181e9fe17c09d1888cc6a8cf1da9d67bcdb9cc543b7c99311f4abe7b14979435281a470567d15f567cf8ae2310499f6c2e942e9091579c1abcfc3771d39641ca49e679c93d86755482d494a74eaf9efd6f1c28b0
32 152 100 255 37 1 :9e095120770cf1f4ce719d0e9abc7c3070b6f40ea1a3119e05135036ba8ff4cad0507086ea31b49607151845e8ee9b09b09df4ef6df28417106aecb79973921c5a75d8354bf05a16836abb67ab119027f9d509a3db359305a06eac734101bcc1b0257be593d197d710a9a1546fc48d0d2359848e308de12e5b19cbfd0ce9da97e6cf0abc017e3c99990e73e523af956c11351fd996a285c0
32 153 100 255 37 1 :613903bba0298f463baac8e5e0028b8ee775cef9a2d45f109924b64381f23100d8681821eaa7c8c1519e764597ae392a392caa963ec786620787e40e7ed842e6f5a02be082fd528dbeb0f3c1990dd07e8db05fc727ebb764a246dfce931e3f2e9cf0ccb6316a5027ddec43e57e044186d98c2041b49cf49ce540227bfe5e4af5b615246d1da1c8b1de5a2b3bdfd19df5595d5bd59de30ba9a4
32 154 100 255 38 1 :a19c669f333c90f0d09a67c84ab059b8032ed65fe669d46c15eaf6bde27635bc468d75af7ded0b2e9bceb53c474e87f07bb701443ef53dee43d51af1811f474d0b7ecc685991f1a70487c2b2f9b3a0773b49c0ab044b4fe0af5a6054cd154f6aa79eb2a7006f98400d88ff774a6a20eb6003aab9d5357ae2ab9ade51444bb0d4a25861ef349f241891b92d4ddf0e28bee35087eaca2589f2a060
32 155 100 255 37 1 :197da579c188a42ede07415156ade51233e9745b7e3fc1e17205d29ef3ea22a23cce57b6ee786bd64e25a9f5606faa5c2a861177cf17e056668a22c01740cb6dd34bf38f0a293a3b6e69c8ff431e7e9e81f119a194198e1e5c5e5647cf22753b60f1ea0cef4f9c57d8ef1493010ddfebfe3f0a0c3fb63112aeb6bb4ba86b4865261cfe18993220d4e5984cf44eb9caabf0ba7b4ec738666f96a74a
32 156 100 255 38 1 :4b4d9082a7c721e00f3a94efef2f11af4f35806fc7c9f7ba5888b4b5bd1281d89829b4b084c59bb6373b044c3074cc01e90197f95b70f0446ce21dfb22ecc8713f536aff6490ffd7c588dcae84272d606b62231035b2a77f7054ca253815ace65bfb305cbefe0daaff34dea7cac80bd43b785886137640169a63c3a399e440155a7eb428d37615f4a00e333dbbac8a7cde3b4cbd420161f7643c2527
32 157 100 255 38 1 :235548f74cbb41a7a32a82aed4073540a2e32df90b6532a953b63276d23d3afbcfc4b4753828fd93965ecf5a3aa312180896e2efda3d355b9bbc8f82fed172e78d2fbf4349553337487918a58bcfef7d3c671b77a92d4ace2e3ce934a03e0535071c569aff94c6b77e4b34c91d3ca5d17b9d88db6ffc2a9a1677791da6c00fcc82faf43a8f50df4e64060ac0462bbc6cae841d3f11ae66627539d8ce0e
32 158 100 255 37 1 :cca404979ba7de20322bdfa58fe6ca705e6dac6bacdb70ad66305ea1d101ccc1cd74649d38a113c86606e8c23d3ab9264090ecc2b91309653a64820091c4a2297e10902f9db6d755e031e4070a731a056bc11aaa458e4d8955a9424451874b88da8409ad20040a73ad82e799361ba767fc36476955dd4c7dfc7220a35982fdcddcb2e6dcc9b8cf74a0304687ec777d5fff06c392544332ff7d0ab2d61d00
32 159 100 255 37 1 :e2afbf35c1b21699523f04914eb9a4d2adf8fb0575d36e77b2e9aecb13e7d3a519571888cdea461c8240402c1f1db63a6d41b5f775c5693cd4cb4c9ba080ffaf61d54bc0457a2b01337f2d4ca50eed4f12175fe2e2a3bbca4717bc89550937de4635e7754e039f0cb9a61a26944cb3eb3e953251cd01dd89b45ce0db28266a9ac2083af6218bfcf8937c1d2efef3bb33e37389ee41da729de48e2f961c73b3
32 160 100 255 38 1492 :296b264ed08bea0d7700331973421bd130a767c9a009b54ece15390834d3d9cd13d3292a2e5162e2b1d83cee2431afc8c09ec5bca389c5f204f6b551b6c1d31ab7c44aefece2fbaf608b4c6ba3f5dfe1e336865e24aff8cdcc3d6b81d4b97cc04fbd253cd35fe0b6dd5cdb7dad87e6ef9bcc7bb67471ee88e5a5b9e9a1b5a5e6fdf34537b12862972c5cdab50c21ccbbd509a0a207253b5dc9ef2c282354e564
32 161 100 255 37 1 :010f53921b609e09314570e0ea17b3fe1ccbcbbef5230b83095b84affa5783d6d7e28564595e542529f2dcac3acb2fee090b9014c18c765ad0d53b80162adbd07ebd1042d96d54e3cec7e143b62aaeb8205647b83665199d24a37d77ed33b27f8f5cc8071fa66f4f7b11637858660807b61f90094ac19fac3bbd37b494c3003b2d996cb69ed2be500c6c88b388c317ab95c84c5eee012e4ce94def67443f79171a
32 162 100 255 37 1476 :ee50bb8300a633ced7a0f7304d9fe7f33a322d5eea9e1d5ca0ea096bb3092974c2b5e846c95c62b8c5dbc0422fe8c882140f6fffcc9d94f28660c81a4d2a76fd9a2708a5b4949e4c3c2d2af5365347d9b8366aa2ab5ee1e73167b340ab5c781782f6b793120f4d8226bda429f66bcd6df9f37198789e2b25e69bba841d4449b8b938a2d63307e235fe03c888ab60d2848923ba6882cdae4b4899b598badf4d301257
32 163 100 255 38 1 :e45c677b08b5f871fe2e581cf609c9b4443207726aa3a0e2cdb611966a49ee0446705f78e7646f4946d74040df09ad4ec25f2a7ed8465381a0de7519398a507568ade06bb602757e0f0b386ad5b50d82d5aa554f9b40a1257b72dc2a217f336da379a8cf3aef3274ae225cd90fd031baa294015cd0e2c57d2e847943930e2fb4828c276f7c52511c1ac7f2c37e329733ae6b1d2aa629b4cc8df589783375aac0b26a85
32 164 100 255 37 1 :70bb3c8fe0748dd89c9878f56be756ff74c48cb01b4c175f7ae9e4c33b1fd1368b320bd52925adef7db6d119c0e55a2e6ba62aef82495038428f197c5bb1f2fc9912606354707bb0579340a384b9b01f8b0420662ce6e45b5f4bb87551aa49321376a9d625efcf4a8ceb869eba7a9b6c2bdd9afc7d0653bba9119c615375fd68044989427e57afbf0a35d933c3fd85547509bec97c8ddd3463d71dead16c82ae66c3d0c9
32 165 100 255 37 1 :29eecb2ddc988a99f63463cadc6b1e96d96c7968fbbcd6203147ed8686b984599b02664a7b7d66bddce36a4d62eb350ed7af78d1cd0c6c1f9f380f5e64670740a6addf957259da4efbda06f727da435e9261b7096533d19c3d5608b4c5bc5b9a9d0aafb79ccce80a8502c4a0c907524e97efe952f1aa570039662314f520d01f828bc2084b3bc2e37c6d8cab46095d10652c6daa1e40e283bab9d4d0edcf3e073ca72a6654
32 166 100 255 37 1 :0c17e445617253a5747083f7bdc56f178befb7d6c4da8f04cb060941f80e73008cc8a6e58e63f57411fd230750332ab2fbc749b836521ec5ebdef4572bf619bb5e1be3104c5f0cfe2b2ae0d3295f0997e2e46dfd330f78353591e3b95f62b2d77dc59a77bf217b7dd428e8865e6e1b72a01f54f372de29ccb5e331d6c5b95b122d39f78293db09c72b9aa0d896121092a7f159dddb2da0c2fdbd3047f6f823455c8c2adf0944
32 167 100 255 37 1496 :533842f230fef74620a1cda0dd4555235cdb08086ef212d7c121b1112903ae048098469089da3e9586a892bde45c162b1b1cb2662fc5070c5b38e1eaf5257cee2958af2cd069c8e81bfcdba7c857a7de758b1933442dc2a56822c95b65c05b4e13e672597b4de0b612255bf2d736cec64c8f5bc90e089320543783c42158fde5f955d958d311b89ea6c4e637898c8d94aa443d01fe8d2376fb515f23242b7b9381ff37c4399e17
32 168 100 255 37 1 :9a6b749d89bbbe0efa9ea16a8ba9db7636ddd9b4d5f365d8f9a605954048ec59882131484e18b5028cd8cdd8f34cf73ce29a8f400f290ba27aedb5c75436fbca229c7d060a1773c3438c1cdf2f1c96e12c7d7b9d727796b676d3366a78744f72fd734e37badd0b13929456fd724ed7744609308e1fadc730261c209610bb1ef1a68cf57ffe55b2b26ebe7c3ba3fd1e5fc152c29f80fde49fdfa604000bcf3e94b8fd2819df5b11ce
32 169 100 255 38 1508 :b16aae9b28a0660e9a0f4097629d0b2a11972eb28c5b312ddf2d78241732c424d07db986fdc9148059dae6d8276426891920e254e69d0734f3b77077bcf4035e9849f762c6c4b29fb3ba397007a71f663fd708dee605e40e17b96655240505e0f58a05b7971f6df7442607aa55db0a346f298137de86150854d95db79de913822ba90fa2f8914b8de8d579cb8ac0b1d2dd84678072437f968a4559fe3802fb6a211af23733857ded64
32 170 100 255 37 1520 :bdd6a2e9315a12f6232e34a18f063ff42a446dd5b0e6bc64529784465b412857f69ab20f7bdd12ff9b98dbc5d4b758bbe9af46526be1cef4a9506e49374ab6ede4defed3685d018abff755586609699b5e3559ea78e86e01f393289b1301e3cbc2ff2ecf8b05d8d722eac9c926f6ad5cfd2ba91b3b3fa20f8ff322548a58c3ab9632d44ae4901d6151af3b7309071ed4ab2c8bc63ec99185737396f0f708734ed28e4f4c48f2a1385419
32 171 100 255 50 1504 :709afc36b0affa093d30d85b0e0f01ce6b9090ead08170a60a0900fc43ef05c92a215d6aa37c7766869d79c7e24cab9af84088bddcf99c79d866f8e9412832c13cfd6ebfc4deb5a2a6372bc6f86136c7120fbf16a9327c10bcc03e0b4eb1523988a42ea330c60c723ed4c1cf795c0fae812f871e180096461bdbc27911d31afe62b014585eaddd4c5b23521426336ef095b0fd72e1e0287f9b757d53b0c7e58ece34e87213ba02014c570c
32 172 100 255 47 1476 :7facb737b5d2aa283b184e4b7ea95e5201d79ef7d8bc76c78d525040a55f56005219c745db86dfe71c82a653bae0c4bf1291a099001a376893203434cb333d7f55d35d26ddd88f2b6ed75d4b4ce9ad63d9fa7407663870fee3fb98db24e57c0da5e95233864a4c5517a652806a7a57b5457e68cf1ada5b02d3e0b446b70dfef0b480e6496eb5ec7084c553de05e147182117c9fdb9fd7e425fb04025eccda1eeb8e23566fa7cc49d7947a6c3
32 173 100 255 37 1 :dca3751e27a74dbc31c7d89dfbbe88119a807e0e046b476200aba0154b447df0b7e321e5e7a871f42921c1b4334123558c605d2743ed29398e000f3800b1e2bee6ac3cef2ba7c542e7708ed3b26b041b60f2d6fe72b712cb110479864dcd33cb962e20be0bf94575dac40eb870225e986d2a1c56b8f0916374f35cee0b81d85100c4715b55564bd40dcc848647f0a040208cbdb62ccd7b1894476dc144743813247f82c625b1723029c619af35
32 174 100 255 37 1436 :584dd433a85ca32bc593b5db388eae5caff26a7b28799e9e38af05f5e52a9ff7d3389e00507e69aa771834e501af429d5ac58af9be6bce7355dce3cf4ee630d73102d996a34d087b501dde382f0a6943fcb1083765322510a30856fb2205e112a5c33485c3640baed854fd37aac4d34c4471864c201fbd49b324a8adabeb1a373a7e6b5798d968b5a704613e386645b2c1b61aa8263beb448a0cb41c88776e427fb6f81b819791cb869618fc8383
32 175 100 255 37 1488 :f53904bc5b417ec4bc29f64281f08064bbb4645ae415e1655633c87a7842fe79224770f79bfe3f48fb8999f154f16b7319c7c3e40244279f31859f2661314d9c89fb90d4cd84208a70fa66985385d5c215db0a3a12b756b7e50eb1b05ee63ba2316fa6bd479e5d60df3913f5874de7935ea6c20cbae7b9b179876036565242fd497d06cc39830e82232131a3fd6e73545c159e20d9c37e1738a4c37b372ebef06502a000d037009a0c9194b57a5b3e
32 176 100 255 37 1 :1de0d549e48cc19ce49e326dbe081a1d1ce86c332c5445997bff9649b814d3aeab59b927904c998ed9021d2b6b9a02ee19c1e9702aa052367616f51a36cd46d5c0f9ef5cfa16d27fd9ebcff4ba480a68853a8f6dd84e6914fcb1762367691a826e00290a0c81795fa64c202007408feab0c50358bf760d1d2a46ea7234f28e3b775d4fd4c99675ed354fb2ea857e7839eb1b8624fc47937b81eafaac899d7f84fd4f55e363305200052c7ca54c78a426
32 177 100 255 37 1 :32db5843b9188310bea96a32a52b6e86d4a9881578adfc27ad5bfa64aa4f79065f3cc8dea7fb3ac950a07bc8b1d419308ac0650ba3d96c07561d19fb4188fb13ff06c97f3432e65d5575d64e2f7d30a0243ce5e684ac8687d12539f80c1c911d96ae2d7a9c3cb3c21bcc8b2d86260d0c7709f7f4784aca5f11c96942dc36958887b8b07545cc43e12eb9480cd8e153e97e524b1045d91c99b5c35dd1b2a221fda87d24437c1956dfc1696a2d6fbd23bb53
32 178 100 255 37 1 :7687ad2e499af82ccdd553ddabbf9ffe2c74516f192ad7393c394b9042dda1484bfbb672d89008e390192fd1f77838ffc28db91655bd79aec2116dc85155c63b8e04a98f7beaea594bf8c9fc853d104d4bda830deecd2d2bc90948f67408b45c31b879c91b5fb1c06facc8557927e2d6a3fecefb1cf3c497c59924cc61233d59b56797ba4bbfa3dd48c286b1e0aa9a276e5379a696976ce36edebdd9959d6d1e246dff58e88c7774dd5351c5538f42b70c9a
32 179 100 255 37 1 :3c1edffb0940e2426e17b6fd0f9691f00a3a772463c6f3485f5b4256327c0d4efec50e3d9d56490ad2cc3d8e9c78fbe54e6c9bfb56ce535e36dd6dce1dae1648cd605564e3ec736ef92fb1724bec53760e8bdce2ab4ced0070a60630ca82e147be2d29f568c9345785fd82a478ea424ec8d000d1138cdfd435af4c4af8f5a0a40cf401b65a6345a0095a2760d008068f136a8047895a2c1a6fc954c3da34b982c69213e947902e1a1c4a846fdf2ab83d23a96c
32 180 100 255 38 1 :4fe4b4282e1dce63fce2a47a6d5ad229de287be99efe75788bae627144fa25a6b858f8604cb99d59c065657744a789c2ec382698626137c207ff0f63d5f4cb7054c0169116d431665d222bdb8589c8d66c60d7e1f8222a3a33fa2446e981a3a2b38cb47b17c5844d53614564466d86c09fbbed60dd93a9c58e74dd6dc1d7e8cd04138587da272dcc12105f1b8add589c0d1a63c6dff1319322e63f844e71a185f215931ca5385b07f4ffe40cedb6c4fe8c84bec5
32 181 100 255 37 1 :9578b9be5a69461b18bc15f0b5ea7f40c9d25c27ccd502ef6cae2274142aacabf429d876e057cfa4a94274577cc58c8e8cbcdad6545fd294e2d7dc620124c4ca0b9b676dc885fe27bf5ee8a03994ae8a94f4487fe1c4eeab92057b38868ff6786e337fa773f360012d52ee4004a69dfc74bd5c08eabd034cec24802568e8ee7da2f86191194938ef99402db68bf60e2090b71434de351fad45cd38fcda7c7c36c557c4026413d974958dab963c9a047e6220a83a91
32 182 100 255 37 1 :71eec995e457e28fdf47bd419a72698740ec8d90def079198d3467f633e96c8cf50eba77381a8f31ee8e63125a2ac1b42be385facf312cd0faa29258a7f75c05641b2f0bd0367774ebd7bbab609cfff12129282d3b13305a7d7843dce0f251dedb2675c26e01793cb758e818c26661f25bb763f105353dbd1327596f055813a3980b9cd89d03c50b25fcfb8d46e3645770b5aee0cddd6720b4c2854c7f5b7257310e566fc2382bb77fb3eb37143be18331a0e0c9e994
32 183 100 255 38 1 :01a2b2813e0525083330e1bd7c24adb8f59ba90b0cfa3829a2d747103e9927bdc8533467a0239f76bce319734a5b286a1d223d27d2e8e0f8111d840bb6ce5b3fdf991581e026e64a1d05cd721c02b613ef71ed6a282334b41c5f6800c4487785e46f67badabdb39dfda2e6936f3f5cf61964eebf4bf558a73e73ee7796312f99a0b9de190287dc1c8255942c735cacaaa6c1a10b4e83df67055bf1731f60aff66d1efca51bd94de75e3d21b1eb1e6ce90348510340ea00
32 184 100 255 37 1500 :9eae487d2fd5db7adf31d18715cba121716d4f1bb58a5c6e1661dce095d7de98f3602ec9f5bfd12c10665bb1273926835c4988a52be14aa47dbcc62a75eb19ae7f95ebd05ccd21796417d043bfa9adfad1d0a229b2298a229410e8c8fa89bbcbdb90c20a5711517cfd82079eb9623a1ee5ad81aeebf615d92bbc133eb353b3995fa655b84b18f980cfd8526a04423d14713805c4dd6f4828c775ec224747053fc83f34bcea0df649b109ec2d951f1b60b9b0df175739403a
32 185 100 255 37 1 :6fbc99a75688f1d763e1dc6f148f8dadea19df21794efe56212252ce0db65f49f06571acc6ef611f90d6dc2c723bc0ed98d35a294a54a0acc44b683e2cbf783e37b60a8925671fef86fb3be74bcd90109ae309502d887700ebe7ff9ec3541127770adcc7ee6108704069eeafe4e2918a82dbe94fce77f50f037406d9629756ad9239bf0bfcaa968935acc0aac03bd274f49805f231c8fabce167847724db5d20bcfd4775ac6469b67c1f99c8fd017b8cb8ea8ffc76a2b5d75a
32 186 100 255 37 1488 :41184a3a175e03ef37f58c178a0725e7f82fb2fd8de1c7b2133e882ec3ff315bdf365880120741966949a71d156ff3bcd1f63cd3a555aa649eac9ffc45524898222d2947992c50c3273f77f17cf2e7164e9137322c2e3da589ec696ce9ecbca291d3f86e853e06a56b27c0ebb3b159fc92b500c4b622ec2539cbcc12e7c44a19bd8ad93518ea441b6eefadc1a7b4b900a8707c11eabacae32c416ac9ac6c1ee8809a3c8bc2c1cd609c2b8bfa4d81becb7376fec52d97f4cdc91f
32 187 100 255 37 1444 :7d992f59bb47cfa2d477dcd4e56ddfc026be5c7b7f5c428e7ff9402dfca5d1543cc00a0b0a0c3a08b2df3c03822d02ccaea01908e6f914b28cbe9cc22183b8364f2be9fdcff62105877c521fe948119b37130819350a0ab4bc196ba5541df8bdf43fe5697c3aadec5cb0f37c0e9950cc03aed6c9afa0c63918c6c9ffd586c05e016c917021bfb839c817bd02473ba5bde8e2ef27d1afe4dce7824a4c8dd2e2e92dbbed482e8ce25c4cfb80e266b9ff4a4d4dcb9dcfc17d0d693e8f
32 188 100 255 38 1 :0c7eee091cf331f5a486b548e1e8128fa61ca7c8f8429d31687e6d9bf450e0a658896a6731802f6b0c0ff652974df8ef6e6dc369e51733beb11dcfa6a7546893f31a0996798d260912e240aac54148b24ada57856229859a4b5751d8dad05a00830ab78aa701bc3b01c8351a45359c63000b351caf8ba0a6f15dcda2b2c162586813b3e1611e954ba9cb48a8da70df166a2212b7d2347b279e6ede0e6e13b94767c2b2e9e111ad20f2f7b7f9da8618a0b18aa2f8428a9cacac841958
32 189 100 255 37 1 :1238bee236ea81ce44636371042ca8d270b6f3a7bc8abc2b96d63dc34966490599777941ef088f05fc34413da8a22da697d0cbf6ca0e1a0f9dcb8063ed31fd0e3935d82d791e3394d3be7a60bae235800c8bbff3af462d3f6b80558c55c8537c5e855a65b8eceb8e04d89ce0ad9a082cc2e878faa846b686d004e85db25c25fcd36593376a346f6575541195dc69946b1051abb1ba7d8eb0720c069000bd86f0daa427adb57d1ac75e10b677365772673b9f1fa52dfa5288c2ea5d5d55
32 190 100 255 37 1 :788f743353a59a5be1877788e53a7d5d2f4586be193feb650d0e59d36c5e2e464ab4a3b30cb659f4f4eafc0bc9419dcc44db5cb0fdfcf3689835686090c2ad7e011e84c2bf87e05e12384e82895fbe092389c5f4c7c3b15b6e0c84bbfedbae1700d4f59d458793f95ff39622e1a9d6a34cbc35fdb2c5702a3062b179b970a04919bbf1b47e4bb741232d29a5a97815a3020e2df762124d59e75af6ef2cb84d26a5ce6d547a1d6039b68a60aa3399b766084be65e30427c6b0c6f2dcbb211
32 191 100 255 38 1448 :4b19f3a2962a29537edaa9a2de21788dd33199d12e269c6878f385fc555d33d13f92eaaeddd118f3454a0d9ef3ef317587fe619a49c5c99fa9bf70b8e142559feffaec49cca77a4f059a2c7b724dfa201ea72548fc26fb39da01098d0e14159d0474349c6721814b356149cd04262b8ce14385ee4b39c0474c2609b5f6d86990ce2ab864c632c20c5dd140b08c11719446f901f20920c24e509525cc9654519d12af722221cc6a13cf38c5578480dfe8bc396f0b7c6b36b7d249193591a806
32 192 100 255 38 1 :5fff8d39753a037ec34a54552541999efd6e1bff1fcf811ba8faafd4a52a05b455b821dfd023593672e8e694bdfa6d27e3b9fa12b12a00c4bbbb4f33780937445f2778dc049cdbfd8489b9abe80c324c01857d7d0a405509622ed052007fa143c24c6ad65d4c3bbbb08646a1aefb97c858d471f27690f9abd563e92e4ed370ec45a0b464b1c8dd355daffb66bb1d8c442fb8224642dcadf120666167b53aa72d5dee5bceec265c3a7ab3746efb9826c5ed4b06533f464380dc9756f9786f5b0c
32 193 100 255 37 1 :848c72db9da75b3efdbf53e3a51051bf6bc0de393679fe5914a9eda395aaa7ac36b154f5d9d0d29666e4cca5b4d1932d3caf881961008d7219380e36422639b17123421b4f9293d20d5bea6a5c50c05d537ba3099907fd65aa51ac6cc6818eece4b7e20035129b7a3f37b02b8d90677ec0ce8058b9bb7984d060deae8d75fd7cfc8f8a64fed483bb3845dcb6fc4361126c95a9dcf33bae65e34abde27e8c25d8e872740604d5580e37392bb3a6033b2a5ca19b78a67ec7fcb98879842b9a4e994f
32 194 100 255 37 1 :c74806efa88ca76a19900132e66fd69ea990c409278b973b677e0caeb7fbcb3a3f5cac50eeeeedb8e89536239f42365d8fe5fa68e8e363b8b77f3ea9b53a9f1e910ef6715389b37284e64cf9c30a7bcfec7010398fd8d9873c32d9e02c9f50e1975d2c73e25667147706167917da789765f8e1091ce0eb66560ccf4a2d6ff70fc3ae60f34fec9206d7445ae5dc967d88901be298c54036c829906b12e0240d85486be89b1b718814aaaae9febbc2121f7c84919279ca02f715f4132f997b8876b9a8
32 195 100 255 37 1492 :e9b8ce01cfc05dc399f80566f83e114b8ed4a602f268dd2f26e269ce44ec0649de5f79091eed53e4697660994e7cd02bfb5a3474c4931206e6fb05f10e5c089e09a19b6f0d93832d17fbfd95767c4a6130fca3cda638a3d601def2cf42f558346a9f4fbedfdfc89a38b560e04cd4d4c016b28c85d579ea4232676267adfe86567c954992df70dd9e4d91a6ffe719d36663d4a127727e7818569a0280887172595f82e12b39107c0acb8641b94b59413e1ee46f66d9f8aedc855d64f28ef18d0fb0a928
32 196 100 255 38 1 :3608bb12d040b5ee976f590d8a26366fb1384518216353d634e3d8e9fc6020f5174bf26e2e2d183ce67a37864dafefd8e8644d7ce21d0688d1321b91a51c0093a33f99f143fd47a2fb3173ca9cdcdde915a3aac4cb8c280c7a1e27548e9f1dbbe2af4e5636d57d2581f93166926ac7eca990c67f01689213872f51c225584959474bc7dcd0b1f2d30cf713dc3dd060608d58b593c4dd6349be48878dfe1cebad7455e85e9b51a19952eb1056ab1364ce9a8b1c2db125bf4c98b43e4573260b258f567ad5
32 197 100 255 38 1500 :2c2d783589e7487053fedf3fe4fcbfbed6eae7e4e6772bdc605c089142bb0d92d128991f66f2e83398ee32a391b0db56575ea0a64708bd95f69ace7332935d00b72f31880bbba481352b9c7ff746b4c1bf726190209a5dc6298705d03c01c76f49198d3e204b38ef95fc674fa2dc0cdb964b49024fcd27bcf21400f8573c64ee373193722d2d3e49d68ed1da2410b2705c66f4def6f97b2488bb0817382f961971615c560fa98dd8f146d5e0590821854cc8f7f6fccb1419a37d78e7d10d17419002ecbbdd
32 198 100 255 37 1 :0fd3a8173c0307b618ad95c15bb3a4b012619f959b82e909753401874a59b9e65f0988a2fe6dfa1ae810af579e22c63ce97e8bed959518e3036e4ba2f4244483096faf582b379b19dcec959e1c270d524de434a8ca66da43b7a6cdb30636c37edbbe6fe27c6b6c29e620b6d5502e78191a3ea23975860b3c490a84a619473e87c082f9aff44393e2fd7a05f92c59166a74f7382791a09788a7dc29d29225b06b8a1bf69855ca805c2371eb0d30a4e0afc8fd4a4ea51764e65311f222bfff0cd8c42aec814246
32 199 100 255 37 1 :30a938ae645e806c863c95ca5fb6196af134b538e66c62e04c96fbe121801e0c879c1c9366bfb435c5f4bb3c2fe80552d2db02b53ec39c874aff9737ce65b7c31c868800e29a3a472c31b470cf4e6b20c451589dba573982ddd7401632a8109971001ba340c2e32c82d9c61aec99312c06a5bd43d5553d5eeb25e8e8d7b62d5f762ebfb9c35c25db3b0948b1e690552776d6148659f0e7942d78e605e1038f131b6f3a630f132d757ab23e057bddde8e060ea8b2d30da1a91563cd4f66b29451b72c3a8b50a78f
32 200 100 255 37 1 :fc2bfc2118083d4c3711b40a7261b96200ed9843ce974fbc421d044f1e3027b6092d921c7d37e2b47416fb14e6d1f136fd2808415db8cabe2bd0ba9736ee852d74428ab8c140a3388fa24ccbd3813412108bfa0ebf20a8cde4444b3550d9da436d9c89bcc59484f6a5d808fad06d6f06cb68cb57c6b4e1e1bc56d14870a6522a78af13836c7ab4b446e39357454d191d645e6b42d7e6b13bdd6e19259aebf1dc4e5e0fb006c0bbc8702ff56eecc5a1210f2d54800981142e8e513e69f50e83d63f5c0c40f80843b7
32 201 100 255 37 1 :f1355e31197aecb8ca641a8d88d6c5963b35b4ce0fbd1daca2ee83751ca4acca983987a495ec229e02dfbcc915ffb7e03b235f596b0cc4dc200a02b2eb3a058e431837fbd65f66932e2758825d7b074f4518136f91529b363d2dcee5a76d71bad0c70fd5dc6a25e3dc8e4780d4b1a3fc8122691ec31c8eb730f878fd14725aac3d0f33032bad06c2132d4dfa4015a13b2a6a7fb43a003b9764c9cdcf3894d03f51101608cb3ea0fa84f3dc391469e4ef95f30efc1133508c5cbd5e6cfe116bc8ee21f1a94bc32ac45e
32 202 100 255 38 1500 :40b4e95fc54b58461118e79fb68695f1ba6fdd99f593ecc24ea9759f3f6fdc6c04df92edd98ae3ace2671b67a2c201cbab0a32b7cd0237f45fba535a98216ca83147d52a5b62b8f01b90547f452323fc3a8d66d92736b335841bf973afd2e8fb99fac7c5368b6c576effbf715bcee649e97ec49c6510cf14fe536806bd8d261ee0270a78402e1b53f39839a989f70f46e91a6bcf1fc5dadac905fc413f51a1a045bc4415b0494dff060cf52bf5744a7a3ab738f5f7b5f1217cae713b454baf7cd0e4c94c14c45e65d34d
32 203 100 255 38 1 :14d915e281da9d79c1569cd7b444752b5cb6fc8827ebde820f79ddcc8b0f10e14f1c454f911d09f2cd8967c1453c4eb16e9408995316bd7b9b18e00b6c57a2a198353ba911e99279fe21ad356e5966961c549ad95c143ac5956586c422944fc60b27363978be08efdfcc43f4b06cf3570a567d09b466aa25508c5ce28cee0c7752b5039d9fb3b934a20abc4c04ebab48825ce0ac70f65993a2250e51b52ea6e64dbaa551f02b596d949fbb6092a83628465b0c0031ccb0215817941eb21d00a50493b479942bd59c3034b4
32 204 100 255 37 1 :e23776885e4bcc5839bff772de3881db8cfab71e04b3882b429dd3e804f77dfe92e2e5eda21320bfaaee0f1df7ef9d91775fda16d868bb27e0854bdf59e1f6ed23ab86709c1bfcae321c8f3d55ecd59a0dfb09d778c6cfa83fdf9cadf969614073043b2455cde6b0b21cc743e46df02d25b144dbb6acfa39338d4e0d66b203be41c78e8c87c4d4263eff1473f27bb7d3790ba1b7b0510c9c60fd3e6473f734bda917371b87e64f20adc28665d47b822f58945ee722dc782c45c476eef63f85838869794148879eac8271d960
32 205 100 255 39 1 :ff5d0f8bb90ff50076cfc48754f2e31c9f02652a4d4fdf3ec44c1647ef98414b0394e6627d85fd1054171ed13972cfce7207bfd84b854fe8f54719537a302c5add7a5dd4653fa83730317635014d9dd0a22f61a9f206709e2ba27d65f6d3fef6fae651efb35e67dc0d802195c9c2bb2b66f2a1ca78538f45bc096d9fd1978de2eed40406ba4f2586ec34e9c9b7944184d26caf78beb2a0394160d1071526cf4f00049b9ebd3d3011d0b5f4e59d4ed5307945af97c01e3b0d82f2b55a701a95af35052e723c659ac8b68a5100db
32 206 100 255 38 1 :a93e62ccfebd11ab867954aa99b3aa3effa62a17b1ebcc06f1378bfdf8dc04c65520bafff1ad72dd353ef21925011c403d11e45c109100bc3ab4250aa82994ec16b6749574b4ecc7612d2df8ac99e68d9794c70d34333401763ebeddb08d4bc5dc55ee3d35a71015377fc4725c03c69f94a2f616d6f11ad9e4af8791ba70e04254a343afa00dde6beb449dbd22aa1b1cb8043fab7496bb56d3b0ccbd0a1e7cdfa03be6083fde124e09edcb100b94fba35d13c3a04eab98f08a890605976325502be6ef3d33dd6f6f80d0901ee4c7
32 207 100 255 37 1 :fdb72acc628d8776834fe430d761c4c58237eb94e0cb438bec93d1869340d29a48d952180b7bbf866b7afcb730c9c2df8e908602495ef51b9630dbcdd4878c66590486c45c614bed5d52bb32b83eb73af4a64fabfc7b5e614ef7f12d27344c06a519ec8d7cb658f3b0a53f356ff6845eb7fdb1e432451ef6edb52867d43233d2ee5a388cba872e83c5a26b673c16caa185d21ce18d9201d55dbfa5eee664569536ba094bd355c53f3c2dd880dbcb95907b2967bfd3b6ee1cb86b8ff8516ba29cc1177f95b208afcc743d4a18a27100
32 208 100 255 37 1 :299156f9305c3aa7817676c2cb31c5dd0408700b2f777edfcdd6d714d2ced9aa12351fce437179c5c31431f7e0d3728da97b38deb1aa39566942f95038b0a542a73e30d229a5d5eb0c7445df1e89408b704ea6416841f74688af5f6af14116e81ee8421a1dc8baa4bf71ee3750e75cba2fc7a597950eb499a77fd44ee8235a3542108d33b0849f480b5b2c10ebef0b5364ceb2523d1cbbaf36bbb90b604a0beef50addeb1b0cb86b032610641777d193d84e699b4c4d6496f834b17f3f8320502460f4750ec6c26247af7a8c16da890a
32 209 100 255 38 1 :d048aa1f141e7311a823c37143d53b9cbc657f567bd6b32badfeb5faae76158f6364fc1dfbba534508705f6ad46720d49d552977fc0d49ee43df0994466554ba224eba5d1e482cbb553fd53c58eb1711a56b55bf8cd3e7701002f76042d642a2580739cce0e5e7dd012800946c8aba80c1b4f6418495eb1bfda869d50aadfb16406df11816f24e8b9114f6281e257926a1da870140a52820c49a0680f9b9f24c4f4029ff658fcb4dc174a556e84d8e0f6911794b08d22b9892946f7d3217afaf39665e7ab1b0ce0ef4d3d7014e89c943ad
32 210 100 255 38 1504 :4a36ed2157db6b7afba69e90ab9316ce1762e5acf05bc14a0275040b3632a0f6875c2d6be74e3dd765f8734194269530772e96946a5a10a37dc5d575265992bd3ee6373f1d89e93ea6e6828af2669ff0c59429e7338ea2f70a1752d8cf13f14ebd42c7a1b42ee9dcf08ea196e2e76b8821442da1a5dc46f0d4b228155394cb7983764bb1f7acd66a76ec8956ca8aed8194c723affc56de581336bd279d46bc0046442ab52163ef33f5a52472d77219699d3c374bd14b735ffb9cce829951aefbfeffed55ad2efea8df91a0f1865b87c9cbc1
32 211 100 255 37 1492 :2f99aa5caaaedf3ab59c15ce91bb5c583ceef6a35bb27404e0f4643c011658ffa7a6556d286640c69111228060cf5cb9177c8b1306112f9283fd5ba000a4127c085b09f9959a394f3cf951aff3f50aed32ca2c0a5b240516fce9276d1ae34bbea49e3ecdb7f94bbad22fafc3638c588d6bd3226cc3ed8c0fdb4f246f09b7b9c7d432003535aa1fa0b107724f7696c245d444b5337504216e583229659a4c6c7bcb272e9caba2704366bd2d0fccb9010b33b759667fabd537000a128e9a8fdf6e0f80d0a986a0d7794a9a7fb72fe15c9674a633
32 212 100 255 38 1 :e59c2a4bf2f00fec789e622864b0b430b3d823eb8880cb8d2e651b4f88de3e010501802ecad906b7a33366ee62e65ab3264085bff7d5ef1ab4cac7f0f1a7ab16d802400ad7510428f526bca77176f70176bed75a558197f039b9348a50542c754922cca084945cdb3c9cd23c90c1f7f56127b7f5a5f707e57ff4574bf719983f55256e802ee26641faefc542f5ed78ec578f7050db18dd2d56dc6387c3b7800fd05da0bc4a9eed3f51599c037c08dcf6564b16b7e41cc3c17536ec337c0717a97a1035ba0f91e7e825e80004eb2d0eeb5b071875
32 213 100 255 37 1448 :4193fc32e12b6d294acaa27b1292621384015d68fed135fbb7807915637e8dec810f6fb40263bd947867713f5c3bc6aa473ebf147678c68e8b32e82927bc0e1b625bf5b2a01a0c72b344cb8395966988d98ee826d1f60c27fced9b9bbf40b0b1b7044ec336bcd6b3a8a4cd070d0e46f91acdb6b4871a458c097d2a6fa866d71f21282ac81d77092e1124017ff342a9e79ab5232422b7e28b396ca0780474ff7f3bcc1a373a81876c68daedbe422c40d8c4bf865d989309bde86294c5f197824e0e0de4ed03e4e1176eed1a81a8dd432e0eb4899cac
32 214 100 255 42 1 :259270d49312ba70b1830151e385b8136138038fc5bb301170ec5249c8326aba676ceae132b452d50cd59011442c2c2d5bf50bc1b2262cb44189798c37d6361680da53804d7739740eeacd2f4b69abd24852f1478d31f0396640e5ad628f50e4827513c919470a59f9b00a655b17ef9426139c83b7816ef48b95020d9de918a352c27fedff0feac25462152eddb9a658bdf437e23ce13c72508b9d9184b23a1489b9bf698ac7642a9d43f43174f4f36f61251580ee80665ab1b5255b97c52a55711a4daffbc52b53c67a2739d11b76a6c183544dca2f
32 215 100 255 37 1 :ab466189ec62a0fa760831c36bb661172281db46af202cf24360516362201fa7b987d9ef799717c3c789c273081cc39505e13eb5c92c01f762817136023865401fcec510b11f940983e0894832d605bc28e90be6216a8b82f9715e14ca1567ea402113952c3feccfce2322a74b979b237ed209fec2976f1b693608800096db99431a16ba76f9b69e70996fa27788855c11b497537c0280116e50473bfa20980a01364a350815fc9bc64877390aedd85195ac4bdeb83798af4ee7d199f5e59a00186919f2b58ef1decced7ade477720112ac8f32877f2b1
32 216 100 255 37 1 :a8d822bacc0fc5be1a8bf5090199979c7d9eea07cdf66eeaef7bcae51dc8f8eae957be8472244de8f40e6ca6f0c92d12a13807273091aea446116c29687e7407c23c2b0523364219a8328bba7386f3dcce471970df923f2beb5f96d653e0410c5cff241d6f07b6cafe879c3489dc082634dc5e673bce092212e9bc84fb2ee4c2d7a4b070add59056bdc20943b40d86702373664ef112bee904ed9433117ba21713cb9fc5d92b515a163988cc413c4eec7aec237c89a30ef281e6208d824280186c1746f20ed6d1d2336a9042673932c0b3aa0259be28861e
32 217 100 255 37 1 :23d8e1ae2a7dd57d403e0de12decda3e86dfcaacb0b175334cceff180543e27cd6aad4218bd8ad9462726be93dfdc626223667ce8af9474f9cdfd32fa426a5f1322be2c0b453eee005b6f067f3ecbb264922d47d64756966ef24d49be02f3db018ee4917aa714133f0e7b9e9d2a23b1f3100c61686f33c421dcc45ca9e30e722346bb0c045a197613be34ec8789ff83fa3e98f65dc11bbd72edcd577a9b57da5ae3333f3117fde855834fbfc426392beb084edd26ec4d529a1a874356ae29a7773f35c6391be343f6b2cd724059e06757e519bcfb37bb9dadc
32 218 100 255 38 1500 :06900cc4e8e050f069bb549e2aa00b93c5f183e9cc49d206609962719090d39daf407f48ab9e38dd56cf13842d2a6bfecf0e3fe572eb137f0db029e7768cad2288aeb219baccdc12d0b2275fa04d5b04497e1fe5edcffac2e6b5a0763aa13ca2b63465a0565310ee88a7e382744fd283262a801b2ce3b04196a842bd6f7f7fc4d65af88ce55f669c1515c9a73a7c9582a9f0c32bb4cee05f1af5249a859c9048d4ec845b78965f852dfb6792b05226fb0761e2d52d58babd8e65d81d05edc7bb7e94cde34ead3c334598a5adb796ea07e74ca334c85e5350b2be
32 219 100 255 37 1448 :4686fed16f3a9fd135e5b63216b8dfe6745ca12b58e561aaf9cdeb6129c967f462f9422b7d731e8aa843c16afbd331a59236c457f836cb5a099f8c99a7c321e00d639acb55cb3e55d0a7a689db79b29ef768f67431bfb02cfea6d61f25954ccd434b17396115aad18104fc7ed65d0ab9d5425699292f71607d0f1814262a7574d65f01475a84c0294c3924207ecac15854614fa80aa1a07ce5a206bc0df7b898ea636f557db47346b6d6b63ae13820d1c9f4d644fcb3b3cd03f0f7ea5f5cd79e822279cbb888e2ff9c16c42c44272c71addd78f6899c9f2259ed47
32 220 100 255 39 1500 :e331be91449a55e323d1314a8f5e5d2fe2fc34a242a90239e91176f00df184b6eea5603ac4ff1c8aa4e158e4af49184f6c3e0f9b7961d8364c45ce4eacbe000062fdb91ecb5ad0acfb86f9ab38cdebb5a3198e1ae46168fdc1b96ff90c08c52c1d35abe902a2c26a383c7d47e0e04734fe3a37bc73d9da643729ac0840faac0ef130506f4f3b193a5f61dfbced1a5fc7fab6cba22eaf8d1bb8102b9c67a0cce0e09dffacbfb28907692f672559b610124d3336da1a608c3b83544149812095c39a107a7f0619d064c263c714b57f61e28ee0699d5b762965df5aac6e
32 221 100 255 37 1480 :ae9997610c2144b378e7ad41fe57e0ef8e309ce8cdb16201262abacf391d82ba005184b89b3bbead367827930599fa5b1bbfd9dd80f0f811ad1d451d6bc4e2b80b74cae8ce95e345be1ace1d4782d9132db853843c118b398644472ddd51fa0710c452c9da8ea98d05767f7b26de7cb4408c94bb3ed816d51f05804ebabaf7e24122ee8616b92fd0ecce61e2a8dd9592e0d170ef10b27a87c6f53ba8ad1b9881d4db9d1910af54db1a95f0ca5709c61d008e94a048ac02b221ab3c0a5a358fb983b6b5a4c0ef9302678968484809e6fec865fb6505c814bb4492b56fbc
32 222 100 255 37 1 :d83021d7a7699e26dce7b826b9b07abd7ea2c93bffcb231c4177ad25cbe51a207dc5f6317bf489c9f65133c107ab8dd660f67b4263145eaf62e99f198dc55410d6913fdc651bf0b6c914b7aad93a6c9d459f6453e804b46856c09d7523bd46c20a0d8deafce329a90bacf92cb0e0e18b303963df1cc08fbc47a00a64b332bc779d5cc42bdbe758fef4a97875f140931485d9dd6c786bbe2f642d260669b510671a1e8d2b99e873ccb7d137026f3d6620ea9f3f5ecb0d8e9de7add3a375ef5f76dd4a0c9561f38c88cdecda0dcc6cc2ad44075d7dd4ffb8463f13dba9409a
32 223 100 255 38 1436 :d6f9566a8b1fc66efd3d70f742aa79d8526590c69a0b0227d1627a5984177588f5c6b35f1d77ea4479d8867a8059f4167a9cf591e7d9a2825f9e4243f033b543290f337b7ce75089ad7cf2346ebfbf41cadb6794cdd317703d223ec3f19ca21c0b476638b47cddd956f38283f5242b97ab623408c0c5626932edf8013e9bc8886bcf23f67be4331bba2c16fb4a6c6f9bd5e0fe19f60abe48b7595a3460a806296d1abcfa23da226781025a282fe700952dc9bfca7ab32b30df84feeffe5757864cb64dc1068889a6c54167434ce1b502220931e98b3f400decf881572a3be4
32 224 100 255 37 1 :4bbfd639028bac271a4a9f995292240422463e5053e4c5b8ca96bf61ec500acdebdae9f3bc7d2f72bb97f853f2da9285ea90e8ccd8a16a03aae060fcef6bb24755026c844ba944ada6b04cd931b4f6890d06ab0eeee841057226a1e1f611fde1fb1042321a3e1418a89f900ff1b0eea7e150c9738fad6deb4ee9f136018e9726d32612688898d8b3d613c37ae2709f7c6a28203547f7bbd5a0489845249ef40200d31f58f8e5878cfe40d1564ef068c289ef77513c0fd99094700ae948726f77074110e0d43f227d0f35ad0710b343a712344e0ca17447c6474ceab3e41489c2
32 225 100 255 37 1 :493e6cf511678373cf4cb74ca86ba60ece883a73fa00fe6fe7c604af83925554c48f433524bf207aa70a09c6e6f3d3043878a9412409d5f10572b6ba515489e4c91ae4fb1ff9c35b9421a734ab32a6c8df8fe2d781c6c1851003371060705197c5c8183068da3bd3bbfda213d209b7feb93f64381fcde29ce6af124cf2e6e77cef7083952beb0dd787c365825bd7c022e699efb641e602d2de460051e6bea1b4cfab22286dc6c4120529292bfa35e6bcbc5dc6aa7be0d826df492835f59913aa3718a08d265f9d46b202622e2d8847769e7b2b6fe1fe65c9267e84dbfd4a8701c1
32 226 100 255 37 1 :d3c4662a310c25b48b4dcdf0edc281fc281b9c4527d49e0930be48727c03dff968d2c43f98dab3908d5ed347e6781f8b2850c7619257ad81b5ac0025dd1a3bc7c2fb5c894ca525d53662aab8b64b5cde909fdf2990b38ddfa13d4def6ece340efb6fbe25ef8bb732b1a196c6a842bb6e480c46dbb080983a4458e18ff057d9950ce8ce0ecb8b5df1f397efc93b56e92f3cbcb4144a0105b8ae28675a9a009a1f49d38f50a48a8778a91360d43553fbf89a67bb12ade0d5272c6a003ee44895958dcd8bc407768c563d8bc94a97d61393f5e65544ecabe6790606b0dfa0b5b805e9c9
32 227 100 255 37 1 :8863caf8471810a9ad2ff4268b15b0157b380f3500e3539a065f08df9c29fc4235d28dd77409bb18990a837e736b7a77bfb3fccd875dc4633802886ed0c9d040251ca914fde7e76a756d678b9bc4196151a542cd270a226ae1f2c8c4ba6c7460cd2f2faf299af23c45c83a7d16c9ceb8f9c9d977e5e0f0dffe2ea202dd5b021d24e32440fa6d764f66b00a665fd06565f8cb7f1a7efcd8dd0aab5fa320c280d4a6cac2ea0e25ebda98ad3059809f1ccfd4517f6f59b1e3e1c3017c01a3f04e36fcb126495c5e7082f52d4999f118b3dffca4092fa565444fe7abfd1ee98f5b35c9b6e4
32 228 100 255 37 1508 :40f73d546f0f97748548910d32f78bb25042528c46b472a3de382c80ff9dcc01dfa79fb4ae5eb4474f9cfee220177d254e8793d91b26f92e2826be4cf3dcf8472f2db1f0a5a344f8c438006227603d468782f4ca09face280e4a564868ec523fe8d82aad055a9dd16e19a3b05259a32f6d5182039e52fafda5ad1b099f6a2b450786348c38e78d3ded91678dd0bda986e1b6c9c57ed2ce6291271d02628450526c81615b93cae3fee2a1ac72cb410dcd3ef6b7294278754a8c4b0077d224d9b2e7e115ff41a43d47f9fb5e50c82ec9ffd785f0159fa4b2837e5c5943af2f86c3555ebdb0
32 229 100 255 37 1 :5d4f4adcc61fe65111e4989246df834ace0b48c8defa5aa6169d0270d9f4b7b6ee35bc9df4da27ac0d45a14b7e7a03a1945457f74d1a48ba258deb8ebdb046fea87f117832e8f0e6e33a4a7b45c3d9a41627bb1fb49c8bb45637aaad58e2895d0f332adfc003e1ec40b6091463b90d1b80488263681fb519a615a4b2aa16095b126359e35e600b279b279ca8891b3732237ee3b457f56516aac6ecc2a7c4f2c2ef4985f1e145bc450d4ed5807b8218254dbd73495ea562129f1b00eeaa6d3629c6f72a9ec435c2f284826e8d26a7a00084beca949f0e06f0effd7f5e3c9afce3d676bb699a
32 230 100 255 37 1 :080a2daac7fd8b16a18980fc0b63993394a222cab4947b08b1502877b22261c70bf6c9dc306da428b41ff6e48eb4ad9b7c7bf0ab2d5427b856ff9ef4ae9209d19be8e96165a8a6f667a394a0a5d50784676ac33855d6202dd2870d06f9fad522a36bfbce86c97bd1202efd4fc5afc9e2d598cac6d591e1a7e34557dd67f87b07a17a6d2500d989e58a1c7a77900d1814026e9e4540032decf6286627a10c05da6072964c99a7ca72ee7a0732e0249fc0fbbb7416e1375b3536a3382b0e52d42428fa257735a1889bf6f2b8aa57e6445027677e9be1ff4467c676b8134a873f5a2b0e45e03b3b
32 231 100 255 38 1 :b52ff5110721ff5061251fc7dbfe4fd40b568435982c460aae3122919644b7bb62d276a6a8226f8f49ff9eb808a4f6f54bfeff0a45152a0dd14f24e978248dbead4e1d56513c67df34f37124d6d68725d59aea53e9c99c7a285dbb47093f32b1fc4a0f35780eb21ed6c0b1b30b5e88c90d4cb0265325a892f084484e775edaacd14d2f1a3d2d1ab69581f8ef774f56b989ac9a497a1754aa741be88f2a0c8bb80a6892c5fa82c428b4d3494c151243f9f87eff197e983a62bfc7e3d5b01be7bff105bf04b42021de540ef9c32a396af8bfd88a7ff83f0a788958ec6a5601caa5de81c34775e7bc
32 232 100 255 38 1 :d6cff4f84dd7e07d9d846ae0de76b4f412291428af42f81363fbfc55acdf10ae442486e52fde9a13d91b760a36d6887e0badbc8c9610b9dc5c4ce37d14fd805827f226c6506f88b7ba862e07f618e77e07a9f6915e8abf787fff0cbb4f97a98b4b84bbbad164f62899398f18ea60830694a5b7670c8fcb853625411f836980c4710c60fbe7a8fcadd6543a44501a57c6dde87b0bcc5832598004d3bec9dd11d48c321a2b549a8d6e7d40558991adc9ca7c103e54cff919792ef193cc27b028b5d22bddb49a112f2c43f52a416c3d8f3cc8403d25d0f980daeff76251ca2fb5b5abeb763bdd36ed5d
32 233 100 255 37 1 :b268262a810a47f1a6e97acd8f9be8deac6f665388dd289ae402dde1e344ed3b034800c543fe13e49607968eab296551a45d2fc8f353d8786a055218c92c850b60fd91735dfc4d5baebc5cd932ce2aa1887ae11d85f83e4fc89af333ed06f25daa9d50a64d2a81753074dd371c886b4bf00321d874cc5d0b020951dfb22bf18f3f3a593ebfeaf9daaf6ccb204f93d98d40ca4ee01ec3d05b1f9a3a36b128587d4ffdbdcc63ed54980f01a109dd2a3e811310133853a4742520e51411b5461a4e239b5dca2369595c3ae0d49c0331d7defbea3f662d550bd2ebe894afbde488c8a15da8827eb4608ff3
32 234 100 255 37 1 :87a67f5ac2429f89a2570142ab860a1d700d1bcea5942cf4921e6b88005bde75b8cc907820b3d0fd09e6cce1b7ccb5a785f397d3d9398ed1aa5b452fc85cbb09fb12c9fb4dd496f8996675242335ee1c7f33365c63c6a4e86da07c68ba423316073e92db525f88c6a7d45657964b2a5cbb1f9c16920ac276d3e4e672cda56b9a468deca9603896fa4722d7814fc14997b884a30f76deb0c2d95a18cdf628c605e3be9c74873b8c5c4ffd8054322c4e3742f912f2a184e6fb0f17eeb6d1e1a56a17299338ec55013a5005a0df7d462dd337254c0698d20fdfa3d3e268ff2ad7ef9265c8c661df2093bae9
32 235 100 255 37 1476 :0a6fef28032e9db59de9bda10b217bfd49110ebb692adf21edf6f6aea06fa0a5f40ae3e70b2e93f20ad376ce4f715296282aa20aa7c8389ddf6c6aa790a602608a522eb767169efac0fd8bc41086c5f56b447fb5e81cbcace2f3a1ecc923a60a6611831c6917c7c5c1dda9b95fa1492848ddea49224653e1aad54e8306c1df43e37471eb8bedd0247101aa5742cf85d82f4255978c9af60f1422b6f427320e1b2df7e518d3af60cb129f8d095e82680d3848ee946c1b0d14962bbab1fd14dd6888b6092305dffc9d8a70af560dff279f7778dc84612d33a77a5f62fc559d2a32b16ee2703d6325f0642a4d
32 236 100 255 37 1 :4e2683d194627f7c0b4b3d48486ac8cb2827416ef00aa6110d9777d21a073b57698ce5dd15a41e69c5ed6accfccfde9b8bf8fe9cee5a86b78c839e7645615032dc65b19cdc5a75ad6f7707c93cdb5c2e0974edf702ed6b8b803c234daf3e17a175cf48f8bb6843217af7d580706d7b839a88767f5e56a557f73e4d374f92ebfbc5cbedf5e5a95ff89cc4ba100c510500d2e007c2fe2e50b394e5e05ab534deaebc2b41b978329dd0353bbf6317e1dc9ac3055825db20b4f147d0b23e21f8a99ac29e5ff071f3488b4311ede0b562e45306fe0b142d0908853bdc3f49e7482002fe13a2c193d35ce626fbaf03
32 237 100 255 37 1488 :4932ab87b3254c4abc7081c2f1d686f38a8f9a0e5d42fba60610f3263039fb7a62a86d52022546bc79135dfd17b2a180ebf1b38a7e4d5498a713e555869cd95cd78b9f3fd059492b0d0221a6143ec0e01eb78beed6441045eb6f08c109506eb5f2907a45311de6c17ca4c8b41cb7b1826c20d3a1a1cdbb1c5fbae726365b0964cdc7f97701eb88452e58591894df250b84043c211f0120b47cb1544df36885471048f5525e7d76feb127ff85abb0ee0b9154192fb218fd7be26f8dc30966726333a283118abb509aa10f3f4c755789adac947941ad914dbf2a2afaee744592822c964166cfa533a6ff84240d40
32 238 100 255 37 1496 :dfa1efb11d216636a6634fbc43661bfa3c0bc52b22bd9f5e8dd6eaa8799a9faa68fb8c8b8d65f9f857b219d0e069486e3fdf0eed14f447e7b0ab7e8995a56b98224ba864d4cf1977815467d416cff0102f1de6b14b8c33151d806fa4a5f2a55f5211063d95d4034fb8db7936fcc8b957a75c6af470b619b75a0d1dfa39938fa8def3568a0a278bb4f95255435ab67e84d6bb757cf7042a48b30c0a2afeb85c3976a1cc515d03ad96fb220d6b7ef468a9406ddf2f10989edc35955f9ffbb86b33b2ffb08277381028db1af58a0626352b73056a1e565a6ffaac4bb5365d7de4a60c57f92722aa06bd60260788d64e
32 239 100 255 37 1 :83c08cae19040329c1cb65f944ac79450a5da06237be37e3fbe84777bf07ae6f8c07c4691ce3bc55b58d9ee6f27fa5a08068d0bb1439b5d5a28d18bc7dee9c48c0e1d9905ca664a0668692677e5d553d2a2894b9d4ae6fa2ef09cb3ca4889ca0154f18117551e76dab93a2c67f7880d472db021c8be6f87f5598e9baa4e5ca8239d41316a2a24efcacfac94dd3ee50d502ba8cd0934d549bcb3ae71689055539846c256eb28725c39642ec0b78f76f96174f473ce29aa1910d6b5b38456d6dfb3938f6767e3e141de931c5a47ac22510b8f9373ce754cf4a533820ed8780cd6138b9f1a6038e89da144450803cdef2
32 240 100 255 38 1 :4d89c5ed77fff4083f27edfcbdbc4aa5ef4fb64e51d4b908801a970ba06fc5681742f8ce5f3b4d1ac2665a4a92827e54f3db30b19680716340192f2a2536fcca6d1dfcbe915ed936a99c3055b59bf829130ac51dea30cc014c73af2cc5c0ae7a996ee1f7038f4f61a62114eff941c02630e22d3aad9147ba247ac2426c4733a2f027298ffb33ff047860542a567fd11d25fe8139c36d98d90aae224ba1c825d5c0cdfe63eabb350751dbb7ffa64f64287ff3c385229765b6de37cdc92def2821a1bb685c729e928403bbd18f6479854731eb3e17626ceba44e8bad701fb8c6ba98db61fdbda6b2abecdae086148f384a
32 241 100 255 37 1 :88875d912811aae1ea1f56c27b17c9ff2b88791e304b1fe3bdf20bb9a784e5d26520030588a200eb62d246b8ca872879c86be64ea195df767e29700bd8b389b1ddbeae09bc6e2b5e9fdc4aea7ddad7922d6cdadf183a55f96da5f0246c1f9b780e7bb0bd11efda4005f9cbbee098f6ec686f751d21058546afeaa97d798f9ecd63a560a985f81bac3e079f1050c486ebb82ceb655d30a086c451010f3c5a8c64ef7fd9907809fa3530357bc858cc363dae022d53bfaa78b03e28e0c447dbdd3e662e58e50f7cda5eeeb5888f0a575f5901d1444a41fb3f5ff006b19c2b37f5c5b9e35401eaa4f0f5d78d4a34f5f809890e
32 242 100 255 37 1476 :04317b57bf5df0e14b30a80560d4f25008316364d53de3e7407ae78cc17b4ae868bd6e6722b30e028ee3b32177984763e8b691feda09410c85a91b9cc8333d4158e63570720d15382176b3a82e873d322a24b5ab6b188bc59651e9a743a7c776d15d3f21c2ca4542121cef7e7d6052c2116db29f63e7ba2b320df1b95fb593995018efae6cfb3546902ac828c1a01a1efadbe652ba6e2fba07f2e4b938b8962135fc9dbea9e79f290b17d666b78cd578db6efde99571b73a07300e4008bd7811b093d8f9188149d553d3d536b6fba290f91492d897f582d2782d1bb9357bf1271cd048b5730f4f1a9a268572e7b6f3ba69fd
32 243 100 255 37 1504 :4fb3aeb28c033bfc48fdc17dfae4af49533e8881908e154fe304d688b04d1d3f2fedd0210525f970aa6555a9be3317dd3f52a260e0ea913becc14220946ff51502811cd9d53fcebc6218ce505c0f73e66cfa213099345d457ae192edbe4e6c5a2174f56e9b75e599fe7dd95dc5bbcb04879e4b91ad254b575dcb0c036619e8be5da53f2c5ec1dd0c44aa254ce75d0e4666e442df31c0c443928c231d4fdee156a03e07f47c22ad1a57011f71e9ed7bdbd0d61d8365d6f1dd9d33cdeffb5ae2a4b04566c5f06d0518d486918c39a70e965a5cfe131a7e18d7d6e97863b6ccaacd98b7aeeb881aea75cb4ad97caccd7bc41dce82
32 244 100 255 38 1 :940ea4303a041719b5b108691f843b72605804cce105b4fc0b98da4c7d5dc8042ae2d75d8b6be98565dd47d82fea961939e7b0c8b44663832ee41b7d1076c3d9d26fe6a9f4568c6a4517abe7b408c86360e9933da8b73c7943c088c12e509d3e9bd49241855124145718a9e52aabbf1d10c983acddaa0e29649cfc0d7c9bc8becc3edeced585eef2e9c090c66a02ca1d7eb1751d79156a7ce57ccad3cf73308fbb43e5db55bac0b97720f5b1b0b3eeee1a27dd0fe3d0055c85d9ce1f28132e827e3f0ceabddc167b5e09242f5280c5db778cf96de90b30aa8fe3994e5d990ac0e011933beb91bb786a5af4d6cb6dd09c69c2d7ea
32 245 100 255 37 1488 :46a45e469c13e6460b8c52d78c7074663afa8f2c4ced94dc2608c3217328534469cad267891ad85dc60e407c39145f51d15dc757b867f56e123a825c447075577a87365193e92d1760a992f7f5bff60a736c3dad698b9212de3bef6c44f56db094a4598e966f66387b549b8df31e0eb523ec143e1d441f74eb004d69ea7fe3c430ce290e805001da2f1f3d3ed63b649258843a4cf80b61596fcbdb918dc9f0ae77ea20ade5dd5f99e43ad5303e8e6b1a53e0e6c5729d11582c7f238d60161428cdecea7b12473e10426bbce8a1efebd567dd06dbf96d62fa9e41306489b89bfb2c185efb2562f5c17576e5c3cab6e2cd47fb70d3fe
32 246 100 255 37 1444 :9a4d5f91a1771b2df7b6121401d94248ee08cd0e1ebfba05b35cdeeda87e6a9caaff7bcfe9ba2a57854bf3bdc9c679f3e42efa395bf908f83c8f84e687b254ab87238e8fcb9800e603120679b3eede621078fb2b643dade9afaff1d801c9e7a4870187d3447bc83008050abd9ea9c887c7392a5be4c1a0d6254dadd43d1e814f742d6667f724e7bf9934b07f52c60af66006aa6f2dc484bc75ebf98450c8f043071db351922e12f9febf8f2d9e1ed8ccf78e449ef3b35c6a409d68a02ccdc9c4393c6f38375b80c60ec2ab6d06f1d36bdc7f2265096fdf9ec13a5b51b74624b4beceaa7df544e114ef73d34553158c7ddda3b984acf0
32 247 100 255 37 1 :77f969b3bccb745264c898c9a1a6c742f157ac9c8e8513acd2cc93a1376076ca65553f3409bf48932cf11ea6fc5f35a9df4a15de120c414ac643818335568d7a7d86a81784f03e036368c78c4daaf04a7ff72c3b01e67d9516818cd7fd70a5f6994a119a46ecd14011ded5da6ea577c66761339b628c54d1c34989c8ca989a87f1f8d756f2eae68af9f9885f0cc4ff1bd1b59749ea22319cc0a1a06b5ac86dcd179ec87cbb31178c224f3de7654e65be7e8ad8ce0eff2751af6a26558123c46b2d923713eaac292aa3bd04f8c3e97ad2d3ce35fc42debd0f12222aa2910b10047489f8b3c72c63dae05bb80204357060cec79f3506c411
32 248 100 255 37 1492 :69896d414ee8c779b5958c2cfb07aa068f2b429eb8288af3f9650a09a43fbecc148ae01a322ed0a3d66b4e44103591d8448193f9c1d9fae000bdc3aa33019e2fcfd0d9a7c8e4d9b22291a8645b734c5495837331acc6d854c4db790993b85bfe50434bad9ee5c421042027ab869901cbf1d5858426e0f8da229864984c5b675128d4d034211bb51a84b7b480a2cce0b679fcdc1ecdaa01b11f9b268217eb812a8ce5a7ebafe89f559aed70dad1c845592308b60d328e43dd8b307e8a60545ba55e206eee870aa35020ce2327b74ce310b5d0c5ae9d54138020ecd5cff18136190a7b7781472842b366065fb99c042d481790d7b65fe10786
32 249 100 255 39 1 :69c292a5b2efb99065b01acc8b795d4fab7ee06ac957ecc69c552b6142aab44003ed0853071f0f277d2d3611bc702f1ec72b7e6c61dfa3abb3306deea1a6bf6b0d0116f237b41d541dbabdd2a6a3fdf36a498e4fef5f90022756848ea6baffedc159a9d252e7513b440939fea1af8bf81f17a3d68d0cfc30df7f2dd97de3a0a983167948752569e40005b71e3551e5903fd38ba143f40d553e84c6b60b22e4a22d9e74756ff066884f9426186d798a52a490bd7f32534111abe5aa441b1ff0d1a7882c706b3ad0d7fa57bffdfb856bd0963d2d0f46766f1575370d44c375a5aa5295d1f75be1850d7191ca9f07c55ae67d237c16c66e2ea830
32 250 100 255 37 1500 :3a563154efa68d3b723e5e1bd108f942e33043932fdb100f001e713f646a77be070b1c1c137441b542f277ebab80ce536a484013c51738b4fb675993ff2f5cec21dd213865793ff6c4a483eba9afee8e184b996bdb8693c1ba03a91c175f4ada1f34072f38d5809aa74c88cf2ff951f6a6c262139fa158a693f382952a9bc2d5f7c64d3be506b9855e1d2bce3fb8f7d88f00f1ab985d8ee372716fb4d2944a527241acdc0a6d60d24a49607761f41b5e9720388cc6915e7613a7210fcb3a84f38a320ae5ec1eff47bffc3baeac6c3b26d4900585ed34c3e82f2616d54708280f9f4e441be6fa69fbdcf9596b3b3c1a635c8b2b37dbd0f652205e
32 251 100 255 37 1504 :a5390eca377004fe59e02d75d8d619fa861bfecdf6c772e47043e6af6175769432c74376c5634a51621d16f6feef510dc4b85dd0acc7dfe035dd7359f9157de01c58056c68f8dfba4a6f953749b8dce179a2c15b24bcc303cc2dcedb3b63b3d2bcef5e95fdcba2f559c25590137b4e45f0bb72b0602e4d0462d09fef9761e88df8541b19e879a9e89ab91a718858a52e1994f72cc19aec07efb156dca2f451e28f44b8b54a88a3e0042e53ad5e28409e311277279c57ba13487ee905a998a54e36902e15ca5cbf1f0dc7d98bbfbe9227eee6d51bad413c9295f7c4245e88fa0e12917f26dcac577a8b056862457d060f697c21ec756a4ad4a0c14b
32 252 100 255 37 1 :95dba6f234eb41a8ce4c38d31eec1d61133ec37305d90f8ab9467a94fddc58f49a530a1cefc8a28b146f1a51b918b1cdc6c6622460866fb192b7e9124ebf0c242e5ad2600d913b29c785e12c912a5e5735caaf4abe555d769dc11b8c9022b74587326bf4e3e327497f5d172198380447c7c0c8f7e2ea6fa03bec71940394bf2fa2b832a1f9ea4cdc0e1fab897ca5a94364fb077dbcf2316c30db0c584b4c8cc6ea45fc4167a0830b703c4733deee084adde8790b28ef4fcb217de68df80e3dd53d98020b94049b13db9ce43759234ee5862d963b7e34efdebf0ee36cb0a5cf0e7f33c07f69c98b8050c1da8f5fe46afb7ace51afb439f8a9a0fbc968
32 253 100 255 38 1500 :9ca38771833e9f38338f62f9bdf8d2b2c7e9a3a12a62143cf493a371410e5b203a0b40792f084a52bb6f6251595734e3aec56a74b3c41e0b7a7da4fce188f2dd16663d3c460dea82c828dec2804e0517bd7a921b3c3e4b535cdd5743bbb86da8482da7dec6c57b5c8f4301189532d6036f11e6461c78e44ccefa24651727185ae980ad5e712944ff12ebe0ad13a3c0ee868698f16f628d3a24092a23d68053070bd6f4247c717275c0ad6525b152125a1cbd2fb5c13795b8be4a6cb63bcc6d8169331d65658de4b3e4a00f0b7219b0a00901b7e860e14611e893ea3167c5f731fa492d1abe4babc69004e26a166a8d56539d3dedbe1934a47b37d516af
32 254 100 255 43 1504 :74e8c473c63ed5a2f141abfbfafe7f58985f15eb53298db9feeba86826b42aad6673fd9ccbea170e74c9a06873ace2b3aff7ca25cc0bd0c84943699bbb3ebdd1e14d6ab68869446315299070fb6fc8bec73d9e5810bb604f3f6d99bc2e99954afe93c4d2bc50fb61c094db13611b113f1c1e55214f29db35ec3e2ac2b0f16e64a0248a5e7b97273f732db53c2ed72d251665ab95d4cd901754892f4e14b6d6a59321101a37ef22ba31ebdf1ab1122565d972cbe92419e6f912e8babac053b4dd5cb83cea12bc61c2b56ce74d265f36b151e27d28eff84eef8ee129d944a85c5bc96578171f965020881b659da3253b8c59c694925303f850994705fae1e1
32 255 100 255 38 1 :4f811c2737c06db4b99047be75cb07f2c9ef1d6ee519cb5916c40935d0ad63fd1926440471ed16cc0a1d2428d3495eb0454914405b63f1b0c6dce2cee3a337e81726c3f705ef72c3d80e8d54ff0477b04a585a8a6aa60a3e0e65a2974d1f752951cb704e1050e47d9a38471bc1da87c1b8bed23e080d4df44e7db9e3e04d76334bef56f984f208b4b9d28df0ecfbffe838883b7ecb8e8c133aa36fe5a0450a7857a34eba291f9b8b3ceac4d19a9b93ed1adb69a4532740446930986e6bde1305267bc0a75405c3f84f30d9610c4a65bb32b00934e1bb66733a0ae38c8c410acb2602be7359ec6a3d2dfca1449da1edde3b87fe6071304833f9edc28cb171b1
32 256 100 255 37 1 :a2951a091c0a28358a9817345f14e3bee82a7ee2a8a277c33f28a69dae3b0a91293c20045a02d02c90dc69f75e2fffbc6904d555ae8522feca3f30494297b58b807811ba7d3f99bde5d40de273a8ba45dadd8366446b73808dc0bbbe3a6da00550075b42b9d3c2ea9e9cac8e58b08e91504b852f8cb4daef3cb15c7f0167c3803df75fcaede32e91cfe2727715a269d9aee0bd36a82e8b6ae8342a3f9f3f1c883e3eeb0ecba3d3b03f8cb930673c9b9a31e6d1c9aa3f3549bbb7a1528df57d1f7e01d8b9b29b12421a73617cbc969e7ad2d7a12987766b10c740d2864e3a02307af1096092b8f55afdb60aa9ff0b6f215177a3d9f599154c087ae76467000e00
32 257 100 255 37 1 :f00706b31099e5dce81c3fb7cf4a5ea732f8396e5d864932d3d52c6d83ef78633e6c3747d0fe113b1f6c1cd8d532e8cef92de09b266969a7c2afc87e3637ea599afea7b2d25115712cac57a9d22c4845a35b462bf9632fc5e914e3d31e4baa9a55fd14185280475912ecf26f5adaa1e7d5dcb3453c22f993d60024dba4cad3881aeea0ab346997d2b5cca44b2b60fddfdc7b6b5e585db7bd20dae3107c47865c5533a11d564f935a29df8f8532d0e044a4c30ad14dc35b7a1e366212ded763ecc0545a15f90156528d4148d6adc4ff5082751ada635c1bb78d450f1f659c3bac9dd86a6fbf1590f31263d729493770d220879828369ddf439ba64efaf1337855a8
32 258 100 255 37 1448 :e1b4e13bc797cf1f97d3dd6b88215fc3046f0fc83cab7cbdb49b84a3a1687d341138662af930585912896596fb2a048b539c0be0060944e0f72d804ee6be8e0a64d1fcf6dee026e75dffc232e897b224b42a2af66946481c4b5ef11cdbf79ca3d0eae38950e6318c081c7eff67099b4a5f94b9205c752b37dd1e0978a11afe84cd99fb5a3ea41f46f30a75eb6749359ea5d35c8166f3ca87f683ac950eb251a9b80780a1fd48f18d66b52cd9d094dea9a4ed593f27920f550061ef7ea8802b6cfb73d11c25c3c2523d6e8e659d78ef35a6c509fcd9848df6ece7bf865df8fc38a9a587bfb8a6f7c52f7d8e4bbf640f3931c729383e037a8fa7b71859ece60ebb2dfe
32 259 100 255 38 1 :98c950d04b81040d65ca61127f1a3ed8d1ee854d6a37d40066548ca85bcae58edf122fa4a157bfc45d567d500b3c6c453f005d6d18d334303cadd3140776b86e451707d7649e8362d92e90484f59a256987ea65f4f7b1dcf1c9458dbda6f23c6ab7ac1d754f180aa34c48961b1df4764fe214c6666c0eb0266e531b09b2c9913a88be16faa4a23dc8d59e89e3a8747ac4308fe12a4d071ee39cbd83443fd8161c103bba56b9f0442c78798ad920c162768c758577f7e145d906d6e1e6cee728c666dc3839fc10b56e09c1bafbbd6da005f0ff1cbd4aed3b5126dee05352aa3ac812f7dba20d1eb82814851c1c3dab2436acf0184acfca63453833db92b763fbb19e068
32 260 100 255 37 1500 :c020a6a30f4fb507b9c38eebf6a9b10b8a5d69846489fc25bb39219a6a735449b1f2ada5026f62661261b291cf3833dfc57a66f274edd4e8b378eac1ec24ae957991a82c4de3cf49f1947c499a8752b9e93ed177b50b70554171fdf98a20b989b4f13c785b6113732661bac8989654c5f7de5593da317339be4eaba989391493d521806a2932f6aad5af336ae0663b393e2fd910c3b856ba12e025e3470059a952f2b8e77d26cac86de05445353e055133f09e4efa2f3aebe016b5f4e0e9c8249d6bbeefa14514646974d4d62b5b3285d139c67524717588bbeeda50a9aaf16af27fb304d8af783e7537c4f02307c3f202628cb5ee763f78ff23352a60ba4f06f7bb7951
32 261 100 255 37 1 :214b057cae588eed14e71672f57c37e2dc7349660dfbd265b3fef0864c411972ec395f341c13353bfac615548adce8d842d9f172fb7bea15132ef532ec64e63c92091855c67b958408acd4056e2ff1a8d5fb95d37773f1b56e1a0664f8f469500520a8aad9850b7a4cac538728b908e70b6c0cdb62a8a099a81d119db77ee490fdf62bef0f220b7c1c2c98309dd5b3368e64c4955b2adb8775c8634d61d377b8c0b185ea9aaad1ed6b763d847b0e3234c01fabb3bd45670be7ebc3b4b5f8836fa58d35a902cec51fdb396544dd440bc405684cd4a3566f5f25849ff20ac483f0600a56e4ee3f146aa270af4733c763988a2cbe77ae2f9a3d16c0fdb64e2afc56281e6c71a3
32 262 100 255 37 1492 :c3d7e8551a8e5b483a72f5e7fc3f11fedb7cb278d6e06e624694c990ff4e2bb6e3115d25d8806c420f97d0a1375dd0a4c617c86ac1b662c9cac81ac34cf03bde264621b11b11da245918e670b3476c24ae24a20d90f99bdc475f8d779d983a8307e290866e689173ad89411b47158bafe33774f58080713fbdbb747e2df65122179cdf78d61871753a03f9382effe28e5ef53f81b98f38502506e7cd008c6547fd6f20b9ef0ec2946795412d5f5937b7582708d340f076810b4df53892d77424a5c9d28524fe03e6a4fc1ad76a92664d7f1fcb4c6d7f83360cc7c36ee83c74d583a797e949a510533e79c34fcc24787000089b1498d5260f869c2f332f12235cdbeec3f9ac79
32 263 100 255 37 1440 :d43b3658d9e7c3f5db650229fd5e46c46caec0fe4bfb3162963b7f33157264ce3f9965f3c9f9608e7c8c63521e7b62317f3d954e95d9a9d91dd37f2a79000141aab286f51d4e751c2fc2a722084086fa0dcd1f4889364ebe249df0bac48ff38d38ece4e1ad8073c7fc9fcbfbcf6454b190e9e2b99cc55f5545f58c09665e77cd41a3a21a8527963138711d8b21ab4462aee41b41396ef3d49fd2ab007ec3b6f8b089c9964322a0e740cb08bd2e9dce7e98f43986f6291b7336134060c1f79506ac88206bf6d288f6466d7a6221ab16f51b4c33392678924f3192c870f1c96016abd542307d1b6474556f7d4a71b267d7fbba41934d6ed96f96dab32aeb5141cf4d920e05e86040
32 264 100 255 37 1 :d683dc64e2b03647bfefa76107082bba462c90f1e4f2047e769548625bb64c40ef6f7e9ef0df4b72c4e9eec21d6a8e690e1de4e674b57d60cee6a3c4f3c33f7e04e43121b9fb2638b2d0ebfdb04d39450bb6c3ad9820e60c5afd11adfbc3273959bea81c2fda04afa96685de92d978cbe0566fcf9047d1ff5e3ad48783c07f5ca7e2fcb892cc39ae499775fec5fa3fe890fa6713e29d325fd48fe45149a0f7fbd1eb5aa67ff3cf30e2f72898024488bedf5c2d274698c8fbf031798c6f198f686cd52d94f74dfa63bd816fde926f69ab0a4ed9eb21d82efc0926b01d302d85b20a686775cbb8ffbdcd2ed605826c9a6deb1276c3aebbaa58ad868c7442506ff994cb065b80de28a1
32 265 100 255 37 1 :a0a2ae087dc7620b1bda02a05cad954a3e3931858cd0a66c241fe458cac8108b2d5d1f8286bd58bf624da030a040ff459088bbfa3a1a6b844c473ce845364bddb2b71ff667dbd72862d3047d25d84bd32e4bbe71a76c811b978a0fc7a9fda7967d550ebb164265d1cc0b032e210a8ca5d990f1b47fb2265289289abe398ac7dcbf0d5130e6d57d8a750c37fa138645d4192d181d4cc966bc04e5b3d9c5939ae775169234bdc24ff84c167400981b0b9710bb8e97af7c2c405f1a22bcf6aad3ad57d336f63554f27edcfc178f26ac6cf09d20f1cecf02c9b11c21e2360c2a8bcad934490d944c46c449c2359cc07352fbfc50fcd7c8c104b3f3770402a5d164fe090937fec6ea874a4d
32 266 100 255 37 1444 :f353862e642dedcf9ae4d248bc9e963ba4a39635acaf02a3bd46c6c3842df5c0a9a1b4b496af3456dc8eb33c0a0d5e1bdf234b5c6f97ec704f5a93c5e6634caed8ebd7b9027286cb8e4cf320bad5e4c6beeb9b57ec980c2982139bdc471649a124a1fa63337f5a13d0b0dc1c4e6538c2e1babfd81e39bc21e6f0b28953380a1fae02ef243f6c1f725276d7c3122c644ae28cc1991d4bdfa39ab5dbe81a6e449136195b73f349ec3f0d96a6ad9de09d37817ca49d6bf6acdeae60e4994160760a98725d389029e520538fe7076a210c5edfc77a1e00f4cdbf04333ca66859701ab139255980b2bad92384d3597737f0d68f784f3c5a567d43163a72fa4cff171b7de3976e130ad2e3a568
32 267 100 255 37 1476 :05e3a3b39627667cdc7add88a0711b1351fee78f37f7b57c10527cd6d45018a3f150aed7765d5a285c276c5b9e8cd322d3265dd02d01836af7716167a8a0ee91f8e391a07b11d2070b50262ae1c1820dfd0c5b72c07d4786a199393eff5d3d5166a59fefbb79ca87e3823c8a8213b89605b017866d72e13e9faae37f4adb439de7ed7ae60117dee6deea84e2f5ceebeca2fe1de67a1737e53c9d168d9627d8271e00a1f743984c04bea9f9d0ac47afe80b6f5752d28152a5996b2a69a8853ea65e807f775cc880f4f8aedcdebedc2b36e3c1d2268576ac1e9147cbd2609a6258c5b80752fd32628230ef9122ce4ac51ec9677e2284d20df28aa8be3d57ceedf293ba81b8f433c630677d1d
32 268 100 255 37 1492 :b22f0ce7540f39314858caad132b4b030290ba1eb05d60176166b2e6e973a824c108ed931bd1c127d72b528278a962bdeba129038e19e28b4352fdd2dbb1bbe1d379d6ad1051750ba9fd6e6feaa0915d529c897d8cdfe5631ee23cf0708b8c761cdf5403d2983d44af8381ec56c4618c0eba243d21fd979b4f711e0c87c6ae0102de5cfdac14febb3191d945130e95ed1806b00bbd76485f29575149a66db4392e3c839ebfa77f03964a9bdda1da91fa6e9556a7e26810a89359e33d5e5c38ecefd1bc9944360894fb9358a10aa7e58a62438cb45ee0a551c134ef49232242baf5595ea7f9e31ed4ca4efe0cc0fdfcb9d2e8f7a6dddcbd04c9927315168d42c9184704366fdca70205a3678f
32 269 100 255 37 1 :55ee0d7b418972e60f89d01acd4338f38574c0bdfbafb88f818312713ee88b71e8f018452a1fdaa91bd6681292b4341dc5dfe5f68dbac90fac1dc7ef04f194c86467f64fa7906c6425e4e7d48389c19d89aceec4411bc78a108dc5793abffc1f7896e7103a71cb6d8ac39e32306c38b30e943ef71b15a13905e1484cffb75ff848e65515ea5f7bd1e218ff6a5e9fd22fcd474d72dd827c7906ffceacd1937be6870dc8cf8ba6e0c7ed318858df806566bf2c5812e7cbdaa6d3777e5b73b275726e50ad81b87b5a61aee06ec1129fc84776de5da3df624d9829e53235bb71c7d297ca91857c68978462d82c518e14a71b04bab46907189562eb57791213b79ac18102bee4f0d6aa1d357169ac84
32 270 100 255 37 1492 :6c438c7b577172e26b47e4d29cc32e74e561e9713d5f64bb4026851473da8d8f305d1b4bcd4da5a3a3802175a942f5c70ccd0427a962767042a7923c56c2a270fb853bd4ce614711ac0a58a97ca7a691fbdd2e5b7bb1d98953313ff6cf963ae1686364d55869cd73c44b2ff1c2590ab3a2fd7927894e9b113ae7201ffeb63977b6e841501dc8b04088ad692c6dd3cd846d6d65e63e62403c3411c4af279931fffc79ad2257ae54dd963bb20c7df17e5e81f4b5021a01fe1a120ec18c4a513fb837b95f868d53b78162c5f9cfa211f89c89d5fd15d4f5470b41bf21898df7dab08ac0a41555ae5c29c98732c6c3499392e7e5ea0fdd761d50e82563e0077d6c439d2b1670aa706d6ebf0ee31ce9c0
32 271 100 255 37 1 :dc2766a4a596b2f6b8d41cd7cdccb9e457636de6f259ac97e3b09d63fede9ccf914f8504d0a30be6f3c964c5e02960f6caeff457c18d751783b0191c6927d403f66f93410f07b66c5d9097427ca5d9bcf29b27a3ac53f785bd1ce1e0249784ae50d32a94cf2bc62d6d1b24ff60cb7d058082942ac556fd489389a70a69963d69412bd6e5f775dde4f51378b45298bed898ea9a8d3e732d035e94b49061d427506abd0ec596e1250941d05d63a9ed60f6d1b463c8eb3c83bd33c37a1c768519676c895e5fbeba1bfd56f47b0abe156600b898a4dc71aa5b9999381854baba619e7b33ae5fe6fccedeb2885ad5784d34199dbdfecd26d7db6821eccc93eddbe717f534feb0b936ee0573fd719d381019
32 272 100 255 38 1 :6cee85024605c485864863de6b2dde513bd7cdf359457d08588ee17b8499a8a0d6805ec626a320d901d65a516c52e7c5e4b186a6e9654054e11f1582beaef26ffdcf091bea174b82674d0f8da9e16fa88db2ff3ff3cd1aabd837f28ea331362d325e6dc27dc0ec1a47269f59b4413d9dca6f0d1d5cb1d1ee7c1c90e19610ede810227a613a77afc887abef8e8c1eaa12d27028af359e083b137f77fe637a98fe2ce70ead3f30dacc321f6eabc96250cc83895a46fedad61012312647b9adefb3d7c32b7e2422b026e02567753af9eef82aca9e834ba5b66fcd8a1ab03e362e29e6dd25b4c6b86f9770c63c1163506f7a4c35d635cbcab796f39a74cb28a3c876b0a128a7f91cbe4a82f4eabf31394de9
32 273 100 255 37 1488 :27be289622aa25f7faf720cabc8f0f5773fa95fc3496b5f16a588a26c0bae8e1306fdb92bf3aa2cb705d5b63650e9042f748175f50c55bd2f4758b37fc8933304081c5b1d18fdb22c9d38b65a487259c945403858d9c23ee62ea82dafec1700c28be49566a8f3382687457866827fd482a904d1e0d51ef7d1b919789ac42011c5f7380cd4e3f00974bbf0cf363801d8f975637e4fa4116dba2459bd67793b5a8fc77d4b1db4714559053f519d60b3612a30f68374eda0806b8768dab1ea50cedde4ea2c8b6efaa6ab55300846067d9a8ff280f41847b49a35735ce065a6826bea4d3602d27c1e7f51087d15418bd5c9b3040c7a6017cbbfcb5e9a5170acc276ffe1d78357c860271b33e9af64f4cfed77f
32 274 100 255 37 1 :fde52db1588234b1c83b5a1cd1b76e156d2394105bf67aeca1507eee2b56d5b4d4667a384fe20da247854b29e410afeea9b5db013e220b766231e511c7abe5c91786918eaf06213772894e7193ef3b3cf916fbda3bb0675ed2c4fa926855bb24af8ea7fea4638b5594a68fbb734224555aec636f17c0f27c254bce89a9e1dadb2b1c373985bbbbac9b9771a660019b82d9eab803d1ce70a572df13fc20481db3a0607380941c1313aade29b28421d6fb5ca279874f30b1c28c67921f0a075af92abc05deb9ba8c667c2aaa107646afaf92084e298f966f6c45a52c348f3d4cdaaced862c503b54a22c4b90bd2accbea9a093cad4304eeef5ada51295d85786b83c117d7091f21305ad51b328207eb1af8879
32 275 100 255 37 1 :564007a65d880f231e44cfcb3642bac67d77ac9c0078a6e448aa955e7688883a6999a6ad84fe6b9d8842b2ec1f2674adae9526d130d30309277b014fe6af8e5d3d4b0bb186331760fcf9c923b96af3857a74191e22c1582d89f775d4df254bd211cb0cfc55fdd2ca191ceafd533e31eea8e13a05c130aeaa769713cf4c69901252f9fe720573d89a30535de32dc4cc9c043c675f33dfea147890b94553d76085ea8fa740f830a21ca42c10dad025efc6dc76dbe813cbabc732be41b216fa8db5d98993889872765c8b641940813267f923bee5ceb51a5b0fcab058e878922f5a3d15957fa5837d5d75f9c73fbe0ce61f345f4af5df1068e5a6eb400a64c92313324f1f5ed12775762e7e26ba3776d7d2eedf9e
32 276 100 255 38 1 :1d533b09fb99a794265bc028b7e63b185e2f0624703f44e0d15269a6ddaec14ab8db970b91c61c950453857817bfae4dbb6b2f1aaa400154fcb67e90f08e3a31c73560a61459986fcdb49b48d28c1a04135d982af8119e960e7c56107a770e74b770effd3fea33247fb0b207d16db6743821f2f8878e3e89af5480163063231a2d04820c69b9397173db805d146c215500892dd960d9a5398c17754eab067dde35f58554347922f5e15838b413ac7279bd3cd8013b30d36bdd953a6c8b1d4015200f0a341a2973899b6009875592a113724ddee2c426b656216b7b223e6ff9f01285b818ea3697da7ba3cf38a7aedab908393995033b0e390963e1b1f89ec1747b139d2da70ffaec742a107572dc332f62ea57f5
32 277 100 255 37 1 :388cd417233629bcd69a5c686ff8898bbd326bfc536993ce880a2c2de44ebb7141823adfd1facafdb2ea7a697df672ddcc15842da2504176321e7b62b5b364b974781fb4b82b8692a913b24ffe867386fe29133243d9d46c5fd877e6a9844a369114da68e331b632c1aa5f8678a623e8b2dd3ba29c50da3a9407c64c9506e782909892113c3d67e8c0c899b94534ad4cbbf27a4b8d0e7a328d9fde2603b4aec705bf97737b5cbd699702a0c8f02f6beeae2abc1e81220d680e9504bf3749d82934ed9bc655b40fb7e7efe71820225974c03641796cf56d00f5ea878426bb3edc41726e4aec0d62ab922c6c35ca9e3c9a49ad4598ee5355a6bfb5bb4ad66549dad92b6ee1d84a1e009932b51356fb1c4085c8d1904c
32 278 100 255 37 1 :323753faed473c054d2f666a3f9ce817016b084f8b1f7d46c9e5b37b9907b01c140103a9a739e612908293cf946801a75e6cb53b22f04d1db2e25dc3027f112fc01efa6c162ac03f91333d556fabba73eca4e0d5f6594f69c419aacaf72917bfb42718cb4b8e295492a1af930dfbf42976cf580b13d605670585d8d29c439a9ac17fff6f70e8a092256ae6548e1b5d0665a2d209ff6ed02a73470dfaa91ebfbd5cc4d8bd716103219277f1f05bb7f95ca63c1420c932b9e1c93d6cea79514b03496476465131e586178a693dafb18dcee4d028935c624f4b23f8bb110a2426ac97bb7729421eeafb65109c52d94ae1f5a3f054f0519d919d4f2c1055a9062806cfd2d15a2f2fea7a47f52c4bca3593599e5de90b90b8
32 279 100 255 39 1 :ce58b143c6feca242a699991fb7be460880c95551d44bffd641017a37026be13f7ce0ae4544f5c09c93ec7585a56d87855c425f13d7d1202f698fd87aca08ee10d32b615813f756662920a5daa8b0d2d1fb5b445eb3f84aabaf477a446014be2eda6cfbe0a260a5abdd68b646528eee2d282d951a0037298d0e87ab58ec7bf190ff61d3726fd98272d3a30d518223440d078ea0bb157b95f694682bdc7ec60abb1f6e91d76a608d7b39101b90cd6b08a94a9231f45c5bb2dc7d43d5260f9981f1a835e237d2f5f7b886b619897c5e7fccbbb29a7850aadf976865260f7915a06073f0816655f3ab13e306a7e455eaf51a5ea34057e72159c8a405dda7e50f4a9e501a6d2cb0f296d841a35163b2af17cac2f0d83d3bc50
32 280 100 255 39 1 :c9d12916bd1355c7995d321e2e6712d45601dfd0c73a8c130a04eda4b53e2a5676730f7b75ffe3ae410f16a97d574b66c5f3f10c5a6c8b21c5a1d23432c19340e4539e98d1653738eff75c805ea33b2961a969d6e3c6e90ed44314d6fef48d6be5a7f03de602e64f52fbfc704747a23ce7f6b0d661ab8ce99350e5d13c92cdeea4310f1ae8c1003c0bd18f2acd730961708c19d22f96a0b280ffca82658396930be159b330eb8e4f6ce10add16299a66cc267c37aab251b84f4298b8743d4962193ad1baccc8901ddf306534f98f9b854642a070d7b936d02237b6944657c22058d66ef4b8ce227544d27030ee945e19228a7381c5a2a772fcdbfe9cc2e309bf1711cea4f98eac8851847dbdf6a04248dd98d9ed2669c0f3
32 281 100 255 37 1500 :a858619a688f3b09f00a38aa84a705f843085dd163a1a7a6e39cc08a0b8bfccaa72f9f98b181bbf932267a20514ffbbc6183c7931f80c7fa9d66f76b8c40e0cdd14b1450968d5eadbb73c4f15abd978de334ae2c5ef71ca5b1a1a783a2e708daa7a8d65b5691971bc6304b7bce99cc66a7876b51c5becc92713e51cb80a31a030c66578879c4ce2091a0cf36286cdc111db0dd4e0ba9aa228ccc14bd418cb7c50fdd764f02325a359e2d87780192dc1b97e43bf0471fa2a212e9675eb4854b8279e107aafd850b1f4b25f3cba93d3fe5e821612d3abd0ef0bfe4d46ca51dc7cb559e27090ef2f4968115a64f607bb5d39b904dfcba4e96b98bafd3bd17e10b593b4cd7048eda116d58ec529aef663ccc975c5562bd09ccc50b
32 282 100 255 37 1 :3e91ad94ad3b4372cb6c5935b5f61d46e6f71205765e1d3b0d5a966a6db48df8a98fd48169998cdc1078bdebb61c10c46abe1df5e2909776a0900bf765f44b0d8bfea1dc011beb4add8d896a519134da3a7296d31867b8a44def459929f8e374d10447a5aae7b968d69088e4e54ee9e6f807632ca16b5f5fff53b4e90aea8f556a9691b09fd79ef96051230b17864c0bab3e30ab6b1cb0c867c9c5324ed6f19c31fd57e3a39c0607a66b7c41c4c30d0a24d4453359e1ee3a45d205f78381e0336c6b5215478db263e21806b6fb9349fa808bc32a3f654fe1cddf8300ca506d9fba3a92ddfa943ee05328f6562eed283e47c73cde50871e4d59839ff1d324c25a5ad6997397c073116fd9563723fd31436f6432bf4fe3faaa9037
32 283 100 255 37 1 :0011da109dff8b1304a55f9c0a68ea7b7e875f208d2bd3a39b516bc0f04d391711c616e0db370cf509e362c4f3db20ca5260cefb3b28294a7ff85537ffd5ed160dbaaafa6f020c73c7e10f7ed742165271e0542dc531232e586eb16550d6704aa0e89e5c582ca0b3cd2ae209ceee58ba273c7b1a0ebea5a3d33149d51b0fc8ef29fecac52abcd032a1cc41f4d9156cd745288dbb6d0a75ac54d14b6c5c10aacf88291fb95b6cb37556303deb16dc6e8dba37de97adbbbf94951d973502b31fa60b6c0ad31ccdc56edbb8755559c8762b1b9403e492797600d3b154852e7614f1b1cf15642db9d46983c965ab6e2b89cadbb96c3e0af9ffd8e6d602c70e96cd4c4469db10ed5ea59657a2a99a4494e83f13d1ec331c543a700207e0
32 284 100 255 37 1 :d2550936864e999f5faabbc765716e9573e1f05161ac2a1894ef36139a675b1a8ab8b9179b56c74a8a485467583082e488fe5d8cca82509958e588afd874644f2721559d216e39a85034160ad63273f6a62578a4ad0b7c1ba20c1e22d90dd3448a4c4ffce54d952c8108f1122ea82abdd4194d3b2e4b04b44859aac74dde47a729ce4946fc8ee92fb213811d51b94ca3fbee490e5aaf82cff8c1ea4db0d2262bad0b7512d9e51c057bd85638cdb071f3def5098141bcf0dad0abce758a3a6a57b47226c52d4f5dcd45675353f055881ac70a5a58762957513649178f0e2af3607b223471eae70ae98c2c9f108c8fff222392e2a808c3b5e6eeda48073252133ef9867f765b6563df690eeda4108cfc58d9c3a53e9580cbbe5f6403fd
32 285 100 255 37 1488 :1e1c239cd9d0add252eeed755d9f02b47b8c12de6390cc44341df51167bcd210cbeb14666503fbfa9921ec569855a39b09abbafe54ebe7990b6424d108d0a8aa85782a4f651ae1ba73425d48d2fdeb941d1f4423a38ff6695df09ff7e3a6c228f102c973b3424ae9d4924cd6e11cee99da740231069e7b3f7c66cd4f287beb47f3b28458fd23b6f75138e002e9c43bc1d685a46810dda089f6c4c6d2a9a226eb451750e84939c1ab78f9ed1ce040c264406c365d8f28821b28ff81b3ae8b68ae9daf6f65082f360b51df7a39f85a561c3fab24b73fe9414280302d08acce8303c55749d2c0f5994a05089f97f91a24c2aca892d7eb858d8469c1bcdbde9b261eea255883a488cc54ec596e396153fc9c47872d362d35be571126f50bf4
32 286 100 255 37 1488 :ae4e40a6db581b84f249dca63711c70a90d881cb89c43e035245fa3451f02e624224c8ed56b94fdcf1451fd4505e59e4e62444737f44adb55ee9026865a36d97a112bcd4209bd906fab5030614a52e16866ff0f43a3b71feeb8a07441a954da4faf2987454e995a0d32f21aeb1e62dacb5504b65f19449c1f9c733b05c2fd0d591310b91ff396da846c4caaa6047510d04057b9977f9743d53197a9296deb006b7ce20ecd6c8418be786a1907bf7a49abe9b6db8e00b3af6259020e6201550748e7f0d491f45a885b4dcd111d7e193dcba0593a8ddd0a5c7bed1a672b590a56e427434be2a2de4d336e5b07409c3464afddcc34be325c6f6d27e32d94da94f5c3b49202c72bac25a30a74bb1eef34c84b958b468ad123407be1fd564f338
32 287 100 255 37 1 :9961c2d31c052221ff0074e97ef772ab4b9de95e1755a78db7bf4410e9c671052ab20a2cf3f4aef5081c9c0d0e3f4031a4fcb2603cc7f78b2dc4a8fc7cbcd680b2ba9e467ef03075b65973eff50d886ce5c9e47635489effca809f2d5be462bcebf9b7ab8b1d1fd5f18457b2a4fcc9709a17febda17df80038ff46813589ab8f86e10d92f1dc5077b56072908846fb5f35d5aa6ad48b0cbbcdaff6ebe946862d0030ce6684e63315d75e391322c4011b8178a5ce4b0f3eff00e604e27f79b6797fb609bda53b8bf231d1030236cee0683894924ae96af875f249e93355c9c5217a85607cb384727d60985afea64991a1613f700fb92dfeca37159e99d6a33c2f2212a13c2bc69b0f7a8ba7c80a1bc5d8b1845b4cf88f3e57418f90fc2beb84
32 288 100 255 37 1 :935e2f0186c861e71d1eada7e08dbd85697783ed5457c243339ddcf3d092716f89c0f52c6afb5569a14713c595870a2ec0020cdb18114e8bca05a277fc687c9f4f21843e31c2f73d297aa3e2fdc3bdee60345bdb8b936f934b420835c0896bc0114a788ba8c5dde99faa45366aa31e0563ce177620fec1aa7f7697b24a5fbcde45cde79a7306ae42d80730e19dab7b4f47caa4d8ae2689e0c92a0872638f1d7976d0f478a52facc21fccf2d13f2e49a9129ddd2321386c0824e20dfb0906d2dad790dc919fa217643e980b203a7830ae2033dc303fece92583f1ac7619fcc876925111cb5652cb88e21154ca8610cafc1873fa8867070f902bc05bebc44d378a7745ece08ab45f22a71b24aa0778a80eae0d88b5c5ee968cf91ccc4685fd6d90
32 289 100 255 37 1 :cc45b44e52cfeef48723fafbe5b159d7be40a443c4fc1fd27627879fac3ea79f5d0d0f651648d9dc22ca972e89224b58aaceea9da63f800f8a6aaaa7fda38b674c1f94269b021f0722b3f6189191a4e0d3432e35af63ecf25b39796292973423b5873ce446bf1baf0aeacbead27b36960b45477507760851bfff2e946aaad9d2cf093ec3802eb86477c54eef3318d4bd861a702a1f0ac94e7059a1f79333fbbf8d29f27d24716af10e6a21c99b9f28067c0d6f6306542e22cc99d1e6bb2f2d772c173f687de3eeedced87cf4870cb210fdc4692658bb485f47a2a331691a2bb373c21f1ca10ea7a3f048c61742f1e7fd87c46584828f7b4e4284441be8ddbd0a49afa4eeb0db05a2d41ce119b153532acf1d5baa0c8011dc4d4754538e8b7de140
32 290 100 255 37 1504 :baa7132c2760ad610e559eb31af7b2c5ff53f2baeb5a3d6853bdcc51d545d17888071b1b6ada862c2bc7850da024c0626a75b9453a171123a461b9adaf2c9de4da34616555786e6730c66e050fdf3b656fadc946ecd65eab3f24400b473863e41d1e4cee94c37e3a3a98b9ffbec3c0d8917fbd5dc3e584a163d07f11c566e3f27de0a877d9b17a90b8857d336d17ab43ccb3566d15d229463747310931b9245a4d772185a76dafe02ed8906f255f80b33ce9a37118d738059c40e9a8da3809a04fc9ee52ebafab8b85bb4e9fd1275f427f05842bd448c5fcb1b2b48c9168b78377c4262d94975e757e6155cca271d7f6ea685780a51e70d5f8e0897330688a1726b842dc1a4a23f170fb7235cabbb360f56fe0d894d36604ffaa9430bf4c7e039897
32 291 100 255 37 1 :42d69b7d99a8aea7a4a93a77eb6e87547c055affab5eb7a34af7129a913ab8429bc9348d4fd69cca8ffeb675577dcee6154e5ca51fb26b7bc443131e398537345843d50c3dab069bf3a08bbc694e4aa97cac556a3d516229477da2b9e7d77ab5886ba111a055b1a36e6346002ffa53c024799a443e22e24d4fc1034b7dc65ae338deced0e863d48894714733f854db002705c9005a43dd446ec7f6ef3f456b31d7716b7a626278f4cc970007c2985deac3b2a1e95057a5ce990b1a7223d0e51b45b72ee1f0773ccdd6c4f363c892738d908e258ecc7c1e77856b5b79d35d3aa61be71e287c7c658057d1ade3d9af6843a58d59d99a37a251badc70609870d3469f08da0159771e592ba589e0b83879ceeb746f85f6c7e3dea389fa8a477d6eed27ea71
32 292 100 255 37 1476 :847a6207da7b7ca4df13e84a46969e58b48c704271e05ebfb097bb5c44d0e97d47772a7e6ef9eeb40843f3f2df9007cd10e6c5e884b8192e629bcb10c02498b72b3951c739b9decc22b6d33c9776266e5fdaf0ec57d14b8a33edf77b1cae25c8387bf71c2b82ab34838be2def95c05588bba6a3775969783502992efa47ca6147812622b87e240ae69d480eb472f940151eb5f3cdb03fe2e371baf2b34083db1037a1d34d28017154d2d588b57b5b4cd7e0fb96ab19750b6cffadcbfa663fd15a963ebfd5371111f4ca6c09c0fc77ced9c8641043b04f4c408874f5c3102b1c5166c7ae327f233db0bcbbfb10dd48e2059ffbc6979884ba659e41ac9f9e4e62cb1410ae82419b1e1aa6a14be9afb1e72cce4ea048f9fb8b0d59fef4c3f9c9f7a4c71344f
32 293 100 255 41 1 :4468404f8d7fbe43a184144b6f740864cc9dc386bd49090742328b56540e16001f9e9671395b57e3d31591e450b0015f60402911339c5103bb4906a00d718e974ed3486a0508a9ca8a655848c479f682933051913059d8933120caebcc9ae8955823f842d61428ef702223352c37593ea4adc1562fc77f3f93201cf1baaaafbcb6e9f67bb6999f96ed82e60f81da1ae35fb0daed0866dece5030ad542092dea193c3c5575e316b1d539e6529c259e53b6289784b8c848b91c660bca1b304e63bfbf7bf91c7d44fdd106375c35967f92adabd1c5b8baae45ea4f739fc10e5d24b64a64020f95f29dbb91274696e4cf221bf82ef622ef2af2eede3d76776746f0e03c6f4f37548cbc678bc98be67f5463dd114e1c6059b34377cf3f150a87befaa72c786ca31
32 294 100 255 38 1500 :ed9797049b82c1d2c03df444307f520eccf0b2ad72611fdce54052b4c11afaafc3041b4e14195cb419a39f75eabec57d1429bb263a009098343085fc58958a946b242f4b77ba80d469e83c50738a995b4b85efff85758556d472afa4eb14d634d0753b643e67195363261743c188926d63a7e454202a4170bbcf69b7d9a13f96b74c32e5247ba6ea4334817397de1c3ab042bcdaf5910db1d9494f880620fe30d455202afdb9452eaade247142931be905df5ba05ae66fad14ef3603a4a42cebdcce6c5ba1af48989410636845950a854bbb4ca458ebb4fe3ca60d74953143d5fece39711e99c8bbb0cab373bedf6073be1aae5e0bf8a02e92363af1dc0b9e64df4c7f869a116243b519855b1f27cc322ab1c313c84dd9f210e462fbfa1aebba2166bac7c95b
32 295 100 255 38 1444 :ed35c50e7ef423ddd8cb50a418569cb4116777d06c0e31774e58a62c42f73941284776755a947eb5df0c5066eb10964b2c4efa8cd88f74b967cb7cee8da84234dccc88645d01a8284b6b1bcd056b3803138b0aff613d445694bd505e6d39a175779c2ca3b5d31edac2d42487c08f9830303fcf4e6badfab262ce42b93b3ac970b857df6303815f2ccb67a9e02e2fe3cf9d5428da92d1dbbf547167b039bceb753d65c24ff6a32e4d7072d431b48a590f03649ec672a0f29d648fb25109a23728f5119e0925260a17959b540a714f4f10bb6bc379e1a2a1f49a08ca661c3f167b8059f2ec08abc7eb795fa5a39cc24e96297754f6da7efe0884243d21bd37387feaa730c6b7221b23a9fbb9edabfc6f921daede099d8ee2a2c86a94ebffeb877caaf27ce0804487
32 296 100 255 37 1452 :9b1bfcdafeab7f514e22b11ea4b49b18c49c18e8a2d959ad6f733b7764f998af02740780f792477b4cae6d4f02b50bfbed64b2d3099326c55f32e8ab406ca3e73b01f063f68dcb2c5826b68ad6c914e8003980b1802053b451d7af357ddad60a056a0463f132b60333d93922869ec171d1762bf9a734ba17a62c87aff4275e761f14349c914f29166806fb8485eee887d73888b5fdc78369465bf3598d9e017b0c3959109f94c86d7effc840995603dc546a55af65c4dc061855debe728e52eab5530763ffbc2ef2f3f827006fbf460bc15915e061af669c1fbccf628940d28227caa4f2e409fdf355187170ce78addfd075ae26ba91fbbd6ca5a2fbbe02acac7458591dd0fa815c0d37b2d4f05160b745f1b53cd6928451eb8b191b7c652b1f7a1855e5e31c2e1b
32 297 100 255 38 1480 :232ba63b90747d37ef3992acaeef5b925470655e8be86334279bc8f55d39d58dff87607266762029c98600ebf8f880beba70292505db9d1c1e18197b3e9ee0f871f9b933089c419717f5078ea998208e80cea960c90caac6cc5d92d3ed2e62c0e62b605fcbdeee286376a3c74db92c6293f892a0e8d02e6c69750f957575d93b8cff684fbb73bb18221f93e1816a639a05b371d3459b0952d774fdfbf30f1e5cd60c5dcf7248d5f254da62b7f66f79a4f0ba0065ab5a0ec2a7c47d15ed4412561666653b159c896b680b881d5bde4ff631683da7e5618dd673f61a603f86e279bd7b800e29120b304a526e855b039ada39c3c2402f2ad30d25752b0860f7f42451789fc4670d27baf80fb47b688e8426d495a3ce02ecf3e4ac93fa31e1b2c58fb6281399cd142dcf7a
32 298 100 255 37 1 :296c0191ba368a1dd2b5fb5e83e13cfdeaacec68a133ca51060e7f46f60fc48fc4be2ddde2637a3af97513989e4fadb2bf2f40cb5e5c5a319d5c5ce06169ae7d69594982195c45476149aa79f29b2b39648a27a9abf73a1889cd7d5ca9aa16d090efd39f6e209bd1a5e47b06bbbb2fc6814104008e70ba40f041dbab49e75f315946889785d41229a6da92a645b8c3bbada0b20c3eeca51dc91ae189b7ead48eda004deb0ffcc2ac6d901d6aa72d81ca774b71710fc65bfa083593dbb08a8e3b6e7f239012cb9a5de894562e29013bf141a5b95dcdccf437bc27ddc7f566527437ef160d078f9fd7b3e3535bf1762502c4b232209de2ae20571a662c0cc3dce21967f67f3753ceea99a91c9b895a32499e6254c9ffddd93270a4c66217cbb8a228c8c07097094101ed28
32 299 100 255 38 1 :07d3d64782b60e7674a1dba5dd2e83a0d538e10828fe4316b5895d31288efd0757aa8a6a22e672782f57865b3035e2f9c06a2dd6f5efdeeda0f0f20283b8e1572d422ec0149642cef5391d885259192480dbc9a50e5971d8fe93e043e847dbec6ca15c7a465af889122edda29d5dd11c948a76543887e51ba073af97950e610f141bd5e1b904ae75224cd6efa31d1aefc374f119d0de21de19440876f276f22eda4d6d1395fab9ab1b582236da9ea852cfd9b4f6321cd8dc57e3738d2b1f4d4fad2927ea9e55d70bb7c0ec4f48aba363b65be25a1db7732369707647825e3c03d3d5175de226d4ae7ff74f7c5bc7abf3bbf3ead953368cf5c0ec095c3001ccdb84999e98c02f337049f5f0c6d320045e585b5a17311f0409c9220f8cd3777afd43c7a0bf9589c3614239a1
32 300 100 255 37 1488 :8cfa45c288ea6e5137a82d9e71f96ecffc82fe856220a5171afb4beefc29a2c2aaac92d6dfdb563843d17f5f4684a22af7ff81c0f99a9a4bf41d40665c33b6e67bff3e25b00879d181175fbb20456c88233788b4bd909f18f5ec4e3dc5fb74e2cdef46e1051760d5468236bcc559f27b6409b7a14f1252a91297be81621e60bb4c0ad994b61898c3e2dbd4b2cac78167aefed6f40762c93182a57b1ada3058bcdce8ee9ca0cc788d7854e0066dce707ae533346a2ce6cf7dacf21ac4fd1a7bc2028d4e326e1a68a3b18f24355be8097e72666eb3471e6520568f6e8336a55769f697a7fd829bf79bd7ac96fb2ced710b044904cdedd3d366e2192f28296e4a0a8ec992544792c6bd8a90712e25629db4b5aa44e476c9349b216ccfdf76882999bcfd75aece5787673c797fdd
