# in_len out_len m_cost t_cost time[ms] memory[kB]
32 1 6 500 41 1256 :85
32 2 6 500 41 1228 :3d4d
32 3 6 500 41 1252 :61b526
32 4 6 500 41 1192 :eb76f097
32 5 6 500 41 1256 :4b374533c1
32 6 6 500 44 1248 :0b2c0fdabd5f
32 7 6 500 44 1220 :c6246e860bdbc3
32 8 6 500 45 1200 :a61f5599be5fc99b
32 9 6 500 44 1248 :2485b55df0ce148f9c
32 10 6 500 44 1196 :fa35c39a0b8401bbf11e
32 11 6 500 44 1248 :16c2aa45c0849857134a7a
32 12 6 500 45 1200 :8671df3d6bc6450da5d2c82d
32 13 6 500 44 1252 :5eaebad4a115ec352fa373c88e
32 14 6 500 48 1196 :5e8ab318f028f20f24cb7bb1ee07
32 15 6 500 44 1192 :62d048e5acef6160e225a8302c9c9d
32 16 6 500 44 1212 :bd44ae70bee66b48092fafcc4b51d4ed
32 17 6 500 44 1252 :dbb3faf55a50aaaa6128af37ac9287fa29
32 18 6 500 43 1212 :98e1926b46dc8e53b39aead07ae540c334aa
32 19 6 500 44 1252 :c23bdf0b868bebd2e62596625893c652ebd091
32 20 6 500 44 1232 :73319b3a67b1689863846a68d073e051048c9bb4
32 21 6 500 44 1216 :a01db967623189d6fa243d007bbda4123ef8cb3b7f
32 22 6 500 44 1232 :f068b8b518c48296d3fa83a458ebf3373b4fdbda16aa
32 23 6 500 44 1256 :808df91eada18e98daedd2c31ba08a9de35096f7194320
32 24 6 500 44 1228 :e9d91ffc97e000bbbfd0ac203d0b4626942bdcc41fa1440c
32 25 6 500 44 1256 :87cecc83564e3d9ffd865c1ddc0cdb053b4fc205491439f4e3
32 26 6 500 44 1216 :ee87e1bb1e9820291be34749e79a5cd7ddd4dd813b28cc221167
32 27 6 500 44 1252 :409810d2a266e3fe996ab42445cd161d3fb7e5d7a700a23a22f0cf
32 28 6 500 44 1252 :d481ec1556c5854f5c8a018e03c7f1c8f7e27400cd4f297f5dc10c6d
32 29 6 500 48 1260 :15a7ea04d940e2cdba38562cbc0e3aac1faf5e87eea14d245c596f9a7c
32 30 6 500 44 1208 :8520259014d1b77df4587609ab847bdd3d6205a6d4862176bf7669e0b910
32 31 6 500 44 1224 :af911c49ae5d153c439bb2e1e722bbbe432639ec427977139937fd3ad094cf
32 32 6 500 44 1200 :fddd85dde56f40064baee4283358d258851a12b4b7fe43092c105cc722e19542
32 33 6 500 44 1252 :1e97d709fd85f6b658fa0c3ff0b4976086862c4a24884c37d153a22b6754c6dc72
32 34 6 500 44 1216 :ae26c4bda0aafca47cd4dc8475a2373ce4b07ae9509a108a5f6fe2b2388a0d8b6e15
32 35 6 500 44 1196 :2254d6bd5cce56db9ca83fd319f144d72108899d645d166c392777e2931fa40634b735
32 36 6 500 44 1220 :af9eab5b56cf950be952a020aec45c15b9c9dcfb7db00a64426f32a711b0116e4ce74d87
32 37 6 500 44 1204 :f562c369987df0219127167cca357f7e0ad91609bcf268259f5000b22e2bc37122c23b3aef
32 38 6 500 45 1196 :3b2508155dddb1a023e469ce5b1cd5c956c00fc080d5a1dfec5bb93a2e65ecaade2b61baa411
32 39 6 500 44 1188 :ecddaefeb9e1afcd90850e271debeff3ebf6bd55b3629a6b4226ebdf4a63e73898e38e7542a591
32 40 6 500 45 1236 :117dfbdef02eb128649cbe5510e7b102364071db369effa53157331ec19db2234fbe11f0fe6e7190
32 41 6 500 44 1196 :9f282e357ca01cf3a1d1481a8545215993ab3612733f7144bfbf9ffcb9911a6c981d26a2ae18fea36f
32 42 6 500 44 1224 :bc528ef322e98a7e09ef5f530f79fb43cc743d9e546134b1fecf77c38ded286f579327fe474024d6ba01
32 43 6 500 44 1196 :2e2119fea452b2f1717279f00b4bac863b9b74702879f960cca7215b9c6d9f2427e40c0993316d34ed88c9
32 44 6 500 45 1196 :489fcf0e51ba69180a28475f9ea8c48a02f5197a339762837778f1114db0c07c80340d045535590259692196
32 45 6 500 44 1220 :c04a3aec25fd79dc5041810a9e789c150fe2fffcb13d51f3b081819fdf5c29f43629d46920d1e2f68aa483e357
32 46 6 500 44 1200 :909121f7c08cc1a86ae41c5be86cb992449ecb9b0497d65479c7b39d00fdd6842abcf5fe7f3e3e743fdff2afb9a6
32 47 6 500 44 1240 :eb4a21a25cec5ff418d58255a0b4831630e94111b0c1fe341c7183d9286e2158906569fa5aa96c074b6535f3e9b468
32 48 6 500 44 1192 :5a2c7370bfd9452bfa22f6688550d121714763b6098aa73dee9ba7476efc285c9e1a6d0ced29d97a79cca59476349651
32 49 6 500 44 1252 :7812d68780847abdca1035e9d84c7eda7a09d9429599981a896ec0ed0b019936ceb34e72202dfe72b026acc69074011923
32 50 6 500 44 1212 :e2cf8e9ee73d4dbc7c6aa80ac8a7682c087d01d5f47f8debed9d76dab386417f70055e48dc98283a288e77df0f50c4a609d3
32 51 6 500 44 1192 :149909ccc691f55d675407aa581a059446ea4f676538af4b436f20f4b64297f10ade663dabd79d13b52d510677e36f6bffe15c
32 52 6 500 44 1256 :44fa9c172bce0faf2abb714e5120282b6c04ff7a76f86d70489710660c45852508250a15f13e61bc260273fdd386b54746a92f22
32 53 6 500 44 1200 :c66c9deb961f37d2e17591b01896aac2690c0eafd258639e0f7db94aa2215dbc95f1ee5f8acf6d80cf4abd569e6634fd7705fa4d6b
32 54 6 500 44 1256 :6876ed70ea4ef38dcb587e23f5a83d4d6376b2cae8eb3c8f2827c6d65b693f7f33b1ff5e12c08896a1ab988dcf675081a4213ef7e99d
32 55 6 500 44 1204 :34f52613880a4243a7183d5a48b684302c2c89ef6e75d8df30de297559313f0f0a962a962f4de7807ff1366428d7c6c83d4370a085b95c
32 56 6 500 44 1196 :7840030ffc25d309940a82f4e5623a3d7ec034527deec97a45dc7e51044bc4fe67b5342cc34878191635d7f4f0e81e7116ffa7c91666f378
32 57 6 500 44 1212 :89d8af26f295fb03964d61d4838c116c5102e4a6c4a6311543d4056c5e28ce87fcbba7421a38d5e7316c44e111439f4e893eaa7d345f9b2430
32 58 6 500 44 1228 :a07d9b62d026c3cf883fc8b32535d07b2efe3f0469325d2fc4f62898c66a40f4cdf603d8568332ef94c2e69600f6b136d4ef813b0846e9a0b4ef
32 59 6 500 44 1260 :4d3a7778081be35bca80249f45fb1ea3f51fe2369371bb3ed3396913ca78dd00d877dcbf243a1f59c54939b6320a2e3e17d64ded862b2ac0cbcdd3
32 60 6 500 44 1192 :2b8fc5bdef9b7851367d3a198c74fc25b05346420f240c7b084e698215d10c607d37b84a54165815e97cb2fdfb66f9c8085a890859abf17230d47a38
32 61 6 500 44 1196 :ebfda13bef8927a4efe71cd3dae5b8a40ae42b496ad5236a533db7bf3a612fadfae0a1971fe2131d965e94ae2ed74f0db966b1d360fa571f8bdc910d4f
32 62 6 500 44 1200 :f6c070e535d45732b95f96bcfa0a83bbbc589253b735da136086f5e1ceab32f1dd238e2c63f6b40c56e120cd24c380e3a762021311f31f8fd47b04a03cf1
32 63 6 500 44 1208 :b2c9044d453538deed40f810d89f2de803ea233220b1e70737dee32f3541e37acd8b66bef7e91a312bd57393ccbe2a600cf0cac510a05aedab02b7ba775697
32 64 6 500 44 1264 :df8e1f707fd2e539a110e6b50c25f82dfa510c33a9d30628b1e0823bd2fe45ce0ab82223fa950ff13349031b2fcd78ac478af0d2bed08e89a3cf8d323572e3dd
32 65 6 500 44 1220 :7545b21be736d949c27d643bb55007731b800f49c8d38c33da31eabe59f38ed17cae4d73217708cd7932eed3b11ee163715ecb130ba917a930e20afc93af226e51
32 66 6 500 44 1192 :7306d479a1287f3277e3b8be62404e75d8d03d74ad7169ce23209832ddfaa3d3806a85f6e8dd55042a3c47f3f522ee337bee4c939ef97e213143dfb186e9a157128f
32 67 6 500 44 1216 :d669a9c80bd1c431847bb38c22fae8bfce4add8210eaa89bdba01a830c2fa12a23c4bb8feb963a283477c3fc6220d55834d521dfff7a12caae338cd10a0314305d50fa
32 68 6 500 43 1256 :9966bd673389676614dd88aaadc0101606204bbf986ede46e43c5a96385dff49498fc05bcaf45090674565f2f3f06ee9b828879ff6a88df69f7d9b20ae8db7159f478936
32 69 6 500 44 1252 :01e69754d1f4bd71490a60c875dd1f034ae7130f2d4e8ffc760234f8d72b5b4885b6002ff5ce767941893c2918fd0ea7a6d9c68f26dd7402166cbe6522dfe89b0b5bdbd01b
32 70 6 500 45 1196 :e8a5f33cf64f0aa8a971881ed5823094c3f22691e0cacdf5135d006a458238ff24177aba7a9ae51c42fe427a40540c15baea114dd6ddabcb94adc4cb7d7358ebfa024d336788
32 71 6 500 44 1212 :446acd09ba247b9d111f3f2565cb431b8763e24ab213dacbf73cdeaf3a38f1fb6083c12d2353756451810c301004238b5556bb48647971577655d32d967572aaa6cc996eb7b207
32 72 6 500 44 1252 :b715917ba4e431f7c44ac3c454920fed7c58137433c8f0f97161db7bbf21dde96975a79c0d2053fb4b4bef7f815e9e6c60c35ab5765486689d74b1074cc42f408736d75cbc41f5b5
32 73 6 500 44 1196 :1761ab7741a772524b667695cf09506e3e7e0fb18b4d9a58d084073413176ddc5ebec5efa7be37fbb9deabebcd4f9e9cc0823b9af78c052f8b90baf017fc61a6a89d72192730cc19ec
32 74 6 500 44 1248 :297651e4c37d174f179cbd706fbb93b1b4ae2095fc836e3e4e67df87a658dee92907aae3ed898a08e6c23961e4f46081e02290e589a1d9068dec6ab1d835d307fde4cef587813cb014da
32 75 6 500 44 1240 :ebe501669290000c74be9802c4969ccf5ce5ac6c51c51f6e494a3451bd0b46d6f8d73c064fb365653c5bad1fda678edb122afee36298684d562468456bfd2be4441abca7e23d1ebf83957d
32 76 6 500 44 1200 :871258eb5980875cf1cc8b02bef8a718439d70265345bdd84fbd63ac2c71fe72a0d4e9ca5061507f91f3ae633ef41a5ebba81616fa6cb0d9d46c94a36bb7b45a512497e49ec97a64ece2887b
32 77 6 500 44 1192 :4ed270093bf8aa7cf4e7d7546be804eccb81bf0c49f7d88764e1104952ca0fe226f587a04eb18d79f17cc6582012df5c34a2540c3f1ff70bf64c3aa7e10201f06508f82d65c417c79de4daab2f
32 78 6 500 44 1240 :5be1334c5ad73a98148d5da6fb67ee4d271ffaa00576d5b47375668bb4506447457963d553fcdfd316de658ba31e1d3d3b1568142940de9be53425acc349e399afb9a1a43f15b658dfd5c849ee12
32 79 6 500 44 1252 :1423113a774b37709206fd500a6f6733d8f8116e523c27816a0be8c969d5e34cef8e419a348fe70957bb65528dd16c06c7c74c90f02094f6a545094b379f4c2a9261e88ef987eda498a103d11574a6
32 80 6 500 45 1256 :0ec2eedcec5917b3047509d44b307d3d988624bd87334ee8195510712f3d8ce4bc2b4cbb1c667e142e3824a2821659c2165a6c854f4c28d2843f902ff84c843e89f73134b15790fd4ed2d5d79493c166
32 81 6 500 44 1212 :c0a2360af5a17286df6fc7cb4938b5157d6e2413789d9e40e0d33d79186d6ba17a262401a4921b45928d646cf129f4c75638539a0bc58dbbe60608b9c2bd87f2e2932549565e2c9e47d5ae63c05a842bb9
32 82 6 500 44 1252 :664f65923968333248cd2084f5619fc696474a6575f8a38a2f54e51ad0ce356ff6037e881c43bbae788a60009908fe951da52a7f3eb78dd30def1b4f8b35cd2fd4643c7b4a828ebe95e8c6f90f7d59e99a95
32 83 6 500 44 1224 :44c3124c29d57455b70fb14470076f4d9e01d9225ee9c7c83ce7e3b09299daec21f6235079e99c71a38bc120a95fe727fdc546d82f9b0b2bb7599fb80e4e7eb3c736300a1fde0e469c845e61196d6d7961bb61
32 84 6 500 44 1232 :36d2e25db193173cb941c829baac2b619e136c0bdeb466be5a2234dc8406df562ecf64ecf201a33d8b849c0035ea59f40f3f853fde9862d696dc7296966ab166c78d386e4aca2a9dfac4a00b57267127c7ca58dd
32 85 6 500 44 1252 :450878add2bc2620f03061f9c24ee7da4977a4350f8887f649e75adc487d2a607dad0e5e69a14a80d6036d9718dc4a53286b90cd6226b0f2b31c36a5b13ec44f3fd65a5f6ada7848274d5dcb53d00c316d1744ac96
32 86 6 500 44 1252 :b3e54d342559601f43e3c623c7dd4293a12b0edad80b2f45aae94fbf22a4ebbb17e7bf11335aad1aba309d7f8949f592bd37ac268461330de8ca64d5fa73a3bcce0ad5991994221aa592b77215d439903f8792b473af
32 87 6 500 45 1260 :d2d929f9b417215914cae998a79419100f94ab16d07368f48e5cd253cb162fcb1e2574d86e62ee656479cd427bc657e7624b3d20abd6289508bb0ae60cd73a1b031b0e8ee0c6022196c4503660215077a47cf2c17a6ef0
32 88 6 500 44 1200 :cd2ee114f89eff520128183b24a093761ad845327c2735f4038b58a85b83852766e6531e70308b1ddc62e9b5de7f4458d4faef2ab8106f5cf97bcf540ecf36edd547a9174b938118527ad8eba4270c6973875ebd26112ca4
32 89 6 500 44 1216 :c08b345d9eb5b4e1fae9fd8ec4d53e9ad381a4c7474047154f3e937557ac825e691e901be9dd9c55c2b484152bd9506662fb3a17229a261a8b0facfd9c8f86195ecadc24a70fb190afa3a6d88e6e6cd2441a4f237c86bd168c
32 90 6 500 44 1280 :cb09a5e9908f58761ce9aa25efcb937bb55c355170727912cc2275807fa83ea072ba1edb4310992623b377ed02555741c7102331c7f2301dee003609c9eb06edf21dc0d94d03cfb18d920097072ef666da1ec25bbb4238a16d9f
32 91 6 500 44 1200 :98669fe18d779bfa5e070ac1c0452eef8563840d8670138233a0e8bc6ce563e537c0f31e67986da8775f7f736827110cb7a25c3d530567c0694e855ce8a68ae232df7ac24cdf928319ac52066dabfa1389dd5baed99ba1e6feab73
32 92 6 500 43 1196 :309963a591f0933091e8304350a0c97ec02463c5f28839b86d61d5c47d62860790a066db1c67dac4e7e6066c34d313df315cb1f87f827ae3a59d9885b30734494c5b877b27336fe53698e5cbd81e0cfa047802f7f6af94ce9dbb357a
32 93 6 500 44 1208 :6adadd19329f41732b67483f906fd95ec4a66b736d7663b0874c124242f779c6102a310c899553401ae8d1777193fa1eeb8f1aca9dbe8cab013cdfd2b446ef2f09747f134d41453767ccb69e0640eb69acc702d46a696b119af5d8f2c7
32 94 6 500 44 1200 :98167ca7494d903de262a38dfe4e99bc6ce3a73ff112f7b464aa67dd18ae33b13fae111ee8634bc75fdb84c0fb07736b783c90bafb6a4b7fad29ddd03c8f25ed6d906c7af622a2fc2ddd9ae33f7558ae5eb58be58f2565638062131c8f84
32 95 6 500 44 1252 :e1b91d26903782b714ba1d369176b19bc02f582fe537125ce1a57c4afc211eb6f81f230040c6cd1cc350aa4715a4b533af4ca0c45b2b8968e997b97bfe9d7bb8de42cdae5e269811177bcfb95fae6f4595cc3ac58a6dd7d5d41a6b90c9c5c2
32 96 6 500 44 1252 :cea3c1ac82ca6e906f93129431414b5d40cfdad8d4049a09f2ce11366a82478d9f81ee537d619d423d573f83bd04b7a9a59ee1b8cc3a3a4ef44c44fd99fb1da81d6fdff0b02409141bef8ab9e123d6d78c0101467610ebf0de7222ce605ef51b
32 97 6 500 44 1224 :39d1f75bd870560e6b7934574e0ee933dabd8cb7bc146d35f96822ba9c0746816d521213f0f9a976bf4bd9954e83cc856fb7d161e798fabf380bbb921c8c3d6f9223f500d3c8400514e9e6d65198c8113a0c92b3649640dcdda959db515bbd042c
32 98 6 500 44 1200 :42ede49cb88cb7c1a2aa66ac09c73827d8ba5f17f3ba73d6cee5e65f4078cb555414a405e3280fdbae1849e826b595feab4cfa4bab386ec6016974b37d927b66dd4320a86cbd3f2d6373f849bef2e2c2e70508bfd94a7864deaa71e66d1938b8e0fd
32 99 6 500 44 1236 :05e8d9920cdfdebe4817423a0be7697997ac33e5ce3e9601280b3d49b6c3592c8016476f841ccbe7c94a95b0cce42190a845e6d38ab2fb17bc19268d37df215a376fdc605ed697a34de61df387d60adebfca384c1c6592f34846108b95251f7978b9bc
32 100 6 500 45 1256 :051bba0784918077b9445615c064233c5608b9ef3a4d537eaf044962c1f7c281e5b0ec021a187869adeb3e1f6a8e07b67db41472987d38764639eb8dfe754acf84e916f4a2d6ededb06029b55b0c4266c9986aac98fe48919f5d3eb9ce79e1000e50ca37
32 101 6 500 43 1220 :728ddd506c2ab35ff08c35efd780aa594240eb87dcafa924d0f2519045ce2f9a21070ceb57fe79c0edb28dbb23320711b6a7b36242dc6e89822b44d50e8f695938612d540067d408b6f740f6461513ecefd81784bfedc291cac27d2c80b25b9664a7a3d470
32 102 6 500 44 1256 :d35da20608b8264c529e936a6e1e2d15f448bb72a10ddf533b9c47344e7dc8a51a53700fae32f09285a96ed434fac58510c0034c54d3b52fa4d74782ea89e11b73408b37064dd82bbed5fbe54b039491d4a016aed82d23ae2c81cf132003a9efb6be689ac890
32 103 6 500 44 1200 :72a4c3047133a24528fa525fe7ff6a304fe36432610394e39c5ca401bd66862944885f7caa4d5af91bbd1f9ca4fc9a0dd361a09e1c52e8e6e3178e398fc5ae0683ca3dd3f0ad51c4eabc904cab33c5530b09630463edc20954d6fa9e62c7aab24ee38d70a37e04
32 104 6 500 44 1196 :876a67f38b420635783653e2de92a447e9d4acd85f69943cfd8341bc4d61cb49e95ab751896561f16991d1aa9c4a1b58c464e12ecc0fb252bfd286a0c302b358a356eb389b6fdbd10bc69807698db3c757780867edef01c00dbe49f0e9a30fcabf8d87ffab40b8ff
32 105 6 500 44 1256 :9a30827bc7ba30cb47354636d68e6461b8b45d4349ebf80446027ce01f35752fd31d36c3e5d6cbafbe6715832be0fcb32c9cbcdca15480cd5d2aef371c19ad4e7fa2b8b765da89da7c1af9d947e957acd0ce4b0a3abf5dbe6593d7bfd5e1babbb92850df1ccd647aa4
32 106 6 500 44 1212 :172b95182bb822c86655ecddfd77790ba677c7b4f34ddfe1972255d0797f77e311fa02c8ac01032424564847dac0d04eaf47ccfba3978d38d6fe75f604cd5e6f42a950715bc4476c3b82fc54e84e6324614ddd9d837ee9d200ae38399aa2b7f35854c56e6647d4bda8b8
32 107 6 500 44 1192 :8743375a2f0fe0110e3c4fb7227f5571b3ea92da66ca9b7e0bc5e0391d9fcbc26e3eaccd204df3200da355ac8caf853e4393550ac0ed4f5555d404fe492c436b378a3a28231d3eef54a6c334a2dfcce5de37f9cb460b4c5de9073a060ef75bd4126d1fc2788affb0f48894
32 108 6 500 44 1256 :da3899fb3167bdb4d88560c5f5f1aa1a059c35091a075786c07dd5eaee573c7dbdb07f3c9963a0f8c78dcb75d986c87954d0be6abdd43698bdf53c4777e1563389276ca372a3fdac2b2433e16ab1bf16bfc04eb3369c883f4fbf96fb7508b9e7f1cb1304915964cd6f9165cd
32 109 6 500 44 1212 :41847e53069a005f0b7bc2f104b2f47c5724d5d42c111f91c42626d0e823ead80eed558f46a2d75fd9420541c5d6a91ed80e0bac973464eef0f72100eecd4fe63e02c3111186069552a49054b408c4cfe8784e8f720075ac6cb3dd53d5e9f9c4c56ff0b2f7d30c2210a0810ac5
32 110 6 500 44 1224 :5bd4d63e69f261b7f7d953851a1227758725e1b9ace398314e08c8ec57515fc904b4c2036658458723935e243a5f1fef64f04e6d3687f735d61f2b8e5647fa3c4b8de631ee5afc1218c1fea44f4ce35d2035090f72c0210d0a647655efb4d9dfe8847a0b244cceeff6b4aec1744a
32 111 6 500 44 1188 :9ad19eb2407f4cf3b4609f6e91a6e2c5ecd5b23b274af9a6c05aba2cb2f4e703c7f940a66f068b5f32c20d24ac66933c17c50a466a70df8bf7598eb165f62129b31d0d2d62fdbd8472506a1b16b4adaa38a84d740de880bf3523fc44c7d44a72f18147425ee124c14c7510cf1f4e3f
32 112 6 500 44 1248 :36c91bd855a70c073795d30f483d4e51c392bf257046babe26f8bed4937983173f01334b7e023b1ca9c6056b1da7139a5a65b6c4b6c646e4b799068a06318673302eeb5c6e1011b691b52efc5f5b17b35c2097797c5b3bffa23e5ec47215791531baaa0aab98130df54d3408b92171cb
32 113 6 500 44 1196 :8fa8a4a38215b24ccb3228fc9a9f4fa0398f115dcdb3cc7cd1850916380e91c0dfc9fa1729c8d97501e58a5a9b5eabfa7ffedb012db4c33601867f8e49c2f411eefb5d19aa96c1eeba268adc37edd45fd6b3f14589b3df246e06f8a5b2de88512c8e93561539119f8a6a85c53c8f44cb99
32 114 6 500 44 1256 :91ac00c0702dcb09c62336c600ff3ac13f8e182176c1204463e27f73da6d3d44e5ab5607c65e189878158cdacaf15cf61ae35f925123fd8c817ebfdfe436e42b55358a9eacfd4eb73273574be22b353ce1b5b26cbae7514b0a1d318b79aa0aed753ade8b04689d670b96df6acc4676559792
32 115 6 500 44 1216 :a2e5c879d4dc01e9c64cf8edc0ee84a0186b33d7dad14ce1b868341e610c6827e8a8496fa0224f68be0a44a8b6a5931daeaf7e1cab9e6a35df4bf7a5943f1f58c15a3617c6eb48c6c248eafc8913c34010856e377f202b859d003ea840fe7d6f95b754fa9b3639ddbbe96743bd3f904cff744c
32 116 6 500 44 1208 :5d6ff0003cec042ecd91dafadee8c533d88345bfb80fb37bcedeaa1ce52d2a924bd614141c7f29c76603a59914ebf7b915850715ae98e391e0ffd7764423d7c0c782f8adfac9cdcc007fd7f72d29834713e172d4c1620d5db362f5425dedfb036db252e7207ed66a11002c9ab46f19bb84eea0b4
32 117 6 500 44 1256 :b2bec9971aaa252ecde8318e8d2637b44d149309a6261dcb3a64092eb50c5e73de675051254b39476437d4dbe79e25930504fb2046e0bf78aa03d187152494f6aba44eb0c1fda55856c633bd8955b6206d680eead7d2cd73808b75420d8aa01451dacb4994f5c6cddc616d35e98f63323f01c8019f
32 118 6 500 44 1256 :3c3a3fc436dacb802192c3afbf57deb3d8d6079323e76ce015ec69e458f7df9436bb527fbe9df16a54f627096e91841253516aea0b09ac2b54e800217d8e09f77f0796fc49b4ae7b3f4ca760aec3161c7e0a898d67d54c30a6ea5cdd724b2eeb94a072a27adc82d6fad733fe53deb566cb792ca6ca28
32 119 6 500 44 1192 :ee96a4a1e105d867b56d2d0d3f165990b67fb5b398113b69834adb67e58b3f7f8d41840cde816910db67f44a659765724e55e38c02e600f139b358b890bae181eee68ab975b0f0fe08263775f359b930e2ce8ac2158196873ee55d0faf78a5ee653f94a4d4c5270463e73ef873fea787a3c2a6c8d87ebe
32 120 6 500 44 1232 :a25cdbc30b71a259c6518a7a5763d0c6adba42de0c0d427da805946a9fd4ae2f2c8bd0c3973e45113a06ff3561154fb0fc9924da8b2d510715cd8c58902c91c0ec497b34fc6a04b816cf38c610e03b3c5479a41b397503d6061ed585660d8bbb3078686cf5e5880be0de72a246213695bae52c384e17c01e
32 121 6 500 44 1212 :019587164d15fde0292c6278da8eda815c53cc4a15a81b54af5dfd87df2607e1958a439d0b4de6c05e07902ebd46089f94f4be2dde65a3f57929adc2ae06ca74042af3216d020cddba7932ad25639f663fe653e98e04309e69433fe3c34ca62955689226c85719e5bfbdfcca76f8727991328902151b450d2c
32 122 6 500 44 1220 :bb97725ed54e0bbfa6354a81610f80527e9a9a612eadc200839c6794c8e7ca2730848aef9440ed857f180c21c487ad33ab6d389d2052b34b1cd2934db08f25341081d7f7429acf09891bc82dee4f9ebc735ed7f281f7886cc088be0623727ddfe5ccc06019a867a0173cab57df889c5ee6bbc619d8ad23ff7b59
32 123 6 500 44 1252 :b5441f39476a0ffc7cb9c9d817687513a2893098384a29a3096ae3eeb0ca3bcd3e8032c34a323e94edb06df46e6506ef71482239b4d18e8d578c4cd5056aed5b2439a1bbfe745cf7f98631b5ee280db27b73fe92f2415874e989b0e2083243a0f5b04fa5dd7cb084d77835f3376031868071729a95831d3354f3d9
32 124 6 500 44 1260 :f25dd249b31085a6ed286d34196787b47c6b09602fa6a90c8a7ff1ce3bfcd136e668db78655386e2b3c15268bca79ecbefddcd583748c76e7989e19505eaf149cb1c10d95d86a93d8d1696addc5624da3084590bd87430ddcd764e65315bf37fee144d90d4be84a59c02ef615c973f12364a34f0b97dbe096347b1fc
32 125 6 500 44 1192 :76e17dc9034e05cfc5728420654896bf6a444d483a4a81e3a2e5038018116f3d8e6f553011d06cf92916a2d69704ffb43e7f063b35336be41320bad31dcb42396aaa372921539a80e39a3ba0726457b9c1f5bbffad198966d61247d193fcb2cfa21fee5acde34518c5f7dc87c8b21971add8646bc022d6f92d541ef2af
32 126 6 500 44 1204 :9dbb4399bffdca794c6b7cd35e04b991b2741f122f7d6fe85b296ac80988c87bc6f7b0564a9c177fea329597df7f1e8771a412b2d702146f1d2c23b82236c72490beca6c6789d4700718e28842bbdfda0f8dc020bf6a99d6a66b10b329e2d5cfb2158e1974dfcef2b3142192cf54adf67dfb2284d34648a216aba77aaf96
32 127 6 500 44 1196 :55b78a861626e1aff27b75ebdf93a8a756de7bc751bc909d3669196c9dd68152d43aeb7ee06580b940f8d3e4e420f2ae0eee3292556eef671e7ce65375e56503e3bfeab71bb25fbae05ce5aa979757b2617bf4a22ce188998193cafddbf01d0c5dfe0f1caf6dfd3cee471464f8311cfb263ed0c207043fef0fd26ad5464997
32 128 6 500 44 1192 :84a65bcf0d994caa37135aa8b7c3488475e11d3e0ca0ba9b907bd28c0d28198c367d2184e11cf65356c618abac81a25b6dfb665235e37e0d458f5a4dc15f84f9d0c0c11ed915cf07b1e165c0bb2a16526a76bef01112fe256684ba8950211e1826652288cfcfe005270447b5b7f8cd5ef352268227d0372a28aea4a8f7e69ad0
32 129 6 500 44 1260 :df1917c447c1ec75ee0894be5505dd0489c453ce877683efd180acf42dc959ebb8379cb966d1a82968e735872d9effbc14e2ef04f34b3307a93d16bcff1c928182fe735086d3833b7736703bd189029d6ac1cc1f5baa0f95279a839bed5379da3fc375e3e71ccdf6571997d0dcf37dc86341f66bde9a1d772b30c39957c89dd111
32 130 6 500 45 1216 :6fa9d3081aca32f1e7cc88d133439359ef011d23b7e253b0d85cff6ab50b525a589042ecdb663add9e4379f9ce001d858bd1c5693126a80fe3ff1923c20a98c7f4c85393e2953254f88ca4e2b1384178d45fa009e605a635e4c4a14eb32da602a180d730ed5fa4412f96e9243b8e104af960569a6f7bd298fb4779994fc5df59491f
32 131 6 500 44 1256 :181ced0646aaa407b768b244c025618d59bb695ed151d8e5db99e454443709aadded0cfab89baebf84dad4bd4ca69f2e9bbf74a7fbc24578332a9fb270487645db6da1681d0c93deffe89d634b5c3fa13eb19bc4350bda91acc2bdff6fa6ccb0b738d0ba0a1b318645a563ad964da1e66c71217726f06068497df58ac40eb53722a1c7
32 132 6 500 44 1188 :766bfbcfa7a5e1f2e1c47706a227344f45fb339c6eb49537e7895741f8e4ba27176cb31e20b3e664b09aa0446298be1aa907c5db8d79df7bec2c0d522dc56df9cba008f9eb4ff65a7fb6de4d55f2d08f13a4984bba7d32fc97c2456196dad58ac43a2b36447b7152e51eb91f38e34cf2e3ecb21a242a3aa3ae8ac864c7991dd42c4df630
32 133 6 500 44 1196 :c799a45d62bed10b134652a6a2908b3f4abead1c8f63dc0a662966f67a5ba406fbf5f5ad9dff900dbad130aacd93935bff25c10c4faf8b115a56b38a11645d2741ef2882073df52cd906991f3323558b7edfef8ab8bb95b490d6a3d6ce03e9b346913e5007eab2b8a79b5f384ba73d60efb7b8df69c15060309983042702cb25d71544c14d
32 134 6 500 45 1196 :0c91b9252c923c96f61881c7d7abce9cb3370b0c41c73204df960154c45524cac8900024ddc3f512458cc50153273367e3e907f9bfb1d7eada0ed5fffe31973309c0d1c168ca5030967aa51db111d96e11187f0f96bdb3e91676d8dbfdc7a1844341cafc5176b24fccf1e2142dd4a211741244d302487bad5fdffd0fda3e959119448eb280a2
32 135 6 500 44 1252 :0f6b75b80c505381c713a3f607e0e933a1a6c6a63b31e87637e3264c215ae0f93a68a0f918dcf9bc3edeee38114e27526ab4317adac3679040595c55ccb83f6577fe30b9097d4536f27727331f181558042fabbb394ce593ea767f33e36a932f07527e06803761727dd39ac5f40a80fde8a5a4e4cf1351600349d6e665d78cb5de011ef8bf93f9
32 136 6 500 44 1192 :f5e13d95b6ed63e4266bd68a9f5cb949c396c8b0f76abc18962b8b08ef703b97082194b1bdec98df5b8025a3c56d1e752b03bf88930dcfd85fe7bbed8898a36cf3fbb1ebd5dd8ddd1b6b291d109f80deafca7b1477ebc659d5a171ab0b9978c4039471c5a5ddb914153b6255de5e302a55ee2b60cf132d94d0fa815aa91691d8355da548c7975fad
32 137 6 500 44 1192 :94ed646fe5a0acc39096f35de19575b1bf68cbbe2a2ade245242a0990792d7bfafa51ab0ec00fededc7adeb7c7cdaa51a35713ac6bf15c7932c003afceca9a8c43d7e8dbdbe8a2b707d25fa347f4deced7f27fc0d0585f8d2257349ad2dabc27be8be05697d786f53831b236e9188b5149854c0ba07ef880f54ca3db88a5c46cbcd59db2ef9370df85
32 138 6 500 44 1256 :cb1cfed307f530d3223d17b361be04dc0d0ba9fac378a7b1b38820f8ce64cc45ce5e5735a025f51454a1666ca942ae851ffa6a71116eab2ff45dde4180270ca656175ffa12add5cf8c3fa07ca2c0484d578d6201de009c4fc7c276d75981d329f4b6e6d6ef48a356ed3be7797fe749a6e3efafb2242b6b93509792b1954f6eceaf04d45ea483ca1a8a2b
32 139 6 500 44 1256 :9402deb8ac565db05e674768911823dd798bf0d18c7daa43de661275e57d3dde3666867f974059ffb1064b6b7dc3ff3c655ea944bc99ec7db2a6648bf7125da0bd1b027efd925384894ba1966444c42ffb25c268b8c1a53c58b31dd5436ecdb9912619d3a3eb312d4809f03b7691872c1f70e0c7afa4cf573914470983a815d781e910feb167e263ae0c3a
32 140 6 500 44 1232 :c31fee2d7f184e019d8e263dae08bdaff1e975b2ffdeb5e3ff4bc2e1b0bc1258c86a842a4b55b7fb331232ade242f1cfab8cc14f75af64b75283336a30032e4da29fac59a653188c6dec1e08585554c171024af121ac4c3ec74d620a9a4a9161b229002f2ea81244c0eb9eceb8717a0591a5abdff245d609f32fbe7846ab2a7b29645b25c51469bae82abf95
32 141 6 500 45 1252 :c2cee71634d29a77e4279d9a1cd162258d7bb57665e1d11642682e147328faf7a1a130c02f654096a483a56b8e62d0d76c24d9573a71d45bd875d0e93ea4ac6f28dd457c2e5f9606a02f7af0875c72040257e685898f95cb147950c97b225cca5b499b32bfeb0cec959b8f47e3eef66d83ebea30f8a781ced57526b609dd526594343605c6820ffeb025f48f42
32 142 6 500 45 1204 :7007a6417906bb07df10785676de31612d961f9e89638bb66bf443c9c29e6cef03a136416490105f58bec00161b10096401ae157e64f216779150b628d122624ed7b93edde13da62e0a197aaad572a7e2cd7d797eae2256e1bc739312310de894f0657ce8cbfbe4ccf7963392e92c2911e9c3dcf01292419d313838834c62bb2d2587efc72c39c60e235e78bd43b
32 143 6 500 44 1252 :a33426fa0d3c39b4326f5e66258da0ed6865cc2c8826a8dc9e5a2ad2e817d170f22e027a70fc77aec2620ffac470ece37e2089a0dcbc6321867f2c99dc42ca56a8220e38ef68cf3a4650dffc88e5b718ce8666c112494af07833fa25c5076114ffdb0d080e181b4ddde8f99db5d03c0293eaeec57ff1b1db6012173849931f9aa8574469d92a893a38869f90ae9e5c
32 144 6 500 44 1196 :9376d0c82f90351adc1974bac93cea3f7fc318674ba97303c33a99abeac50142afdd4e4d9be6b6e5ed510b5acce5cd817508022043aa599d602a4b2da8c5fe06f8195599417f6eb842cfbe57f997243cda26da16c2ee511c79753f23761c94f1527a1d948f50a0bf30364ccf833bd42e471a8213d63ec7810462df65a3a402d3769f544174cca5ba87711c41bbdfda6b
32 145 6 500 44 1224 :ed423217989c47961962df18254da532faf369e06036ca52f9ce4bd993fdbee583d5760892a4da4291994b22c58cd00823d4b90eb0e3d04e0916190b1d7c110f1405a6cb0378c79402889314146153bd599a11b4e62c9d31d2bdb6044208d92d7f2cdb6cdf27670adc47696aa3a109def4d0469daae7ea9a29141246604d061be3b71e32de7b4a518252710e83aa1cbef2
32 146 6 500 44 1200 :b4dc567969de1e6beabae5622f7100d042705ad24cd0172b907ea9113c92277323c20d1bd918a7fefd0d07421527d72a32a43ec87bc49f44b8587ee7d3b0e419affa54018502eb837c8c84ab8d5282a84ae7455e2805fc45a893735e99ed4a44db684924a1db6ef3a531276f4891018eb572a6937a0a6221681a5a28e5e48917cbda90022b8a6621ee8088c65545fdcef04c
32 147 6 500 45 1244 :9e170bfb2b86d5328699b25744cc9eb71e90f8b78e2c153c5d02d213613ec74c18d794a0fdc53a7251afd8b94bfc2d8ebadad4ffdc40ad186696e4f2b1b102acf52008ba368bc1e6d96973eb4d9b843fe62f04284a307b91796d93a107ed2ac26cdbb04545c98159cc1e26af636f08734f52cf87a3cd3e963362556f2d546507105a25c0a120b3554cd8cff930e9c3b272aaff
32 148 6 500 44 1244 :5a68e34606f8fc544d6291f28cfc0852db26e056d48b4c9193b065dcad2294f71aa75ae6609b6db20475fe511c4329dab537325bb828476b9f1525aa59aa4dad4c7076897b3e350eb7cb49848b2e08e43c765541fec0b71f87d9e3d8e4d65a26a279c8bbd271554e6a28811a51f71a9ab89713f753ac3196d1b7456336c3b7696901bdb5b5555094f9a6f551b503e8268f830f40
32 149 6 500 44 1236 :991724f60e463703feb6b9e10c2ba92bd7117fba94986a303ed1531d06d8562db170539ef2f778e2281fdbeb7cfce6add26b6155c7b3798e2f27196735aa35e5a0791a5c4ba5623cc378dfc421a3df7edd444954c3bca371b98cd0fe2c463f4ee2e0f4594b5d26ffa8cfbfb28541480a02f521a213ce450858f2e8b7cce46eb2939d07b91ae1c67367344e5b468e5a7ff4f88e8e4c
32 150 6 500 44 1252 :a8e46916078432c7058dbf8f3afbbc01bfb03b035fb3f3c150c364e1bad0cdf20370b508f8d5aba2a4f3c56a916131f016a6cbfce400fc26705c6d4bee062ad88c13f14381e3dd6c08c6d38177f89a8f8b4c4f432440de4ce241a319ad78e1b71209b535a0d7b59fdc4cf4f93c313d60f6bd3513853af2136636eb159f702f18d8635f1b9b447551aa538ae0df5a21cb3fc112a44a4b
32 151 6 500 44 1204 :082151423048ed0686de0b4daac6e2d4357224c4d9226c88402b4cd7c60d32a391fd036f87db7d8d7a47c2e1b0aa07f9aa01dc370af37144583c9e17388657ae03acbee4b498d0af2130ab9140b7808f20a9c08f2f8e8c7e0b85c49ac51a31b19f3d772909336db92a3389cc10e004a354bbf1b250bcf3a7bf30483a5f5e2c7256f0071c3fba3c27d41370b2079c7343a9ffc157ddc56f
32 152 6 500 44 1212 :b3c9de684089d353f716a831459ebfac0474e06c4a8d200369b98861d6a9332e4944c04abd9eeb3a1f0d91175cd3704fc0ebfa4904a277da187239edf6ce89f9d59ae8e783fe51f6ff427ce3ab471550c2c4c4de9d1f0974e3dc5df7fb45c99d30e5c21f4107bfcab645191c7b2661055d22eebb39df6080ca70bd8f1586e7252e01a263f6b42f1db301cd291913b795063fa7a003d8c4fa
32 153 6 500 44 1216 :582581d8e6e505eba8629a9085c9d43710ff10ca46f534e6c30259ba15932bffc0dc16b3055a7399c56aee250290b5ad0487afeccd4a632c1fb79379e73d37970adeb8f5b3e6c4cc21c6cc9d980931113b3932edab78487aec0986227a0541f0b6574f7f01867ebda166a66914a678affa123b4a59c22b31c9999076e6bd0cc1ab74c43f22b6218e46b05a0eb82f9e52d212c896f468ebf446
32 154 6 500 44 1252 :afe46aae34efd45655e33c388ad2bfb75ee15e0b644da3a9cce2816a1b40a024c11cb89f31a38d159b0bfdc2fdb336b5a6cfe3098c6ff7e36689166588ae8cf18a3fd0d2ee6a66eb2cf9929749dc70d5c3d18f5fd33458e5fa335629527e776970b80812c721fe132d28a9c9ae6995f0246127097eaa16a421b087e17d2872bd4fa9ff17f8f620e288558d83de9d8ed31789dab8757e79474a1f
32 155 6 500 44 1196 :bc88bb6d3f0430514be6046f563dd966fde77df41623785fb2b46035cae6043b83d67644aa1f74a1cefc0c4985bf1a7c1827b6b0ec61aaa86cc1d49589cad5ee5bb6b664974b84919903fe58f214ed9b3a09fa8e459ba8cc3de37521631e2f1f3ce20dd5173d6a459c34167ab6e3d1d613ca9ff52408c7d2315c7da08b4259d2c7623ebe15cd175ff78f66489752fc7bd06f33f58cf38962b9095f
32 156 6 500 44 1216 :e9619d4853007a79a90e557a0c525710f29632b9f7c612ee28199f27273031bd49322fdfa3fd2b81bf32de6f815098c6870294543a55b35431418048e31f76b8ddc975b96c85c06288e9674fafd542558c5d2f3e2add00de7ba8a50ed2e63be83f7cb562f013ab247d5c483810100e10aeafd592e51dd6270a70793860ef80e86be98608f92328ea490ec0496b70452e484e646121fd86d03418dd8e
32 157 6 500 44 1192 :cc2dbbbe035f4ca7c004e497968b4479520a3cc15aca0ee074bafca88703d820f93318d4dc028911d266c83385fbc812c6ddaa2a743a56fbe3221c47f08526a0a10ec7479a0afc740a4fe18ade9e782b7c2b534b84045bed504b21a6a48de833d71372dddc7bf56f75a6c0b5de7dad915c52a6d58eb71993e45e13121be3f382c938bf8f5855bf5fb98eba9cfd9fb7439b18e272db58d84ac8bfb8456d
32 158 6 500 44 1200 :edb4e2654942a492e70a6a357b6eb57438f79bf092041907dfb449e3fc243e1c3df7ee300c2debb0aa5159919ca19bf4df9eabb06e8029edbf6b3fbe67e9fb2ccda4c2eb5c6d6572de8394a45a2526e259f57a07405858dcc55a4429af27a913145ffffd37cb275828893cff937a21cf76d042e2e622c3050ba0e3936064948f40e31de91c5d04dfa442c1b970f97a0d019888f3a8d950e37bdc903ff2c7
32 159 6 500 44 1208 :b2b807d0fcdc968f63b8f694420b07ef4bdf0bec65b33b3197749b5d09653e76f6df7087664955ed14bc423b6352608acb78953d649a835d4c7dbc6e4f3213ce9ce7f2222a5d624993386d962ffbda1b44ecb836d0658b7e3924eb6e5dd0ff49aeb2f6549e20d714c996ebb1e3f8e6682e4ea234e9ee5447d21dbeae4fedb0be033dc4aa6c0d9404cf6720ada1b1af2d79114ada596375a22a94c95c3a7dda
32 160 6 500 44 1196 :cff1141802945bb430d60bf890a63468536f80d02fc23cead3746c2764708b53613f2b87414d2ed4498fb81d9b8c7af27e377b3ccf3cc55f416a11535d55613de0e508d478180c10c0341cf4b31a6f4519f8c87ff2c172e76bf61bc9a32c3370d999744795fd7f24bf808b958d01d19f55b34efe5e6923ce9e180f5534ed419556645cea800fa97e6b1cf8a9f583e004e59dfd437f369a7e568e94244bd2135e
32 161 6 500 44 1200 :3c649e9f943c03b787d663d8c358e850d394eda76a7e08025eb15617cef40656a3058d1e0e337e0fefeac1bf9c6b9e2d2ae5ab57c53cd0079437d26d6a0a1f0122f04aade4ba8639d73479400acb6cc7250c19ed502aa761e5136632242f2c6a6478d99e38ac210bd8a141f4b93febd68b94236920ea39ef28248886ff1e2458045447c0271075bca99e0970c79f21e00badcaf1b10cad743a3a293fd666bb4ee9
32 162 6 500 44 1228 :913c94efcbc51c3acf5ceecc440dbf759501044d0185104d954cbc2f1e1f9b06bd99aafc3b6f92dec1791cd24abcf48d653387fa8390d5823936a696edbd720537d465ce119209c7435054fdc1b3c35ac088e93bece660dbb4b65828b19f9ea91a2612e36b30b49f77f6ab45c95d7d0f2ceae318ba1a3595a5ad3a0f43e062f9fa64473dc942183cdec1557418a0a806c0a34308a9d3df6362b76c67c4e685f6f45d
32 163 6 500 44 1256 :e398c49304cf38d6d3e13cfae2cd42c80312c73fa11d22e51008b58287837086398befa562ef624959453af1edf2833de877bff367298ede61c8e3eedc052894ce3a5d679e58a50fa819fcb04f513dbfb30d13015de3413af2e9d3974776b32680429711aa0eeb8ae068cacfc70eba1abf1bcfaf0f8b58679868f77aa683a526d07b36de51f00fd8f367aa6ce30e580a9c3761f8de7bfd67166d826b1e3c0b3e083a81
32 164 6 500 44 1224 :db0c0149b7f7ea1bf0a55037339d17e3ea8a4c8a450dda3046d8ab03f557baa6182cdcfd7267ae8d7fb2bd706c1fd8954133a99ca1b024bb91858998cfc51c8114b67d0bcdc3cc2fc48ee0883598afb27c0a787ce5a9d6e2ebc2ae0af2978a2e96993ed7faf79327e81a57449e94f41e976302f2abc5609bd6f0b93a5db3f20d1267c95387b438c0ecc5e2e55df8bacd16ee59d07852b39ecc271727bda37218e32de963
32 165 6 500 44 1216 :eba7752bb982d51c3b3e6ef4ac587479090314071772222bd9370f7e9434269372df1836728f08749cbdbf8aa7b07f65f785e8e40a7cb2b96b6f40d0e56a59fb35990da603b61bd92b92b625ccc862bcf470120af8f889cee585e8a23fba93d312907831888869238149b53117a8e0a98991eba93e2604a272d2d7f4c4a35ed3bc954986bf4d48dc9313a03802168a1fd9e5014c2d8f52e32cd727b46f19ea6fca205ac379
32 166 6 500 44 1216 :d3b26f5551f9daddd9ab57db62c9c1ae9c25948356f765317e0ff5345fa3040ed22f22998b8292e819dec14433ae708dcd857ceffb29e1364fa09c24c1b05a63ac225784ec5e615a474dda54f9794f2a436d40da37dd650ea9619329604a0a295076fdf02fd511d5fe54b94997f0aaa1168b56073f7cfb17ca365cbc3d40bda84e96b527b5321f576f2a85046d6dd32d5b528fcc1d2292d2116ffc216a1fa9c4a567fc37f2c0
32 167 6 500 44 1244 :2b70d2a5c2308356015ab1a6eddb9b842f2dca970699ecf2bbf93d5caa1f5546b480092304036f60c7c9dc9f55f5deae82308074d1534d18d04b97a4c59353d0f2c08168dc64d4b34664ac794e93b4cf3c50a515448f7dd263b0976f04476db7bd0109353b777e844b553ba3837b629f6918b4b3a3c31b48bc80c69dae8331e4e4dcac503c4bfef9b61ec83f2806437604247ff618eb1910ed51ed417898c063a82e6af811af04
32 168 6 500 44 1192 :196e9630188495ccdbe6b8ec5d3298884b5c89ff79b881fd24e309f4f5084d3c0d0d5b216f4717fe833040f98a067ee83c92a29db24832096f74936588b27dadb93ab971f8b5a8c9272c510648f3bd394128e8b8498848f06f747aeab5ebc790c21980415d84c0c5a8a3d0c356b098d0f00c15961105634c78cd0536c37615f26cf68d9da00f4c4ef748dc259d3a0c8ff4c65c570beed66dce4508d4225f4aef2dd00ee435feb7bb
32 169 6 500 45 1228 :cdd751bf2b3ad89f01f5da6f847607821500aa62a7b81c6189631c21f080d37469d374c6daccb938f8332638fce449b62728d51000b43ba46d9774c1524b5970c3e5bb4f7a1d60d638ee0940be554b33314562276057b4d5c8d9174b0a2db800754c284c1c6ce194dca701e79a694fde5e29725bdab6fd0a209a16cc1780412757262a0a04f9d42e1c53e98295c2ed130670d6378c738345673d7ba1882943e0dee4c991b559caa1eb
32 170 6 500 44 1192 :11f8ff9d184415fb8be7b47346fa9839ee2f3328c09c28049bfb822bcff8cb44a02a793ddbe84d3474d5ad0778c68b5c034eabb39252b4e3f558acc88b5f5ed258e1d40a6ac5c1bc7bb834958533fcf2946715c3b1fdc95116af8b7288a7cd884a9aa6c6956b3a0ae6af84abecbf216c75075fa7209f1fb7c03ef7f24a1a2fd2c7ff42bade5a9c842dced3401b3cf792606d0f40997b9e2f315757d88bd6ce4852ca816efaf83724c777
32 171 6 500 44 1252 :4dbab44aa6bf29d5deeab3c9f7f10a741807885d04b44ed3d7e1d15e558c02e5cd6dd8936533bcacd3681624b290bba1f5c5d2cf8e5533a3f8a9483e8c6f357dc707e1b5bdc750f7a62bb26135e91a790e1df9d143178ee9b1703ad8e2380e81f26165a1abccc413f3c6a13e868f6de0e801f47aa89f8038c6ef12513b9be12cfb6d5347e97a22b128db422113b3616278a40215ecb51466cf8d7f9081e5aba7635ff7cfb87aaa6e834669
32 172 6 500 44 1196 :ad129cbba25603cc474acb0d86420f0a2b14abfd5ee142aae6ba27030ac0ae16ae442f382989f376d78cc775a069c93f00dbb20b27717a027f595acbea2aee44ef6c70117426f4f0f07aaf3fcfd066632421de2935fc30ae77e2d106ecb3f0506816aa5120e24fbfcfa283540ab6492c8f8c6280e8402a0b64fa7ac37039a3ffd09b0bb6fc58cb53aa896d87844d308e4c8474b2162e6b48cb6332e6a589ed9666a06c99a2bb54c6832e7eab
32 173 6 500 44 1212 :3802fac0483f6881e2853ab35fd930609e52a07019528b2d15f08d483c366c6bfde1b18091a69e0ee66193c345564331f32f90dd348f83347984f50256f5c179383c408cf2d6664bde3c39e15353c2f464488dd4ed9a9795eec4b97833d0e24c0edb095a7101d12c2c5c62f63958071c7f21140e44ea55fff417a94daf4d84cdad6fd59b637555f32494096cb760bd62382f13e0061a71d1ced16b4f47fa890053bea1a909bffb171a83e8370d
32 174 6 500 45 1208 :8a6692a86df8f852206d1b22a92605f87a90f55a334bb1ecd3489b8868c96582f6f28787b339d241b2b6ad6705d3ecbb8280cb1f6f0212f6b4b18aca229dcbb7963401ab108af8f283bc52c87ae912dae1da83d58a8446c629e82bba200dec0a7366ce86b21c40107384d666cf76351d9ab194e5cca9964bc4394f582caeb671581ccb8df29e3ab17ae5e2b3bbed66c8fabf177bff8e7b5fec3206b1e3a3d1359f4ecf617e0397a939584eb5913a
32 175 6 500 43 1192 :93a6e6e179856778506b1003fa12d38e850f891220fc5b6dba779f4fd329739a5ddb57830aaea7146355ea93f02daf4baa86e35778e7079db386e15cd8fa59f26dca03e5019721b19c1b8e80993029b9d43b6bb50e069060f8388e1ec26d709d47b125db848c15a7ee80143071bc99111c9033cd09d87265a213db30b09dbf1bce77f585cfa426b65793696866382547b481f9f546876fbeb91b17a6c235cbd3ac70f3cd60db95212266a9732a33e7
32 176 6 500 44 1236 :26cc9ad756d3902aea9b6a282943b927d3ccaf78e41d952e17ec7ff5395f31194ef18b088a6efa89fd9d9098f4b2e94c443aaa686b58105f3038d1acd1a1057b3ad63e99f62fedb330319d8c0a39fa8484b5d718e39d3fa79da67f2c719a929b596ca61ff0414dfd39cb4d140e7b8199228a5ec057eb635ed8ad7d9b9891a6a5eaa4c2a4d3b850fd4489cd4d88756bd3bbd35fdfc17251e43a6465a02d652f699db830ecb4b532cc765533d6f1f4bae5
32 177 6 500 44 1256 :4b5a45f3434e2500140305a87cda788d015c2d6376e8cc15793551b6fe5362d133d09edac9a1028a0044555e10677616cde3ae627df6df6f210178cfcb36611b869aef4109547d8fe8d1be9c0e42df4d598d7540448e7507417d77c471c29fc068243a9967c6c727b240072caea8ff56a919704aea18acf3bc3674911b3959c71ca83565e1d9b78d5dd817fc66cc91dc0261747a982d46da62eab22b22bad23b0541b7ebe437a7c075dba0dfcaf39361ab
32 178 6 500 44 1280 :278659321af130a639faf769ce53a5e973b3285ed761248f9f22a84b7729de690de69d01059862bdf50d246f3b92772aa492301dbbf5efab1913cb0bf30472855697147a6ade51b748655a642c0bd5a9f4cbb5e74a3d1b97b3dc2f99e8654834c8a40787958b6c88740e2422561b59e1eb3be1ed624d6791380c6bf86e40e5af2f199afd367bfff232ca62eb887a177b5cfed42937c85a5cf9f37cfb10d7632b8e4c809cdf373e98e47fda5c5648987a4f20
32 179 6 500 44 1208 :b41f695e97206c790ad7f1b9c4b7cdf5bc7c98f57b831b7bf6d40cd5873cb8a3bc28fbe65652a66135454cb24f1e6998b46ca07cf6441449149c2825eb90cddb73b7e9fa96214a8344a4c882be34854899c95fa0965c77fa1897c85014a0a9f76c5d5922637f44b6ebf8f3d67400d58cdf5d0dae0b56efea02c72d5abb42a2d47ac6cb6b0087237efd558c1a92672bf812e18505536057b05528c23294a64b13d7d04b99d769a28f367feaec88bdebf3fbd8d7
32 180 6 500 44 1208 :3fbc2a6d73ea063a65b46292654f77b6db2181319d5e950f623db73c59b59cf2dc2c055a9dbf3ca59a1341cc39bc2d3a1e52add4a4344f186647f157af806e1d51b78ef0544e59f4d76fce70d0544206229369b6dfa4a611e17a09dfa0ef9652b67787d0f4abbe0cc3ea8c076209e9c18f823624c3a3b224b6c88d6f244abf922cd173d3b027a23b77010fdb285d59dd29ed513e326b0263fa8513a2cfa7cb2d966e74f341638a50e24456efeb8eb6304aa3027e
32 181 6 500 44 1200 :035d076c505c5ef6c4a3d0ba2cba76fbdcc415e8589d2786ac8a3ee3e4f5e02fe48a54c17029aa8996675bc3e545df79cf82819d407545760cd5fb844ed781c033ef2b89c04d9f2a6cfbc82c1cdf11d1ff9bbcd708c2096e6edd422c7a0805a7c64be20347ff79f85bb007838c0dce25f3b258334e20dfaa39d96756faac53a8e1f4f083dd011e9b8f871b999be82e385cd2cb1780fa53b0691110680ed055373e3f0c60476116b5c712a4b28b5b1da31414402d39
32 182 6 500 44 1240 :439928c0980f07d5f5b8d53bfab595adeb6410b43691583f2120ff1f503de021e4c867a88f32138d041031434dcce87178f029a9392feb193b00b93627a5c125ee2540467d1217faf207ce52f719e51f446c4076411b00fd31ffc852e74476c82326aa0e4cde1c58ac294623a7363aaa8049a538d9de9e54a1b5da36db1e2a276e6877943302e797f48026ee3e208044a4c3893896fc61954d1b9295ac07ce9d870b3d5573c5ae0442bc32272b6b7f7ebd5207d9fbca
32 183 6 500 44 1208 :0c2ca0513ea53c7aa72084326ba0b013d00c2f9ac8d5de57667420d1cd0280b91654ad79b98d8ab13b12dc61d3af1be274760e975867ee6d4c988da2fdb73945bc3239016acddcecece36f68ec3c95664a74829f4da67653b62695549f7fa17fc09de5600faccc0cf5fed87a7b09e2c618ec7819623f8fa29a6820a52fbf96b93c615161130ece512558960be4adb5714ce068ae317be6d46886b05e9aaa54cec938eb8728b3a93b9a1c0922a49b7bd7e1610f831d89bf
32 184 6 500 43 1256 :0d667693e32c666c1d3e930188f2018d5b3e210f13da764708bf6b59ce841246ff411bdd8dbf30797997e56de19787d5a29ea1dd276061570370ed005568a6559d369a9aa734bb45747fd1c0a3546583fc4656968c7820d24734b5ecfbe4e12cf695b3e89c4e215ba87f69a06d8aa1912bd0c76567124100c86686f906eb6f4ca175827613213fbc49fc1f905e024e93ba4c3feb9f5e76978db25ac435cfb1eb41cae457e5c4076343c65930031a53ea9d66907a090d9b6f
32 185 6 500 44 1252 :75d62a5f5789db668d0ec77c92cd8c97dec51f67f16e05c8f3de3cc9e956013e2fb4f1e4f3b7cdd58cc1479ff5eef0069fc50e6bff4cdec2933cae2294b4b7ef07bb7730f9581892402510905d8d0b5f0f4a1fd985b24ae32eb12bbb21d93386908be7a564c476f60c8f60c90a64d293c963464ef83d095b0b9f8cee2762bdfa705894f254b0e818ae8fd97d1f4b86e0d006a03e00b0929536df2306305324be1ff643fdc78c810043dde407990531663055cdc96f277464d1
32 186 6 500 44 1252 :d9927bc89628df4902ae2daf0e84ca13971cf3bf4892f34f5f44ebef40a73f3b31ca7ae98f1c50d31fd4b12f86749935611470afeac62854497c6e4372d49068b84d17c6a40ab5613879be5282fee5ad907c179e4ad473306884178cfce629d213ab5b75eaabb809086dbc9a2cfe7ebcb447d863b130c12bce814c70e31de8a5257b0fac09576d6fb1fe474f6d4314aa374aac39bbb563d2c0871fbaeeb70789b7838b6dbbc280d886daed0cf9285db8b3e93970b0eb6e41302c
32 187 6 500 44 1220 :3b4e3bb4dbacdaa47ce2f8abd787a50c4a926766afababa2bcc9b5fd7bac3941b357192baa14ecc73e23108eef32a14208df5ee47405d13b04fd0c893dce58999c2c1641d429f99c77c2194e8fcb0c34f16cc75e5556aa13b7dcc4e745a923f041566942d4a3787ca1871faaff72a3656a76279f868a4610e9c18e726d6a87c5f66286771e478b0ac4fbee0f997481c24048a615f4a9a04d49496948ee9c7300076b8b9e973b2792e5f1ee7c3deffa76b35fbd07fd48cef5c04a66
32 188 6 500 44 1188 :478f3da801b722b7640a8296e009ea0b246e5517fefffa78ea7b6116f597a85eb5b3883e223fb9c694d8c1bddbcb99d32bb9b2f600397b631fec17ff5e8070156b79bed9a9e084483a0716e0d59f7e5efed1bcccf81d8f2cf88852af582d4dbe0da6bfd67993cac73cc49ebdb69516b567607c868cba19fae44edad37534de5348336c68a5fbab765687a1285cb19e27eb9a1cf9cce9a3f180fa45bfb8a408705faadf1300c33a84ff9e3bce3930fe9c36bc76565fdc02eacfa0ec02
32 189 6 500 44 1228 :bc56106bd49d09d999643fc840bf3941af0cf76ae6fc5951434e5a0f7e0bfd1700724bb906b983d246c1b30910ce4dbb581feef085827df8f15c05a59e6ef655dab117e0a48d2f5d2fed2b8623529f0b8b4beb22389eef099f49c5120d7a20ad2455eab40f2143e424a20ee2992dff6ea6d889b351c932f91defdd736595813f73cd896992b7f1e8a0f07e2fb529084fea03a5b86b469008e4cdf529031ea624a20e610ae53a93185555534d2f7fe17b8f06f20b7cdba908662a3971b2
32 190 6 500 44 1196 :20655c0be1242dbecdbc378c592f208684bad51028a2d6118177a52bc1da9d0f479feebea23b8b999c0a5b79fd5dfd99cc3be7eab5ce4fb279c8669db13b26a66eae2f277ef732d527435c33b914cebda1d2920cdc4c97a9bd816f8a6faee43f15c291edb1cf7e90f59d759998111fb923588556819a54086eb3794d59f9ed7991e819d4e9003c46559e566280944ffa132461ed6b88feca13a0cd40a0755f83fbafcec55cc48b675cc8c39d25156d625288665cf5636c6d43b650db44ee
32 191 6 500 45 1200 :5242274a62f4b0f0bb82493141a6799c0e15b40f3f071a914b4da5641af7245404f1012d69f2631045f939c02caf023ad24131ed2cff0726ea0a6a92e7da17454bfe772fe911e2261f9adaa396acd8ecf565040cbde8cd3b420bc47f5d7dce7347ce4fa1071eef713e6f8d8471384c8f0a9ff0319345bc36cf740a1d2be00054ddc9eb19a1d421879e6e618f99bd88bee7f79e43263f8d38df8c09112ee07de5e593960880071e776dff89ff930bd52f3ece61e47192293a241cf241816e3f
32 192 6 500 44 1200 :101bc942fcf5b6368f52cd14b2d8f0d445c57238979671df4e4e2dc94807b17e52f1b9eaa6e6e802081163692b6204c7ab2711185893cb08541bdc8e19842f164eab020eec5ffac945312cb578611fedc067f40a90ef833db9cb707356f3a3064d35018eb2563f03c862fcd101e31f69886a09f561fd392be4e781a3118279cc3b870c3872595b063af122b9fc1aae555a4c24f3223db9dc755d53ac7b41d25a7715b49809ccd2b3f736ffe5727454a24ec69256747f2c70837aec3ada9e092f
32 193 6 500 44 1200 :f6513ffb6aca296ddbc8be3c5906ed6fba341afedac5782ed1bad7eed6b0be2102d834d32deac2b79070d775fabb6e81dd340f7dcbeafacd16675525bf0c72721de56cce6f62b218a3835ba3b983732b83340839823803d42a501bcfe03b5804e0e6fe89ec64f48eb086d8c86029912ac7020b66e3ae011bdadd729f8d2f97595cd18a84901422e23e97cb4dbc25593d5ec469722a0b2ccb33943fce8ff1bc68fc4df5f6079f5cf15704a4927c63f0e6b832b0fa689bc8b1dc8925cc601e47dbe3
32 194 6 500 44 1232 :300bbc76f4e9ee991f7b593f57343188190803882d0b7c53fe2c009973e75b319aae345d379b93b5e8292c5600cc0f87d2d1f21c2a10121b7b37a8bdc14ef0eb3cad685b2db67499802ca31eae7986cd7fde5e122f88ce6acd2bd82157486075f0ad3aafdc2e26690ed2364f79559d4fcdd4a822f5d5a299452da78f9aee4703b055c1c9050f1204e7ffc927e8e774a037f05c7e39a933d46b913fb509dc4cb6d93dd186b67f98c42fad59349931ce4a7b6756ecac36cbb21cb6d2dd8775fe2e0c78
32 195 6 500 44 1252 :3b5ff964023e804d177e71eccaba67081c4389deaedf3e76d676bb2d949d21f1eef99d481f8443ac676d76066f609029e0ada656b31a9c451d1f142a67468b655d2489b7965e5a7b5de30639bee85c40a903b936584b35dc1ccbb3bdbaaccd2f38524dff708440b0a476b88c8ed56891cd66c4b529c030c0d8db1d4c71b392b392cf65d38d86768157c1cec7095467e87b9081e63e4f06ec37caff10109d6ae0c0852007ec2680d23e29a1bdf7ba9bfc18ae242413ae7b8d385cde5af93e85181f0d72
32 196 6 500 44 1236 :a1af74d87394392baedf5eab6fce195abefd6a19ab5c6bc8a71f9bc1bf0b290a8359e02d02d8b3a595312e057ae926e29041169eda4df11e0639785b6417404902952cae989c10abf08edecaa0df321deef6a7a87898cbd6fd0614498bc04b46bb262367b38110a48ed094411f0e41410ed32a4b080ed03d235cc11b2ce8297c0415a8a40f83982b37257508d5fc0e4e99712d6a1b5d986d01639beb5ab0dd18f3a2551e1752a4b04f03108342a8c6f29bc18e0a4d293967c46d7daeae3e0de41a3a7b56
32 197 6 500 44 1220 :9dd2e15ed4ffed481379dba976d87d488b8da0e1ce1a71b0ff0c3459d899449ce16e9304bae621cbd132d861798b049c0a1554c797bd0c788e12a5a1291e3396f7f5f13c09b39a27afc4665d1ccc86872446e6d3e7ae5a1e38383acbfd2d5060685c658390bfc19c17379ad71ab9b84ac919e2628c1b517698fa191a581dbad6608e71235cc137bf92242fd499da58d6c1566607b7c7dc4ad4179556d971b6949bc15d309e5135c35d9f1bbafb4769b8b7ec9c564dfdf6c0a18db7bdb809120a0da1e2e2a6
32 198 6 500 44 1200 :64b8634c0042bc51b967bf0db0e9c93553bd7291791227e9c8ca53a214414675db61aeba159be93cd46281b2024155a5c4617422a7eaad303c614e7738e028915296143488e1fdbfef454c8b4fc5db8d9f3d06ea89d975cad15526584f7e1f0f9d7eb377185887971ecf677e85df1acc6c693352c0507644f61838379f247bfe3f8d7e0c5437e1ed60b7bb5faed01bb20c80296e804dcebf199fd8e6eb427aa2d5e31c94b16949e17bde541ad74a44c65cda01e70594800ac0328c653841983a571c84c61d30
32 199 6 500 45 1252 :e643df0449ff7738f2056ffd5009f5a0cebd61e65bf9a9ea6f658c270ff3e8b7b9b8d22a251e9ccf176ad3816a0527db19108dde074376a843633094ebfbe402734979a44e9018c5cdcf1ac48f3d9bf38583bbc878e564aad7661fbe1bcf16aa880e8a1347ccf59c3125de060c540800f5f9a79244c2476281a2d19d9fc0885e2b2265bf54e16db48a6b3618c5b9ef275b56849deaaa0146f0062fa2162bfe315c3c612dd794efe09b9bd3ea4e789871bb235628615a053826100afc0529109f257bea94fd186a
32 200 6 500 44 1196 :614521b186aed408055a2b377b674cf33855fc95ea797f46c09032c25872fd39406695ad2d60e3044f218d0204f12090e812df8c91abaa18404ece2234da4f039a19df826e64ab2120f0f21f586d2005cbaa12b2680880ddc3dc3bb7c795010db85c63fb472d001f89a18cc877e466142c66e8b6003acd908eb12e037a851422eb5f28f8ba0606eb8228adbc7d237da6db280cb1c3bd23757e93f490e8b045c97929d8a7e2f444ea25e59843ae035c779ab1735ce858e5bb1326862c041d2c2d47fe732e389368ad
32 201 6 500 45 1212 :42b0aaf4d3dfc2017ec7e2c182253bd68031c7b326f5c1ae469b3152268dca9341b4c789a3cb4ffc84ad3babba656970d874d9cebe9aec7825a2cc1a00214cc5473f796f198acf385ebc268a7c2dff264193b582df6a2c7b8c9d67030a3b270e596203131d18a5625ec4611054023121419378783695a6abbde9459f86278f62f5aff0271637f10111272635e67e0454f71f511b8f4549cefae609a6c881034c8119729fc276a0ccfbf52ad5b0736d3c0b90f8f77e1b79d85879b481ecfce2a906c8b218de614819c8
32 202 6 500 44 1244 :24da7442fec9b180e829f0597cfbd3e882595474279f1a866b8087b7799c0ded7cf76f8b739e19c188aa78b9f593cd4869bf9df94acab06bd043d58645093e32859c754d141fa857450939268ec0abe96ad204c9418508db733a7a3cffc5604a6272721f5ca3065c4cf0d793bb61d0b66c436388e038e587c88c81f75c7358b52c355c8a9603f60e482ee89d6b7680650d9bc2742fbb3d4f6ed309bc8ff3405c81a0e665f3754f75a4409e6893c4c47ff6db9295c7e9b9a3660f3a2e4114aada60222f3507fd4e17993b
32 203 6 500 45 1228 :97b9f599bbd184f9045aed3c5f9892116c3f56f9b157ab58bb3fcc107ec3c1eba82f429112fb7d2b583c19b95b6740df7d15ea68e38d6efe85e50ae670584c9bb310ab020d14f0def3a837c845337e6d673e507b1f3efcd131f992e8c18c9a2b92ded43596a409bb439070c32f439448c002d78aad17bc39224c588afbe4bdd144304d0a84aa7356a33bc153812223561f79ddc236d191bd21c8f6a6368614550201f24c449391f23fa19d86f0b47b520b290c2bc6990e376ae8f1465028bdad46246ac43c3cf99f157957
32 204 6 500 45 1196 :ca6aa437e6262a81cbddf6ab1ee3fc5761f09f8291b784e71d4416fae32bec2052f64b2878e067aab96fa76711f581919d9b989cfd54beae9371d44174f7076d15b6126efda730c8ce26f83e252eeaa837464f67b514780d64409bd45095fb7f6202baa59501cb17569f4168ef10a571b94fecda3d8e025315de15459409a82942271b3d818468edda586a74238d6c0d5bcc7c3e52fe253d580d3d11b19cd16b8be71536a5ce30a7f16f633994673dd1d2122a9df95d07844775d72df19adf43200afa427d92f44a168643f5
32 205 6 500 44 1240 :f42da2b460fda73e15eda0c77e55ba2521cf133a0eca427c06f4b35f59a6b659b2e81acef7b1c8c30c6016a9d066d0c436e2e0783e0b586bce213c5019052398b5a39d8cb3695d29a0ce5efb32173ad7fa2ff9a1787b04217296c623bdaf964210b847d3e5fd00f602df41aea5aaeb260a62785e88b81cc8050ffe3ffb1f39596c5297ed1b73604190bd02854174cb5c05cad8b4507ad124e45f5fe4f09f46617c208a3738bd5709612ac4ed22fe0035dc41ef95feb4d41b7fb12a876f0fdec22514784af7795a1cd302a11a61
32 206 6 500 44 1252 :6f30a6c6d88dae898e5d1816e6921287f3d65fb048999cdc3da24f93fe14dd0b80e1f18208f41606311ef2372a01151742abb9a868b0c93057017d52f16b17974c796f12427ea650b35f5f4006c042b281683e56bcd3ab66cb1fe8632aa2ee30b5dce3a18870278f2c50fd9b9685bb3ff6c81d9a04bf7c218258b5fbffc657271c52e6c895aaf59de807f86405639aa2790dd162509dddacd3417171ccfe8c4c6e8d30aafc3bc89601ffd2016a5166ef8a24528082543597603b90429b73e40b0b215948e1e6c16d4b645f5683ee
32 207 6 500 44 1192 :b825b0f8754ce36503c47c270fd69a7164e855bf7ad870184e76c7361d0381ccc4a31e7950aca43c495937817b3c430c54764fa25357435ff71542ca4b99dc666fac5f6c0a80856d073ed28f9dc3cc048c72f235db1920f5536df56da76f3d87fe2f3759127e148a7208123b98f198c1d5437045a982cb0935b46848bc086d6eee1c0c3e3ced4e389fb6d966dae8e5cb1d4e582d4ce6f9a538bdf3cf29b7fe5ab61ba4b7d558b00df3cef0a49db87be6411d4ab5ff365d05a160ec5213c0f6d348458b92cceef237f8a8d005a10037
32 208 6 500 44 1256 :4d579ca2c68dfb6c2b4c21c18b75b1ee8255bce38c94a59e439457caa344d07b4e5cd085a1854ba9f3599839b3d5b5c41a0ab9fcd925b27b5056bb1eed9a8089ed22e05dd037ebbf6e97853b4d5b9a24153bc03525242469eeb913b8f02564500314e2688aa860f2df5e447c46f9303e3fc3da0a48a6db77c5e0d10fee0b8096fd958df713e5bea50e3d7d21f06522b00a3f15a35ca39a35826b3ca73fe7fdd7b747be78e339968e6e52a6ef7a5f2acae81a37d21844fc58458d3d30d6e579f6a6fe1e26729ce3e9654519ac121acd53
32 209 6 500 44 1248 :b5fb4eadaf6bfee295c860c47811eea2ce4e44da76d164dc4fb41a36993799355fd7231a97b728dd1bfe6f40227a8c132cfffdd9642e4c5cb067e9971d5976af2b7eda801ff5b34fafdf5808cf0028dc87c315785bdc2e5a94851c6d301ef00dbb4fc4406c086371d980480ea152533da03b5211ac368ab5de246b35c08ed4b9376e598c73ab346e72d1f0d7d1db54e4f20bf16f4b5837226c29ae5514cd0c722beca1290d5cab3315649ae3dbff4b46d121620dedb3e382412ea94a20e928a991db1c55ad01f94d4949dc971b30464041
32 210 6 500 44 1256 :8da6295d63c8229417d3b23dda04c88d6304d9a29f6ed1ba7beaaae73b0ce7b62911b5dd50e76a6314da08633ee9d34749887a0e7002ce65471c8bc864335170152c61334a6a693c5083b3afa191b1b10d7b56fcc38472624cfffc6a06299d0e41972170ea5c3f02393136f2e95b9bba25bbd995fa95ece2f8c04db0f88e8c892edbb3a46d9045bd15ac321e1f72ed8f1094da3185697942f84e6e0673f8bb0628ca933fda4d940f2521633be7b0cd0db479058569bd8de826494098687f70a70555c973b9419e3b76339016971402a6867e
32 211 6 500 44 1192 :31c697a9d12693d54e8fcbc24eb22a42a4f098b0a4c068dd7832314077659dce6e149db2fc5ee6eeb74c50a989885a24d66cf600e2f64e53d5747093d2f66d17fc9afe95c125c1ab0d467bd4e27df7366c808eb948de2a15daeb04ced0b52cd3c51245a7da8a95a3f2dd1500edddf3dda21cb5444e6bebd349e694e068e95f1ccb7f452152e166995d4ce00219ca0f3459008567001546b75b10e79519be894ea78747cf80b5aa524cb2ea491fd1b6a18474cb5a281af096a4f26fc92640a16434ff170091b92e9b5c538a5d2386404eab0a0b
32 212 6 500 44 1236 :4aed0b3e0d9459fc2bb9bb1768704bfe3ad8ebd5b755e2dd4c9e8c28eab4d5c045f1cb8db904cadc724c74a1e8a3df36cf514936ed0d4f5ed6d88a2224aee673a12ccbbe42062e2d38989052ee7ecf60759f99d5eac5643de310c29a39e6ad4096e72091e94ecd8fbb2a7610d3d1d45f8fe38a04a8c3406c6848be402b5052252d66ad1566833288bce61dea33c63d86346fbe60cc17f13cc02e633621772e954760e24f6932657267f750a766d1f1d6356c54748bff2b1d2c8591e68df6cd8775d642cb518b6d2852a678d4facacf29f31054c3
32 213 6 500 44 1244 :15be676e663e59e5792dcbe1ab2a3b5c289c90c6889176c41748b6854865b23dbb9f1bcd7e6badaef1fa60f3b6299e1c935ccca95ae047d155d9385faff6ff5529782de044cfbe73915fa8ffb0ac5c26f7b3205738c8535a37562d1123f25e8eeb7e75073810b0f3005a50bd6a1e961365518e4bb2004f4fbf3b1a5ce45d3f42e94b5e6fc2d26db52934aa179f9037f30c87caa64eb00166718628674e45fc8f534de694ad2ffc4ba98027cf1669b9e5c962587fdd7cbd0103f94d50d72ea44a65a88be0b838195f44565cac3bd552df355033b23f
32 214 6 500 43 1200 :0b83dcd4bd08f9b27750192d767ee252b540167dd196b9ad9e6fc5303774f04d0a170d5320078a6a114e1b08271aa620950e2a5b0b7a9ea19dd497da4da0e0d375f6b819ad1e11798a1fa3fbd19693825109c18baee3af9c9efdf943c35dd5d080063f78ade4395dac7a705f5d7c2a88da80f37198972340744a1b95be85dcf3eb457164c342325d3926d232ab26ee68b7c41213ab865e5a2e93bede3a39536df6d8ce509fc59c91d7117776bcab4f8d5a3269a36ed03746e738a161cbe06ff449335ad5d5a5fa4a3c549f618604a7591d9e0d2e8bcf
32 215 6 500 44 1192 :eb33fd16d3316b55714e3be561ecc3145a09f50527b4153009a3e82775261178f9c903c82a50b68181399d3fc2dbe454e6472e0172fa05b65d4a384daaf87dbf1d962d8de92a633c5230354797be53089ac08ed53a27cdb5d6a436a41af6a994ffd39491be49998b09ef5362e419f9629e66e8af5b47b74852d0d0edfa8d520af40d69631f90c0b1137a1259beb8ddea1e4f835b9e6749f4cccdbbc9c004fa0623736bedde650026b7259e18253b3c38003e8669d4fde5318d136646d49d49b1f9af7d38b88b6dd13d5a21fd99744108a5809e8fbe5cbd
32 216 6 500 44 1196 :03a221b12638e9c353f51929455b28f956367e9b77cb225cd20e3778ec7675723cafd3584f3f5cc6d44b1d164ca974e087becef0c384ae00150583d03123494bb6288f8d56cc646d53662c95a5844621d545dddd022b69f84d515ca8b7898e1767b0fffd101ed39f354ffa4762727c20270ddb2ec7020cc7b728dfd805c5301b57a7a24099e08ce292093052bef66b5e2f9fa8181fd383160cc87c587be1c440d1d79604964851c26705516ffa7bc417b656753d3ddd7cbd505ccba0d21180e10fe6e091e1cf00f0eb559f51b3d123b999eef7184132d9bc
32 217 6 500 44 1252 :dbad50c1cbd3a37f3747725f3b4f27369d7d4697690aec52c753c26e5ec057d50fb79ecd95b0cb2c69221c5a402d3e5a9ce2ee68c234e0f284ee991482b57388aef9608baa485933df76bb91796788e7e598bdcaff60576d71b64e3950136ee6228d75879b61b7c9eb6d2f89f28d28ca103e43d2e4acec7b319fb177c08e99310a2566a64882e07c73f3807178ca9e277e322e02859f11199a2788cb41d3f25a6b879a0b32f128dd4637e004c8cae4e7a9b5089e989ae2ff1d3513fefaf22fe8cbca82fce98b1d30b56b61cb97f632745f3c51f6332f260b26
32 218 6 500 44 1200 :43419c992fbf9a6443db77fdc1b8bbcda7b2d5f861782923d40697ef05b0abcc8da417f38798b18d9d91f8ae17855e89963444e7f5a7900ad6d0d6b96e905ddf34c2b24a22dbe4640093d1c213731470d21db81cdbaf4898a4d1a7e9f3b0a694ecf50c890dc2d00ae201a98775da4c89e28d6add64c596a697848ed75a9fad72ad280d0f1751631f89dce19bdb4b6d82a77cc94ee21c8e7879efac803b18dd0667b636bb27e0dd8ed8115be9de0a899a002ed793d4cbd5ae21de7968cf2edad0dd93724acafc3ebf9cf1ebb1fdcd47f2fdc19b383b71d7030274
32 219 6 500 44 1208 :459c6ffd66ca3bd487ed31a657d9b2471092d29c08153b7f57f1cf10073eb81b3254f1fa58436a0a2374dfb9d712191cfcbdfaace305f947031b9e6c9a0b089ca1f557f2e9c4978815c8fdb7932eef0127d14d788352634b2144fc4ef9aeb16b4e73f80dcdaacbd006c9cf447b69770da3763e0e1a7e745853a48706e25f27f35387424ff0247c22ff450b3f892a8b402df2f46cb503153804c2c7ef4d431a9a76f5e90cc2025337a1c0d5cc1badf07cc46349e1b66754de29776854bc5cdb7382cdbffdaa6eeeba8627278c70a49794f6c9b38ec1e1b58e77001b
32 220 6 500 44 1244 :ac76ea00f1f3abb76fe321b5f47a545455a4e00ad5011295c31b7cddd90f28e648d541f967ed74f6dee2fac5376dd56e49ab089c4a7313f3b8925b0c7ef3fea2e6226d890f78d7ee83cc98b4c6660d5b753c137cf91e20b49f29a42e60d5ec5c074bb26298baec53c2cb4e5046697ecfe94872305845f22bb52ace5e906c258df0d4b753b1f16cfc05edd7fe3eed5a7c52fce6c9e544961ef8940e33618a8c6ca5482a0401da894d239d27e73360d1373b2411ca122744f8ed0d32f1e65b37b81f864ecc3197ac2defb1f8d719d2bf5a3eac0a85e0da294327df118f
32 221 6 500 44 1220 :48c097d7b6a46db20f8357b04d4832b3e14306fe7d7d762f29e4caec1c53d0d6774e9be151bef5029aa61de28ca27430e814e504acf39ad79bee64ba379d9cbf15f6212eb2bbbd880a0c317c39247bf1c34f4c31b3540a72035111d9c8a80518744ca07640cea4631200a24c6d30462b88ced7a5067a2f6a8b999530e518b71ceefaa43ae11ca163f31dc462c9a32ddfb1ebe3771447f4757729d2055f1afd0a27f42a83712052537e2e7c0168faa32e784ae9bc76ca7459c5804515780a65f67210fc8f5ef17e1cb920560366482ec7fb66de98d0c6c2f4767624cda8
32 222 6 500 44 1200 :b8ddb417dd0d780c2d6d61a4fbf7f88a26bbc16c2cd75aa4a5ea0631cd640b0aea0dea3df20a538081a7157efed2e73f0c48192e8c2fd45906deb4444c4d726d9fc926ececdefbcd5c3fd1d4f9527ffa579d1e492fa5498ab3a669b6039cb1b13f6773657b2a507c6ddbbbc7302d4f82000ad1751063e3358a61671c1b398b7086776fbcda810853ce21fe8ab2cf8c52a41b4512d697082b89be816b6ed58859a55e169982f08817074700301b19990a35cb9de750bea4fca02b4a1c597f51ad9af08f422a1f35e4ed0d0b3673f0fcf22c83eefe95aece6bdd3a7571baae
32 223 6 500 45 1256 :ce34212e9f21917de990e2d257eca1ea9533f1c23943f4a7661f52dcbcbc289e1f58126fc7e018d577c52d29294e9f29f555b9801db75a4489497f618e30c0c33fcc0f84b97d97b27445d6877ec6bb9a2efcbb6a54fd9dea66564df8516367da878fc780a317baeef7fbf085590e61648989171662e2bcb7aa3e7f8e603ec259948d97c1cfc2b30d69528792293b189aaa736f2b797c67b519740764c8ad28834c6ff712bda3a067a9f72cb767fcf8a8e242addee5aa6d66481359c6ae6445226cb84c1dd0ade01a3f09b6c721d5bd39b2dab36e0f9425ec5cdb2037a36b4f
32 224 6 500 44 1192 :3c808a51c74a1a029361dd35c32c51e028df9d750c7553dafdd8f5e80e7c0d97159b451cbc11e51cd5f2802e19560d22768e0ccdd369fc2bfd4afdde04f3a3ec477e41e76007479e5de2c748ad715b1b54b7b89fe013579c2ed10d55a2db24415e4084470dbe38ccf3bf8f7d427dc350b9bc05f56b48bfa9b1d01992705c605160f738c27e5c4e332ae08723ebc6f6cc311ef058631dd3f663d76c2e0dee734f480905fb7bc5aca6eb7d872108d5370bdc185c1b3c83cad00819040618322040b8567a55455ff4b117a60143e158947c3c2a588f5386a7051b01aa2e8407a136
32 225 6 500 44 1196 :c0f480e7db5be6aa0b5e5669e525c4fd25d49d5147a5417db8fd5007d0bf38ae77c151e1a5fa111910451f1c651155316aca4eb187ccc2ab4dad9e73ee009e5def0e216ea2d2443cf35611a181d676ec1f015452e51ba41bf1ad16cf36dacf244ce591144ee30d22f395a0e7535006b275da947ff4c776300dd8a7de3505983a00665d00efb2b2de1b0dca33752e531681bd04f9f0547a32dc6752433cd29ca7d5d202656476d7a3e8665a6dd6f8430d85b4b7546c9afb985e56acf6f9d9d9fbf1dcc5d666f61622551a3159266f4015c12cc96eaf35b647bedef1d94c2b433b58
32 226 6 500 44 1196 :9d6dfaee070d60e76faa697f2a0185b0cc533a8861ea741935c32b7db10de8a93983f469fdafb7c3128ef77a6eec08d1c6b75fb55238c1eb7489e681f5d7c1fb69a12346bf207f430c06c62d3c14246c93aa5df95709b269f14b4888c1d3d9823dae407cbbfd1b4fc5a69b48042d67eacb99ed4d2b4eab771b2121e49c311c2c6989dd845392b056d7381145119828609d43410124de8caae0c64edf9573d8f3c4c5fc079f79d15b07963d5499ea71698fb4c2181a734b84de764c83ac9adffb5d2752c049e7910a2f6ff84d03499ba8f317b2c18294df15415163cbe63e14a54563
32 227 6 500 44 1212 :052c8c2883d22391081f27cc0d779ac480436ba144f593076de82ee40883d66f5cba3745b6b6f4ab201df1df80dad27ab0d9b3a227b64a4c0945f5b7ff975ab16290030dda895ed901263fb9774c621c47aa7dd6dde17d254176eac37679584e23b125e44e25c5697e5ab92fdaad10a4082145b2f3f5f01dc42dfd7908b917cba880ac9afc7c73ed8a9faedc57ac7bab4662242c12af32b582dea28ba6b848f302702d4779462b54d17912af6ed9c5cd3dea21efe111424349c415722bd28a607d0e8c4b3b3f4283bd07efd3994bce0c14fef5be279be9e80df4f00fca146c4f1d9a0d
32 228 6 500 44 1200 :fb023d8abf5c310403653722aed684282e191fab677b40636194e0297ffed8fda8d4099d327e49d5cc3a17665ac19f2230dbc17177b9383a1160079565ce7fa6df6bbfcc9b245fe5e93983a9a7e3712603d0e12ee63fad8d8369a41b36f602e3f1c9cbf17699c86f95659660afdfc4c15758a34b13419a028fcfad3a48f6b2afe873168eb893c8b515287d9ec8c4a14cf6b399f3de0d7601b4064863cb0e5c32b80a2a85708507e61ebc3adf083c60d45366f9c6ba9ebbe87fe90c6ef87dac2e25200a0289b4906677512adac7f3b892d313f6b6ad94db58031cc2a64d9c455e4989e2be
32 229 6 500 44 1192 :22b7e00fc2ba75f7bb15a80f764b2813a3d9d8b932f1f000054b18f1fe8fce6dbc66f7f3d79a661cfa148998b77adcfb706aba59c19e8e7f42c0e94ba0e6388e366c1b09cc005f3e46279dc41a2f2d26f9e862809d4d9de52c31bff00c87625acf905f27213fc406944d0c02ca7f20f89c9fd607903eb7b1cbe13d50227a33096b26b90f894151dfbce5250dc937893663cc70f8ca161d16db782877423577870ccba77c8a11dbe107c1522b116642c5dcbe9d78d529cd1779bb153e0d31dde886c8294b135ef66726dfa4f860154e19121376c7c5ac32417b56837d3e56d4007654d732ba
32 230 6 500 44 1200 :44339a2dbffaace25b3be8271d29a389a2d527d0512da529cc961e6d8e111888135fe2df1f7a0b98fb2c26182d410bc03e261be9252016a06fb99af73ce73212f3f7adedca5ef78107ff14c8c5ac1ef3f2a839743c536f614ff98733773886083070f42dcc9e4b788b668efca95108ed227a2a67ff2ce34a8a6d6dc142b685d22f0b5e6ba9412095bd0c5fb5360380734bc1d37bfc9a32593fa1dc46944ee3b6da59a5c644cc068e638b019abcc032f46ad957c2b61f31d7c98e2c39ecde0471e8355bee97085e7ffaa5d497bfbee37733ca8af4445881dbd9616510ceefe83fc874906be4f2
32 231 6 500 44 1200 :ef46ab7f687263e09f18c3fe28e4dc6c1d33607242b3313aef072e95f5c0f8c26473a3f4fbd85c232c8d9e0f5dc1984d67e54e595c8d70791a3c2cf9bbd6b55ede1969e6afb55adb8d9dcc41edbcf3bd35b62bc9995bc7c0336534d974eb9019e9ce54b19c6a5cb3de28c122e3b08562d3f43eb5083f9ec1e9b251bac1c188ea9c4cb18929689e693eea784d62e4cf5201eb02c986b40316fd230358760cbf4aa4559f67d47b02382663ebc76410f0b987e55c7177e1d3e9224c4a28390d332459d6812f372bc07d91b8bb0facdcba592521f83197f730c6d0593d413fff0c8545667f785ec7f3
32 232 6 500 44 1248 :f0abc114bd7a347719470b01aba71c511cf91865303fff0a27c0014de7587fccedd0ad0424ce1d003d925eba2fccdf3ab1051ba4add98f44cd489831f47c04e8f4df9adae22269a18a4662daf51cf73c1219c6d73953e55150463823d57458908cc1888dc1ae9eacd8a5b746628341db7364211426ac5f78732405fc5aebd10449ec01b30208db892d3d86a03506f6e9667353fb209c0b07869cccd6ad869852816c769eb7e71e2197a07482f2ca4e0e0c6f3f13c74b8dba22dc13175f6124c90c6afd5a0411a3f5f6c8deb1b90998273e7eaadc3883836f281c31108fb815ef797d6f9fa5f75750
32 233 6 500 44 1232 :7782d4733bb8be89500166d740c7f54792d294c188e9849bdea237fc69b32b09bf91dd1fd9d8036a9a689581d59c20a311b0913aaa189d1ee77de6842b4b1336c7c9f6ec157d575c88c4aa9c6779e7615ace86b24ace50326d9f2701cdd649f402a63da415dff425db23c6b5fdbd3216d4664dd74b301ed2fbbc54f89997a50161ada30f4c25f2e4fbf226fe2f2b19d0a55acb309997a7cf801f1ca8bd612bd2016073ef299261f70c977153c958f0470a99ffb52db4dd6114abce0831b7e7b63547a0cb54ec26750f6ea2c80a3a8968da45d9741999f807c8649694d4d1bddc11e6ed24e2c3970862
32 234 6 500 44 1208 :b7fd5691839e0a1241e8dc7ea664fb7fc731819bc2bd0d1241f1a3b6a30407ec593a9e82f5661986e19ddb6b6ea54fdd7ce754ba17cc89fcbf7e762f431c9f5e14e9f2bcbc15e78033d9f8714348344b1b4f7601561ae247c9414fb3113579d9da1d2ed91ebb7c9de8323cf38d938063f63132a52c8cb7a9e10889b0960721f9eda96cd9d058abce210f9c512029eb26b694877e0d4db8ffaf996f3fe8fdd9bea29d349788b963063995860af4d72b35edf5aafd0c9317010604be7dd93cbc47b17e4da87fb183de9c2eb75d2ceac0bef5ed3d0525f13e8f1e038df093344c726b81fcaebc629ea86a99
32 235 6 500 44 1244 :b624d134a653dfb9a86ef9162b0b83b21f80cbf73e9c91172dc8d40a256228832b843c31daea111971ef4542717634230837c52337d9773548369a98dcdbfb978cc4b9e53693e808678c42b258e7ccf927a5fbd07ee826bd95f51f60c4e0c8634f5f4e617a399262998daab3c56f2326686085cc6d12aa2564fc6099c7f04034564d7bd6694d026e6d31e934e507677cb2d8357a1e78b574d075d0607e86bf8fbc4b63c378df3bfb998d1d4c8114babab3d156c5499f22f9b6f6ab04d8d62a517995e3f08834858b8a3da61c0d1efda7650a00bf493d9da816774caf4b597549b0eab7592bb3caf0bcf382
32 236 6 500 44 1248 :063a28aaeea65952446a3f66c08414dc8d65374c581b483cf125c0ab707e23b5beea54f41093a6427a77c0aba9915114580babd1e4258bbc511e1dc16a5e67792e5d296811f2a056b73eeb50965831dc7268d97bb32453c4841100ec8f2a25c023d8a4427dcca6335c55822c0ef7480b51b4d63beeff5020d2b54c1545de8b085d2530deaaac3e38437ed6f8ef2b1af449d1cee44a824a1a82006bf7ea4d3bba04dec7d6c4c3c6481b5730132dc9d29ebd77115ea4f347986eb6d5e7c183b696ec332de52824bdce64fde19b2cf7616891fe5659cbca5950676b147009995c4e9412d846bffa5588a4f7589d
32 237 6 500 44 1224 :c469ba6fe06175afbafc1c48136815228128fa57f89148ab325c5b6803298b62612f08edc77dd5a5f9d9aa82540d1cf0879a4551b60b99deda819f885a3d27014a62d1aa6590388f590581db9cb8cba14fc8148f4105423313937bc458b3d2cd3119a9691e5c142061b5a0545342cce7f8a1da336c84da8c5af68210459659e0287858f27b2c8a5219fd9cb54e44a67a78a89eee4e62c9044b9bade9a325c63d33cc7fda629d54c8d1bd67c05f0aa9f51a6aad95ffcc4cc9c03bbd59ebd2afbea60672802c430547620b95e841de470798ad8d2c31a56c140f75250bb299f637539135d3fffbe388150b6b8c05
32 238 6 500 44 1196 :e3fae8ba6fd8a6b1f4bd983d44904204e4143d237bab4067790a2d415e7e916f99088520bb15cf6750c8da6d983d597bdde0bb66c130feb2075637b11d83bed5dde7ce59a83a87c0cd0d5783e7680ba3e8e79f16bf91eea43ef5711633d9c0bfc61501ab51612232eb47b81cee5b7926bcf4f390ceb6df93c71b58b5ed9884264f26db6ed6586ea1a3bcea804f7b7e6bc8486e8a976ed51c0000c732503f7717b77fe12fa704716ec4abf8b951383b0cf4baee38cf68678b8f6b91440dd9abae62b0fffe225904d3790a7bb21cbb09bc8f924014058e2927aedc65d7a9b35ca302b61269b538ccae8a99bea525a8
32 239 6 500 44 1228 :0f21deb184c0fd53a352a5abeb0a8f9e1becf64a4ba9ee0496ab73680581c5cc73def10cb70b32f67698b88280333a0a733132d0a4daf7f8040c2adfba5afa5b69effbdb88befdd3a3580e8f9f325daf0761fcab67bb44576041f97acacc630e099dfddc2e346352f188a4787d859f24a692c4c85484de057bdc33dea7935d54a2e212d6420df665f5992364514225e4412b8a22fb1962dad0ddb024193373a1ec58878935eea6735b8a6d3c32c5d29418156d682d2c03f5cc4d50a117ef1c4197e51704a51d6d1872d2ec1007e6a4db7a17d6f074254ada2d764fe65a2e574fce58af35711c4360249155a07be899
32 240 6 500 44 1232 :ebd30e57491a322070ca33f6a8dd141ab80cbdf6a51546de341d2011a7f64ee12c99cc541cfe29eba811893e474659c10c295fad164c0a5e666a465c99db7eccecedd103650c0de6200cb6f105245e31ec50dfd31409d2082790ac69b7f252502e6a56e778550525c066f690be8f38cd19acbf8a86cf7cad5a36de360488d5a10f2713a86fa4c9f0dd3e0ca39cc25d770e6cb84fe8c1fbb20ab78a413275566a22ab94e80d471697612790cbdad7a53c63dbfe763e2c1b991b892397d891d51af819ba72c50b10daa63b0e793b7dd018f0f33505bb21ff640b8bca1cef4a3058a15f285b8da24c5799631ecb663b251b
32 241 6 500 44 1196 :d2014205fe31dd777c9a5e59489c8e35939e1a7613da9a1f8f500aaa75e255a7cddc8880b1ecb65f6fbfa99a213d3b7e5a5ac7376baf258d0daa45309c4da53055a184ff0466a1244c14d1a8149d90cacfc052f66fbb8af12bee7b77224bdec779c02c7439d2b505d9ca0353e97e199a57bb59edaadc69fb64854ffbb5119ada262dd6ca75ddf38d66466cd01d3fc27664cce33fa5f3de8e3bd061f9602f2abd915bedb574fd03f1c8d59bde02c713aa4cfaf127bbd146c23b09f387bdd66a7e548a335fe153215e4d08e0a34cbebe46b8d794b9f6e606499b958c00dc8dfa223a15fec76d5993ed0f53e89e49f7beb7a9
32 242 6 500 44 1192 :eee973f07fa58656d34c437354b6809c655382e6c0933b3ed86f8be777a068ba728b08a9568556fa12ad1f86d38ad8ae9486092b2411866ceae49f7a2a33384717380f422c2c03ef1ecfb188a619a24a242c13388941fce56571e8589178d736ef5c0e9a0c449851f854eb74e21a68453f09041cb2eacd86750946b6b7e20e2ab7e3195072d327c8e17c22b46d3ca7ce5b3a8e57aff7b96b3a7b8e36c82c977407064032cff70c6097a3e372fc79556352831042504b334eebd85ec42ed3c363570c9c38c8fae2d626c3c1707ebafd29a7bb7df709f45b1b2d7c704a1ffe3c44dcbdeac9fec4adc576cc566299e5df45a55a
32 243 6 500 45 1200 :09677c464c1afb2fe33a30503943e8a761b418a7d3e0934e33661eb1d023784268c8434acddef50ba34df4695daa24bb28254a51d881fc35d8aeb83f763f54b76976da11fa251a7557daed338fb0269eb2c77d0c2379a5495ecefac9721430ff15ca673130a051c76fc7bb8d677f976a2a72ccb54ed2e8b7ad1dcf5455f2ef4c0013215a1644cd911f78870e808bb51497c2e313a42877b93894190bf883aed497a0d49528e6cd4e6981f8bf136e328d06096915dee7eadea379af240f2a97fe48f772168844170c78ea8bcb1b49a442d6120e49c281b8e89013bb5d5f2f3c46973d0d1a6d9d9797099005c30da4c3fe402dc1
32 244 6 500 44 1196 :e039ecdc03afc51c5d37aa7a4463d55a7c5e2fab99252011772f7dc1dd366639075119c22c0e568ac8d4a1f1603dfdfc001224597ee941e67503ad3f9ff709564cc71e9a9627c7cb098807a328c5133cf5588a6aec895e07c8f616a82e38f30c79c8891a2a270498f237c569f7211a55f3412ada5dea3fc5834196ecdd17d0938b55921971e5f967f428b8cad019d45e88d7395f3b7fcf4dc231d55e177889e90ef6fbef48eca2bbb95af19de00b6573b22f8b71d0ca632c29b0eced7908ac400ae40370cb106f6a0166456cf4f446cfbd673b3ff3064fb53b297e583a67a7ed1b1bbc35a49aa649b110a891d69b784fefaa558c
32 245 6 500 44 1236 :3cefb0cfece3597b173060026114f6449e3fbcd67027277ff56f1c04ab761bc21b9691d35a456f738ebe63cbc7cda67e6d818fe855ccf26c9c89031d56c22c3bb252b0a766f3ff58a25d36c179dea9e1236d0091e55004c04b2a77f6cd07cc53a842504e76be93af5366ed5876810992b946b61292113e56dace3d4295a18460fcd6af625a698e74076b1edf4d2940bd1d2f498c026f9158b019dec2a6a599c1412c0b4602130a3865dc4d32aa9e3cee49d9aa9747d55359621a3c8a2cc4f3764d6b81eb6010085458606ca3413a8003e25b1ccc293f5b93f2bc57f30cbcedfec770ee2ff994e9778ec84bf38edb5b7647c611825f
32 246 6 500 44 1252 :1804c68bfd10d51aa63c938df798be7e2891671bd666b8b1eecc975c9fd0aad0221dc12945ced3b0e16d2f7789ad7b9a12d69b634df366da2fbb6dbe47d4e647210f036bc744591dfc57f8134359a996c7d84deec44131a0ef901b694f3238db62d5d086b8a98a6cc79f19525d53b4a35e362343ee9ec061aca6f81755abe2182fb6b02e8967319537a10b9acfec6c11d496c713b0617674fdc317d3d21ae9da704835bfe83d9ca2902629a96bfaf629bdf1bc08a7326c19a2879bc3334d7151a7995a2f8ef3cdce26841ebe550e9b0663a2747422d3793e5a6a950ccdb7123922fe48d5dfcd2319fb44a387a2d061f542892cd86e4a
32 247 6 500 44 1192 :d35c1d2f7f9ad9167fd3e85e48a32d357be14454ae5857fba4b2315f2f4c090028ad2b9e24762bf6f74a31f90970b13afe356e1f3d558896fc4a742f5ef07fa10f61f38d9b1e5aaca944dd61b095b8ac0716dd56f369c8f20e81c57ac65a90702b7366c4ede751a5b05bc9f3a9d132678a3c2e5f1359ff7b127ed9febfbcc598b25ef059f14d99336bc1dd2501d5b785ea2b3670e1ba6cf043beade4ef3434afd0b8f9a234e3c32565663211f185225f33052477ffaf45557919edae5341237a3ea96f18ccdd8f3f116b8f955b567bdea8879ba5fa6aa5fcaf2914c7e42a7cb47cdd898b024f40c59719f709dd29e5a7a514012d3c4fc7
32 248 6 500 44 1188 :0fb08e1458756d125c5796a7968005aba8e68acd70353206758d8655ab03a6347f97eb3a1647b4142617a60d1e72d79ddbf1894c6d15bb25c1054b6754f58fbbab2caadb3b120eabac238595885b3486b7ae2eed205c8adfcf950ff66fddde81ce9e5781a98f3339b5c7db2ab70419bcdfbb8c1ef69704d0d143eb53dc206367f4b08f17f9c88477b9138b3373c73fa8ffdeff358b4fa9c6485d47cb51dd472d792778eeeb008e87c7688c97848177a2423649890c24d7a8c69dd6db13f2d43359151fb90e94bf82a2271e1a4d989972eaaeb3d25f0762a39bf9c795e3709025766772ad14498aa45013f3d67317883a0d4940698cd049e8
32 249 6 500 44 1200 :c3e8b1c7188f45bea95f96867e5c208bac1af8a1a6410431a10db9bdb6c7fac8bf6c8dcf08d1294a1e496fdae12f4470318937ba406431d178a515e6fa190b75c27c0f6fd4b2032996c7612e4aa1edeab1c5f65debb7ba56db93c587adcabe1718882d67d4f48ff2a405ea8ef87b7925c547c6f577f43bd5d5762dcd12406e4e91a95a60d5a708139cf592520b120e425a036a21bdfbefa390d59effe64cf02593d8009c7c142cbc9da846019c1b668d18989c674562382dbfb8ba732f71b56f91e87155daf138d08294e2e68af2cf8d775e1a415f9470305e2554e438960c10c91f11a9f21f945a5d16aadf7a48bd5efbce95e8858520394e
32 250 6 500 44 1256 :6bbc6289e972283d0fddd9732d4259cd5ba136b3414b883322cf9a6b64f0dc4e9a15c65b72a848d9158879ba55044b17d86d800af9d09ade9b02062059570ee505d6d37e2fd43b71d5acd9eddd8fb8455c5285dd04e7b9d222dd724472e7133f88a8ef5bb69efd9677e94501ef160d128f7ed98d354a5f3ec0473d3a1a2489c001fa11ead17a27c220276ad9047331990667eb88b947ae0e234631abac58f20cd556031972d43049e74c7188704f3d561fd9872549a4e46d081c458d170a5008a7e15920f74c8986c9b39f08fdec2e124ceb3ccba9b7885777e6e36c758f5ed5a159428e36b9887a85c8486c18ba742232891330b29dfda62a4c
32 251 6 500 44 1196 :e2a5d26a767f7db36c3fda6d056272cae88804a3021f312b87a799e6d332e774a9a120c026966cbfd3dec8c403e883856a9922f1a80496c35b5ae6b2a3b7e6f10ffb69710cddc53bbd150b2cf26035ecaa3bb5afcb36780e88e013ae3d86aeebc5b154d5d32b99e044d6d756d696be558698740d6d50d5af8a7c94840dfc9716ef757db0640de76caf938a150d8a0f8379db73cc6b9fb3c248ad0901d0e01723b9bf06a8be717769d04f262354135f188e81cacadcd4a4c070034874cbfeab813dd3b6a7a73916bf2478878620fa21a27f270ac1c5cbbd27bd1d6056a29117b2b92c54ec85094218c9785b05263cc878f2f50f3f646887b205309f
32 252 6 500 44 1252 :7cc0d8bcc26d57bd87e902adfa4e9ee5317ab64b10a4b2be988fe9e272a4d48d049f8667c4d06f07d6880879f5d0db22ca1d3a24cbfd26084c5971f4e12f75b583d76b5a8850cacbc50893c09ab6a41e21f7ea019fc41684a775cbcd8ea837405a9a41927895fdf093b9bd1a04b331abb810ad54d236528988f78f8ffafeaf2b0e96654f43be06b4bf4bd9c08d7cd2b1c3860f3b285c6371caafd0d590b50723c8e445841d65abbbf7fc29ae91c3011236ca6980ddb9bedab112472c4b9cc4cc35e9c63c003212a72345a6c1eaaa7b33037a5109eadf7abaa089be3348483fe19c03cee96be0fa4dec090d53f56da71ab1243e473dda27f68b2d29da
32 253 6 500 44 1248 :602cc7a1d491f68a98cc956ec974b59dc00480a906c76a289fc1f2e2716ded900e5a252465cb0e45dc95d3d877ff4025e470933cc006d68f79b0c3e3461e0c98333bae5073fa3dff291ea58e511fa912f845f9fc577b152a96bcd44bf4760373e6b219d99f3015e9d5775b8709155d2a740f6d9905e3fcce3a57dc0d79452651e18ab70a1aeb3afc87e90d31047adf71feea9a1c917dcb58f1baa2b91214f3b7368314ead3372316dfaaf0039d0b8c39a4d87ba92b4c7d542f32377c155564870f0ba74a7586e0a2fa7a1c2114ca82aaae1e11e818d73baea94806bd736ce5da1267684d7a5994a14a21b6c9a571b680b626a1eef2860efc090d9fcc66
32 254 6 500 44 1192 :a427362ad85f4add9050ac5b0add0051e157e344bf1419703f5c84e1fdbc856ac963b57c5ca2d20b3b2c4d4ce9a2e468d5c4eb153d1c5e105942aecceca64372844ecb77767979e9029f3ef638027293bd028859453a1a1a605cdeb4e813276d21e5298d40cd8919a204941208c001526001f62600b5df921828988f12ba72f8f0cdde89017e84c025753cf744e00440dd8ad953d3c9fa43c78606c44caf1f8c3f39e80381d4256772e6c7142f5fb2820cdd55158855c5e3a0ee45bcf1df250dbb94d73db2f0907aeaa16796dc5c89372066131e15b92c2e9522cdbcca0a23c82e68cd78ea66981af26234754eed7a24e3b070ddd7f75222506dbaaec3ca
32 255 6 500 44 1276 :9834d0831c850722a781bd11474df1ef89c1759f1f1c66378116ad9aaa61bdc0ab5d1cd699e551de288e3c8fac13bd855a5bd8b9edbce94e44afd992c4522a708b57cc9974e45e4d1984501b884c813c870b26b220ff990023b8e88f83a996b538fa1b1afbc065466dbc0dc7230ed195bd0b77451ebf1293d91cb59ed662d04bc6c9c1cf7ece470bc6895efde853c54d18055924fcbe82387590067e4832cefa6c9105e8ee998f380978cc2ec1cf51ddd125d3a910f5950db40fffd945f28248944c18ac5441202926fdad2f55743dee3bc0357a756c7a87723d3c74a6b23181946cc2f2774eae8d41885c73c649c7d46ca3ee1932629f1f48a206ccbee869
32 256 6 500 44 1256 :d35d2a9df434c8c788a4c2577f5a85bb83752dc1404e1e682887c1ec56030e1f17cbc12f6890b8137d0ef37e4eb7c478cbe1fa3667456e13bb6fe644192228ba1d4e39a3acfc82d69fef03726d5dbb964a9bf5ba7f719d5de309ac7da9f02158e606621c83c59ceffc686c44cbb2e73e2d7f7873350c2dcced923beecb0d1b3b29c6ea453105b70866289cb4ebe19bb3489cb766aaff3ae8bea4299d90313a810c07df94780a8e7d0d237e0ba8b62794a43767bb6dabdeed3982413a011f9c63fa495fd059aeb2f100c0aa05121218ba555f6800eb8591830c56e7d83ef562431624ef3bce0eafeb5bb08e818107a95f9f3ff6d846ca273e3678681f391539e8
32 257 6 500 44 1220 :718b4f2edac0887088593212862626d3628616a2d71ce42a722e432469bc75b687b5e30a59b17194a4f47dec7c164453d422ea00284a5d01612841b5874877a3c317ca1309eda42fbd0565c9aa955c2cb4b7d52e3353da789e6582bf9fc342da204747bd60db354196b29c14a6923159176069961397b16b09c11d7c3e9c59562f86c0906a498f43c793f3db4937bed2129a2ddaee80e1a8d5fdc308be08636c7208cf1553d99200c552d8f9b8df7b62504ff9ade586f28d0acfdb11ae7066001a61eeeaff2751b062528540b088a2c076a2727a99c50f90a1e4b7a357473f60c907e9632db9830961d26709aa9a690d4cda77e4bc63f0b03092d08e280b51e171
32 258 6 500 44 1236 :8a48aa3e1c5494688a87364dbb882a02bbfe28d3714a10bf8124e4c1a5fd92ce76d4d24f5303f3ddc10671a51caa2b703c66ddd57a9ff567e2eb24e76154b7baa132ccc1918352b72b3a487330b95597e07c24131fb6076c95f5249d25422cb8416389d08227bfaec2dcaaa593b3d720bc755bb7b24827cf6b24a4f15659278280abe670ac7212aaaaa2fe4814a73ea1d8f92348be93a412ce7230ee914a939159e902a8ac9665e7e306643b700ad64039964adb417271d7f97b7f38fda0cdbc6e5e9812c9c3afe0055151db03ed1ab2cf9e53d3e7e7f3e0cf9b9eb6b16c4fb69cbd861a1fa97baa23f445d705deb845aacd77eac944536ea97f54045171395a36e1
32 259 6 500 45 1256 :c31f7ce64fb5ca4ebeb9a338774d26dd807d46d127a34efc2721b71caabb530eb6f8b2191a27c3b67a841cf410cd495200d601e411d8257f4f946315b87639e0335b2a7bd4ce33352dc1b2188e850ef96310de119e263b1c3ea49532f0c1a19fc7ee31b41384c512c9c98c3267b20f31217ac5707b035101981979a5d66ceab3e6e5a41a4ee01260ec2303e8b5aea64d87b84cc5926a926a5d6e310a2e791be4af1466292f869608b599af485bb502910639b30760ef1993f2b7a67bcbcf0b9764be8d242e907bb7c7bbd59edac75ce28b75b34f7e42757648fb9e1de59e4eb8940b66a65bf5a1d1393fefbece4f414f054e3880857913cca5da82efc1e682c3f101cd
32 260 6 500 44 1188 :2ae9b5902dc53035afab20ebf73e3c4b8869443c68ea3b22b63868e5515e38e06b0a2f8834fb8e5896d325fa85d29c2f40f9a2accf2e793c4742a9244428f6d935688df3d202475a79e02215c6e44a09dd67514c2647b4e5da260c1a4e5f7cf0969ff549e3be8f1dade29e7dd542293a8b4dc1fb0b57bf02f732d02b9ef4eb44944d689fe4b60374917d3da521ae1b361f825fe9b88f2a61a5b16466d5dc93566b923ce53bfd4a29ee2000c047aaae35476c250760836f9c789dd23e36c24165f097a4de713553285955c8ed0a5c89b86610e9149451a0a112168405e923cbafcdb9317991786539468ef4350563e8894a5c006664725fcecb09c2b37c1c24b96192242d
32 261 6 500 44 1196 :853ccaa5b673c5dcf8ce48a5199cf94c7c72954dd6e411553a402d0748b03e83c825aedf1e9091339f8bf6d3424b9cbdafa421fed78ecae54705b60910c7ad4fab2808bd22c808625ec468afa1a6544eeeffcab732b2737887a1315e4e13b5f1fb06149c02fc398b6259d79ed4782d541c31685cdc1e8a212bc031d1f214267719056ef6a8d2e205a2c7775d8dbef5343e1d486d7b260cec371a2a516efa46a15d1227920d493cf6645dfe10dd1024b5ab9c1686df917f5effdfb0c44f3d7659a14703ba73f17fa4b66362a31110edc5e80a391d0fbcef23480e885a2aeaf84ff293f916bf4aa2054f0dd6ee4f2b8337d830fefaf8b8ea59d4df5e302d4ce7708e5cca3a38
32 262 6 500 44 1192 :fc04bdccf9bb8f8e51297899515f48b5a79b58993f22a6db3b3a11317076e11677e1ffa29b4ece368bd55dd9634185f8b9b3efd39d84ddfa7b4106573fde36de6fd1d9f3e70a145d769dc7490fd4dc4cfe3734149484886fe0d78453bfff06ef3ee2f45413343eca49a292613ca8f48d8c1f224d630a48412e883ee4e90ab605e2daeaa125f0f3defe114c0e712d5f6467322c6f065ba4660411e4d7535fa5a771d3bd4114ab8a89d73ba6d97c5ad011c2d72eba54bc4763262b308ef47d1a1e819138594f273bc8eb54e3c9de5b81959fc57c475786f7942e5a2a0359437174ab9fdd99e30d046acd84648c040760d33cb807bd24ee5814e30368549b325de923cddd26fa0f
32 263 6 500 44 1208 :1721cbdca7c04f38305496c67d8c8ef9ed2dd6a4acec9f93e843fc253f8962a8221e688034952a3ac9adda0f5b237515af1737b7cd1be1696a88a9836e8beaec220dd1eb705df974387aab622ede85cbfaf5abf10b765cc946c5e5385403e6d4d6727acd656a79572699eca1a6c4f492a1721a321535b8f0cc42a14042f2414784b4405ada010a03cd286c04d30e02d6a06b201ecd3a19d13d729d2b6f9b96d39e2d1a3c303cdaf99a6bd6592944a51571ed30a32b15fbaefd4649a0be7c018952a8309eabba9f21715b12333c6b8c26b643364b12e1dd81f097c42f850bd95dec006da78b608b2b589e87b20b8f96b71420fa78ee7a0421e3d52247e74672af693f401b2342ee
32 264 6 500 45 1216 :ee0d21d4fdaddc5e0cfab12979a89e60dbed43cd535768aa1277c8be932a47aa5643493a59a861c52b3e56597134a5e4890a8f8e6a6652b2b4ac1b2e1ee1825c3dd541848d77a1e63031cb584021576c7f5f384a5e1ac851a62c48aa0933f385cec4bba2c3b162d2c7561c71efc159c101690bd981ad3da6cb9c00afc4cb6025e0c23be7a81bf8efeca952e3b2a97e45a529459ed26e492104609d9d9a738149065416e5834f324ce0e8b62ad98539c7c5f03f55d2b6a976604a4d18c8159ff0427aabaa2d28e2d525f0e9050a47d5488cf08d37e7aad9d4f6262588f5427ef252a27a0329ee04e133b9a740faf2ae302fc529e1a15c62d29cbd245d1201a367f4dd7b60dbd2edb2
32 265 6 500 44 1232 :b988bd46825942f0231a5dab9907a58f77d00967ad6513dbce93b362ef04bd87ebfb48f4dfd52053e3473c0d3a0b1276358bad8945a62a24947a28b1a68f8d073925530e73db19fdddf926ec98636338a19f99a6fa322995f831d287fabcc1028c754249d956205d5a17f77e5fde0bb68ba9ece20ef88b203e4a4675282a9ebe0b0259aeb43af761c04f79bb3b538eb7973e87e547c28a8f5c2d30b9f54d0f8549c81d35498c913d57c2429559b1c8c012c47efaafc50c4963dc93bceef20e32108cca82d58eecd46e34778364678b84aa9ecf59c04779ef22af799e899cbf060889f2f37812a372e43e4d1a5aee11bcadb25218cfcac17ecc73d59f9283a6ae7edeb293caf683a379
32 266 6 500 44 1252 :6048fabbb18f21cabb2d57e2f422a3eb138b1132e002c9f1f81c8991582f0d17fe0a48bc166d2ceda66e99a87681c7e0c07f905cfe73fc580b922def2d74723f5a431a35ed34b3b2316bd5c92d7766ad7e3a85a999b797c70bd1e9e5fd0989bc047a1ad3787e0f3fc4cad518647e8017ee25d3e8f52db689b933f6d79d52066a3bfc9dfc6ae1e075d0c6cbceb64f36e618914144d2455e6af5278a7de512a67f503d6731c7e040671cb23f7bc931f4b52d2efd5801c17ca829430982f0d61f740e0e85593b001ec07e600b4f4c4435d532a93e9dd335674e15cad8fc01743895f876d67cde093f7dc32f0bca0b6ddc9952e50adaa69a15afd7bf07a82cbae5305989fe9d3e26fe5e373f
32 267 6 500 44 1192 :39f5f0ff7b4c2ae7deff02373222607605c7cd809c7af381a46b7a7b58d876f412a36f100bfb1de232137386fdad8c649aeec847fbe1e6e983d9ede8e72eac045c4f05259a50132c23d68620beac7779948adf43cb5549a51676fa8428edeb7dbb9654c95ef2f7a741e168e2e9a419e2d68f21973120fe2df75767791cbc73d894f8b0962f12c48154fd58d49a4ae79b075957d65923e367bf337e7386833eeb8e51bf04085782aba04ea9a45b6810fa6847f5a16f6a2bdef5ff49f8319d84e825cc44d338e2f99c319cb52503dd5be3e998f7a3321e3f589cd24671ba878c9655ae2a79091c66e5845fad50be321606ddb4a2d42644da1053bfd87766ff6c0ff156a036a02e05414b6daf
32 268 6 500 44 1260 :218c9df6040f73e4c845146251dc6dca214655eb075f6f6e3d02c3b06cc4e46621fc9653468cc804faec88ed3689df4f7860e90545f082a74230fd24baee9937c89c07f24a94420bfd36bf9874aefe2701f1f39a5c62fb015e512dee35d4dfb415e8b633706ae1f4d27e36aee112b3f7f2a6294c9c8ca6a093c51119f893eadc407adcc7f43cb11ea8af5ba9c7bb3b7df23cb658e5582e763f747d5e0aeb109be4f6626cf9a023270fc7bc797c9f8e86eca219ce2bd1385c499612862ebdc3c0c2067c868ad2e7d888e846b0e06d5f86cba445441b257abb3a7d018805be137a356dedb68d36370e80002c9cf4bbde8666e38983c87fbfb2d0c4b7791108d0adc8cd307eefcd02b4199b8697
32 269 6 500 44 1224 :1cd6eae68e8a413c40c413ab614ae63c9e3eb253e95ee856fb6b8966cef138b3612a04475613a6024c4fde5b370a0973db77dd1fdc87f64162aaf897009a02e02a9ea481164aa507542e25f683955ad00a595fc58eb32b2e24d54cbada6f8254b2a50ec7da302e0d59c7be8704f852a0c4046d81b7950af97116bebe46340b4998ddd59668854d7effe8448a9aacbaf75a07f65826da001804adf9785035b86de854fc7df996990eaf37f11b4a4d1ae09443b9e67d4681d523ba00cc067aae2688eba1215ca5565dfee1cdb7a89a813b1e3d9d0b4f1d3e80cbed4489e55bfcb52aeb5dda54c8fba6fd73b27ce61328265ad38a1a6d43c0ad6adb38f9eb788170290ec466ce6dc0d45de3adc3be
32 270 6 500 44 1208 :277f0928cad9755c8832de80ecff02d35f876680d8f0e5f24ba9642b2289df5b777000e11444909f6bc558f43e829b71ae2f477863610258ce54a6b7594adf4d34312af07ba63caf58bbb90d666d4c3666c3e66c7ec1f5957156ef082f5b6749b12af86014e6ccfc16fdfc4de244f7b6763ffcacde8a650e6889cd20251179ec56bf1af9fc537837fc076fcb87bb063f7b41a24b9671a24fcc081cef7178a9ca5e74eaa4ce1000fbd7ac525f87ccc9f3c76566a26143ea68cdebac39d3abc1eb675e9923c7b333cb9b1f6c535d868314efb5e99b2783b8ebd707b5831c81dcf6960c8af41747e702e0bdd25eadb11f70aefcd4facbf20a6c387f9e84ee4e5f09e1f66926934939594ff5c3261ad0
32 271 6 500 44 1196 :59fc8731dc3a341b886373c08e4e8a3dda7171e99ecd3407244b54ed61e592a5bf0de129845679bc010d2b010031e11319e7890c7e6baacc7d2d9562f14d51a04b74773f08ab3dc278728b43434dc7fb282bb3b960906da4d2675373ef41c3f7bf4ff9f676086d82038b6bfba70e704aeec327bff2ef09a051c9e88b3c9c255c69ea37655888a57023f39750bd3a62da8b9c4f701d70e3fb1d6b383a8e0aa6ea437c1f759d3b549686268bc609f17ae1caf2f5a3ec67639e9943c9a9f7bd569e43d6210b218b44bd5652b8c28b87b9a20621b160318b6e8d1784b1aec712f2b79b3681a6ec951e0443202173bee94e0aaab7aa072e841d67b4c6abff8a32824cb25d9b71f286a22d7c89bb9043090a
32 272 6 500 44 1228 :6a488754402b47f6b9a7861e93bdb2c9603bea3644f1b355d83bd2111e6592610d9c1e6f805b6d2f1c539934c614b11ee5bcccc550a96c3b825ffbdc91e13f63193d81f24100141d8b5fdd099211a4613fb98446f420eb17f63396b0ae3925ea4e80a01a5d6f8ef834d9228af4f9df6399eb13d03f8eb5ed0da9183e06798a7b1cb34ad28e36f06a2d10e19c020437fd2dfed0b2c9b47d6b24698de9a5f6db9a1159fd8bc40673629c5b507855782aeddbf3b368e0eceae6680cfa8a247810af4d77ba32833ae35fed06eeec22ec6ac998c28e2c2e3f14c3b1267d23eff1c3f40b4554b58c1b46506cb9df1198894e7c4068b10d83b17319d4d85f9c67c689f0cf2f40c3224db8965dbdfb6e63f1c4ce
32 273 6 500 44 1196 :703e3ffe28fe2abbf30545cc2225031af5ad03721956d6966b60801843ab8f86a18bbb557b1242a42cbeb30584afc023da700c8dee4a7c999691f6368f300f42ea866a2519c0ed06480c03c6e080f71fd563639aea65f56929cbfeec32be94e92c25c6abe1eb82312e0a9fa918d8fca7e64fa9c0a1828b84ab3533ab69a8fc76d46d92ef3a366eb64bb3faca7dc512dce5b186b195e180e4fcf7ce4ad59c34e573c57a9bbd81c9d302d19bb90745f80a5d9aa74e0532fb58b8ea6414ee26cc561a73627c5bd659c14d329a935cd5c01e6624569fc822400963ada3bda71ec7535e7563fc42d6a7e7dc96439e19b6ec623dd48ca901b0c264c1eb49aa05fe75442a9d2f3fb4bd645c5856a4ec81103a0a0a
32 274 6 500 44 1280 :c1a4b91ccde1ae8cd772707702dcc9a5e635150ff42609d3d03414a0f035a483ec09bc671d626df8e044f33dd54d991468f65853495c784ca4cdd41cda3aaf23d36bdf7cab1da0d7780e680ed174fcee58a31204780e853a6a1d2f8f1404d9364efaf02af44546e724fb19a8ed9a231a85779c9b814fbc668318bce8af30c516c4047a3d5cbfc9c3cfb7d321148fa2bd7b6421d2bc069e1a4e2217ae6ef0fb39436374fcdd60bab2f15f56f2b562da10d0ecba2b380751885ff71212304c7b4c82b1d4ae724dc1964ced99cf8388965a7a971213840dcebdb9b4ed92105086ff4636c621236ca2bc4bc77911db7701d53f78912ad4dde7f92a9a42cf5ef6e5ad63f774a95a58275c65e7cea6ccc537b71166
32 275 6 500 44 1252 :3861ffd5c28f61a7352a7ec939af6448068d0e1e6530676512a20b418aef4e43d781809fe6260f56657cc85620b901cc86a1ac50412bef3378f391a60bcf4cbef3c5b32404b6506d218dc058ac0c76d2fff0e10c2b7c4cf4299a08fd7060ecf946bd9f564c457f8532d47bc72b903bf2fd0dc4ff654ba00c355c12435e348cb08fd936e86c3a93ede8ee7e1288be139bca73a6b4f13142ee35cdbc316e903e074c759e04073e6c548f0652edb306be467ff225eaab5934410fb7d2af410432b9d4d9aa587e87b70ee5f49c63e3bda89f4b4113944e9bc2d39b93e868b7b1892bec218ae440585efa67879c6aab6eacee0bf3b0f0c7ae8ce902be957fdbecb40c3807618221915068cea6f36a9bcdaeb1c2caa8
32 276 6 500 44 1196 :5b549382fbf605348e249e735587f999d58074c8154a9f2ef7b151b42399b8d66e950b1c8f15548c0be7f0b9a6d215d4636fc1ac9681bbaf2dba32e4ff585cd4da89070308cfcb617c686937856b795a0b9683c847949ef8c0d13a060e946db80bdbe318a312735dd74f93dec8658d50bfb0992a8ff2e7a5f87d0dd25fb0b8aa480fedfaddbc30bac91d870638e839aa50a5405dabb357732860aeca38cec994899e5018660e3336b7396ec799939161df4b189eaa53364232c37ff0db3031cc9ed43febb99575853f0e0293463135eae0e045b764effb89e428c4a607abbc931711d1efea206fef1d05a1cd22a3a2976064abf03c0503e4d8fc8b2df39bbc669f8ae94c14d8e3c07aacd290a3c90e962aeda576
32 277 6 500 44 1208 :436cc9f1be850dada677b61d239f47ace7e2e42dcba2470ec5ea98f007dc51d6a029a59b1d5e106e18c7ab1d2562112f1535fea823313963d14c4cb790593c0be367414684eb125355cabb3cfe8e88722dc794c404d89d357fcc0137fe1b9ac8771da97c6fc2a01b4219648de9c9777dd11c192715988a51435a399fe4250a0b7913e0874f687dfbac74b9ceb4a068c952160576bd0e88fa2f650c451bb14436907b2a557736ee658ae97c7abf78ed6f5094a0cd0c31aa1ccf1b1d8a196e10f3a4e8de99969107544e3727b6728f07ab1ce56960c4b4ff7fde0516b278cf279b6613e654395249550b5fa504879fc876c2f6715b28a3a918803e278d3ecfb57e72b85b864298bafb4bd5f1d9ed5d5e9cdb37971479
32 278 6 500 44 1196 :e5692a7f72cb30de12e6784a744b6c356c34febeae3338ad6a58096a00ac943a123faef5f77eafebda3d3b049283d50f103d96277ee8da5c6fc462b4de48d6529a00b0c0d3af969079e0b486d726bb4de82f3bc00af62cce4b826d71516813b2dd9528b0b0710fe08050bc1ef81d8dc99f51fcfd875fad3cba3bd3014c42710987034a89ce36a57e845de6359e57b30ec55ca78b915400a8562e70faf3b31638bb1c24d296c08f867d92957387cb39cccf9c2e5e7f92361898dff5344be34d04e8e7dc184fe1a607a048dd17a1af96470a3f307f6c3f554bdf188eb490b92d615a4db32ab4bd1d4032d9f0cdb1b12c8ab7b5093b3d00bcaf8a5bcad8f269bdf443b30c4114ed33d93cee6c020f711d4ba925f9fd0d32
32 279 6 500 44 1192 :5cdc9b9493b2acfc165c984989064982b462f982635889d06a68bfa0cbc7813b26c9a83bfc882f0a752a9dae340b8007f0647286b4ded47ab73bbeee68c3fb64414893a49c60de1372109c45fef3c616bb396baea9383764c3bb8b38a547b262ce552c1f5bdf076e0bbafc677c2691d5799545bd76377d7c7219ba36faa4882aa42a3253617f86db6271d5614fb0f7d2729e89aa54e81a22f63122979f04a5fa026a6c76780f84d4c7726473413ae25b49d93f160e97d13029e5703000168eeea2bfc560cb02ac13297c0c882699329d1d65ec97f65afe4ea2d02f15833836e342a08ebc020acea2d2ada5fe4a7d7455e3e3e60417fe12ce745051ace5aee49b35b08fac5f43e6e7f376b49f2376ac12839853eb4fd07d
32 280 6 500 44 1200 :ff370bc6a58fbf4f1a5bba7b86498d0eaefc8362a8be797f06f9bb264d4102b614ae3cf99f488581519190ff9f7901093dcf9008d54b52a260431f30a9041dbf6acc1d73eb49260aa1ea94ae894ff36bc74ebb3c71a4bac3f6fa29cbf0aacdf539c51b76b38356fd18c8b8a954b93508d40a2b249d1da0a62430dae70fc9e2fb3c33d80605919c64a2cfdb4d2f5430645761f5683dfabff84fb1ab7ba7f1fc82ac6168619acc9c0c7cb8d3d1bf7109b1001d91e824c41deed2ae568009b540f41eddea5561398f7542b3a2b5baee10eef0d67d50d0631c0cc73d1e0b4a86d5fd0951a6e7d8c1e486e6a51028dba50e1a607f1d4520ac3b315523a99dce957745122f80e6f6908e6dc2236bf35610b58afba0e04274da7052
32 281 6 500 44 1280 :7ad34882e075ff6a266a5f9ce9937741d82b4cf6cfa997290c7d96347e4e37c072ad34fe8b93c61a2a27e0c30f4b0f763bead1180832831b2b25290c89d9fadbbee3bcade4e80cdb00f63030a71b788b2304e8d1435e3e4413e390f2aef5a6535e7eeb5fc070af9076f061dedccfa5bbe5aab8bda8a5b47b61710e7b57f7063a51b7563b89576f7a61dc8dc2f139a509a1175b6883f20735e6c5fd2a859e7d36f0ab6c8c6afd8fe381a4e2263de5871b606e6765cd5ba0ca17e589b303581275d73f9066a5165c228b43ef9daa1772df9701a55fa0ba3f4afb5b2e9cf932390fd4b1671feebb5ae67538ce2c0d810d9dc7f8ae5c4b7ca87489df0fc47afa70e6deb354cb28d15ec0183963f14e12d5d55339a684c12b0e4a7e
32 282 6 500 44 1188 :37332c4262199e666b4e3dee83e2bd98e8a06258486df0cd24d486a3234b13fc9903e6474584d078a968a855d45ef07efc8677042a11bd95bf21c37c5f08ec2d08593d0b4a7437d10cbaa592ee6938dd684f14e2883c656b4d6f9d1518afe4ce85ac633efe54f31be419d5f95f86ce3fbb6226ba8a3214098a31ff3ea10fc33c79fde90798f51967520ba2971ab2da5cf474a1db1c5f5735705e17d3b6521bae06ca8ab1a6e575bff8c8598a407a45993990784bd05bca55ab5db10436a5d65e1801d2173494899f1368315a496f35196ed3f163ce54be31e3c5c0605a1c1341d4272f212cc37c9cb9346bfbf515ce259456fded7eb945db9aaa748c025bed5fc0a8378643445ce386c7e88aa7752e81828725e77fe6d6c5f4a7
32 283 6 500 44 1192 :e432d0b4e5e8290821bc8fc18dbd64cd3461d488a3e1ab749c122e5a771faeaada232882e7604001a46cda2d28dff360c900a7fbbd54766fa91d99bf0a5843d3619bc1511d81e055377c932ded4cf5fd4ba8ea1b8c9b83c1aa6b98046f4e8b7554118984b7f2dba81af526afc106624c434a10c080529d592ee8a77cf4798606545de9a2aa97f2dca9dd3851fe6a7d1f980304a211ee1a10b79fad47ffaa08f29a57d76454c58919b10049f187d027f19a585c6464366d44ae293e4054bee50dc74acd633f0693cc83ef80d899ae2309ea23dec09cd9aad2664bf947499c53f01386e5f57024d049fbb922e355c945514e02c880ad29b73a3460a9f9c33acaf17f8f82327a4f17ff8d8085172f50e3e1d8cc21f05d9188efe68811
32 284 6 500 44 1188 :f5d36e60691fa697505f585380c0a6256ff8b09de6a00aee527a7c3c4bb20a45e2c40cdde7598ab1f617c0f429dba1d852545368ea4290b7f48410ece09a6dad45fa065902075ee7d40a4af641c611b51485dbac37ba7c48c48602719081a8ce53b05498d98d9de6a59d39852dfddd1bab0b07616ccbb09e0aa2dd5c79d236ebc67de37e796f8782c8d44dba33e0edbde8a76077d44502efdb506e6f9d7dd1de1b0bc95fb442ff95ebc7bc712e36549b7ee006c829d8207b0a3a361c1324356cd5703a04ec4441df556311c6ff3d09b01d14b16146e50e1b0452653b430adf38bf7045db31f46206c24d67e1c8a5aaee59f3e2db41679fe48aca803799b58915bffe08750b6a25c937a373f1a4c045ed2072a5f2c204b8489acb77d1
32 285 6 500 44 1260 :257fa568da7805b8be07cd01f950988c5af5268b017572a7eb9a177d9a73ecb23e739c803f895e1390685ad34d3844080f6d0ad5c2ae073c3d0baa3ff3da245be4d91bfb7e9e75d554459fafe359dc0e98a06ad2687ef561e3f1af058eff09963dfa16678d429e7d0cfd84bf57aefadb594490fe7af6390748746440562177ad6d24f61c8a63345992a97a946c0e35211f5770841f80848778a00b0c1b2e6aec1511ea66ca3ce88c25556212534a343be158e51ff6bf464ff483cdb4f5b2b268ac69b0569c3178bb49e464ea5a0276cb27391e92942d0621fa8d425e37e5c430f8d51059999a7991775abe15b868e231c17b46322469a6ace88178ba79171643951eb83f9a8ff57d98118906dbd1c667c1249b7d6c9986926e3fba68bc
32 286 6 500 44 1208 :14d04311733ce750795436dbecbd97d2f064aa1d2b84868d0b29789f39afca05be652bf4ccc1abf3e350fe4a9213dd86c62180f069b7f93c5d1dc9e1f5acd1100b7ca26acbe6e3589637b98308f0be729a9d9176ffb13d3caa0f55f3209d41af71f7f7e827854c077ab477b435e31030dcc7181e7fd6bcc5331402fe832a3d7a76296fffbea3f060c7120a54220a637c27a793c60aa4ad094e0d0bb53876ac8688ba3eeaed33ac72e40226535d59a58e7068a4b5091e3d778762a5a2324be1082a2166a1e859c9ccd661da567256b90b5eb93a3a45d10d45e16f53dda4f257741be2adf294480fedd1940fac55c40d24cd799d2795db89ea4baa4ec45b970c30cc2045be9c01423cad4a323367c80a17d81dc1854ec3d49d41857824ac5a
32 287 6 500 44 1160 :3e3c3051e92a5e1fb7e0b7dd8882be1d5bb5ffc2be3d532c6b95590cc8bcb96f4d4169290849844297ecaa36ff3a69dc64bb9d1cd07e3337148ed3b9d125636800dcb83eab2831927397f0d9d5eb8370d7063091502103f32329644731cc47fbf94c37639281bb4ea21ab63c5f8ae3003f6a27ef1b2893a38abc31bb8216ed003b44034cbe89475b50fa360a5d371a9856aba8a837c1d72610f01722651dd096763442ba75564846a756cf565b9355f38701ec283523c60757e8ab53cf133c34c43407b33134eed92adf8dca8be10481d15c1053ef347caf07b394743ca1fc0efb2492abca6c5571c5220ac884c7a698e9f8a016afa1beab95243b826dbaaa63232506f041ca9750c28546c637c84ce5c91e62c0fc3587ba14bc1a8bd4ed96
32 288 6 500 44 1252 :16702d5f73a0d8ff87f8803892f4ca7b59462f7c4c46b09bdfcd92a7acd0207c86dad7313f8669c408e190af27e9cf3eec340e8d891659eef1610d7c877210ff79bd6d514290dfbcce3bd7aae380a6782541530fc0e1c4c498dd60ce5135cb85da43eaa1f508c65a52f6f83a66afccea04c8a0cd478c49cd40a1defef65467ef667a60677d6138ccc9445b4003de1c60870247147d06b21c3debbe78bd65f8401c8f99002f1c9340e7ed16cd6ceb6b756772f606305229f3a202f020699e9421296448308ff0a632fe961ad0c1cb9c10ab53645055ab5cfe36e585577c5276f13c94406638f4d052e0d20baf9c28b58dc1fd387079a9ba92c4e5fa84a39232c15c181d2a96bb8509769d8dba72cac3f27a5d7c98a937b216eb5b1e5274aac088
32 289 6 500 44 1196 :6d905d3576af7eacf132f286ad71f7519fefdc98b8fa14fb636dae11d3c4ebdbde7d588ca29f43bd05009ca48b1dad175987453e0f37e2c81694362f17174b6858d5550e3b45e095118196d1f0742e1387b6d26a86cda9ec27eaf5bcb0cac2da31f2bca867020bd647d14a9e2f537efed1af8617ec9773ed5e4d2e0721947e7d47d6255836e334e128ee6e18e913de7e0a1ab1920f65659b565983d0eb7779c54de143c140f0f8b5c995473b2e62a11705ba8bd0ae54c228333144caff389fc59f7f05991f3ad31c8dd437063732e6ca89bef2fa2502477f643f3ca7fe3ed970ac0b045030f2e0b7f0da5a75b280052cf2c9042416ebe133843abfef00fd752e46ea24caeb19f958f8f09e3fb8181579a520cc703c93a8ad6ecad7293b88c38a7a
32 290 6 500 44 1236 :afde12dfa998c37b880d379d652e605cdf8eb72d5aacd7ab337cdcaaa9f26f6e77cc3002943a40a6f80e97ebee6dd83b27f0e35d9cc5020b88004d5f116387ceb341060477d8b002fbef753b8cfdf5f03db06e078963ee8ad4ac28508a94407f2f979d45d385d96a49bb5d96b3cb593b7d5c9f5b45396b5e1809165b7583dbc8c831248a99700e2a3b9613ef48c44c177bbd9299eed89d02719dd72bf5a22085b5e08119ca44e1d390d094670639f932068905c607db5c40737dee2127a86522cbb70d5730c919e888060558b8749f73027567f8562124115ead7ea6623f77c88494bad1f03261f778f6cb730878620fc04aa8ef67f4927145702d8756393e6115e644e2739ee42568064f6c7eb766e3ccb385c6ebaf7b20f65b9e2e41fa29b0a86d
32 291 6 500 44 1236 :7dda1e87cfc74092758296c9df1fa819270e9fcdac3c69e8915cf689e8201fef32fb105f886821003a617d760efd6ef340dfc232d4138520f95392cb054896955aedc85e2bb2b98251926fcf459f9f7bf768c270742348ecbba5b7b722a19c4cec2c433ba40fa1d84a8b402277102ccc1859e39f31b0c410fafc80ee90d4471ef676989378f2dfbca1ad41c3094d521a7c95147878f9bc327c8087e1eb3f10058da52dce0bf389b1d15c15676f23c1bdc50f83a4bba64ca46c7e4a038220ff83e210940e49324e4b1d92f40fe4c967bfbb1fa6233e01bef73c74894162631ee9d3c689243ce0f8b297130d34788ae37d16ed11122fe96f2743f13960c12e32e74c7ca414a02e1f4e77127472ce3d504aa0d5feb2abd728c8c6ba6612b7f79cb7e04207
32 292 6 500 44 1252 :d0cc5addfe307ab901d939c0e4d4ed477f19ccd7c6dfed3e3a1b6371002abdeb93f30945d154d295ea23c335cf3eb78ead10f05e2ec96b20ffb0e8962c8c5537fa2f8de24875da1a57738c7f1abaf8a93ba23babc0bbbd5226ffde50ad10d689035c78ac3784024b3dc3dcc65ac19be29ad7b319ae8c3c115e1ead2628989cba427b83cf7e73e2d8696db6691f8d6908765e1998044b146e570ed746cda347dba1ebf270cb83f0cdd924008a6bb705ddcd2a2da8160248f8379533a4cdd5bb11df07ef40b5fc868c4a5b842266c3406c25aa813a2af8dc8407f193d7a8535e095513ba22b92ec1cd93811dad259118a38ea2a927fc4f61d23bc136a13cca85a3ca2ad1a3bf53c693508be94a2cd656655ff723b2a65fbc7cebcee37f03205a9c12673569
32 293 6 500 44 1260 :716543da7ed22f32650246bc9287b9d9e43594e91a719a8792e8b62f8e7e6d28f1b38de0fa749082849718fa8faff73d7fd0b87ef4be1377362c30f7f1cfab3e4d0aaa2c5ffbd0e5f43c8756ec809548ebb80483b14ed8adef6740f3bdf61978d21eba8a76c754e13978d171071da78cf4a6da8291c48a636c1c3ff878142f7abe6bcf19f9f463f21ac303902021ea8b25cb117e0b6073d87466e4e6996a5373023a46150fc232326665393cd88335398e4e3618e4b575a7adbae0fed0e689d1618faa96e381b13134a52941ea2997f6531186622d8429a40d44740ffd595b1953c8301285bb92c3706f33812b35ca059fcdf65e1319952f11bf694eb151ca0bc6e814a883b7c05a6c6de04a7b220d91b8679a90790a8c5ecd0ecdf68689ab83988cc010c8
32 294 6 500 44 1212 :7152bf61159b1b670cf1b8e3c20a06b124fc2202f07135d22ca3c031fd1638005593f9f0a9fe1962429ca5dea2742b764db62b36cb8f17c93a887d5ee91e13a4f9360c20bcd2cd70b9680efe109cb8176fa4ba4f6d7e38112d0b59e560129d0415ed7cd39c0348f7a0e22f73a217c85e01bd17ad6c22caa61a65180a2b896b9aa50a7b95300e661fde956e5a17b99c1afccdf3c5d072474470e77ad6cf2b88d0cb4c212d80150759cd4c489bbd508175319f1024271753c1c1d6426ff7672a8015e9ca58d0db5bfa81c5e2bef19f47388dd06652b705ca0c4cc85ab0b76303caef8b5d58bc9d9df77d3e45948632595e9fde2d895532e6ddd9fb5e59e0674be4c01bee351b680d5feadff4222bab3be3a345b3fdd1ace0af45591c3c7a54f5be04d3e42bc106
32 295 6 500 44 1204 :7f3b3970f8ac964396d9ea423f8661031f8c71639c29df6640c875057aa4cce14eaf45b5418d17de81e365e9a30a2f98698bbfb412145384b0cb35476c2094f6b9a1f4b83a599772ca4166db051d56c2da99538a1e8f316d6d31c57bf20ee6fd72a4f7dfe44be143abed9f7bf69781b849de1958fc1204065027b67724c4ca2cb9a9d6c200c087f99f7fa262e9e39bac84f982b84a12120125be35a7aa0cf503d8e30de1cc62e564957f7666c972833edf244f02d1bafcbde2e75593f54e2edd66c584875d21d1cd77daaa8bf5273fa7843af6211fe39947bbf108fb28f7f54b7859c65ab83c6d126870f3886eed084b7d71b192c587b159d08c3b4b78af70ec5bbb9393eac0e754f724ab9902cd325b8057434d074cbacc348934a692f7433069412da63fef32
32 296 6 500 45 1200 :30ca336f0c62904051cb9010e23c392496aa3c1882da0d3caa078b98d5e47d0ac2a09908c21551697a4489a864a0b5609747373175a864c129f98626c20be2e88ce4b4ab437b7be6f1ea08d4aa6da6843934b287dc190cefb594c3a35d241a856cfeafd568e25d71220c1c5098cb9aa665ddf04b52b031412d657c98a0d6b39788e43f85a08e658a70e8f282949ffccc07b85c1384ce1e2476f96d47dc76090109fe39e978636f631a98f10ac79130d3ffe03047ad5a71a40fdf75f851d501676969b94a0e171285e8d06aec52ea0ae81abe744f5c1bf7c05e98dd479d82b7a690dcc3e77acafba89798b5ae222775d48ceece0d1f4a6a666ede02b187b170fdd9f8a6f70a1b33ac9f3e896f8b370c2e241fdf333c23c86a31e72b6f321ed6a20568a1fbf8a8750b
32 297 6 500 44 1252 :9866050bc26c3ec0404dc63e1e6689b89aa4c756bd02871e3300bb187f2d94c4033c21f9989b9529767c0d28d28faf833fe281745de9fad2e39c9ffff7d8f15f45da53851cefe5984d3331bccaad2052e6bea3372f55c1b70dbf9334046e918bdddd27942d75f269c63d2836ff8f60fc3b239e83a2f31c45105a200cb96757eae1463593339a60ba982dbc6ea48b470bac31d8341dae873dee115c856db02bb05a87749ed2696f70cf7db227d3088fe992a2ae95b0f795aa21dc99f005c0217e806696a7b7fdee1d02ed1919b444ecbc828974842712411190850857c65071bfd1379aff81b38e73686e9106b24dc2096f7461a1a4317358e4ea14a77d339294d1e7b6e8633929f69abb15fa3e1435ccc8debcc40436e4e3e91dfacb1edd4984f324ff78e3a5de6f8d
32 298 6 500 44 1216 :99949ed81eeefbfb698e926bdda952367c4aed4e05f4a632e5e5549d7ac27671526d1a2c9e36da4ef14a9438cb5166c76dfa723a60c9a5346a0875ec2d243bd1ac9970dfe1d43192b57f9468d8234ead7f532622a0b670f3ce09515c2f34bb6fd76fa8061ba5af5007216f83abb7913b3a8c7d804ffd891a3885bfb457e9c35fe4e0ef3d1930562c814ef79cc441f514867b421f87dcef0087e5b23561b94f2467118384b2ee4710a46ee75907f199891ddff5c231bfe3b1c85060559fdc31f8224a302085eb8b6eec82b656df3d9a3ba4692c9561e22d4d838f1794afd637c3c8e29f915c942d8df3c2402ea9a5d105669a1d223828cdd1338081b9ae94da8768a4af45566c836e24c5f53d70e6214f170701110f4d462fa95e075b270380266ddc2a63560530eec643
32 299 6 500 44 1256 :c02832b620639fadb5c6a6d7cd1406c868feba5067fccdb45ea66284e8ffa9a48bc467558d9296e92d7b769cd49c95f39837a403b5f758fe0986767ff4f80a65134d7e4b09ea407db15c3e79dc82df77706003461303fed7a4acdcaf64e3b02cc48128d363b11a60db32163b9a5af15a3cfc38f91b5f14e4fed16a5ce7b4ef49bb0c3c68de7d5567aa0e1f1d9381eccaa5222987458f603c6a70733b422f897fe81223b0cc1ad6729a2e63755f6df2eb64b26739bf1d01bd0bc4c2cce38b60e8419f5d7930ae9899ff061b9afe53bfa020289ce4efbfc4f3b4db91e1d736c56b4d34720e12c83489420b238c80653b6f8f19aefc93f3a448f2033a79fc0d905ebfb4cc642be638764d54308d4388f1d06868276a4fb143e575077ef0f52e11bafebf2eee5e671e373f7577
32 300 6 500 44 1196 :aa7a0edafa2077f70476b4b171b0fc3f385cdc9989edb783c8be05c5f7bf86034268991e6b0aff5517f0d7f877e6c5f63f25c688781e3101d48fa1f45396bc5c577e5d1a3445b3707949605774c2fdd95786b90ba12ed8fad94926e0fce9393a36c58131c2efd30286392f4be5f1f560a61bd6d8c0523edf14ab214cb0b871f82f63bd9b868bff152a12730be0893daf65e83573e90004dd17ecef30d2945430cd1e140ad528cd20a3ebc85634c764ae6cb9f285c3f63a99048274ec5bb5d738d88cd22fbbe05d313a6edc4c51aaff145464aabbecd00aae2745e88aa97e4a1208da05290fe8cb32c813f946dfa0e5f8bda624eabea428cf8ce37b2890bb041bbc0318630eee855ea7624afed326ff89f9b9bb0f2655b4727accc56296d98f703fdbeae796a0281d1ce9dc7e
