# in_len out_len m_cost t_cost time[ms] memory[kB]
32 1 0 30000 47 1 :0b
32 2 0 30000 47 1 :76c1
32 3 0 30000 47 1 :6a26bc
32 4 0 30000 47 1 :24f8af4a
32 5 0 30000 47 1 :1eaf11ff01
32 6 0 30000 47 1 :28f0e46f0f99
32 7 0 30000 47 1 :8747969ac28092
32 8 0 30000 47 1 :509de0432a93154a
32 9 0 30000 47 1 :0cf8a76455ddbc083b
32 10 0 30000 47 1 :9e19a55f23d63568519a
32 11 0 30000 47 1 :9e95731c6e27b804b7b516
32 12 0 30000 47 1 :ce35cd33103f3c169f1a648e
32 13 0 30000 47 1 :017d1efd316a54ec064c376754
32 14 0 30000 47 1 :abee44907ba93932ee1e91f9e71f
32 15 0 30000 47 1 :b12c1ef3c30e672d6522113ebf3d8c
32 16 0 30000 47 1 :892c404cd8b1fc3e220f3e7c12990bbd
32 17 0 30000 47 1 :83fbe6ecfd810077a62019357674ef470c
32 18 0 30000 47 1 :7d94266a948847b37ba6ba8e2fa7d6151643
32 19 0 30000 47 1 :bffa8ae97fe15859c47423de4a3ad096876c28
32 20 0 30000 47 1 :4eb3e3ed0e5d16a1fcb2746bda0d316305933a31
32 21 0 30000 55 1 :dba85e3448374bd469ef040a4b6d401aeed3e87280
32 22 0 30000 47 1 :d0880200a8e141cf8f6a0d8983550a17e3e7bcde00fc
32 23 0 30000 47 1 :2516611c920e2cc2e6801fed1ffc2e93462ba3f09c74e6
32 24 0 30000 47 1 :ccfcbbf1b76162b056dff0c236cd7b325ce0dce8e62ee44a
32 25 0 30000 47 1 :68bd68e17a1bd99f6b38a194ef1bb7742326381c535d45650f
32 26 0 30000 47 1 :4aa31ec66522901d1c5f5c198c745ecb957ffd8112b63f1efcd5
32 27 0 30000 47 1 :6bd0ec7673af71b1fb5b0a3f71d062240ffc19f607c277836d3252
32 28 0 30000 47 1 :ef5e68cb8ee75efb75b84fadb58041ff4e19a91e0be5ab9446b6d087
32 29 0 30000 47 1 :921a8368a6b18a1f2afe16ff20169a7fd1a56de59484e111c85070ec40
32 30 0 30000 47 1 :43f4c9cdbc853cc9fa0191160d6a15815894c3ad5fe7fde3a006a7cb8016
32 31 0 30000 47 1 :02b48e466e3f663684a2712edd5f12607a74726bc9de098fb972045e6a36d3
32 32 0 30000 47 1 :ab470b8c472e030aaff95e4a48e0df4d8981bb3a6ebb7b1b6e2e44bebca5ed9e
32 33 0 30000 47 1 :5146166214e7f231c514314c31100e96704513a5139699ff039bd8f10d220875ba
32 34 0 30000 47 1 :cdfd2cef861ef6d6bea38bf8a5f1bfa54821196852fa98022b394faf8f9861b172f6
32 35 0 30000 47 1 :40733a7cfd2dac7ebaac97d6983a991754b6ce11daaa7b9e60428f9576b45bfa582b11
32 36 0 30000 47 1 :9a2197e64691153b4676269539e3364fb8d15f95d1e2d986d55ac9033a29e97930bf5d6a
32 37 0 30000 47 1 :c31f5dc7795a0055a0bb35cb6981e86698697bdea4b85c5023fed45ed850672aea01cf4c19
32 38 0 30000 47 1 :508ec1779b2f6fc38ceea8f53176c86fb02e1b2f617bc269cb03a048c88e101d81a45c2ddc27
32 39 0 30000 47 1 :274c5da40ea51ec9ccc5baf9f30244862691acaa4a7eaf79e2e909acd33aeaf4acc1b1b0a1feba
32 40 0 30000 47 1 :dde95ee7f2c8dc4978771923bdfe46f2a4d264c572cb4a29d0c9a90e691bae4610032b746ca872b9
32 41 0 30000 47 1 :0f8dfa24caaa281e4a7f6884154323f3a76bd35b038a1efe1ecc71fc8cc064556e89621321da3c8b6b
32 42 0 30000 53 1 :ae7d572943dc0424fc0a78b25b17d7d55938637232f1b1916f5ab732f3b7042b6d104b9fc725cf8346ad
32 43 0 30000 47 1 :32db883e8d278369926f29a3e3fa2adb8d533cd2e98726ffc273c5650c59eecaa244cc1ea8176eed317916
32 44 0 30000 47 1 :f3e66ff468855af8c8039edb4533203135f3430797ebd9d27749ea5114c1cd92154ee896eacfccfc6e02e566
32 45 0 30000 47 1 :3f03344ed0d38a352a564d348e082f80b628ad24ae599fff443e5a407f63549505a491573c1b7ca3ec28973240
32 46 0 30000 47 1 :32ff6c40a1f687880f10b62b2642f800ba715f108ce5178d340fc585bdb74230545920b817a50e8aa0f5e0d1d0f3
32 47 0 30000 47 1 :027525465c299bc358dcd91594c3b51e6aa3b1718666c4feaf00e010f6ec3c19142ea95fefc8599e5df3c27a52d063
32 48 0 30000 47 1 :18dac530ebed71d6ec55d0900566c7543f14f7de357c8b8e8ecae66f2b49c41b1a7ac733a1f0fad5f21e3a8612ff522c
32 49 0 30000 47 1 :5b40fe84319677a8f8adcca22b6214c9942d70cddbea819bbb4e70ef6b65c1fbd5237fca9df6745c6cfb706d65708f7aa5
32 50 0 30000 47 1 :f9c22a610b92df26d29e612cecf13b18a2c49170fb4dc28c287d4e3730ce497fd7c5acc9ae643cf310073c4c8c2baf52a10b
32 51 0 30000 47 1 :2f9abeded729f3b76b3392bdc5187bba19454df039523c6056056ce60a92a3518ee3b04191423bd511eb0a99c093ebad369705
32 52 0 30000 47 1 :d56a83fe7e1fd7b820f7be7d1811af970fa7ab333af105388626c2679f607bdcd6857ea4321971874576497615ec8881f589c137
32 53 0 30000 47 1 :50957bd22e824a16c33192e1de931dc93c4e1b86983c7571ddf0818141b8bd2afb83e49ff8c3cf9fc14fadfaa4f7454bab0627bd76
32 54 0 30000 47 1 :6a4bc06221a4f8f19eaaafa9e6d5c167aff42b023d4a2c0a7addc18d1e11d69c52d5c7ef5bd6ba5e76052b54cb8e59b022cd230faf1e
32 55 0 30000 47 1 :9c0f14c28fdf79938f15709bc656d58dc5990e35636ace800cc362f723608a35a735201687b3bff6d2784d004806c7be364143c5837bc5
32 56 0 30000 47 1 :d5a65df83cc14f71ad000802f04d7796fb63252fea33b9d7d325ea34bc20c764f8eaa1897aee17ed7445d159535b63ea440431d9a536454d
32 57 0 30000 47 1 :a4142eb840951282c717321ca9c953f31b85b9dcdac6bf739f0ee226e0d48a8d39f66e2ee574aea9bea889a0ee94cf45810796cdc710174dce
32 58 0 30000 47 1 :0f1f7a7b853dcc108d8276aee776f426fdb8b55be25ee12e726c79e271fd8bfd4dc46f8649ed1f83e500105d141807f1a9a1449a9b3932db3f69
32 59 0 30000 47 1 :5e3c480bd0b16d727f19d42d2327935fdfecfb0ede3e42bcdfb8bdf138ebf2d6ce1be2581aa7d089dad7f80925fa9e40e3dee91d90a7bfb924e088
32 60 0 30000 56 1 :ec2e5169cbc74e5f6937cfcc2cb0f03b16f27b333cc22cdf9c79f6def3c1a89302589b5f7da0d1c2818883e1ed58f04ff00ef721a299858395941e2c
32 61 0 30000 53 1 :a8ac9c6b05a3a84ef49bdc4e0f58143faf07e9584899663cd236d86828a808d4a94b6a3a7df51da2829d4cef1fafd70dfc205e7f8da72dc45bca5832f0
32 62 0 30000 47 1 :d9ef8f7881e8fa45a7bb536d39ea6ced8a0a28bbaaac1fcf19480db1694395d6892536f70acf88a7d763c036b085d1e821e56a1d51b67b65a072ab102add
32 63 0 30000 47 1 :1f4588dcf1458a44787205e3e040a9968a09e71c3452de023971bbfd059d0cc3f2312ca297c2da05ae4a24975fe48d855fcc100672b67628f77ae5ebbb7914
32 64 0 30000 47 1 :a1550ce324d4d0b97fd6d4d4ca032109eeb159babfe149af0632ccdaff81e74668e8851064569c880ebb973970c1a2b91421e001a2e598f13d9a83fd4e7d6500
32 65 0 30000 47 1 :71610e5bea29936aa12e77f727a337b40a118d80eb562d05c8008ee896ee2a37701a207a91ad6c2ef35f6a3b48688e793673cdaa9fa9cb893103c1165f165aa65c
32 66 0 30000 47 1 :40c07709e89435fa6520133561db65fafc5af32d74f15d833957ab02253073837bff91c0ef7a25d999220414e23472f8afc7d47fea1b3c51b187411606d68252fba5
32 67 0 30000 47 1 :a8609c91f1c7fe08bea996fcf5c20feb8f5ebb58dd0f1fce5376ddef1e4143825056e247cf71858822d31e729c6c15bbad44605cc6f226afd001ae63a891bd778ba197
32 68 0 30000 47 1 :977c28e80cb1c621acca7af86f076cf5cbd96f9d71babb35594e23a5c5e80b2201103403a0c096e40234c9ae81ffc172265760fa4b6e52e96bf09b6c6669fd914e201b37
32 69 0 30000 47 1 :4cc39f6d50c4959922149cce5b5ac33b21d742fb16ceee9b84694a9e7414d8ce6094131580c9ab8909fa3f34e4f3d5dd5b160b760ef118013ff67333d02c1f0e30188503b5
32 70 0 30000 58 1 :dcadaf76a82ed89aaf653153dbed91764bfd50f362e98019030e97357e2d6ca5c9fbe6794ff9318eb7731b7c015aff18d2e32edcb5f5cd7900cb06a6f14a1487b5c3a69313ba
32 71 0 30000 47 1 :b1276961627567a5afb3de1245b9f1abdd55c634e62b966efd0b8e37ddec440994c2073aa27901bd9adb0706467312f1e3b88dcb85e9df3053246019c261a07acda4f027922683
32 72 0 30000 47 1 :c7dee5a03f8107a4b2ad18358322b8244c6e361a0e27827383c1586a5c35bf8879fabd472083339d0db349d19629d030fbb7fd4bcc74d0ea5e480b4c7545d2f38460a8981777035b
32 73 0 30000 47 1 :9107d6a940522052507d5828862da5108545c0c71d47c4c6fc457b97f12beb1f3b15a977fd9c41a09f1cc603d997db4616b037f37ad1c3a42404b311178f79b0d185adbb829954814d
32 74 0 30000 47 1 :9d620ddf8cfe6442ece26a4fccd919cd40695ccade8404047e61ef306e4df80945a864123d6d014cfd90890b86f8a86bd93b3f669956b96a601f10cafbc21df495f117dc506dd1aa2300
32 75 0 30000 47 1 :74d1210cc2267eee78e3a67ca40485f51457ffce7ded68e3566e42c9e79c28db7690f29507bacef895879b258ed8aaf20bf29408dc8ea9c7a59f4b710a56acff72e30c36c65ebe56293d0b
32 76 0 30000 47 1 :ccbd1631433dcb9a486280cf5485f7240c6fd1358e454a8626ddc84c29cd2cab23c796df3dd245354ddb38bb768d0d5aac708129fe95f5b28d7b3284da204c93b79b9ef1ef79f2a50fff8f7d
32 77 0 30000 47 1 :0e239aec7ea5de6eb70390bcfe4eace9a33de56702b22aff4c7d10453e744c610536597e92c9405220c273221af7746e957ac215a2d15d79584aa621a1c66d08ffd1a423538bbc3324887c09ce
32 78 0 30000 47 1 :84383a938a4bf6737417bbddf0ac66e58b6582defdab5621a478f7cf24fb273f2d76684edb4d9a04d02b6e6a5f1ba949c64281c662ee9288ab459f7d4f50132cbde88079b4acd55bfa017782ae35
32 79 0 30000 47 1 :afade43fc1669dbfb7b592c096387cb946d158d962aaddf5142f34d1feb46224aba3662e527c3e25d5a785f377b0010890f2f6efc98b99bfae29049398d9240a4a1817191852c09b52ea403d27becc
32 80 0 30000 47 1 :22d6fb16f0ebcc25dbf52cc2af501a3e7bf7cda36a88d99ac94bb4bc294b55dd0209763a068b5ea31416274f7d89544552d0178693b3c89e08d9b344d7f50d1202373de836a56efa38c45b294d4828cf
32 81 0 30000 47 1 :3ba0dbbf09f7699848fe6e27bc19ccccb5ed27412001fdba5d1d70ddf41f9e6968fe216002bae7e140f6efa962a4a3c36b4c93cf2cb83965bb397b29642a92e7cd32eac5a4673021d23ca2ed40b603bb3c
32 82 0 30000 47 1 :b53c5d670a97b71d2c3a8ffbeff929cc46496e5fbcc9fa344edd74205c33fac28fe218225a7a21db6cce5233f4b946a34a0c462e3c715d3140e6215ce987334ec8aa200f019ad4c686101e124a7b6136ba95
32 83 0 30000 47 1 :f5503aed1021dbd85b0013219165d0dd575495fea5bd1f4668c6a729e3a45f58467c9c640fe1c233e0b634d18b86eed32e8d675d0abb0aa24578b660a300fd12e945a34863b555d9c70a31f43a8b27dff97162
32 84 0 30000 47 1 :5bba812a8e67d5523936549bc5b7bc13f493a693a281cac58a152254598c91503e0887c24a17c53b1be0ed0eca81428589ec9e6a63286d8e3c88f7161a72aaa07f8c3c271d7e72f3f47d50c2a59458728c1f48cd
32 85 0 30000 47 1 :c5eb3cf39e0be5ea25dfb91ce62a619a947a1fea927d98e037f85bb1a5be54999ebf95271d21f92910a24ef66bc16dd3763bb6bf6508bcf5a71b5ada11a76240d8bc0d64e63613a17877f5442aef9a6fc248d474a6
32 86 0 30000 47 1 :2166a3f4116d5a4c32d0980b033e6aa4985bcb026afea46a32a066f96631097bbd67a9639b713343c9375d52041a32149b056e1c72d14d3990e94dd79e9ae2943a612d10efadaf998c63a02cb47aa6d21ac95df80d3a
32 87 0 30000 47 1 :6a43accbbe195677bb0e5428cdea43e2686470120ffd7c0c22de1348b7b05eefd285a3ac536bb23e7e11533344b429b252094937808e683ad41b8e9866a590d5f190af0055e013f8dacbe3dc3e211b499106cea3e11a81
32 88 0 30000 47 1 :ba53ae40355b25c29e3d5bc051bc949caf5a7df19db933ae4c09c1e0ad141649a8f5b46977c3b96952fa53f50a9de22cef555f2d30f84c9f2ec8d13f25890d1d6e5af93f56f98d5ea6b5bfc64d22abba2548be16644b1446
32 89 0 30000 47 1 :ed9f98067a24fe5f8426e17826e12a244eeef10f884fdee0a43180cb268ba22187c11b4d3e2096b65938f9e3cc23173ad4d60fd97a6f41a4197c22612dffb8059378505cc716df01745e4092760e5b39a417ad88df9f8cb68b
32 90 0 30000 47 1 :5f40adf75e8bd504e693d8b2d85b4c12b971bf05c10b4bc6c87a8188347f222d21f6bf56e0e2c8c7b78c38b8e1e125f663263f33356851cbfd280fde5ccefb62a919691f1a148e25b4c770ef46e33a33498a772c08924a71544f
32 91 0 30000 47 1 :5f8e5c67e9ba39375b9b51699ae87524b49d946741138beb372a8163df0491ba38aa6dbc714375afd0ebcc05678de9bfa35c2f54a27aa988686642dddc139ee51c4dc3fa946af0f41508527b5548c556d3762a94a8c134435fab43
32 92 0 30000 47 1 :2c33460f1e2c7d8802c8f2fcd8cc3202e52d096e0565ad6c1b371c82a209bacd5100053ae0197e6656b3dc682cd9cd00a643dbd6e8e996a34abda6b161b2a5e5d0137b3fe2b8b1539f03d1e8c54163c41a0d2e451ef61bde0c621c1d
32 93 0 30000 47 1 :5500c21e6a182b7f7a866fdd5bf38d9a983f573707d0fd144ff7ae82c4af66a42828522d782bbaa48cd5e772dc6b6cbf11061dc77ff03586660f3b155b7c2f75c8eb7a9ae43252d8620187c7293e0d33d0d3fab9d772216449721d7eb4
32 94 0 30000 47 1 :e405e625a642148a3b7f075c786165fc68d90bd9a3ca1c9cd889d1242479d940fb096970633a5aefc50a4cce462266d7901234b00a3e505b2f8c3acff5c0ecc09999ce5341108df2762fdb9b0579fc5a106433c8855797ce3b1641bcbd86
32 95 0 30000 47 1 :82b7af7ce256258660bc53bf151ac45056a2515aee3e102b8947608aa5e3685c6e426c9a03fa809bf418faa8615ba8002ad5c075a8de8c1d68a1bfdd36f8d889dd55512d6186628d7d2c69c1868a307e63315181a9cd4945c24689a5079b11
32 96 0 30000 47 1 :278450f95dd2d882b13a96b78c3429accee8f6e0557a00f58f664c1a70a957b04c7def24ffe52dd775e68517b146b4d316c175f1d02bfff17bf28f6a928db467a52e640dc45b566d893a64c53524be6c7e683a17bcaf15b59f3c98f986ada287
32 97 0 30000 47 1 :f906db1e854b5305e337f836b9812493e0ebcdb15effa9a51d884a6f804ecba24b59a8770cd6c1c811be37856a7e3e581aaac7a0d582b050ff33d7526011f1b8312e8870d61ef698958592c73e2208fc5af4cb494001dc5158f141c34ced888038
32 98 0 30000 47 1 :5d8b87ab33ee3da914c9cdb2c8866883a08dd9ad4860cdef48f7b467b8c7cf248ed7626162c3e17e708decf14b85505a3a11ed05900c6aec8aeb383305c7a36f1173f642feb0e616e1f131fe80e7a5b3e493ca6bd5fc57b92540bdf16a95c3378ce2
32 99 0 30000 47 1 :975bde71e381949544974ab39b5e3fd74a805c3698fbeb8cf7c519a8b1ef7e7d5db574039a4b93b8b05d35e0e4b7c74d50e913b9725d9bc306cc83e20b278e13dc2a5fc1ad2511d95fef8396151f4c85d74db99396094db98ddbb1894fbf7fca00b93a
32 100 0 30000 47 1 :47ae0584721b816bf6b66c35a7abcacdc6f01a25b442c233424d17509d9abe14b865ceb8c88560e801efccfed0e7855b30e3267a98ba6ce91cab03f919cec448d059cc4cd4bf786e9f5d91328aff30d747c53ba815135349bf9649e8728065f34ea4da3f
32 101 0 30000 47 1 :d2ec4e52e9f32b12f61136c72b51a3ef705742f6adcf6bf44efb2566a3e4c4fa5affb83ba69d7e0041039c5a93881b69629ec73878cf049e99effa23f34bb6b49c93488fab16dc0045c52be2cc5b14906cec57658891deb46651a7611e2bb2bd0cdec58643
32 102 0 30000 47 1 :d9467380c122bb27c2b868702386672a3bac724a0eaae5e391f37a4947927444d765458cfb682a0e1c3205b1ad29317c69b1c6cd03a8bf20603b628a7913416df27fe92ba22d0851dbec0064f207159277acf2e44ce71eb2d6ce83e3c470d7b7852f97a25b8f
32 103 0 30000 47 1 :1d24f4d201b4c43327252c0dacbf3bbb4a31d102027d219d770dd9a00d401d119eba44b9bca34f3e017b2555ecf78494ef51f2408131657307be8b9c95272bf1042d72c88c1e7ed2bac349f590d390417fe6a0e3558d7091db9673b1c6db4ef850d3b98bb3fc9b
32 104 0 30000 47 1 :cb5a3bb606784b296e1a4f80902acb66b6169c5691c0fad4329886cf3cb975e908e799a7b8cee5a98c9c1825b6f55ccda4d99349587659c787524f3145552774ef2394621889b04ca0919dc2c3748329ba7d3860d00f6c1eada4af8151e7952d96253b47ecd0945c
32 105 0 30000 47 1 :0f9df444617fe4f1184cae380ab5044c0d15bdf7d656b865d268048279ebed4b6c14ff17fd4dd1c845ea15a530cbf4b451afa4e815b62dc8885a34256e96b5b9d17987edd47cc693b1dfe992d7745e72d9faa96887d0615333ff9e5c2a852eae16c0e1f1c6df0174e4
32 106 0 30000 47 1 :60ce77e8f447b5abd8c2d926723f8b1ac49bfc348cc4d45caddb92470fda0e4dfaddbf90fe12506809f97932a9e87bb453860e574cc6c05b77ea383fb2cc26587f60d82e3de932cab81a4067f0d0e444f6ddd631f5614224f07e335f1f7519faade12db3d448588e9bc5
32 107 0 30000 47 1 :16d4ea3cd801a93a2abb24c8cf2d60f3cea085f90d99e03a2a22a2e13c7afbafc6aa15e2f52281e8b99e77f257c92da3ecbf47e522d6b89716bfc827da0700a8eda7653d232ed3bcc88d52da7882afa72c4c82306d9942320adc3304ab6d1cc61465f6ca5fce8eaab907cf
32 108 0 30000 47 1 :894339da99e6f01142aeceba2d847b773dfa0ae0fef755282ef176a9a4d383bfac654651251d2d245144affaf65e65b3650a7ff56df997178cf9770703a8b66c96fbf900a361a80f5633df085d978ea1453b1f2ba01befabbdf215ed260361d94c0bac9178e00edeb1cf37a7
32 109 0 30000 47 1 :db7459ca43605209627df0e64cf0a56a31ef5ea66e648327f06e25e7689c7ab64083865d158beca3ce584aa9cf4741d0e3ad338ee4c3060aef1d24c182f3a7124e0e09c85cfd0b1f8d2ee4bcab2e280be114f2265b1916a2eb0db77c4d2a5dc185a73320e014bba43e002e006b
32 110 0 30000 47 1 :5ac0d0cc34cf58022370b23830dc55a5c1b677fdb6db428855615462b497da66c73be45be687b3ab80e5e5672f96084847110cf7bb440bd56e46883cfb1fae1310bf19cfa6fa633e25e7933dae46fcee20c2b79afb578f965b0fd46162114642c48987fdf1a46e30d638de10bc54
32 111 0 30000 47 1 :f1afc7fe6808db42708445927e2bcff91fac0b782e4a23b3a6c1a3752b624c0e8f66b195fb7beb76954b71fbc5a564f60673801e83104dc472b1abc7848748096a419d2a6dde807e7c90954f4d52c0bd90063d92f2c177d278d36e9b70b00cdfe7d3afe43687e4d212d340674858b9
32 112 0 30000 53 1 :d0271cd6a220ed748e373e24e93873f29433e88b5795d53beb3c4a68a7b40fa2cb06d944fac6ef6b9a0cf057bc6a4b380a70debfbd5591d45a9bae9edb87aefdb5dfd6e76d9a0fc1bb2f57f8dda455a8b5f1e4fdd9a93732665c2764f2409c9dd589817698d3baa7645cb5ff3452fe4c
32 113 0 30000 47 1 :48ea2cb1cab53579435f9f03602b85cf77bc08a2daaf464e46c8167512d3db093e907d9ad839575042f015a652989c81fe4d45bf00e7d299f83c15cda7c854cdc6221dcb367f4da39ee8d604e30e1ea33bec2804d24694c7e8a4b3f9013d294fb12391a2d40dff27b9bf043421a101357d
32 114 0 30000 47 1 :fb8c25d9492a42c1329d0a84b868da5bcab4474bba957bd1a6a0caefc24547ad7137ee8cc958c381bae80c803af5d95467b20eb1a73cf79c65c6c768a399f7a8361dd42f08b8898b666dc30ee32243bfd28e2066e53442efe85f6e1c8b752b0f1c8a335ad3c8d590c84a51ae7b3b1585f6dc
32 115 0 30000 47 1 :9d1bb8b7e2fe2c7a764ec791a5e2968024d3c8bfc261c015255478f3e7ffaeadca85d98e3824ac2ea3f962b1a54716d7f4182556c5886dc01e94f60f9a61ae899bd378671773283f6a41f3b3db28e994337c5af1eff78cb6eb5bc0a80cb386e298893e55461e283f6fca468a2831ec20ccda0b
32 116 0 30000 47 1 :7155ee4a9c13a22b0265290648d66d9fb5a8ebfc94bf58e4d27ac3afcce49494aba42ffb56c2f60a1a34c1d3bb43b307e0d33d97c2c79068e8c68ba4a7a7c22d23f0d59bcf56d13bc5b9791d95595a6deb48f04d646486a524eca5575e0326376b46c9ec9a2d133cd31e6de7823ef7958df84cdf
32 117 0 30000 47 1 :2948ae1f1f1e36ab675f18fbb39338744664f92dd38902ba414d22c6be62bb4216024fae5f72b743a43387095e6f7a83b0224ff486128665f2b3907ccc0770c70ba364455bcbb3a68ac5c258701d95790c5cfc8394f34aa47344ef018654c0b5f640d2cfa8fd9c43af94d2b2e8fe25ff57927dcfec
32 118 0 30000 47 1 :77a0b6ee7f4fe7dd8690d552898c8047f0c44863a4b2c69485efa1dbfa4c16950b9cf945f3cdc57fb5fe90deff19aac99993e3b03d3f9d1cc2b7c90c7397603718e879ff6bdfb837b64a669b3017870a3038a616ab333ca1a761a9174e47e0918c363f3fc57e5132d360854b966bf5db0dcbbfb764be
32 119 0 30000 47 1 :269de6e8fb851f78cb349d11e29c2329b5c23e954c83a3c393fcf51f0949fbb620b8c74a8d7157566af8defa55da24830928bff1745850442d80d3e77cd669f95b4dc4f4029becb9daad16a2e6916b15b387478d39f9a753795f0d9bda040db0c4beb6a4526032d03504889759be794c2ef9d780045515
32 120 0 30000 47 1 :754f0f24a61951bc6b9e09dc0b1a9d339fa7629aa3a995ab8a6d6a3989fec302e82f8c4a10c6c5366509496a8a9c2fd2869dc73f1edeb1671a251f1c84cbd6438658c39cc9d78abf0b06ed172c37a71aeeb1ae9b1becb145276660de6c03fc18cebacbf20b1a49eb191d1fded7d8934576012db5df47af40
32 121 0 30000 47 1 :e87a1e2899c3fa60e63cef21793accc8c6d3355e962cd49f70267e7d8ec48ae3b09b87255f451dd8c0f1d4222315d6507a1a4fc8c90e95309b4ada148e28f11af95ac6f656ca48433072f7d0b43374cf84e6b7fb4ec2ab91897ccd3a131b427312ac66bcb63586655f01a147fb8936af4c0ed816542b0c52db
32 122 0 30000 47 1 :3e9a286ddf1a6d806a77cc63b05d2123345f9831d2b83c410882a97dc18abefa72317c4e2369b11f32175eeae2301f72be4ee4a3af59ad89180d2c0d6cfbd409128cd1dab6c3f398edb9b75d40dd1f0ccac9a2b7369deee8625e7c0a30379e19d20cd78219ae5ad39d305d3c1885dbafcf39e312b59b44df5685
32 123 0 30000 47 1 :bf6a67b56be7f658d6b07ad254fa32ab4c4f05a298177d5fbb09e53b7d79744005264a542c3f0881472a12b4083e42a2713ebd983f58d07e76fb398d68311c232021d3525b814e9e713adc6f482aaf8f90b0f889b06167a8711ef12ebcd4668e74eee09d95d3fb2d9ab9021f430506c29cd2264b8e20ecb119bbcd
32 124 0 30000 47 1 :ed7afb90c7c7b9867e291416a5ab87fb68b27379c7b63daeb478f60f60e20d44ac09d88e0b16431891cb197ad347f4cc3c2f9dcec5e0f38b6796a6aecd21a0546ef8c23395faffb32279ae4805d572d82d55ce72b108c86c89bcffaf798d820a390e4bc31ae5478a49a8d8e72693726966b8412b680613b51dac220d
32 125 0 30000 47 1 :2e1977c52fbf30fab6ec2760658d0c4e520724621740b8591310c2ef8e5d8d272f28034c59b994559a54906d61d69b49b88545a0c20fb5aca525b363e5584f18ebb5fc0053654ae5f91a1a6a334168241c841c1d52b3e030f5919b7c7ea0fc6b57d889f3fbac2ac4f5829a2816230faa797b5fd3ffb8f1c2437b40a37f
32 126 0 30000 47 1 :674a4955414ff10286b284c7c9ba0957fe5f5dd00a9959b8a5c0204b182669038d63b37ab356c86334db9e36ef56f2ff69d003ba11400849ab587588471d89719cdc0acdc15ed8f64be55d749f416acc6456c26a3a2e84bc520a89bf05bfbd11c9a37cf304c195f81120b718a2642bc907e726b02782c18524b7c8be3303
32 127 0 30000 47 1 :8e3b1b6dad60ba17502d67c4de006f6823b947aa847888120855755d5377d6e36106eebccc187985ab198fa43e037647953dafa9115ba1f09c2061a798c2f44238889913194da0550fa4eaa0fb11f5c81d929def10c53a600489cac1135a0a62977797b1fbe738493a6956e86420d2fbda0cec3510a4542010704e989358bb
32 128 0 30000 47 1 :09e3d16df0e4bac48b5793603288b5f391b520c156122480aaebb2c05cec1b4d9ea35c4aa0453e753fb848ccdf26839865b35fec7f2d4425bdf7e4018e2866bec54642f5d1f4caaa295250547a9f9a3f7280a13e9dbb9cd6368125ed3a3ee7db6a19e50a9020cfbebbb1158ab0937ff9b4558baaa480d6f1c9f68689cd85ef45
32 129 0 30000 47 1 :31bbcf8ec213c9512d67be939a060d3e36097bd24f8ec66305855be7ef3dfaccc5c94eacc3b99b1ac97b73c30316b8d6b29330410d556b1173d6448f469b3ab182bf01ded89fe34bb8aad9c403d0fc013e7cabf8bd487dbaeb4fa819556c4a6eff452be514eb5c3a4935db24df15ac0d451d558e2f37cad866451d71155f2b9d4e
32 130 0 30000 47 1 :12c162851cb54044fd9c20ea111c3a59c8f32f4a5cfb508098e25b5b6368aab7bbd1f597a5d334f9512a7131e1e7a560c8b6ae362dc758072d2cdc71cb2cfa76912bfd56145c8efb25b00feaa7fdd47017bffde333edbd2afe2c0d7eaa43ba031f09b070ec5c657ed16ee393a0d4a482855dc8272d4f531ffe0a52fa94824afc9b88
32 131 0 30000 47 1 :e61e27fcc04a08ac9e7c1fc4e97b9f5f073a76e1a8b26079f1be6e63d12030edee009e84c67e83e82019028919f59b6f15d1d39d3cac137c55549567b8367630ba4d52ed6bb210b8fd5290b8ab13e90ff38dd3510ddba9968436ad626f4d0b1f92af9040ddfbaddd190a35a7b8f89ed340a5017f9df8e512e995723c3d407b770e3a3d
32 132 0 30000 47 1 :9ca474e8c35f391bb92b2c52bca2dcc50a10c1ceed8d79f4eb9f1cd58615e0e3675bc12986d38f2cec67e90a2fa433c7cb22861ee1651d3f62b4fabe5b51024060f7fc945ba28a88ad2a7271e18350ca4019420bd01604c90e1a8f091cd4f95800c35c9054fbcba5bdbe01b42bde4702e7b90f008d4f3e631c6665cc392982a4d64db211
32 133 0 30000 52 1 :70a63c79f81852ba8a196676ac0c1de7719ceba7287a10dc7c5787873cb9db56068f7a1ff7a74d88f8399521cb02a9a3a887b69b132832f27abe864989872c3edff7bf15bef18a82f6bddb5c54ad6d8dbc494fcc649a1e3410389ed137763e81658d14d4b407702ba99a2d1a2ce8c72801116bf6aed7c707409047ec63f5d020d3e89d9c0f
32 134 0 30000 47 1 :e9c989c956d618485e7c4c2f6db51e2ed30d8edebadeca7f4d9a846d0e719e3af33596eaa3e027acb07ce78186667aefbededd8dcc9b7916dd6e0e2e7eb73f351cfc78b2259a763ed149f0d625cb4db61e9142e021f68353c7b7f0c4a50032a53953677820c6b5a18e9bb7d6ff6575a8476fd68c44e955830cc6896208a7529ff7784e5edba5
32 135 0 30000 47 1 :96cb3c9a7d7eae188b1e55fd87059fbed05322503f12b0e7b186f0fd232c266d74154c46da9a116950ef0c9c571546d3977655caa03b798a3dc9c9169a376606fbda7859b6ca2d4ac182a107308e28b59481661faf5a2b441f6e3742009aba2df5af9ef0bd2b41aa217eb7b4d3ddfce78c83836378d6bbb20428453d5025400b9aa7cc1e05e590
32 136 0 30000 47 1 :f03c79851e77c6f9153e075daa57b481307c3246a0eb0152a41e19871a6098f35c96bb5f166e611bfa560fb80eb2edb738e1d5655de5bf69d43af4f0a662736e780cdea6257e5722ba5172974dd078646f3bf2367e2b6b48f86e60a2d767b49462edfffbdb21a4f57610ac5c973e34458586f174aa9018ed4706cfdeddf721c99858b7e0ca6a0c38
32 137 0 30000 47 1 :f07588bd4db94f48a6686234e1238e0da072050ba59daee948831947dee24612331f04e179181c249ff3584af961abb5a7d37472d13ca5aa6e9dec0d0ad1da18111e329216aa4358eda5512722b4b1ce0effc3767e24c91f54d9c5ac824b4ca3e1d6ed4e8dc02d34a2fb64a4d52d21fe0f9cfed6fbd69caf9f8eb1eab5d8ebdbca4ef2d3c715bc77f3
32 138 0 30000 47 1 :863a3a985ddfca0a735100b8d78abd585ba34e765b9a3e6fd852aa69f34b6771ac8d5b4b245c06e35ef19d082677e6f74afa9aa17f8c4bb4976ee678c6e4c2ba56829eaac8e528c571ac2e63371645aba3faa6f32a30ba191a41820bc6e37ada9e723a893d64ca55d826338884769c8453a93828d417f8c92653fa45bde0e56aa72b544786de8512ffc1
32 139 0 30000 47 1 :f745ac3eee183889310a7b972c0b1cd1e5d1c1fbf1f8808c96d9fbc0fc67f58b35e9cbdb18bd31f037487694507226ef9140790655db8239dfcfeaa5e58421c2e4bc79d059ec83ff32e406e5551c947a341928334e0e984a465a1b77a3cb159eac9e92178fa678884dc9c7bab47a2377f28fcc670ca8cac13e3590a4d2770456f7063d9548e607394f7eed
32 140 0 30000 47 1 :6f8f4588da9806c857f50cd35eca9deff966ef0b2e3cc3570d56d8f1c0319ed433df20c42e5554467621768e5af05e1464901c8fc2fae72ed4864d1694b16c2a8c9f3a39e162dd7cb0e057583f78d31439dcaa663e9f4a206b93e1fa4851361f2961b703770053f08eb4e40a71633b21628b9a985b5afdde8576f57aedd70701a44b7b54ac263fdccba7d463
32 141 0 30000 47 1 :b94d90f17efa69fc8929c16b9dffa9f208276ec17b935c56ad32c3b42a778c7f9ccf13feb5ab4e50218873d50d68dcd85360c72f1b006e22e5513a0d9218a088dc2deb71c1437e831fce96ddeed0da419ad965f07ffa00483970a659dafe8870c8f5abc2dc60a3253d6ab8b22c1d0f322d8ccf4a99d2f336e6de321ec6d3f4ffb45497c4e1df27c5ef264f2531
32 142 0 30000 47 1 :93571116b50228f5fa31648a0e34f74528ff5e6f5187fdb0e1c79ae32c7d6910256b42981d05f93d98c446548895e0125ef78849d108c4dd23e312ce85cf8ac1dbb835832c5bb2337522cbfa1e4bf1fcdb222232163e2da883567a9bc47a2df517aefc052239305e9d41d05026d00bc18c4a0fdce38bf0fcfa84c70d705caf042e123134a9cdae6e34b52f1fd320
32 143 0 30000 47 1 :0aaae936fb1177116d89a50fc6e46f290f86a32420b8f16a0e21c463ac5ad9dcd2f7c8d3e28b93cdde59b264fcd117ed19b97db0d5bf64b6a77a78c7c6235149e7e1ffb9f3479c96d8f3e0032f434d93ccc355a4353e9763bb0e114e7767e57ff70adfde8cffd5d2e772ce278c3aacbc66d118a23ca998831688ba39546c371a37bfc698ce81ea1f1c7bbc961a3d3c
32 144 0 30000 55 1 :ea666801196c77f847681c879bbdabc92de0a143c861f3686d7a28968537412dc79f53524e92d8e3ab2851315ec2c6965fe961d1ea4b84958e05e71d7940b7c1cc0da876ac6c9736aa8a5d1de5e0c4329f6602d4f00e3be2fbcdfe0d84a0e436ec6b12d8d1c8eea5e3a3dcedb4a0d0cee1eb0f7ec3baf667b1af4891b200b81b9e19ec50d8c0a1b4fcb27380690a0e67
32 145 0 30000 47 1 :eaa198112f9a1649b56e372273b8e0510d445415ead62371782ecee3fbc511c856564ab856f54123801b30e64895a63fad5f5b650195f721f2863e3e33d9d95f791a9eecb51b77c48570315f49dfefc994f3633f1808bb5dfcb4137746cca14aea075a68e2440eece0424f1ae01587463f758295e140e98893540baa8d1912108e34c61cc51ab76aa53a60b968fe954fdf
32 146 0 30000 47 1 :eca1579ac0ee09ac8190a21e8954804cbb33cd9668f704b3e64d61c2923e0de45632b13521c68a2b0faf1157caf180fa6549b492b3f8fe0938ff2f95f535fb5044facd828ff5cfd1664d91c57383fa63ebca6f714b741b42c506e00e77b9c375bc305f09046f62f8f107bc7aa2090411329c06256d42b6c1b9675af226a440c12af911afeebf6c621a2385a68e373fe4fda5
32 147 0 30000 47 1 :2b20cd363c19a0198987e82720a0039533ce69db2579cd26591442c591cd5126fd13f35773b41502f51043657701b5622ab2a621b4720d7ac9302e707de33e3f0487306f2dba26d7ec5bcfa3c35df96121c1d24b72d56931838c9f11ea95febb1dff84783ffa3d121f08fd876ecfa6aad76209c1e78e727052d95b07ab3d7e6dd5f52fc64c1e1bab3ee3cac18dd052ee404700
32 148 0 30000 47 1 :1561077d5bb2ccb53ccb1ee7895c5eb5045a34f7e90d375751d5da783b4fbb29ef852004bd3f9b29bf0ea8e68d17318f4198be51577d6c826cfa0292c82400a1266bd633b733a18b12b164b1ca8e607a7897547ffa5b987919960d39bf7ef3c493a09ebfef8cd9737f11940b1b81b8487faa29ebaf2bce93c7df3a9f2b5e80142844778e1bbcabc2b240e805d9e8bdf1c1b5bc47
32 149 0 30000 47 1 :0770a2b0b5ba75835344cad237494fdf4ab0ea6f89a06f2425ab979da63b06fe6904473702c9db99db6e14f3cc387dd1a04c93ef19149ece16d67ffc2618f60154175c08cda202232c5b8eddd680376fd5a1e121e30293c242dbc7b10fbd64de5b58c6ea7e7fc58150649aede207c4b6c8481aef4b86069dd1ec0edd9e3920d1881c70b053721772edd4d2c2389db46d21cb90100c
32 150 0 30000 47 1 :7cb0273c33d25b8c6bbe02a1771300cd9b4817866bef7ce8c02ac5f3d4d4aa000d3b274e924231a7a39bcef1464a80a15d68ea4d326c316476fe1cd0147283b9975f831b0700850f8be4035c7ccdf686ba80f59f45ce8e250f61ed2b44f99203d5507b56272b916e552c5a6d4aa1ce5d98e901ee59d71ebdeb77ba49e2b65bf3174009f4e4539e872196c5859de9cfcd6e11ceb603d5
32 151 0 30000 47 1 :d07b76b0e6dfe66485c03d1b55f46bab14ef252e387c97b5dca9810b1e66571e2a30507413516fb6a9051aa0f8ca3d1ed0c6e596c4018d28eccfb8609ce59430e2c35776c9af6619380d5d4fa998a55f6f8794b6d5b97f32738c3283e31a04753507132a33037e00bee0b84a96d0ac91dc07f8909ab9e7ad4ab450d1fbf6cb8815d523133b3a94ddcfb9d84b29439835755cfcd29ec9bf
32 152 0 30000 47 1 :ba2b824a0e69e41bbbd29578214f2ed51c4342d68cc327c554691eac88197b49321a6628af9ad26d378527ca25befecbb2188a811396baede4f915702fbc4074605109fbcff3f7e44615fdfbe23c29007790beec47f1716d7d7149fc85b08a3eaab966b6fd1a44840a78cabb19c109309658fec928330d5d0388563b580733eba8997b159cb8172eef4e5a693bcc98ae70f566e0ce4e0a44
32 153 0 30000 47 1 :9db2bb1e15d26d80e5da20b33e0abfd0259eab76b03015c69cc4efe2faf869f24405befb0df137fe9a01926501db6f954a85908433caff892ac9f60e0a4a2216eb64d1967b6387f351abbbdb0e3e97d26994deeea8fd95a2089a0766e2b2ec6d8a2c96972303951dc869fe0df93379aa03b407d09cfc9614348c3615fa7100e5cf6116519e5d97a15ca432b881b44c8cff84ae866f6b0bfe06
32 154 0 30000 54 1 :7fc4cac1a08c48ef69f472f849f3bc7da4eb26a4f63de023a50aaceb842244cc6b685e297bf870ce5d979046751a71767c2d1dfc8822c02d1d445c9ebe9b9e292e8d033a51c4a6549aec01aa19d4980aabaff7e7623a5a2bf8b51590586e5287f25de91c9065727ad120e3b220a5772844bc4d46e5bec3b3d509c99a8c009858c847fb0226f148f9ad11c695324ac5a69090e3a8db7d1af1055f
32 155 0 30000 47 1 :54df6f8d580e85339fff3db82d2d636dd55b6dd6b290165cf975f942b8df690a411708f7bb99d143e09816d666f0fab7a1bbc7b20b2bee50044902c0ed77d2072796f0aae4149a58f827a0add128170f7ed59b3011f9267de8f9e7bc8a35c33324ba0e750573c9cb2a14d03ab77d3e3367a1df60f6487b0c9a99dc251a2ea7ae7bdd690700b80c862941efafe33f95361f43c7d45fdf363b751e6c
32 156 0 30000 47 1 :ab9f08b087a1036f1991ac1b807e51f2c4324e5e473264c94e6cc32da585d2c22069d35a2af7abe9d459e958f436841ddacc9b3dc5c0956376360cc8efff2ebcbe03ea7822770f95f3276577b25381a45629acf64acaac816b808f4a70af9521fa2e9ec7b53bf366227e8bab56ffbe6067db6b6181533f15ef186b530f94afa17971b792402d495e842dc814145f2907c33ed2b803b564718638aa12
32 157 0 30000 47 1 :926cd67a3090e30249bbbdfc7dc16860767ff0c4d8ede547acc2ea0bbca8e0bfdd1dd194a617207a4ed85d39f729c3ce9227be2df15ab77c2b4b6ee9e1a603d2305df45737bab2a2b1fa9566c0f8ec0adae90944b2dd116b8af3a0088b900abd57fc85736b576ae3dd088da010c07bf8d29776bce645f9b6849bf0cf3b2345de67ea8e58f0771f58e2b87e8562d38e1b1564257ce448a3056077414415
32 158 0 30000 47 1 :62407122ad36a14fe8766185a6c2014ea5d65d2f64935bcf7eb0c56c7b85a061967d9db6ccbc20225f55661f62c32fdacf7073291eb319a83c45cfaa2c57f9281412cf591b049be8bbfb053c44ca252f7f81352aa75edcb3f9edfed12e3f2405a75d890624bc45b0334d7d862f8b6c5009ef22c126b9c47d318c072b500ef0322e1a9192117d47ecc5e90193b1914ad5e1405838fe1e7b14dafaffd2b203
32 159 0 30000 47 1 :25d7d9e2e61aad22bfa42b7a3e22d1a2249b811522db580a43658ba6b447fd5d5cceaa15a57b5ab22eacd805091e68b6c7bf2caf3847dae46993a080f3c68b6df3f4a814c043c0c61e347b9b13c93af919a3f31e316a83c145d4fb8aca75f53868b27be81045f026016efd350fb5cb276cb3c01715a14c28b121ca9b454320824d8503d49b0babedd62275c1a54538457ed2d10759df7e32390ccc1f3e46d4
32 160 0 30000 47 1 :1a771ddb4257aa255c24b938545b2c718dea7e886adb626ee9ff915fc1e2aab73544b83cbe11dd08dcde15a2fb376cd549ea264a9ceadf3392f91911658db942f6c8220d0caf9d6f12cd9e6e7e415a2ed857c390550924947f6dc7be29055d53a815e6acdd80c524e5000d3ee8cac7b33047818ffe01f6bc56862b7b844e47dc21dcf07c6137feba6693a1633be7a71790fae251d66e3c73cd417577dc98fbe0
32 161 0 30000 47 1 :ebd6bbb1f32ffdee944c35ed851ce3c0828efc8e69012ed54caf1f775ba453be7c4d73f5221a4f325cc3167ea409fb4b250bb84b7611bcdb257723496dbee8c6ded136d31a77f39141e11f388354d4bbeeb0886a20272a22c9bbd0090fb688a9279fe53dc33d9d035af578772d99af6eb22df6d8cb96c1de5cef91e55aa265599de4ffaab87a9349a24458c9b21dbcca4854c655156d384e2954fd794566d57977
32 162 0 30000 47 1 :1b3e906c07dd41bf7ff290e8382879b22ac679521c127667e80791ba1e3bed94fb2007ceb2ad2d4cd66de7aa6b6ff32d6a049e6f62c889af27c157c6f029cb2513f4cda62628867edd24a8e9c59da2a252718c7084d226519767882983bd9b287919ae78450194159d6e3637b23103d6cf2dd00c6c296008e1397d90b62c870dc91b69f4cba2b7910f5c1ea276ebf52a9c76f431b5c9b357cf6486a04ae18941c90f
32 163 0 30000 47 1 :c9afce3cb445a1482605d62104dd8552023d3fc2ac95f687fb40fbab35e85f1343babfad17ff5538a16939e92fd5806629c2d5ade84d6ea42650587ac1e0e0a0067b3d8325a817b914cf841618122e9ea67aee5dcb79daa5e736668cc4042197773df9f569daac064c6c9af9556c4f42f115b7dd7efbf7bbad10e7539535d49d1dedc9cc074b71cc9ee8c6cb60fb0684a25a4f1ab6215683c2b75c9caad87513f37002
32 164 0 30000 47 1 :2be12009318cbd8673c59c84bcf13350e9442c8bf6b85eaff4813f96e585281102831daedd737e18424f37f64eea197ee6532df14a2c916ecca4f0f31091de4a73bd0ba458b4ee3faaf06360390804b716267c97e53c91d9fcaaf2d7a83cac0895abb257dbc3e5cf826e8a1fb0fe54ef73e3b6d42a33f643308d8928bbe7f74876a9586f29a4a4dc88e377e7dd67bbc856722f371c83a2bd5fe95034f743358451a0d3d3
32 165 0 30000 47 1 :70a11acc125f7245a1d28a5985b39341faaf891aafc72edfd1402008f4264319d2ac72a17809688a30af0516e9243c0f2b6493400c08eac4e8f02611e05d98a36f2d9dbd79520ae0e0a5d1f718a92616dbc60c5128ded110c2fc59dbee2ea4ebe5e38c2ddfe3c662467cff186e551b9b567c0cef3e5b0c2a0db9dc51555beadbc55707c6d2b8440c4c5a0bd905a9e839785efc9aac1bbf1a666bd3fe14d66cad42cb1ac3ae
32 166 0 30000 47 1 :c410c3a614e275271779c84785b0646c23d7ebf53b082d008f767aafacc58d60f9ebc965843016d42927901a85cded79ee4ca6608a64bc5436214b19fb5a53b856f437954c953b1fa45af9b21ffbc0908360eff02e8e7da5f5a28560e0f04b2a5c4b19cd821fdbb963346bc751326d5c44c56f74dcb5ed4fc36048a3c7a9b8ae66718f6a4cce95ad403864be4c5b9aa63825edf06facc8565d144903a9a4119288114ca50854
32 167 0 30000 47 1 :d7df479388d863178576d736457b4a22cfbcd50b7018ad5b2373e5826124888d07a07322e587db66f76d08a9a7fe78413a8615f89f33fea206f66eba58d10beb9f710fed0427fb8e299817ed1392ee211ccb8e0058cdd4d7f8cbaea9f662aca55f9185c1b7948e2f2a53137ba6b53d52b5e7d724cb0bdcd7e70891a3470d0b4b467229d7170261c7bf6b89c593bd61fc6847ab41e2f8a87a6ea2c4b211eb1ae3b3779f2e18a879
32 168 0 30000 47 1 :bc9ca5898f25b815536b68b6e14b1c8f7e4b8b1882422e5e122f4fc416c8a0e25646162e9166fda5876d9c619b93be4cae60d686ff380e2a80b34cb5fe5adbc8eff57fb80680f16c86d8bf99fd71c1815b9c366555ca3635e1bef7a22d54a5bc4022b56fc94c94e3f908014afcaf7a8af61d5558606488d70e5c2d05b6e32f151682de3e00197f84ec3d96bf6247bfd76e0324be9242a8e60ee360e6ebf98ec4f7cb95f37c7e570a
32 169 0 30000 47 1 :e6fa0cfb4be559f5e6722da07b198836f887fcbbeabc56d2df31a79d6d91505ca81831694cd191b05799e491dc02c6ec5d302bf1e1ac54cec3cb160ed417545797056db95ec09b28234537f6fc2318e95c5aa9d61629f46518fad2670b6aa74d8aabad83026283606701a7e1e2d006cda2ba5a02bb251b85187100ba9863e31688a211314f25a2ce3f04aa76520d93234d9ff8281baff693d50e14204cf1270e2a966ed0d27a920378
32 170 0 30000 47 1 :141ab31d1585950d8e5a50b6e0b95bdc06ed3cdcab2849d811130183d93baa042835b62d409e10bbb7d5b1f9be5387331b6f9fff0f1087a26c180dc9e1ff585eecae4a66a84501e60bd3da72a632a7d1c23ce796d4798bcf8a0dbbdac363f5806c8e76b13b912397a5b4ef2ff6b43f50747ef5b177e22badedb173bc4bb98fd59c5b086c3097a7090c7aa8bb5720e524dfe370b951ca4d01255d5568be39e9399545a9340a1828e8cf83
32 171 0 30000 47 1 :385977f63d7fd4a211ae03bbf4f2bbe76871cb009f0b6810a50fdf937138be0325b8225699c7e1a3ac580214e8be8b2487550ee094db5797ae7ffe775a666f326498f046a85df8f7e15b75c5bfeef6520dfccbe6cafc592ec8a0573fdf4f12558f905fdcdf773b8b1fe66b54a43fd23ac736c36cf6bd836c0c895eaa3c5302aa0e1eee6dbbe1b10ac02aa6e90d5f1fab7bce170b8bbb6932f6a84c4a20e7df09b1dd67bcc89b318c72b8d9
32 172 0 30000 47 1 :334388d8a1c8235a5dead565d2d9194f09747bb61f902c34110a3e61fb4c7f2b02a45dec8cd850401f73e9d30bcca9d98e6cdec95fec659b8b2c03565d049d4fb61aeebe07c4912a02701b9752b528e516ab65deae5140eaa753e6ca93fb20042e14c7d00d53d3d432adbda643bf5a6a766580905590ece5c521cb2ab83f592a0f8cc1efd3a284869091eac599c5f4d11f3dc980c65bed62a640347f5f0e372cd1ce2a61e0dba96f3a6d2bae
32 173 0 30000 47 1 :95ab6f0dcf6f4524e84240ac5ede3f8f42faa4a29091e2d59b1d86a6b72d1046edb223ba526d40f6ab83cea85628eb416bb2945dfdc5ff8ec1e11db55f9d6a7c58707599b0696d600dfade6278956219a427fb644d82344ba7ac139d714100ccad87bff340794f1f3763ebc7c14836dbf3161f6f710978a7856da0b07b6920700712c47f8b743f14e07356d365e75e6ec6c61331734f926bb67b1526b23c100257946cdfa708ae68b037ff7745
32 174 0 30000 47 1 :36547523922c1f9d34fa90aef80ae7c1bf69196fe48d22f06f65e904284c73a69d0c21cce76f29776df646014e64b6cd3714225cd872cd5796c6b2401e04a95c767e04b23d4e4ee78022a9e0d4a8f5d8478ccf45ee019b010081fb8843a62d3565e47260d7f184991e28a5b8a81521c19a289ac87454df1cf69a0219fe00b8ca4f82fc1cbff5fc65f422b35103fb0271593e4e40120f1297e9bdef7091723b7abcff54fe772890cff9a543ad919e
32 175 0 30000 47 1 :65882267d1eaad83413d56da0ebecef8504e2a02144b6f69e247698242cd81e4de2a2f73b36869c266a86852cfcb9aba7a89557a30b583b6ef205c128dc8afe1b61af32f2f6a2dc788f9bfe00c718e1fc69517f39349825b637728d99e879a6df610042b69901d5d0529b397d7c752d4f5136169257668ed6fc66abc45f791445704e3510a8841bfc9b4e676701dae0166b44f281eafeb3421737d98f59a786d348efbaceefd9b014e4d9f80e0ea94
32 176 0 30000 47 1 :f7062a7c0a60f5b04b171b7e7a1fd88214fd2539fa92d768ba12db0abd9ad866a9af58b194b35b110ebc4fd3bd722fe76aecc0cb6f949116726913d588659662861b94e401d7cd95ad83c495f63813807aadb76418ad39372af7f1553d2a4bbb84cc52b5b6956a0c410b4ba69f5e7ecd5b00a558fb85c97116903d03814c523de2189eeba11bc954ee906d4d124c50d15cc054310da07eb2f7c36299b773b9f1ca312b3bba9da4f04d70af71680d75f8
32 177 0 30000 47 1 :3d76413550930af0719eb65b31eda348efee3bbd45390023c2e2715a18beb6e1171db29a1596ee15f7b4161a341a297fcdc0f3aee2fa565902abc8ec590eafa1a54b30096b86b6f6db5aa78c13ce16a13955b4c712d20b6713734d1e4925cd9e521b55b14d47e32682d3ad2e2ad336ae63032fff23f5727c3a644a6d0d2c664705a93fa1440488da7b0167a1d838a8a0ad606dd553cb461f67c1a7eea0da5bb0804c254ee9be5c418f5bacbcfad0d0d2da
32 178 0 30000 47 1 :461a103836c3cedf401660b53503ffe860c12793215f5b148cdf885f47207bc6639d8b7c7f4603c10504ac97c6e4bccb4930cf95e144ff4ded6fbc7343242ceeae970f5c56773df2fb861ce8380dd6b442b2b5df785c037bfe0a0a5bd7a190774ea48b56ba05bd75c0b80418c1796276ee87370ca4b409500adf33224f4bd734e2557f72209febd54a575902e1abef4f22e955b8ecdda2c9a84f91d10590ef1599f970472c6df4290fbffe0d2fb6f22819a9
32 179 0 30000 47 1 :1e14deaa87822b4685566f986ecf16715a90f5fe3cf984d5acad07906c01741adb58130f3d7acee3258e3710a207ab2cbc1f7fc2c467382471a313d7abf6d9b907573fee3d58e7e0bb7e157bd763b801b43702cd0840f26cb26493684e8b9014c7b77198b3c587ed038ed9377e57d6ab475380ebe8b978404bb8fbf7668e4bbf9c3089ed28e0f5589566cd7bbb87c39fae3ff880a12ea0c28794658b95c486d46d5e3daf09052aa3ea32a8b5ec12a2f28530f2
32 180 0 30000 47 1 :faea0ef1e573f90a667d30c428dd84236d873ef60a7e26aede7a1220c352401e78c1133ec259dd5a48c878174b860269961cb0f123a61ff82c8c69f1cb32ee8eb4e0a47959f49e3b39ff3f449305d981e210c644b8cc7c62025ff378a01d0b6e377b85f880dd7087f157f021bc02df51be00764d957c1dad921bca27a1b86748d20935975eaafeb67e91c01d495559d1aa23ffd807f540f10ac85456cdd15543b8e5a014f9ff9a9b9c7d57a1655f177395d9f481
32 181 0 30000 47 1 :56fdc1ae6d94e66310d5fb0359b45ff577f2f7b86880d4b877bd5cb43f2c5d75561fb3f4e4fcb8bacf58355db6f42004a94d3156e9377cf7bbd48d36e3c07d3892e757ad51a95b48d837153af0f7a69f2a03e9453e236793f6b99be9b8bbdf8a95db4f074944b351012186747dde4c51a3a870b95c16747fe13f01672ecb86a6f6bac30eab1ae7b076ebfe9426aff637789ded9375d7942b9a6a0b9d623bcd0fc1ddff271c9c7a0815560698a52199a9468a59d7fb
32 182 0 30000 47 1 :df3b22f193361d189aee275ce400dbf1f988df79c58f4ab6294e30d8f37aa74a8c950d9945882a22e79d188b65d1193ca7fad72f1ea2e85a0244544187deb28a8ed47684b6e5a4d3fc55a6dda597edcf700f3f5f1eac2c284bf1fa0f93ebef616313da220d00cf57960c7d72cd33ad60a3127dd685b7f179fd05bd4bffe0d24e67b1a3f1f6680418815c36c6c33268e35e4dec0dec963ff0d3aede5c60c19218b03856bd862bdb8fa81419fd4f69bfd1124344650c08
32 183 0 30000 47 1 :78ffe6b3495defa2eb0f757a2393683734d429b2ba28574bf546bbabc77ca353af5b83bb6c0ebaa284a1bf67cce194b391dada9c85105d85e7c457fcc4ecaa44365346fbd1ae5180bee398e7a7e333f478d7fe9d67aefddb61febc64ead30d0627dc1f4fc65452befe05800dc6bc7995a911f51ef29effa3bc0bf1aa72fbb698fbcabb9ad40df6d44bf29cb9af3b60c015fb984ca88e0274cb802e7b8f05a7df7da48d2a88519311df125c16a2b923891f5d93f97e2f48
32 184 0 30000 47 1 :9f738ba2fbe592450d9c7194982f894d6ccc4bcd07a9f97246d53a1523809ae91008e45d228fc0d63dccf3a245bbb853243704c5067cf98595307c55f6c647d5080cb1657d15287eef8ba63adbb020247713620f9e5904477587034894055a6e7c6da13b6a1b9242a6a294754aace493d840e538c84fce5a1427d5a83806bd68bf11bdc9dd1890799fbeaf2af2f9c51006706d6d19b4d6a46cf4c50546d9ec37a236e60ac8609f4ec96a7569230084c423dc005f333d1837
32 185 0 30000 47 1 :35507c9aebafe8eaab6520c063e65c4381af013ff3e4c82fe2da7c67f7f07db9e550ed7dc140b065418f88c7982764a7ecd800f01a0089644eec2c8dd34ba340bc33370800a1de4c10894ba0d7ece6af7c9d001cc3e17c5a454795ee0da6004cb0a1a34ccb99437d54c048548946835aab7f019d1b877c6355d077034f1d068ef638a4c66cce852a856880884837c91387e2a01b0dcec73fc5eac31a245ab6138fc67631e427551561843d3df42f02fce74da976ecdf9e58a0
32 186 0 30000 47 1 :c980d333766c9a3f3fab235622d4879d1d2da645b51cf6a2ff6da7b7071cc444864e8a90c6efc0c8545492bdf8f1ba0ab4786634636450feb5b2a6fc33e1dddf297d54cc9f230321bd20452c56c86f8865bc8a4c23cba644e6ed5536c00df61b1050c7efaaab70c54baca9b20e31c5306ef028f7199c99abe68d60f1802cf442d3e504bcd869295db6d06f8eac1091bea77e8a911481f5e51ab6743b8134d86653859253b9ffb5c913090ba03938fbfbe4358a9fd3cf15f16881
32 187 0 30000 47 1 :eb0b0fd5165d876872888366e62383001a308557ca724b6e25baa56012690777892db81bbc256b967597f488dcd02bb56a8ebacf1b1c7c268861451b29052bddee592cb8d520394b4afa7767234b194617d1167d4ded59d90a1a1decbd31e2075750a83a7f18baa032a5935ffb9d342d1fda37aed34bb60f3deb1a012cfaa469538a5bd60e020bc575a8788698c1ed075d133dffe2aa784430d9fc214491439cbf5aa44c8e06831681c899c1a48ce749a475a8a4bedf1c6c8db7b5
32 188 0 30000 47 1 :0c70e119e97cf8581dfd4e9cd3f3b4ce889c77878f2cc3aa3da802f0d3fb1e119097620ee577fb13ac17936429174a30273cf3c85042725613a362c5a46c68377d8a88a2365fac8e4c5ad6d1d44be953d9190c1586588ca8c897eee85e4cc0d1c4c3e3c25f76f3d94ee8c7fcfeee258f579ebf053becddbf5c8fdf59a4b01f468d15f777b596707466277d445c4bb7f57568bfff763c9d9880afa523ab18f867e74fc29acabb98fea6d330b167522e9adc433ecc6267787fd6208818
32 189 0 30000 49 1 :32b1e39ab599b6cf1f0a12767d5d1e0e18f911050af4e547392a2a5fb3c7607bba7a9cb9043977820722fb844b97402a720afb80fe687491c5a2090d94589c6810f3ab828689e4c109e0ddf3b598ce6fe70e2e66b6f3c1576e31518b760e97405817eff73c6ae9d651ef857b5b77ea52ea9c5eca34daaa08447f71b4b3165e9b1126455f32505761da052d530dbe2cd9eed714cce6fabfaa387a20c553964dcf76db43d0a1a075743f08c1bcf4b2d90bae32c21ec60a67830cd7c8041e
32 190 0 30000 47 1 :a8ef75fb033d78c80e43e9e294f6df622a0b8621d74e898b0109c98b5f231ab56f1fb561df65ab75c736807b8234c3a52a166ba8ec74260a353d4e8783843fdb44d217b85dcd8d888768776fae09946c5cf4ac9f3f042de7da8eec0d5ff8e9d122a1f45fc9454b458328585cf755b2439e72f1d423347072e1f77ed77431d96c0e37d7ec010c0824bdf050c569e379459072c5c0a3de3bc98cc0da92e78244a6ccbfda9d83d56d6c8f74d8d614776cff3c48dee1f6466fb2f01e42efb650
32 191 0 30000 47 1 :fde6c20e02a19294b63d755777df9aca13e2345a02413444bb21b891423f32206da960b7f3a8e9421e8b7663d06cf8f1c394141e70e8994eaba8c0b06448dcbb1d675d5f994b7ae5b2e114e6d0eb5f0a6a169a058ada25ab876e7e2bb0a3dfb2b16c383c4e0208b5e1db4cf761e126ee3792f4492fce2493a5ad7b1e939e1257618b576307cddf491bb265e23077d14da70a0a734adf8d6ae2a0314120ce014cf3baec103ac365efa5d435e07f4a0b95a582523349cd61e129a9503ccaaa3d
32 192 0 30000 47 1 :005e4a3395b0b38b77680f99e6a0d48e79180583d201d917a781da18677044a37523aa60ffe7b023172d313644e2caf3b8922876462b9b79d12b5f32b0d017c4958f1c8945f1ddca5c51840cf230f812c7a38e955c6332e102b3c471f1014c0a507e98b79db67098a4929c8e692beb8e6cc499a77b9e9af9cbf54427c87ba33e5ce1a8659668907630509a7c4acd97181cc4f2e9fae171ac98d626522f8e2d23f67ef8ce18b7cf1293e8aae4e86fadd0776e98184f4e7895ec3e3b1670a7a210
32 193 0 30000 47 1 :b250f3bacd44533109a885f2b5a78ac9e4b74e1ccb3318551345327a0f2b4b2b6814b7aaeb7d6ec40b5cd92a693c24a5011c1f7d9eee7f90edd46d82aa47a2712424c5954226e62f27b39abac8c27aa333423767790056421ec1d548450f703a30d7a6b7116944fd4d204752d6d493e4c27a0ce29f3365060404e8a34c5e2c9ed0362923d310ce0af6cb23534ca2be77587b845ba9860085437abe6f004a950d3ba02194cbd00e432f0475c3e6f07a01854a3d2f61e67544460b988909e9edd366
32 194 0 30000 47 1 :00d8297aa970790d6611522bb4ad4e160b250b08d58f201dfc204e5e9ea0c78ec8f04f25b3a5938e8073377e9ffd883cf7128baadda07334c0e290f47b674cf2939fa7074cfae16e6ae9deaa8788975f37e9b78f18cac58f1a3f0e5f09163d22b5ee665a43ed6cfc32436a66ee2684d608c2666851e51e611f15426133ddd67eaf795f3e22f083e3996c03751f0ca4b19e8ba956d3873988e53fd22ef6dacc998b2c5474d94f30d2d09ad196605109d868598afc50b78e58f9cd6ae4a17fd28b0930
32 195 0 30000 47 1 :9b0af91490a2dd451e7d4a81cc30b0bed9b8292f87ebb9ab78ce01f2127d8042a64ef5230f07e417eac542c2ba10e37ce76a63841a4c4b5a41e1679428e7378624cf1d870416401e09a39fac27946011ed32930828a0c4dff69e1b7fdc667fd5c072d6b48eb38bc7a4a1aaec6b7fac22a5620276d634b7134c2329b85baa9bfccec7a144ca6df463b85e612a1266845c2ac6110f8e36bf0cf9679956eb4cbe9a43300064734e959068085def0141a365c01f42e9788f054a626c4e532fc7b8b62c4107
32 196 0 30000 47 1 :14e476e9885fa924de31c26f09ecc45a96a9e224015e5b691bbf7b33ec3412619f541b9386ddf0c8611c6d106a19a14bc09698d5ad25d6f1e0e51d6540abd69d629b5103c61104a058b6ada74a208549430af8d0e7d995e4f081357d5390b9033d86993c020d802f9e5abbbcd11b08171f7e326b33dbd92a3bbfcd771a56fb669983c18e011158c33246a6e4d8b9d7006a8445cde55b7779a0a68ee2955f04824a248d9adb5da39e80b9b7fed96180b06d3076f4379adcec27b43f84cc6a8563ee9897c6
32 197 0 30000 47 1 :cb4a8b258196e6061c9a1148ad0a19baea974a4b55a7703dd0bd0967310e67c9fa0b5c164231cf35a31156c5a246c2e13e227c83c833721e582487db4ecc12f8c4fb17b198d2e6d33e3974c116c8889f3ffe18b6220924b36ead8314d8fafddd7fa537e3bbb6788f78c094f6369309e712c539c37ba2052fac1210fa88088f663c3f36bfc8d4b5c6e3df11d815f5922b84f93147596ec5bb327b787f631cd44567e67b7e9ad16e6e9638f96365d3c512b32cd49ea038ccc4f2b7283c6908f894375d4ddb63
32 198 0 30000 47 1 :d44d76049c2c15b617f0ac35ecf12f03edaf4db86eea8bbc9a09e1e87cb9af7a6b01e98d36c60364f3fbc998e840e940af9bf22ce8666df076ae8b7ace7b03c134bd46bb4a9216b73d38e26453029f9b5e3c5992f2fa0bde3a6ae9330c431cd5915fa95c8186411e770975a4bde88cc5615f0a6a820724be5b3996fb5b7aa43b9c272c63ad95d500476d6e836b85c4519857a4f7456deeff9875e5774a847e1f27f8a189ab564a0dc605183f660ce843ec4fce443ec95572c95d47fde7f62c925dcfd52975a3
32 199 0 30000 47 1 :5e30ed2b81d6de719d0d193a113258d3241464aaa3f25f741084d56b3bee9c44203f65b87a37ea2ecdc7bd37836267a85179e537e3c2e2509da239221346a684b2e16ca45a24543c7ad106fcbcfcf60eb8245a5c256d61d5f212716611a4e3244f22519d9de3758bb2bb8ad33fa3b0845ca1ffaca6c32d756a9bc4c9eaa54385452fc96c8fc2ea18082f0ce3d051ee863febfa627c62e26c11801d4afd3e48423cd57eb1d692c06f5be21b30bab3c37e874c4e15a566f00b0e46fd62e680ae33012672b89ec6fe
32 200 0 30000 47 1 :1e6cd33a39a6312e85bce5c6f309dd0138bf0bea08bf4654e6ff096db7d702cd7d43e9d00fa1ba3ce7dc06ab9eb925b9418aed11435952f0ee4d0bbf54855a6566e138e7057e56dfe6e2b9197b193b48e32bff7059e736f9fcf44df087ce83928f5ac7ac3487daadadcc56a4674e1de8c715f381759804a32f1b88d2e4f0a9cf7c9801954283dc44babef951df736f80789844df2bee379c7e3ef8208600944a6edc9a36704790388a8c40a495b504df23db2473d7af062567aa7826b66a72fadb79418609ffacdd
32 201 0 30000 47 1 :f41d8adad2146af0346ccfee3ec24b5b5c9a6b6a3b38beacd99cfec4e57f3a6a8e7348b87ae6d5e3ccf9b7dafb54fce0b3283b8214fab05f5224d1947d40d37ca20554418d1a0b02ae08d67a2f6ae356711566179a3223021e91686e88d27bd4c6e8ed409e15471ad8e3f27c2bed9299b1bc10a56000b16fbbb1785db507e6cdca0491b5a1a927d618904085fb85f00ac3af591a9f185a394192d82904b7ee5fc9d084980bcaf8400510d263c2e2c8592b84d88e78e48174678380261f3ebaa032bac5ac237d33c3a1
32 202 0 30000 47 1 :dcf036e082481f834c0cfa032a9db31b9cd78cca3671a6050991578909b5ad4673c9d51ac508857a5743050ba400769cb36791a5f050bb5656aef5343700ab84ffdfcdeef6470b99377c0f0f0913457974f9a4472d39f21e4c080141a4e134a6d8bba65463a0bb7e2dde043dea94333deeeace675aa3cfed1ee9e65fb6c0e74020d1083a73aac6d96dd0c0a02d8d7461ad5f0e0e5026216ae9d900320d094e0515b3fd87026ffd677a811fe40bf3b6f147584bc4c133584fa5012490c8384df8c356beb72b68bfa3084a
32 203 0 30000 47 1 :f49f25cc9a8363cb3cf5193a2d143ac532c408b9e20c99000d27b67fb53ec801bea16c60ba0f46ac59fa0c1988361077e010d1c985ff37cf91a7124d77194095c0dcfd8be93bc74973f3b114c7e61f5dde332a3fbbc92eb3322e3045885c9c048f1c222099288b466c3b29b701300d2637b142eb129ab0d4fb1b362349b377f6e47c7882c28f0cc8eae91423e50ad460b173b904bff4e99e52e205a04dfbb93ebcde2699cb04200d94e29952cbcca399f5815eb244a05ed04893c64a3a5aea72d0d80775fb1f80d611147e
32 204 0 30000 47 1 :9b84f62d50216f5606cce3d7db9c855ee2e2337a0b9b0bffae1c97deaaa3726f6d71cee1699e6a907da7f2c9d37358efffb40cae38f1b8c97ca2f258ea481988f0978c1526d226cfe82343352437dc4f2dedf398e722804112755eac5165e91ee483e2098a9132767dcebded4690df7e21b70551d3b5f552cc2855ffe997243c12c24929d6b6540bc802d17cf3d279485e17c2717559cb0b188b4791954276caaabfb1b024552cc7d655505c23594bc8f769d3360d07b6ab72aa6345aafb3956b8fbe6972d444efc565cabe8
32 205 0 30000 47 1 :db006f54b7ba6835c5573153f08343fe5551c7e317af6ca9b1b3a2d097334f5f7a9e4a137b5938083be2fbba2e49cd57ec192f293a2c7c13bc62923e1c32819d6eefaf6af5f336cf0c8806904eb4303ce5365393176eaaec71f26635025f93eb68d736584c0ea88c38a44250e19cdb5cdaaa10eaf3efb6309cc1556220b17d3572740b73cdc696df7461727cdb428604dbcce4e8cb8877f0405de7925238f6cf73fc8660ea6e60029294f4439e202e99e10614b198192303888540aad37e6e8b971b4022379b6b8ba5f22cceed
32 206 0 30000 47 1 :b7b317e96755d432f9e17dbaf12325ae9f976bf3908244aabc1b8b1e2f624f414d8ddf07b89687214bdaab9d78d6ef67f7305737990a900f7f8e00c5e9626586cbaf9369053add1dc7865f11529281893eface2c8c1407884f02c2209ca9876acbd2061c658682168ddbbbb8480d781529156e11c884d1326918ab519aede320d34870d2345c0b2a0a4d206ace804d35d696a101bd702add25563ff003be372ce3ad28a0a0000c178cb9c14e217056cf23ed0e9faf22b86f15c30af132e444fcb9b99f9489f948cbf90bd785b86d
32 207 0 30000 47 1 :f375c5b4ad85999bd7f973cc50fd71ee306c6d2fac2fd7b24b4f611ea50109bb42e1c262cf24315955e91bf6ace2bd7e1e385623dabd2c82d13235ab4ffef81d3759dcadb95bb528233955c9191b7458a85fc74797b92879b0390d41d88d71e9fcc71b550c358bdfdc5bb683498b954d7f3b22f2c5fdd73d0abc31c2c9e1b51a9860755d18f9cbcde2311e9590cbcc9dd4d1eba516590b6bf82ad3edd55d9ad56d09ea7e33e0c5e2308e0a926e2e0790e285278cdf6d41b76058790f8570c9db6dcf79e5f0052f93b4d07e8763fa08
32 208 0 30000 47 1 :81ec5bd935585a41ca3a8c62f28f86f116834e91dcc17248207a606c49a1214f05180c9122792fea82e6522df91e77bf679d6a3118d407471d5dabeea18b7252bd32a6cc8c925cd71ab4b2f6c9b540dd2c8de385366ddbe702cd42954b82f635aa595900d74b15f48f3bb0cfdb6d1fd74258c8c64d25107ca4e6ae7f6156968d208f8f58e8d5fdb84e0d11c5264c9e1ba30b9aaa62f44aef56ab91cfbf20f3ac468bec929f3b3711715fc5b5fc77673513bb99399434f9cf602b5a39ae0b2d50c4abf6f8b39a2bc923993ab5480c03f6
32 209 0 30000 47 1 :ca9c40fa275189f57dfc52b762f8293863cbefd200f32617fe030a1c86dd906f25cb06bdbaadfccffd868b83a9213c94a4ea154ec10780927edd364b4c3f025f6a9ad1f9f78ad2eb2db6d30f3f0f00062c924de3710ee929f3132d79b5772728fff219c85e173697301b87264b8d9cd4f51ef88b4b9d161f7bf906aa9613112c14633c6df7f0ca60a94fbfa3c2b89332346c0db1b200ca7119344baac15545e3b4af9e307fd45f731253a6addb3c259d2ceb6e2eed38fc96ee221f04c062231e171f8b2102f2c37311b9752dbeb480502f
32 210 0 30000 47 1 :9ca5afc4c93b1ce4b648117a13ab19afcf260e12570c5ab6ad6e12b124356882880d0a3d8d0fcd39227f6ebe744b83daeb44d2d2c98a5d29b4208ac9034eabeb3625951af66dc46b6ecba23e3776db62c15d71ad019d1cedd9da88f6cae5cb187e298204754117904d2b303b3adbf9c1f3ec012963ae1aeeca71ec03e4b40a6310cbd15ff47c5cdeb86c0959dc02252d30e7e42cc35e14ede7a1ce1b92784ae3e697dd87d7c015c85c12158fcf5b55a7fdfe179c6c50c3fa3fd7daaf6341e59bd101c01d35e5a59a39c699513ba51a73cd4f
32 211 0 30000 47 1 :390ab0e9c362cde9673f0b7f86e1b85c97e4bc9367ca5405b23dcf59da92f12c2b580d1a3bcdeccf224fd1ca0d4125df8853359158f15443eaf91701165ce7f827a37ff96746a74ffd4f5453b214d7ae7a2ec8cfffd979be88ecf2d56df349e451c8c0dbc5866ded7167f9c11b4ab6984d56e03451259b9d6bbbbd20dc9c74cd531092ae43e0befceb0962f9e10269afd2c71506078857739402b13c3912404fb25f867ae181114586c511eb9e65d6f8c5bc62a8aa736152eff1d3d54678eb61d8e6c0f51ada7f2c32248108197c1a4564e6db
32 212 0 30000 47 1 :59032c597e8b1af13ca3e765041ca45c82ab06b28134ee2f5df8f3a7522a3a29a478ed64aeeed8d16e4a16438f6e8907274a3accc566364c72b827cdc6ae0a5707d0b665a98a2201356fd9690dbad39c62440120d8ee1a5bd945a50445712aec62ae50a7875160d21420ee3540166c04f0306f5898e421f5855d68fa285722cd4181f414e5e2953775d4024b94b664bab36929209aad152cd65fa3b573c2ad78f4467883f0991a7baa755d3d6e636632fcdfe1690d078b932b9fd43e3ad5f10f95ba856c3aee5431918333f920c5a7b595b6e4c6
32 213 0 30000 47 1 :f5010b84e8ace97f4ae7b45ccba18ce3dfc4ea99040911b9440fff9e70ebfe2cf0ca294fece000ed46e974ef7c55e45e1d7f9f42b65597149f898e3fd71da18f6ea3b277e0ccb5b83d038a5b58dd99e108d5292c6af4098af9040bf07142c1200103feaec5d32aac32e67bfbe7012821f18f169fba5e9e52e83423e19fc0410b1d4161463091136b5cbccf64f3d6507e9e9870b95e033ee905a2fcf93e03ae20e692a32cb3a79f68b9d8af1df84658dfac2f06a6c297531d892154d9f1c74a048af8ba93dd2cb18626de126f4045ee5dd37a6f496f
32 214 0 30000 58 1 :866506cd81628b70907b03dcda7b60aa4011f1ab44e91553430ca7f981d9b020dfb03ece880c9647e2e993e06332f7ff9e39a80d7ceecee7d314546503e4d9b3e8146750c094a85d39f8f4a0b7cadcb82567ca2dc74456fe9a07cd718c0e0a30d823ebda77da1e2f161334bc79a33c772a75050068624e53848151ae113bd5f3797d5473782192c9e7f28d37c86ebbb1fd272b9e05c78481c2230b979191b01c2c7051c02921098184086f8e08d73cbbbd5566874a70952ef902eb3632c27551908096a0d61c342b450e3f3461921dd552be5d9e5eb5
32 215 0 30000 79 1 :fae5564a96e2d31fd9c52902b027a5da45e51a76e49dfac1be68fbaf544525501bf7975b85d429180ca44c67a034ee0c55473c9551e671fbdeaa72f67cc0000f25c75477cc4b0a51a1c857933cf332717cb285cacd06af05f884fa2d377fd2b3db7aa36823125333bd26fd6077ff9556e4ed80243ee56cea3da2e50b64831d5111d6a147d4f564db2c400d51d19d059f11c78605068ddbc477bb34e272bb4000a56b13d643f9c936b35b92343ec9d21aec8354447fe05bcaf32e6bba80b6d004c87bc23d9c26b32a1f35c595b27f97cd8b6936b56de2f5
32 216 0 30000 46 1 :bc9e5e0819b160cfb5276754a15aa5640a0f71c58258112c53fc102c5d6d422057590a6369e43c0cf9679d6b9e6689f49c697b804b110699da712cb3bbcbefae97ac6a471c522515dd288199f8b31073fbbf1ebeaed1b3c1af7b848c77e7a06b7b8f76d8facdf486c6c6b79b4293f3917889c2922f6895fe394aaa808e945e6446c53fc89384d9be71bd701a208939384b9b7f212cab5fcd38593e77e14bcfb28b9eeafe81cdb93a7cae02c2917ffdb4f023f9ac9a90aacd9371091f20bc310ef65880da1a5e63f92637488d2ee6ee92f0c2ab3014fd461b
32 217 0 30000 47 1 :ca43012a73b88b392d38ab65af178719fc7580e46b1131a6fcb5fe6e27cd53765bd0e77324faf4f2fb086b6eb66ddc3c94cd32cd54600b91fbf8fc45352cc766154a6a09c05fb950af58ec231cfb92742b9dbbbefd91de68619f5e6c8288b896472faa1aab76d488a0b95a21930a354d762a3a6926d8267bfec0a085994296b864a26b7ba02cb1bd20690dd4bde41639a49ebd8eea41a4eaffb6b53ac5a797c46d5eeb2dac74797b49a1494ea87817ec1739e39bc9890dfa2c4ca9beaf74dd0e5015b9473fb02ed7d047bc310f5a9fd047dcd16d588beae1ab
32 218 0 30000 47 1 :491299b61e06eb7cd4f17956c35be1f7a427c0749a0b7ac921b4c8717e12a5716e4e92600e3afe88aeeff2592c9f234304a52aef8abdc09418dd3459f0dd8ca3c100507dc160a770f6d8b0c4851e74f621c8f282de7042b84d21c345a64256379e27617567e8e6c94f71d8d19b2c511277d1a8ff5338fced1df16a28173d0729d6a2985aa944cfe1489f13e651b7cb720b431fcb3dac02db9c855c6f8d81921e5a3e515d3b52475075e8c606e66a121cf36fda1911d36a61c68606fd625fadbd0699cce6c4a28c5fec292f217a3aa7248d97f7641c2c06580598
32 219 0 30000 47 1 :574860c78e43a103a75deda56275e6be8245813cf79f00a20631a128b61e2f549aa1074c659cd85d3e78b6f2685402e6d9d1209a770bb020b0e877e9445be80fd428fd1cd59e565876d9e8c5bc416c75781b684b159a41ec6026da4adf8505ee53d62807bb2989f957152a3d69fffd2ccdf7ce9dc4fe8dd009aa594a6e6b8f9da25302622cba146fd866f5acb2c02f1c7cf9301f45af54fa7496fe3d0d04940653090a27d6e33c89c20c902b907bdd7f456e767b1153595f4f39a397dd7806f3f8dcc595e0c3bafe04655d2af6826a0a5b9b80160d6cdce0e2ac92
32 220 0 30000 47 1 :7410e16228ad3e75d4f98ce71a7124e56390b05c954fd96fd2b7c4deb6a99fd3d894e10c4dc0c495fcb89a1c7cdc6a47d9a0bef4fa79802c53284c1a91c7d85e78979e6c934e4e3514e4b72d3c08901189efc964dc1a88fdfbb712177120ed0eaed26029b6d292e7aaf78e494013991b0c12d3188e94fedd592bb51329d4054ad4ffa0722be3f81be912b164d9f99b06205994224ec12f41d20b3049920772d279adf8f2751db4b81936085dd15917d9e2041b96db3aab0a7037b5a0ecea7e16175c4552c56be8606ca080d8dacd8f1cd724bb5e076babeee8d9d05f
32 221 0 30000 47 1 :41d718bdf7e0ca74a706b3c3a2ce78c33ed6bdcc126bee43b5999061459cc609ebaf68a8ae06ba1f3b445bb201a779d8ef8a49ac3a6573d38732893dd334f0c15da7b89ff6f489a3a2b32cc34f64a7692a1bdc2fe4bc4407a3f434ed01690c6c7238724bba57d567d2d89258f99f05991253887e772407eb717bf8ad6422d318115fd2ab2dac70f31f14d400e6920e4760188bf73c90e87fca6e94b14439d5f824848a5962eb56b639d579f10ff76a539b4cdf5ca3f6a9ddb7842fad79aa8edda276bdb28fcf6366db1a03bec14d721e15ea608378974a493372c79d74
32 222 0 30000 47 1 :1f4cb85932cd66295c7e690f4834d2cec3315fd70875b7a7cd4200629103c74c12bcd95f25c629cad99a8bcc3612e973e45520cb8be506e8a378601087831a9c66c1432d78c8504f127fe75c573b8e507ed0fd0a9b6794b6d652919d4e9e1f7d1664de6a5262ac9467e213cd3029aa5035ac9e64cd6ad7555e2d8274cb70a76850ba111b18a2448d8a5cd270c5f4683097976f2639472e30455f972eed977baf227fb11913db96db2b0afc7f9d43d48872fafa53e95f5a10d07e86377e508171845c63183d393e1e9b17ffcbdfc914d92b68a97edc55d0762d82600d9c58
32 223 0 30000 47 1 :e82a52bd8675f570b0ad3aed1fe7d297a43bb7bd2ee6db425e2294105736dc105fd09ba3eacf6add908c791be5d431f908fcf4cfffd6a54b118999dda5b2b252b0c35347891e71bc8f8edea9a9b2fa69219c8a23de97aa08a40ca41e98323766b15f29b463d3703330a6ec9096cd2494789bee588219345856a177bfd4f38bb1eb4a12722f80bbe7a13bc2f79fc6164159cd74576c432e1d422d019d5b846b7a70d1df0350564f269c1ba48428fc297444c7a092ebf8d5e207c372c586bb52f1a3fdb754d8ce4de1768bc3afab7a5ecf23a8f68c4c7477962c20261d40210d
32 224 0 30000 47 1 :e8b39bafe7a1ad47e91abc75e34651db5932fb5df24c4b7d5c70d26630d4b86ae00a98d8b4509d905de78d178ac8f6ccf78d936822a8a4177a6ea7a1997dfe2755888eccff9012496edd963155885d3768245bac461f1316b1b9350f2f10c286535082d5b57325b62993a072465f6b487c295c88fbe8531c4ee60e6b1320c8dc3026ea87bab14f1d1b59ff1b7baedfa887743584d0d0c2f53afb3ca23e523ef4061eed1a81d71ab98239653d6ba657e3b7f59efa82b14bce7963a2939db0a644fae6bd28c06ab1a33ecc797b38f982d67f0d2d5302ea94cfb68b7cfc18905bb8
32 225 0 30000 47 1 :8fc137d406cd0dff30be6afa853a340bf348ec7c962f312c23f9778c61296156c90f967948d9a34b5bdd8bf9413eb7bb649d5996e001d2812aba49cd9c66bc958c6924f24c32feca597d455e2aa9ea8353b19c9553c6127c2381eb8a398246ae873c0e8e68c2c9e0214ad2a106c8c38d36b88eade8419179eb557f158dfbd4f8421d7a3cde6d4d423662676b4be32e782e7bc331c42997e72e28b5818ea2a56a0216d93c26befe240c53da1f061423c91c584b9ffc3e64f2e40996b1733e6e4e6b220a9e62376ad413729e6084d5d93addbf75c98a7d12a6fefb73dbc9e22803c8
32 226 0 30000 47 1 :151402e5e2ae0db5ff79b1be50e398ee600bcb56099f26b7c6d78e02e9aa7b4003e6ce8ef5d40e11c725891c2db981e8ad359e18ccb8ea65af0ee88e02bda499b4973737d688572f50018570067f26fcb88e782b17335d8ecb4d05f71a37cc4097e319d76ab0f40d06841a880382a6b252f748f0544b917abe658da86b81cf816900a37f07f9d9845f0f205c2534b778f987216e43235c501cfdecbaa909c54e4a80ddf9a1a7e1e685f0439639ef25e2640ad69f0da25f7307ada8321115912ce1c19d7d75bd46d9603f329b26ab09b88f38e22f6c5260ee1f7c7d048bd7f3b7064d
32 227 0 30000 47 1 :010f9fa34a6fbe960e8b3ad4e1e80b7d9dcfe4789622d56f074bf5938b17fc3d0178fe136285e20e0aae3f6a6106e220e428002a4bc13e7796ef822cd909742c0716cd3587feeb89f7181548494cb19a1f8139735872c60ee3ef526f503385672317d394e04f41505358b96096c843bdc1c4fd7a45dc5b1773a7cdb73c1b8c343a9473e4bccc91d6fbc89d97e08461d72eebe503b9a95f6ec9f2b55a1ba39c1dc10afedf0eefdee9088a538f019db6d9fdab3dd0c97754637b4f1592f27cb021a7a3e5e2247b88ac060372a28714d798aacae7d7a14e440c199248669970bf8be2c464
32 228 0 30000 47 1 :a33eb0b639eae3f759e9a3ffbdb480340a590ae106ce51cb1f6a07e1065ac4054a438f8507b22f568971b3a8bf438460527813911da3640cbd5656f1f952007f4552d2c7da0494b568bea7ddfa6a3339ab19a69476937d93e7fa9a3c1fa0cf12113162178040829563c6ae7ab61e033858fad3f4d583fd46f31d332fcf74dacce5d018dd62cadf64b16e44e65ccf0366ea605aa39f67f43530f4d03340821a786f76035044982033470897176e7bb5eb1d2e42baf5bc57b1f8a52370fcde2e4211993942a03ede341c2fb4cb3b2d28424c210aee733bcad5ecd1f9b83016dde229537e06
32 229 0 30000 47 1 :e27d939f2a6011c7d892287c5e928f8cc8e06064b0e9738500b7baf1c3947f2568e9eab03cb6123c9ddee6ef2369b8c9a486c5c94357305aeff9846455e11b6c0b8de43460d659d985b238effbc2a079a936bd17fd9eb23e77462b5c838b74197542a0d7c7354cb6747f9ea3d0aca1be5b188ebd6600d64f5768e99f2497fb33e537b36d0a30f3b141099e561d2a54c22e062f967af62c19ebf1832138ca585e8a348f867ae9af4becbbc2f2f3e5444561a8e9b54c3b6bd6ff61afd9fe5f3b93d77547b4bc0c70e93eb0918e4f8878ba21b7dea85917665ffe0091fa944333e6d4f664d94b
32 230 0 30000 47 1 :681f756831955b401c8caad3769530b38decb05407f7923fedcfbad3c6a9fd82f20cf1e47719afcc6316636f060760b8c00691181d6050de03995acb83085a227462dab399be540e052aa337248419fd3fbb3d1e114625afe437eb60776f046af42b47fc6367471a032279ae22dfe65931e409506ea2e4349c7ad031d2d53acf6b9077e0a76ecef97ee1ed4f10cae4fa0908e7489fd9891cc1175c818e706b1b369622f146333e2d5e4440dc877af64594ff7c28459f2fc8f3306166da0da97ceab7f310a5d276ef992f682b4464dcab51c73c92199be16e640497f5413a6e47aba3cf43061c
32 231 0 30000 47 1 :ed95f289ce40b55816b9454ce50ae1e6aaa6c6fa6f51914a8ce45fff470105563fb0899862226220f0cea7556024e0555e7069815a37192ea477e561394ecbd5827375f954f8f02ab7c61bd9c0b040c9791722707c73ca1394a6d1a29d5d3a50df928ad522b824eb6fa6a7bed3a4ca2795057b89e18f01f855bf7d08062818ec1b03d12f74317b88f8a6d2620d153faabcc87bbce6367a20d9c42f21de74243c80caff7d5c682a2b155edd66a06e93e61a6162b085f30ddd7e413328e29f9a631b74f4dc9c4bae7109dd5e27ed7e8f10f8c6200e6f689e663eb4a348db29078f15176d09e656bb
32 232 0 30000 47 1 :c462ed9f59487c9a3ec0632c2e430c5fe0cc7f716ab5a2a31d5592f26a97687648bda211f3b11990c6556df253b30fdfe62f1e70887bc7593725e831ba0bfbd8edbb2793c69da305d31250155407d262b3429b6e14533488df989b07149b11eba66ce47a389b4f0e1b51e53b372ff707f20833d0b68d6d44745273c0e9f82c8597342d1e9e28a3d696adaf2f95ec50fe931874a0620ed7cd038f681b96aaf786b77263aa49e48d8adf7cbc72978fa96f7e935600c298ebc248fbcc799db8227d9bdb5498807df734ad7832a4ec8d29e829215009bcba932e53f2c2afcd21f64747d90325abdd19d8
32 233 0 30000 47 1 :27352c07dbc4a0942683d5eaaeac8dc6442a463c682c73accceec7dd20c93e0a4a2c63e14f66b00b8d02a783acb8031d9ea49d9194d07ae4de21d84cf7cc8cc6d79363d6babbc1fcbfd6c115dd30affd2416388f5677941821f61acf801daa7fe7b7f9d7cbd4159e2124b4b8141b1d5176dc93e58183f7a3ccbdef3c4c687a52fcf20a444025c2f4c35f41124d2de9e798a49e6c20525115cbc1c795b1bf60f64fc0ebfdb7a252f93d47855cf4adfc54ee281f61e6317953725134ead42ee8b53312556ed88019b9c36feda1696e74bd3986ff03e56053bfc02d7c3dd6250b96648b7de867bfa6b4c2
32 234 0 30000 47 1 :324f400d2cd49d164a15eb2fff2a9535c97373a34327b3089750ddb7ecc973e2bf235b671f6071297f4dd7e696607d53007387fbbc2dda257959c465831a32b287b5854f28be9659f7a81c46e9b799f94e8f11cb0f18f15d48780ba1a97b3a4303c40f193c6ad9d4abc2a96bace15179e2efec12f57a67bc1355ef917c79c1930c470aa1dc48c0fcc91e2541decdf8b85738a341a81dfbd0528db2bf4bbd128fb5d0a376de3a411590a28be322726598dff7d578a3b854df5e69eb1a915af73e6d8598ee4987219c4fb6ad98ba4846e13f0fbbf7a8a5f7869898d278364f9ecef6b9a8a53f87cde532bd
32 235 0 30000 47 1 :4de66a8b3ee57f8fd109bccf9ce7f51d4f55ee24974b24567451d2105e25ab0f5c90060fad5769b7ab0e80e674da05ecaf8e353081c1c1d1f457acce5839b0125e84328dc37c692bc084f9b6539b0c46eaff0cee74ab2a1d613ee57ad983a989558568ab4d1c10a0a0dde06eff00b8fc08c40fa74230101df17ec267592b318aa3c88b60f195f91697ff7758ee1b317a1e8688fa37544f877e514ac411664489ae48e57d115b21aa2dd91166b93da05ea6cc6a0caf71c7bdef42899e4d12942b2fc762c1e79950897458206fd0bb6227b2efff72ba6c20c5f609f5241ed363db66b287beb7cba670ce2201
32 236 0 30000 47 1 :201868301a8eed57c851b7041b378f841fe683991f2f36583a981745eb5cc3e5dad785494ad3698415d5e547e2e0f17954c2b6109023317c933f28e64e0651233e5771414dc92fb80e094ac6a88d50cc0252ca0bddaac6d4de9bd2e4283d424a37ac14a9ca1b0f866a64a2434662e627abc62a0868bc2fc3ff07a73edbb3a44d9c08294a044e12898729be6b60ad1c1ba5fde5918b9450fdfd515fef3066335d60936d10a41066b288e8d1899d494b191168094a531639e899c358fd2f15b149b9ae9224f3e9624b49b20e4938b397af6f42da739333bf7583530aedac5300b7971fef7ae3ccfbeb7c12f4f5
32 237 0 30000 47 1 :c6386626f3dafe291c2d18b4818a966cd9dc123c1b8a388ad4b2ec22cbc3c7bbe5a753c22fc585c200a852e68504b9763de6bb5cfca5e2ad0459ee7cd1c5c6c58d584e030d68b1919b870db944315b8de9144f2f4abbd7cebffac6415eb6f7c260b75747c469908735e89b87627cec2e80e0cfb24b9274bde3493c7a16de90d9ac70eca37c5ded9be3eaaf4707cd63ecf777ed1f7ab0ffb23bca6955b600f5dd216e26f04001858bcce289a2d7c49ec147acd972e90170a683d33e90f3a13359d42e2e13937d08b428823403d92a1e2daa2adb572fb5e31cb9fe9f21aad18f734e3cef35d3b7e84bbea8f390a8
32 238 0 30000 47 1 :ac8e9163e1d7fa3e5f6a29b32e5d27a5384e6460d084925bb6e033ba007f00e0ea8d2b6c26c3f04d7684fefdce50607774f09025214964b3c5dd6d3de3abd2237befb480d19e43ec2f82c65cd231c5d9cd3fffd940059e44f57afe303f6c2e453a8a665785c7f81311994e273471d36da11046d03af9267c64d656b4678e78b6109b29e92cb5ea8615eb080152a3e03108fbf3d12defdf9a2a392559e31a7cd81b42a88ee7fa4cadce531bbee9f420a49ae186c7d0783107c7c8ef6cb1b208125b63d8e9ffd8e71c760e98de5652d4fdb8c182c9880b3f0fbbb20a7a622910aa35489c6884b1b05fce4d4cad18a7
32 239 0 30000 47 1 :d2b95da8bee31e93f58c10ca4fb15e2d92f76d8bc4ef95b0dfd4718712bb47bcac0a487b376bbab291f80dfd31d5583aff8b4f31c2d6e81b339c353f1af22f78012d2c578d406431feb777e8191eb1506b1291a48c167eff24d028ca545205f75027f62a1b85f925b7ca4061747717033ca01c9dc2a00761d6ad60f699870f9264b42b0a24146ae11d909374da7bdf653731174bec480108303ff281c83a1d83b13ea7d7745d6bfbc3c5fe5ab5e55fda94a8c08e9898314e7f5b46c2dfcaefa72eec71f0d8e1c7c6961abf139e4d38b6ef5bd7b76552dea7e52bb52d58f20b810be110b8df4b2ad26e03c9b103c79f
32 240 0 30000 47 1 :27fcb689e83cb1b359ac3815d2875ce3107fed26642f012d36bad84c9cc947ff6e7d7707ae71f000f5b79eaba633911cc0159f97d38d8a9d2ef19357bb78393a667dca5f4c0a222a212a8677935f0ce611ba7c790e700bda452b7f1fef2ff71662ff8078bd04a6a888c418edac618b3a98379d32ce190ec7adeff41313acfac37fc0921bb6892f7a90b2cdbd1ea22e154bf8e1731dfd0cfb344a75bf80f8248dcef83e72787016014b5d9a3fbbe90d1d3c7088aeb4d743bf242501b87ed68ef6586017bf8bde553d8dfeeb5263598dd1289b110df78ba939aac38b066215f55e7934016fb68c44082c996a1128806cb9
32 241 0 30000 47 1 :e964c3c49fb2205aa9a7d8e4a2ed6a26db2579a3c640e125eb0b53ae529b63cd58274801358affbf4c921b788c43d808870f3d7eca703d89066b2f7c549fecfb48fcd83ce96cd100dce8d512615086eb3956c2274115ccb6211fc265eed5fd04277e177a8a52a85ea47625a2ac879abc6aa521b5f2222b56b42f7bd73e830457379090a032bd41ca6d026d470102323e813aa22842ae6ff152e9a601cbddd06a2597e1bd3d69ae6300876845f51ea2f1f3471f8eb9e241bb2e71c5d5502fa236634f22f343c2c61a25488d4faeecf662afda657b0d558bcd2f245b9b8f8f0bfb28cf9e245a333881ac619614778d7b2e3d
32 242 0 30000 47 1 :6df5ace4150402cb3d22366c53ca3c507340be490b85ad47d2304d997d5d087d2e68f1382f043c166d6ae2d2b7a3d959ff1de97c9cb89019af58a2b395e80f9275754e518e77f709ea16cd0358c2e9e7fbc4d96ef4457778a94395d951adbc06c4c903c953dc130bdfaa2b0527e2e5f32dc154cf0319a497ce4709d65ec29136f5d48705696114fc66a8e5deb3ad214f83dce650f42ebee5168f4d1bb6d705a30efd998b67ce6c6dae0b67738cd1e1c5a0b23dc373022c22a0a66e3120fe3ef0020d0b535a99d719ccf6cf3a53f94e73de866f463c15da4be280d4f02ac5a2a18cb6789ca35f2aa2f00bcafd96ba38d5b5ee
32 243 0 30000 47 1 :9c4df1bc7e39f97e1196304267cac676679cfc2229baba816a9f68024012e8e10f190ba339d0ae89359e2842e842449c1adafdc63aecb56155e8d0cbee388c6913d02e7be9bb65906c660a11963032ce360c9b413bcea00a34ff6e3626fb9343c54ad91e397d2cdd69f4175975906ad70fff811bde3b0648cf97f6ffa5bd5b9e1c377f86b0dac63353886d7ce1c65c4e6785c1e65651e2fb5830cef02916ef8cb845e41011c7e4def00c75f8c900c246c465d391f4f94401ac070b2bff9ca4d396a5f5d7219929ab2fa0fd2115f628aa27c2bb0cf68f177a5e38a573c75ebc1df20d58f31bad8fbec51da5a118e0b0fac3d4ec
32 244 0 30000 47 1 :e0903c55433ef91aabef26e4b44a5501b04df6702f4e0d32f80bc6121427e8f414bf78bb0eeb27421215bb553300a568d8e07c7f3fe86a9a783861bb56e87a84f5a36e8cc37c389268a6e451668365338745bf12f3956c93695ec287777e5723419e705928f9725347e7d321f96552ac0f41de2d7379fd5b962878d0e4f1e35d47f5a2fbe8ab2bc03ef85aee1b42763eff3e5fe5b819fe3ba0f486517a9245663374e19ad5e0b341692061ba7b46344b3caf2b279cb117687c1416b36899e1b2becc1e4be2dcd7909a2c6e8735c649c4d719b82cd72749add0c283321d21985f7ee1b1cc0065f08d0794cbb9b0b9a699a5453664
32 245 0 30000 47 1 :f68a40a4b2f7efc37c4d4a2293f6d63584808e422819f909cdd576a7acb69c1adb9f88a9d38069242ccb0dcd46afc7312002abae41031cc1d3431a36134122a73ae02fc624928de1575a5cf53e887c3075e47c41162532db5e3884845c61f72ace120e7ef477ef216ccb88d91afc70cce0f0895033f0f47684f81eb8ee4d9532cb456727750f91583d45a6e03d6f28bdc9fddde8d328d8ba906e3db852ad1d5f9b66e2795ecf6341ffee61b6f6d81895662de6ab04d60e209027b6bae221a4e28c70c7725efbe035b7fe3388ec8b61c4922826fb5988eeec3f5cd1c5b02cd9b170207246d42a8582db90416504e8c100dfc4aba0f6
32 246 0 30000 47 1 :7ca1c8631cbc01c5df7b2ca869f6f945199ef51e26c9b3e4d0ec62ae15ce17212315328d2ac625cb9d632f76c10296b9a1375a4ae264d6b2ca402e6063c0f0c68543ab4a7df9ed22d2dd4f32e293e4e5a408807aa79d5fc99118ffcc56759a8a4b7435c988d859be40b0c42cb213a19616a94a40c1231dff18de1d5b6ce422900418fd131c7adf18160afdb9a9a99794c641b8345212650d4134a936834139885bf79238e1a05fc49a8dd262f1058067e683fbc57eaaee127e4db52c6ef7d897698db10343e58e5271bf591d379cbe9192494ce42fd8ed43a1b9654340312b2f589474c1654835d6bfe2901fd613099e141bce62e3da
32 247 0 30000 47 1 :4881cb803216d6118bd70c1d6f3bfe3c31ad8b41ba976257e290c6a0e462e78090ebcb763dfff204efcba79cef602cc6b6638e03be2de312abc3d2361c395058b3c3becdab1d45ee6d058cd25e7e86a966c51a27b80c1456a4b2f2d2977e3b8f42a5b761814bc7e6bbfcaff39d77f4b1d45b7a0756ad0d22945cc64bf50b6a5ae053d407b195e30d100a6c1c14ffd8ea78ee375b87c243498b51eb23a7a0b9375280a8b3f6cc8e02f620a5c6590a8463c302e0f5cb8ac1146fb45910c995ef59551c649d4cda495ce0f8e1e2d6a25d724008479c07318268621fc7bb23923a8abba7cf4510a3e9d950dd3d9b13efe577e57d163a3de02f
32 248 0 30000 47 1 :c58a838444050cf3f290056b772fdc2a2d2c1b71290e217c911fce20c5f38f0526bf5aedb330b5835998a20deb032fac217e61ede5184e95f2d0b3303ae183ae2cf4db5ce29b5410803fa044acde784dbf94d2804a9e81e1c08f026e7f124d9a69636e946fb0c9f7786750841878e587cbd8a923ce3da1505402a0e37f8dbeec60b255043ef668b7236338fbaacac0f2a279f2c56040766a241205b86f963c18176c2f731a9bd4c485120ac9de837b0c1d651f1ca041007bb463f25ab01dcb6b45284ff58d2891a7d3798b7aef93c5ae65b065cbdec0bb4702c7d2dd33a97c75207cdc69d7ccbb2b7d70f3271d8b577afb33195a33bcc600
32 249 0 30000 47 1 :b8e77ec34c7310352f2699ef117cd7bf05d1cc5636f979f78d1a22ca915100f6c6be2f64b2bfe8145834d139224094998cbfa92278f8af50994195abf6b5fd62451935c9671787eb797d6e117ca3be49b2b93015cdd6fa8a513ec9e17ab120442136bfe1c46b5c315c932890f80f1ec28ff6deb2ea0269ff5824d2e8d3b0109e8d643fda1291d900e7d93b891f9a12ad8ec8c6c13265adce812369f867f0e05da7c820097418dfa6e738af4211008d52229c4b26cc730287f4f11f9d806f07a04ddffef8a0c8571ce5e1c3231cc77e28f387019f999b1bbb583d1dcd5d0a52263e12a65c35a34fbeee90d14c35d586a0ef9079a4ebece7549b
32 250 0 30000 47 1 :2d413fcda8a6d68fb97260d4aa8a70718caffc284e03aa70d205a3ca4dad49b9ca7c36799fde571d89fd4e609a25665234eccdff59a818b51acb865b6e2ca6c055d6f2e6745ad5f306a7568991caf9a47e7f063032a75aede76c88832880fe7762678b5d20a4efd1c18e2912c64cc659c579f1cfe5df874918845cd1ca85577b480846d964f77d40c95fcde07054e3937853a0df127241b74921346ad5a1f000ce666861133f65b665131b5fa99302dbfbecce3145aebbeac45205083d2709a69ff48455a6c23d361a7efa0480b52a6e430913a8fee213d9aa63d9ecfbdcfa36caf888cb7b71c12c2a0b71a15cd3489bce16d9051af81cd678a3
32 251 0 30000 47 1 :70b9280007f0c785c1c324bc4a20fc2f8d679c531341786e3f47f219b960b1114e7129e898e7f162b93f8d2051bc93b96da3c6350d39c15a69b1a2834393c401b9daa8c0c566ea9567628947ca7e1e568f0880ced285b1829a00cf2fd167cae76697987ec3f51b840ba93393124569aae70a1117290a4a28f2b4fbb505ff8b8abdd84aeaeea360c237e3cf6a536c5fc50b6dd8e16ffadd930292169bf9e740e994df2745aae432e9c58b4083a588e0fa361fd604a8263cceb0d279270f089ca7274c66f55d1d080e2b215a7dd553b817d3a2e194745fd217ad31b64f0c33a0f8d27ab672e9fa3e8a39600d03e0f505896529ee4f4b2e8ad8a623e3
32 252 0 30000 61 1 :976e4bd0344774ac20ca64930fb6987ab7c26e950b6df6932ac6fb5d3faf8948038262bff0650a3997eaa9d04ce44d70d06a0285f42f3bc20e80fffe5f7dc3ca416117fa2992b484321e4f9bbcec6deeaafb1fbb83c8a06c7d565669409099ac40e6419bb5e31ed0ebe185bed4a60b674cc7c2a3a0276c4aa8b98e0fd1c4687849be3ae039cdbb8050b817cd80ca88df38003e854e3915d761bc6d081b9dbceb502a3e50e99deed5059bdf04e7a9c3baed003a1f90961c2ff020aec95de5e3fa0df36f066735db858a0c299ac1d74bb9b441fbe9a195f347b3b342965ba2c6716fff9684d67a06be069c665a0c7e136b4efa50b1911d5aecbea450ee
32 253 0 30000 47 1 :eda04b7e7cc758eb205728f7960e7bd3933ce069fcf613c1e045b6d30df8d1bc85af96791dfe87769905d58acdd9d82bdcc3bdd822ed4e29d28cd26a572cccf1f7396cafc56639e784f7332e170908182873762382b594d9e2854efe49667713050281bf35f6f954a6a4ffa73edeb13b3acc3dcd97dd7dbab82342b22777cad820a6e8e372e010e4356e1b811bcc87526e2d579366cff7a2321e56e47399937d708e8d8cf208f6b222028c5fbcc86d932758280727475bce6e109fb95ad2b1738ac3eb2d92d39b84644ad4aa08f47be2f4367f08fe7ec3c7702b5799181953007bd2da791bfd579bfbdc60a344c29e0bf33de6e8b304e45269693b5052
32 254 0 30000 47 1 :b1dd79bcbedc06b635eade1644324b35aba0bd9a4d19f9da90e330ed870e832f7b044469184c7419cbd32496b48d182b086bb83db3ad5c81d2344d557303fc03c48ab2fcacd432eeb2bce79ae53ec5d00666077e0f5fa5fb22d568e0ce11b6488aa637579b9797686b9cd69e7e9f797844b62a576e6f1917bffa7c56caf3a9bfc3898cb6adee89571761338ec5d3c0fdcdad5f7369b2644792b6af8d30707903c2ec6e8ea9645486c3a96c08995a5f6e9681ae29ce571e80e9a34b2a80253e1371cb393b602ff50c0a3da5c1070ea34f6d0bbd745f9b94853824fbd0c6abf3df80b839a82debab38cb0c1e76e6e01af9a3373140c8a974fee2b4d3107e86
32 255 0 30000 47 1 :7fcc4c490b56a3e728a42c30d5a69a9acfbf0c56d775abe4bd888b415d254ceffae68b9cbb5e8569a0f2cb2075c897041581a309c2988b731560d960026fa55fc9a6dee26e4cb61bd9f073bdf8dcb3a2655c8bacf5b126b09d582772dfbe26d02ea464dc91e8c90b118a8d0b8cdf3f208bffaf25e1af642338805e96b83f1e9aacb03001c6dd43e860f8a8cc775c97b5d1a7a962fbc3cd6c5f2613e7c8c35001ec6e21c735a704f4729ef5a1c4d1968a016cfcdf6429e2696cf9ecc8fb92915dfb5822ec6bacc82e2e38de95050714bf820c5de3b4c41b29d44d8c153c7a1450430728422335bdb67a7b0831a7c763ddfa0c1daeeb7e36827477994b9acc53
32 256 0 30000 47 1 :d3acad97c1c4c9635176ec65f98ba4346e1a01e96aaffaafb7f1fb4173e61cfedfd76541604bb4043d4b0a42fda3e38febf26207002f6452e8bc8fd656877c1cb59c4bb646eac6177430bbc732cbe5775075699953761d1677bab7249b1df14e451b695ce09f665e52e4ecfdad047ce39d7688afef0e877566e5c4d4ab2a473913593c3aa287d2465b33f39317b9785790d9b2d066cf09d996142e5af747f7093ea93b2d38d5425e672219abf8e4560c5bf1f67baed93c916025ada839826ab3c0fb7d6f773f2d0c0d2f4e5cb602cdbdff4ca4a22b85c7a110aa5fa3327df0b22b1d05db78c2eca4902bfe2823070f049a948845b56e4c03c9a4f183f57763b5
32 257 0 30000 47 1 :09123943917d22d93fedba9374c450611de5322d2645d8284515bc3d82c5d89b3bb63d401e0ff273a3ec58d71539aa8ac9d86115648f781267036679c3641cf52ab1a808b2f370df559f01c13859a24143c6205e92ac604908daeff611d64d8007bb8851bd0bf192ce6b48f173ff6f58698e263e6c206d739a70484f05b00885faac4003c74db98cca2acc4338b8958c527145e2475b234e0f73df785a2ae3e6af113944bdcb8667642f247b821dbc7c28626a19770306042b45a9c349d394328296a19dd1dae31d3acdcde27744d82c5db2b193b7209dabd6caae318c6e77f573aeb04fcdb4e9aa96bc973f2c4820b508923eb1474381296344ed06eaf52c6f6a
32 258 0 30000 47 1 :aadd42b48dee224e63d172a85309a8f90ec0892f4af1f1586dc77df1d1946e7815d5e3354e3fb704422d0a88623d1e723ca4f3e993e94ee7264c952314ddce11cb6312089bbb2d717bb46e2e0b4e2f4e53a77b59e16095fbb8ed930c659a54cd6113a171ca694c250918c1c64ec18c681daa39663ceb600a8baf102905885271d87b483e8b5145256e8ad89e60ae7ac9016623d6b7902a6f8733d3558817887e121ea0ec32d6a4b8581effdf23ece4313f6497a25d16c00a022067c6228b57e67f40bbd64b1a7765ee0c02838df2c9db4f4a9e1d77445e5856d50077f9fc0b33db0174cccd2081c00ae3838b0a01a80ac1000e944ac46b090955b28fb9db40625622
32 259 0 30000 47 1 :fa7eb563df87b763bd78bb62f944ab38611c1873cfa4d1dc81e47cd25b7e8ec8b01cff46b3ac12767f67889e7cc7fd49cdd5ae2ef3fc49314c88f841c765da858764e34eee795946d6de23754b08cbdb743e7338e331c88682229b6b70000f02d0a5ee9c0d28408b513e5e8c9825eae8a469cf0ddaafcf5fef8eb7e3109e0a33eb7683b58ba2598d7ab190de32b226ac19cd8a5c1a7bf4178767cd7e5fedca1ea91ecf7cae5ce012cb2e7ee3bc1583c19ff27af555a8d8bbcb2845df23c6f5c5ba04019f58841f48039a589148d5eab0f845879162b9287539f24106d8a6ab66c019e75ebd39500cbe2477e486f8610e10c96ea2be5ec4e414cdaa5b4e98c29becaa82
32 260 0 30000 47 1 :542bbc826ba99f403a8941b77e7d5fa0f9e17ee49a29c6cbf37a2bd7779781db2393173880b9c7e699b21a65d71f81a366e913ae4209cd78537414a992808b5cee29a960c752ed86da61d1a47832dd1be8dab4a3400ec8f310296c77e4b8cde2ab418f8b0446b2192af7865aab5e475a3803e387af587f156b4542306aaedd70bf150c0069c21dc58fe3f53682f2695e99df7a9e3cac04e1528e18cbec3d24da17378e8a5df1b3e3236bc5cceae767d7790d7d14fb7c2dace4986254348603acfbc03d39d15e46c320124c371d5a5c48067c280ffc0ddce9318f083b5d1ee638590fa028be576ff0b7ea770d55baf1743b006f018ce8e18624883561311be5a03dab6b6d
32 261 0 30000 47 1 :17b44291b17352d2c1d236edd8305ab90b33f75df172e245fe370681361f67bf1434b09eeb85430e0f00c37b21fb4ae4d142e1c91a9c251221261b39b061a6a0141f9fbd462fb48f4a21376a8a3ac70fd8ca761f339a24f6203364ced96744e637cbceaa704b0e0fd86c5b8eca4d65685b1cd563a5113c7a11b895fa181040f797c751b25d22bb0406c3f4a9abaeef737e7935a8e5bf7345bf831ba1ba1c124e61bbd55c921d720bc25d10cff9572202c7bca3c5f9632baf92d5318cd6dd64d3b7b9a7b6fd3541c80edbc41e2b2870368d57170a8e2726aaa0795fd969873bf72452fff9f6ff51f5f933c928228e924d8204086cafdc9ff70c747478e572fee430128cacb1
32 262 0 30000 47 1 :32b073df24f5e3763a51a8d72f833469dc04a3dae5dcb8e05c3c1fb161eec41e665fa5556caf91130ba567f82e4e304e37cb9416ee03629cc7419c4169f5d6bc3ae586ae2fe46a507ddd53ad94055381daeeade9d27cc61e89cd4527033f371880f82e00e6cf8c2d78241d08e112f8a34639d2258fc6cf9dfbd8a5d2e4eadf9c6a4760aa66a0fc9121869fc5c30210a81fee7d70df30c6881fb6170a6935b898fb898f062215375c20515796faad047cb437ec7f8f804a1dc52b42a9ce90337cbc627f38af28edd3a47c42c8254bfc8284070c8bad74241fe8f5036f708d1640413623b8e88c611e3199c820af68fbc4846a2b5b33c27b3dd7048d65c2e871ed0d653d367cae
32 263 0 30000 47 1 :588c252d5f1aeaafd4437d05a9459680a887d7b6ef7e18e695199c9c1284eb45b1bc72ba15a57bcd0fc25adfa8e1fd4e740782ce35345bafd60c6fc5342deede0b3d0039d1a885d101ff216f47d9b6cd81fc9660fa5b3d85d46c27d8de76b144715dc896977822f186b7e36a6697769517b576697b05722c5cdfdacd4819de64a903381416e93cfcaa109939e7d8448d01ae700737b2d74a9c90e15b3c5d262358b7136fd51712d1270b20231086ea84471851cd5ed3e0932ad280fa1be567965103e6d1b74ef58103786046a435aca370260b74ea65c849b5255d5c971d25d8094758ba15d889d9a46962258fabe669a2041b014ac456049eea8f0fac0a2866457123cefa4e95
32 264 0 30000 47 1 :a7a59cb64196e2f66fdefebb87d31b76f0936e8fb0166198eda9e828989f36339bb533109c6ceedbe6882ca4211f7355ab7078d80c640a546ad5236ebde16fe1e7385cdff7482e5e626eb1492cbc7c369dddda511994de567272e24212c4944eab42a8178a220a05b113c9e3dd794e45a58e3d7fc85ceeb01b64b852460775ddcb705e30055a5252da518c3f6a4db7d21d0128ba47d726f859b58393048cc28c6e59cbfd831019654e931a8d69c3fc1bb55aab152deffb0f825dcc79af32e6a2e498b1c04435245c467fffdaa11e78f0289262cb231023be6af5fa7b1bfcdb346ec9cf6f7b3fe5f2e8e9030b755f632ca2a0470a0764d6f8ac83b41a88aa2de26a98a3d2951daeab
32 265 0 30000 47 1 :1cfc1fa261a53c47353bd61b1e28a5dcf2491fbd4e3d6b1518c5c3c4ee458f594b6e60e9c71f6a58fb32b57bd98190cae472cb67a9b086b40b640dab202cbb5f6051c186086b9d35907052e60cdd815dac0b98676e0649b0ce827be32e3fbf2c2307eeba8b04f58484d616d92f37ecee8e4f3f3fd49d5e7c7c81e7939749d65cc6b8a9abd727930d354a1579151825a7dceabdadf4045c5c684cdb0d209c57a8bbec8702f0535bece30d5e3ca5e300625a04e1497206eca36ec3febeaa9a749837d45afc183e0f2a604b15a38a29f3cdbf1bd77543b997c177dd2f1dcf0055ab3b5817eddb19ecf7bb6624e005d5141734d8acb5c68001205784f15456c9e6b7f902967b1197dd95c2
32 266 0 30000 47 1 :e047472fcc3f711cb022a190733a1a1db03cba195071ec06a7bab6e0ad19a2139d178971a972874bddd8ff4919973792ded7a1260cd3578ed895150d0b04c01798c5d75f8db83fc6195fb28f14d9e1c21220a3e91d3fb20e3dd963a17bb48987c20ded6af9371f77d42b64f141e690ca73a0b257a0073da745455aae956fc4274c0edfea8658ab66d9fafe59c6732df2aaf0fa25a14ec5e64a00b3b961e023597d3fe6dfed441d66b907b36fbbe82adcb91b6642f50cecad2a8ac991839b364d68371f03c654d919a6feec9fa50fdf26bd63ea10a49c74a8b9a119b3114b1d650ade8d6a2cf68868b0f724fe85549fead0802cdd3b1d715500de35cc5f619779293bd8da7d2c5b7b811d
32 267 0 30000 47 1 :98e389dd87aebb4cc8f986a7d49611cb1e4b9deb7835e7c7d0ee291a67ce5c0c4ef5e69c26ce3c66840adf3a23ab30cfe3560d7fc89c895b54a74b94b09dfd72864e8ee195bb11f9931c3f39ec73cd821b287933de7492c725b4a3885712bb625a5dcad1fa5e729d768fde3535803e7ea02c85452894673db23b5e8022e871fc4db6df922bce6fd377ee9b9100743b212c5e7aff16e5c7f78ddb6cd57cc87994ad427406fdacfab330b80ea8eab377329ac6da69990c11eaea6cfdb0efb4883e960d1f881de78a0578ab06fd8bb35cd677bfc4c7f666d29abb9722b433d631003c21da797f60562e43aa2508819e8feb48784a179ba915dac6d87afbb7905df5d253846b85f15f65aece96
32 268 0 30000 47 1 :6d4287a0cf5bbbd166daafef80ba8b1661f35d1d5b17ffc3eb4551116b5eee5ce0def73f428361ce52144f202231929e6b34ecc34724c3ba8f6e372070060d6d64f56b4edd064518dc246833b4d0682d8be4a329945911dc0ad9aade5ce3d3073885164914a30db906a0c2f37a45fc754575ea7b418ec119753d52223f38906b8bf5d3511aa1033bef8e9277c49b9ae245b622d177dd5be995e5fc85570276db5744643c033f2eeeb47b368c419f2049f7d4ea780ae1d505bc3ec556edabd194c971618fd7b2ee104da18645fd9d89e94b6a5c2bf0d8130fe904ed552cad8c6b255e720bab58eadde8a01efb9311c26403e22e11903e232f50d4d7ebb9de0df4181496c903b7e2701ba4519f
32 269 0 30000 47 1 :b25efe0b8df4eb226ff266ce68bb6fedf9688add0ca60c2641eb370530cae6434ef34d8ade7bbb8010fe18615d0a7830e9345843d66794d33036b83fb20e007a5ddcddea9cbfc2995f8db44439a5643a45720fd11b734cbe1afa096143cf133d49e1b2c74d130e5d2075d893bd01f1dcba57ec66f63a0c90e829ad91d2c571ce09d82c1bf1ef58c6ef3508e6ec56986965f433eca7df0ac0dbafc39256cb854acc19176f4212d1495291c849cf61651afbf4dbb4dd51c821462c89d3ece44aad2a0fec63d859452a536fc594e45c019a4d05522cdf0dd87f0e64239db99587bc6ecc09f469de6aaa27da730603f01b97102025f4b117a51e7de99e9e3c36ed6076de320c2f72edc37ab1f93fd1
32 270 0 30000 47 1 :d2d86294c2e84d2a1ad4fefaa8e2dff7efdb3eca120898e22407834fa8a3036dc557b8efe2c2f665f3fe806ea04103ce58c1f3267f78ff323d06f1dfc67f3a0b5ad2374b542265181b4bf593fbda7694d30c022508e7be209418b179068400cc348b508db96005079dacaa72a297e6d10c72dbdbcd3af4f30344f5a29c8cce92f801653a207145f8125fd9d4e20ea2b2df096982b937a1bb8f9bf37d3afe39f610dfc676afc1f94e50afa41dcae753b6a84f7545a957615ee12e59ea8c3ca882fbfcc8a4a859331bad8b89a8d60ba3472aa825d5faa2b0c3d3cc9ad640a471750db2a0f8b49b898e1c8f9cdc9c22a2adfe5328add1df514552d7b50e0bc7dfdcc54743dcab4971fe5ed23d0c52bf
32 271 0 30000 47 1 :9fc5bc2db69d95dec4b045e09fb2d2e1caa487467c76e678eb7671e0b5621b9daf156f4cf9fd977408feaf96578f77285dee7b9a0547516d51b2e54e80c0a82e0a331d5c3c1952076e4cdbc9c92b06f466d352eb00e1e0e89dc418ce5cf31c0a99cdb680318fbe7d857dfb105de7eb2c98c8531bcca2b3ae7e2823ee4d90b22dcaf8dff8078c7ad51f688d7e4bd4c46d7b537db16cd3c0b9c62cbc01d43c1e32b5aff52d78c5479a95482ad44c27aa50c121ffd3541cfe7aa1d735de1245fdd6b938fb4c1ba85e6f37357d78970ab1d1c9d10cf2c9a41f78268fae2457a4230f1178d87fa86a83911d5b38d4d220b7c2c914e3579053fdb882f599a3b5bb281648ce0deac0436779dc0b726a1bc541
32 272 0 30000 47 1 :861d4fe11be15b342a2161eb469bf7b2c81712d95718f4c7a7afd444f74bfbf1171a7a495934f3f9218e1a5cdc4a5c820f9ad42e618ccf8279b629ae0ad90dee928e53624b934125c21d4f2bc42f27afe3fd75f0d4b13b5531c51d6ac145b59b8c16dff89420d16032121a24c0579bc09a70493d70f99f76dff1ada5b06abc7eb5441051a28f91d43f2ffa4c33bcd28c2860840f176e08852282fc4963d1aaf6ec3133993a5db93c7a71d0a0257f06196f3e8d0affc935acd7e33222e71cde9d90c740e03fc4a8c42c1fdaaa43c0d8ff954b508afff790cff727db6e23e9cc21ae7b4c67f518bcb73a882f6538dfd7756ca07aee70867c41734b55999f7f33c12bb580fb34a367c116d888b73818955d
32 273 0 30000 47 1 :5ed79fec6ae7bffca80d79b619b717545a18d164307784f61b49bf9c8199d6a5ea164108e944004fa7d6e989eb599db64051574a282f4266794657abe1f9f24f5987a4d6307144046a436cbf991f2af13296553ea9beee2a514ec200a0bbbefbfb59edfaa5b497be41a5186e7c34a43729ff72721461bd49832283b5c354899e44affdc9ec52c86626e6b2d2aeb4ac20babc2288cf6fb9d733a48d3332342000421139950a27f7a91626c2246e5fef6f7c621b356ea109a2b22702f31c5ead08ea679481265227cb76174df8105222bd3646df767ee9e13e58a47683e68b40b8ff1f82fb639b4f77411f3be3bd84e917f4ca041075a10f6a2e5fdd7a404f1e3f0f146bac700225058ce3bc39e03e53c46c
32 274 0 30000 47 1 :5e4111643bab4b732fb1ca6b08eaefabe80ccb85d095f8f7c2a5c082d2cabc2bffa1500a22aafe77d1e06aae53f9c4408f1534c64912b55f78669895661648a49a3d7ea7c0ed64ff1e96b34cfaf172a836db750a8803423f305907c58d157428682b4e518c8fa4ba4e361f840b6f917ed1474f451f4ee036ef6a09f9ed130164d0a82365d65a06996512052ae24e705f1a4bd9fc17d767ff4ed09e72155ce9ac5ede13716ea45f0ac2452f9ad2393a0b9b93eb2d28e4d37a9379b9e3384ecbb67afe1601e9a4044a879b153aaecc1d4f81fbed9e10b19308e209a610ea0f558629456ed8bb7447e05ed39fcbe88bd3ee11f713495b70c9eda1a16cc660832d820438acee158a12efcf1bc5a2bb003520fbc9
32 275 0 30000 47 1 :f17874770aa6bb897086f71e01672ad4ed610596610999d9e17d7360f4f360cb73d0fdd6469ba5a3cba0d5c4eaf75ec94e845673956ccbdc187161440c5347805a75b9e837403956e20baf1dd23a2d5448c5f7538b185995d1e4a55db211375fd749e31dbf3ebdc412336cee8a16de8bd0a0bdd101d859998a8c26e0752767eb4de6c2ea97383444f5c2a66dd0332e216da80a470ac5b68cd616aafa6943a9ac1a5462133c345d7e5f8af4a841c18062eac48359be3d14a4b874898ad6a6b7e8403ef34d51ac571c4c49928bbf31ce7d36bd0cf376c0ef7b97a017a5c5fde44161d87a94222ffe12fc58ce72652e4952aa2cbd0f645302c08bf80577dcbc4cab1b99e98feb482af65d3943b678e65187551be4
32 276 0 30000 47 1 :817e63ba357a409e857725874674fb70af93d579a72b0933d0f53586d57e5a2118dc9dfd66fe417a501170f9bbba4483e9aed9150cee66582ef49640611fa243b0e32309027481695cbcd7fd988e693030ce1770267a56c6b703ab838b1ae4afe645e2a850218db673392a85814241afc40c4eb174c50ea9902ec4c8adcc41019d988a4b928a2e41af46969af1f6198b38ac3ccc1f2904a030f4bb9d51abce65ec025199381734b9914038f532821e8194c3ca4497a304b828e53219e489e10227b1a8918b7b2bebfef16842bee0ffb8fb843fcc88b3b3f070ff66edec8f269ecb09740c5c85630db2293c1d89c511831028af4993b1254e2b24ee943504af293a8d65a14d4be93494d09c8a1fbadeaa75dd6e15
32 277 0 30000 47 1 :3d0346345c1aa3340353ac507f02751fa55ea66cb98d0b7157eeb28138f1a1e5f1156a1be8fb316f3ce7eb350a69c21412d1ee0f3029102d980437d99b123f2b106e883252ffeb3ea5a5098925348537cf0c8757e3e6db5af5e6007bbedb35ffc75b067c83e12155cf2e4750c6b7fb134c1b9c45c74218c7c8dfd87f8d0070f443255bd40034775c55bfc71bec5b86095ebaf64f6af3eb8bcceb12d4ecc90a05925914250a42fa916b77c442237ce994b7b38bbe124b402079bf1ba29a8524335a431c38790120a8502e1cc10f9d1a7a1a8893fa656c7b15d5ad9a9f39c49e5cccd74fe1c1ea088deaa1eed220d5cd1ce3fa1cb657e6b5dd64131671a82864234ed195582d2073bf233a2c55f8bc1e928a65ee2ecd
32 278 0 30000 47 1 :d111272f7f3988ee0dc812ef7a55c468e96800e0378541b1e22a0cd803d573b3d05093e12f2d76db886383b41f064bee9f539ba4c16ff602b87123060bf94dea2cdce90da4507f08f117ffdab13a80dc6ef741ed7f0966e36ae63c2dd00c7499474fb1ad209bf55214be655b7bbd6ed94e4c3f316c74701627a735673bb7d591ff0cbbed31d971451d10e5d4ab507c507efc047b5ae0b0a6d9904121675c9a9217cac0ef296d560c7484d3ff3dfacb23af52b80f1c59090c2ea283bd1ceec76724d83676ecdcbb15f43c9413f6f7abf86306f5ade69b7611b8e2ad85c3ed3b4bc28a7f4b5e6f38d3ff50978f1573ca127390a2a765ff8d2b750ffaf0488057cc3e8e1dfeaa02158d65f35633b0c33e29c1da2a5fc02b
32 279 0 30000 47 1 :775a44e832bccc3a889b3b26a42b6a0b047923d8176e4a58fea1c93d451babdedf25ddf6e3d564d60eff4771505c33ea0a0a1f1ead5acb40396ae8af85a020ac2af08b9f5a1884ad012e4b8f25a48c50b26622e88a25c7127cd71c623493210d8364fb0ab141571d93054fad621cc34c473bebec37343236006054eb299aca99e71cb40c8d5825d52841e41b3be0d5297bbe7cfebcd973f9d678ac50298dafd639515c555aa89855c9965c5f12a262ae4337db622d378d77eb7161e8cf8b6657dcb53069da543c3d2b5d9f4b15acdd5c35793605e8ff666b1de4f5b38952447c19a6c84b9e628cb025bc30285f79ee2101d207f1c29153ef5b08564f8db6de6d66445a54e6f9c5acf46958611438a0049195f5ec3106b9
32 280 0 30000 47 1 :814b477fdf0531595b93b6d76a7fece2f7375ab3de208ff3d8e01e9cd478b19f4e74193fef0bdbf076483fa44b5c561f17b9bbafe2304aba67ccb8f9bec584264f7e8c507ad4bd14d3196e5a8e25029cb87be462496f493b10a744f163b59f683697c28b460fa7ef2d930f681363c5d00163f741c07aaaf77164dfeaae28add8e3fce3590be71a2562c764a9a247b0d2a9b66b90c323bf4ecb38cbcec66cc140d504d31ee89e3948b164b46f99a1896237e16e05f06f625c08f0da3e256b20d4eceaca0b4198fbfd31effa014404d4699f4929c55bcb3211d314fc9dcfc0ed0308353c631bb133eda56b65c4ee63b2fba516115c005c599ac7c1027510702aea6a47432384c61467b7a784c247e58d07de75852299460533
32 281 0 30000 47 1 :edff0731ef4a75515bd8cf80116a67c5c9ad743dd3eef8b2e8b118c838f3e4e5511228b9f8520c52a73e394260ec829de1139c25d96871cfd937d9028e7119dd6f0414efe616b6e6923fcd83e1f77bde872fe799f178db24845832f63dcdd692922ab312503b5ada0dcd6ca3c7da0ca34cadbd022920446e35945c62650fa97ddce7d506bc68d313c33c7a0c7a683c65cb2abcac4654d088d880f9c07d443256f36a28c17eac422c9aae89a3aeee55da843e015a5e5cbe794d71bbed7f477d89879fcde41176a8b08f337d4137aab95c8ae04cae12dea3b11be9b45cbcfa6e010000301d20f352d69a8978aaaee24cd51b3a4befe5fba1d3a525c4b6fbb718f4bd6e5c1f251f2e56f93d6bcc9243a0cebe9203ef6e937c38bb
32 282 0 30000 47 1 :8cfca1a7fe3dcbefede8b61d90889ebaa6f55100a142deb707e013c8c4686a1f45583ff604cf78f0b93b48e1840bd52f56d714c955663f460d9e19ab922bc402282bd241f5e8fddd6fcda21ff9dc022dc0068a7f8ed016bcdc82f5d87768d297342e3128544250951212ddb94f6cca6093cfce19a7fc264b022e1cff57bab697ddfd622b10f713db58e28f1e409d4f1f4c01dda8f9a35b6feb3ccd8e729b1039ac1eee1e68a2e4b88dee891de96d31c0d3b67eb905f576c6fa325f1e5026683e9a0266c981423553d16b91b1b16263d47a75fb54e8fe6e265f621a0439cb0f080c773de1a8eb9ce6dcc97778b6a4ab5dd8d15acc77f87814cc45bc1cbefb44d057f24f2439718dbc1c8cab8a8da3575fc4ee5c073bad1bc67d49
32 283 0 30000 47 1 :9c8ffc50fb3e69f8a885b08b61d0b61c99e637a1a61320cbc7050239aa5e4d777fce4770ac775b4fd74d19f76ddd9eae9fc7f97d94cdef6cf7d7d819ce2d2f986bfc1a5cdac01ae5d0d06b4e1f7c265419ed123f3b0118efb334bdfb8273cc2ff297c41060c19642b33db811bc2c170954d5f30f265cb36d0af3dff13345e76a3b58a8ec7438ad56d4af7af9daf05f99537bac42b41690f528f7696ec8a016545dbc8cda35326a1efdc46a6bd0f3e981ad77d86ca26c55b0e5e2d554777d07d00c7da00d4fe4c8bf9f7677b183887551e6e27fb93ba3212377b25ced97a9c605775173a0537d5b10faa459799294673390ba3402f408c49ad5a4197a97d9df3ae7d1bc15b80f883f516d65478efa63ace06f2e64f7332b5a79643b
32 284 0 30000 47 1 :ca985f65ed1c49f2573d0152c515afc7c1a4449e06f53c0c68940b703ae4b9d02e05a2d5023199138ea47cb0c5eb22f4897c92bc33d4f5848b5632eb4324f0ea5c285082af901684d41200119bd8342447cabd1dc353ee2d716a42f6a6425e964257af2c18c4f716c609c742f734cfca79664be0f4e761953e8e5618b31a1fe5388080686d79d0057f6011f0db1b8f8931c84c7865a2970fc242e7bc01ef00ce78a1b8c99b0425d43bd3a7feaaaa9b9ea414927d3991b58c8b51c856e59701f9535c7bf0806704660a0304530560da087c00a4757c315f29288709e4f1d64c0c066525537308b831b8af57a00ab28d80f551a6487c5a64f21ca942e4bb0e311f864b277aa90dd1fe0c5ad0adbb52780f384fa2d56660ddd6d04117c3
32 285 0 30000 47 1 :34b35ccaf30b5ebd3e564d3a370d24e5c51e018faf2972ea208321cd16936c3651db683da8200e7c63a0e1e27bec465a9d2826c851162755262902d208120b0497125508103876a479f0d509fd7f04d6a999a932916495e6f02fa0c5cc46120f180358187d0b65354961f59f5109904ea3e1db11ed209ced094772d5a09bf987c020229bb6f2603bb32f021b2208078e615471002fcbc78ef5ebc791ece7d000e75470b76875fd915155eb94ebf89ec0b971219337a0520af889819e6ee7507c921353d47beddd8c11497b4913d045c860b0f32c39d1fb2586a15a7eb7f075e0fe610798b7ba2faaf96fe86d474e1709f6586ea8e5edf6d431256cc489af43508347ff45e5fff66e80c6fd2ef703ce04e0381f88a286faa742e1a313bb
32 286 0 30000 47 1 :34d4fbe694b4f539249fac53c760eef45ad9d77a2671dc176e6717ef5bc5f88224cda44861540421ba1012e22ce2ba0a9c0304fc27ca07b436fe5629da2ff19ee4ebe2e18ed129669e614ac2c15c0d2f68978733c2c949d9b7d36036c1cad1b4355df1bbe4bc92c101b7a8d26c06c150f9e256f471c36ea03cbf6b5e0592b522d93e5be0ed302faf182058eaeba09ea9bb19b7e4ecb89556ff69ea947ed40d487fa74eaea1e5469bf31eb8d45ab1c01dc7833f53d7462670fe340e7e1fa353d62c1961c57c0c4d60df258ff4f961e8dabc708ffa0d6c3052bbd5e05b3978a68bfb4d4d389941d037a705e944aea76420259c7fe7abd5d802a7d955e9e258565f004873eb0d25cfed4c794ef7215a7c6ec0362db9c0a0153ac85b88c1c65d
32 287 0 30000 47 1 :f46bbd774a907a837b25e4b2d962f7c684fe7e0a1a0fbc46529a526a6de2e4a7777e546255abaf47def8eaeb81174e8897bce867a49e51205cc40964f7f0569bf791e66dcdf0be9d7ca1b99fd2648588a55d6d711ffa8c9c8504dc7936e451d01940f6053958da1af4711d58b60e16577c957708fcddd38473dfa38b2534d075b041e6f7081e3e0ac9b84bdca848a7f580b2442798b920d45b7edee44e6b4bc4bb1949cbf2a0051eeeb74bef0de92a71e1ea43e0e4ab7d2209d04d6d439c050d894a6944fc6f81bd59d59dc39f502a42aa5a366b720eb3c40e5675ea9283e028c86f1532f5b637292dbe394ca9a91dca790e38571c3872b32eb2324e009583fa1bda9fdd4420a5a6a19f65e24b193e71bb7f43e871018ac1c6ecdccc49bd23
32 288 0 30000 47 1 :e1eaf3df86039f75f9c7832b1db2bf2305cf824838ee3bed6c4cda4e861b6b082e51341e0dbb999e0f4cbd047adb0c6e2a07e787bea0c8aa122b74e9663fe8d0be33267117d9ad52167970903b91d585214b0fa90b9bf78793c8e3818d9732a3b53860c5f00dbab1c0c0d1140576430bf2579d6b27f20257866c4b5c0bcf4993728ca562ab57a369d713b66a8901e7cbd54ed6095a0e0132b444a503553f43262a73c60b2ab2583cf720255a19fe03c921dd4efca52d33aa9cacd164240f05b278d31e36183e4219cf9260091a5fc0972a92a70d5763a6740938b014649f9fcfa9ed76c04f0520bc951c05fc6deecf33f4170326181bcc5a0d066b56ddeea0f603a888402050af0aa04a91685d5a00cc17274bfea310df70d8d71aed7ffbb6ad
32 289 0 30000 47 1 :fe1f60fdee7011c67fbcd6f641e08077682af2369b2bc7449f3d9268481fa6e55503c447f4f6e35832fe518f17ff83cc92a2af3c3c957b9b041609493849c54254e0bcb93616c5212872d86b0420769061b6f7fe2b1115cdbea59fcb9070f391c296e8d460a038e5a2686481a43c853f43036e85dd8e209e0124de7084d90a35c525b8cb773fe8c4414806b3261f260135ad672e5a267d2617c40f2710bbced295a487945fa97fcfe6152779b0dd64a27ed4ae618f12b304def4d4a53d3b826102b692e91100fa116b048490b1cd5861398ac7c4654bd7fc43e28f91786b807bb3ef881990806174eca807996992836ce5409f187c5520938891ef6228b7245a2d26f4b05133390d45e432a769caf9d3e8813270776600f094ec67fda2f1777f05
32 290 0 30000 47 1 :637f1d1e5df092baa717257cf8a534715fde0007e2172ee8ad742e644838dc97e764ab0ab4c1c76b6e13745cbe14c7f0a03f0a0f003de0321cbb0df6b808ebe5614105791a29832cd20170ede70cc6fe465ec65fccdc460632a02453b3c2daf3171837ffb54c965a974f0cf61e0bec615f792b2ce62525deae3725e6d9ab3f7c8cd7bf56c29df09acac922f5c67b718820393b83933ee1663394614c67f8301ce524e3eb269b049c51c3ffefab93dc4c27a3a18ce64664746fdddf8e48517a5cc5849cc340030296289516916514e4f7f71787df975468d8f7d1020aee25f05fb48e23840b93ae1084b9a7ae1b4b246ed9de98746f311d0da270a3a179a4920a1d7bb6676bb2625158ed16cb5d8ccef10f8c53041d78d701de1ed238dd6fc81613d3
32 291 0 30000 47 1 :39ac7b30fbc706b438d327fb2c832ecc629af3a3f3cd6a5bea7e4f696eebf199231b9ab0f105637c8231082882bf85328d94c645e89490836cdbd2d9bf6e0b0eec1ffaafe5b5976389c22c1dc59c022e220e89e0bd79c64a8d229bc22125bc1512716bc2ec4a6efb7d1688bc1eaad4a4525911e4df5ba659ba0bd2742ed523a9ca1d247e310c7a8e527d35eaf1506be3c6a68cdec60608278453266953908c244a138508a3538a67500acaf4926a7bfb6cac662f7cc8945da1d0e3655396ea8fbf9fa798a37701144239db4dfe052dd3d2bee6cb4f4d48cc19131aa79da36513d9fe9cdf707fb47d5b3e6643b952f1a7910526aa021123b53f7fb61dc826a773644912507bc2b9f086b6f72ca8a4de0038000e02b792fc8fee50cbc83225ed24a835b1
32 292 0 30000 47 1 :276ba963f56d687bbc2bad7c3f62ed0b6d7fe3e0e92b56405fcac64f98c94c66784070bb1f85d181391424ec79e36deb95c635edefce664afb9c889fae2313bf124356c0acf9ae460b4d75d0f8efd72b264dec2ff4a54b5c98fc208861eed577186fab3efc0d5cd5a406bdacd296d3d82225cf94bc993ade72629457dee3d35395f99e7972c021fee2fcbd3aa01e28d7f2072ad5db36527ef2bab96ce4d1685510a7409b6333a7fb191487b8a9bdcdef8315cd0ff694f293f1ed684c8e7556c1f45e3ff8bd30f7c389f5704343c78815376dd88170eb7e7b11506b7f5c88e1696101d071bb17d072807049e64a3e9fe6d9c064c7cb09f8cce432f5a961285b37487775731d929eae424d448fd9a57ee7dcfe8ff378d99e924726ec0446d00833837e1fd5
32 293 0 30000 47 1 :a476bbbc3a4e1bc3f2c9df1fb398699706bf3cbfe5bc7ccf4e815d1f135271f7597191706f0a1f215603a38533bb84a65acb9f494b2710cd4b59e6fa67463a9106d38e2d9700ce4c280212c041ae61663925eb686b3d92182e913e5543ae8bcc124b470d8c744ad412ed0acdede60a4f11a9c07acb9a2ab1fd48fc00c47c8ae6610ecf8368cf3b5c16ad96f835a1d1dde7a03356c667aa8fb663b0364bb3aa1e306b268cf78f99d483e3086bf6a81b8819a60891959042e382aafb378ba81c7264d7c981e3bc0c50c6201aa5a54e42bfbe89cc29a7fb36e407bd99e1b1fb745580171d45b829ff5ff546f3adb065e4f36a7160abf8fb8f90e17b5da0046819a98ea6910e651288c9e2516f0356ac7a6e74d6e19ccd82715d0a091a051351fb11bc2f398ad0
32 294 0 30000 59 1 :6f832b94c9339dd7c8d230d87f6670fbb8228b034f1734322a51e9589020604ea9246574655ca2dbe679c4f4296332ca9104d17b166cb7b3f9f2db0fd263b387ce8965e0588b34db4a255dc5ffeca5c6680f8510c78f3536ebdd22c58ac1036657c66cc08dace1bec8fc5148830dad5471878b24a5183b2be624407e373a669b71dcd03e82228bad7a30c53e0381907b67cc5d76345885dc77fa8d6e25ee9b36033ae2db2e77054af9657c08df1c5cd9d93df055ec95d2fd94f25a06037f5d080eeaa13d9cad7e590e2e172649d3ce8ffc629fc1718fa5ab03f8801556394b8036899e41eca35cf7dc05d08383e9d0002f598f19b9cae6d102bbef6e179e08cc1983f4a54ce6362f61f849201b169a83fa76386e68090a225552bd1e47d29e6b520dcd64312e
32 295 0 30000 47 1 :caf465cc72e13ec53fc376a6ad3c349c170715f4cba3d1c26b473945cee1963731486ceca7e83d12c367016fd5ed47b9659caed2e2c8559b2fab03ba6f1cc43b22501313e2d5cfd0fdf0256db825fda7d1b6879825abeeb3373106eb88fe3a287fe9790fab3c9e8ec827e50c492a9bff3edad00fad10c3cb11cffd2581d6d12a17ade1d7c72ba47c9b057097ea38b5a9d993f5b93b724b6a5754afd9e5789246d7a2ae58f4f7d074c85223d360f04a6724f6fcb2732310d882db291bcbd0deca5c14eb1b7996274c9ce8dbb721077e754227e2ff9c3c93c7e8eda3de74e779ae7780809113860b8ca5f5983ec90199d15b84ec4ca0e0da0c1c444d19259f273e14b7d728b0596f1f5da4fa0cfcb179b979a542711003dd9f9769e36d3195f90a57d247e3e641d4
32 296 0 30000 47 1 :cdae612c46a88121ab3fd20b55a52658bc5508949de28e208ed58eff549f0f1b3aea315e82a3913356f8fc551a359770279f9ea9721ede52674f3779ae6b2e346bc21266cc919abe4c97f74b3e3a2f826dfd30941494661c3af77e973c749dd55507dc88195e5dcaa242a39f79e53aab64cff6ed80df70a109592316306173def9be2b2b611d0fc4b55805a584bbfa14a752803e8e6bb95dd1f66af33978f81992f3ce859381355470785f0b2771ae49bc4061aa040fcf36c99c9a72d47957c99d8be783e94d8c299fdc0d6771a5d98b672654f8e425944b138abe8bf36018a4a4b51a3b77c4a89d22062731bb3c2a0b85a0b9c4488f74d3ba964ee40c364bb4961512446c6da32d955147dd9f9cb4c75890d1a830b3d28b9e81140067508c94c9774808be30a926
32 297 0 30000 47 1 :1c849c4a9845171f3e9853e94399442c4f914997ee24ed16b2ec728c50cc327fc43f23307878056b74455061c563384f1cf69125ad9f21bf98310720e6b5c51571878d267a83507ad08930376cbef78dd2e9ba1f14dc148544ed6f0f86197eac2c61094cd08d719c9a50860749931a9aa89b5b11843b7e149d6f2a1baceb503f0440dd1db9a3922070dc475708947343db8b08789cb47d706f0716f891f11d09b34ced8ce07e205084bc406e4d09d04620fa617826f6cc4e34776a35d4e02fd126339519fbaf3f650b6d774d01ba14426583acd6f1cf9ed0a629d5750c0b65b444834e1f6c508f3a6df40df9a426f9e086be9e209a3da0ffb86a37f9f9ec648c7a4a5393a91c28b9d6861f0a86ff071571c008ad4ab6099206f04bcf264c64b7df58d072d7c9efaec7
32 298 0 30000 47 1 :592c38ed70001b2efe78832755f6dd08bf602f75ca70f3c6290f3154dce5dae7aabfe43414a0a503f6c57755fcee3aed587f2132d29bcff24b7818a057fbb536a67c2ef05d8933d8bdd3078d7cdcc07621cda93c7c285d97c3a638136eac48dbfe5e8f5c98f85a9b2e3ba1c54711ef2eed4039cfc9db1c050e8ab9d6c820a2321c3144fedbd92df242f20c7bedbcd753873274d0a8af9eeb22aaed8f5254b8786b9c7632049262224b29cb907e32da0ff2ea5367ae079f5fbde4c38c08cc042d3517e795d45d9f7f80ded2e614d8d561236b0acc672fab8d227cdd6622d74a4e2f6d3b7880394df073f8e956497ffe8dc236de2ebe69d71f8b8b6dfce603236d1ce27f35383b65a84d5486eb4b3ead1daf38d26203dd2d0f22a4e7d51bb3759745a2510ccfa01ae730bc
32 299 0 30000 47 1 :be6f99ed38af834e8b2d7f59266fc762735ac314d7e50ed09dd0b7dec7b4b28028bf1e3c11bd13b3275c7a4b80be204038b62aba6377e1f5a9ff1392c8c6cbe10c53bdce1c15f4b0f72712d861b71ca25805bb14d331c6a91535f3d66c5f0c9351d1a7b1041bb14490bac16c7938088fd2422af59e3c7de07bfac39e9986ac6165e494acde7e89643eb4bcdf381a87a89f797ffebe0ab2fe741155f3a68b9c3208b2595e06a82aaa9745194efb85e07ea5d535e99cad8ab94c6af289be71bc14a8f643de6942f56dfd03adc95c8427575cbc996504cecd6153792fc7ef8c3511742db449a1320870569aeae1475c59839ac40a127ca1bdc7b7bf4b52e2b3f21f901f2d9e1d5f5c6eb8053608f6216065b359eef853328bf10f3611db7ac3e02f397a7f7e25aa780dcb36bf
32 300 0 30000 47 1 :14bc2983484a81997697011b46ce2899a72c26cf64523388d2481c4c4a68b72d5c4fb001a9c2e69f66e8d50e6a2e6397cd48dc18fba0f101f3549f95acda109aba9554f634e45f70af48891e523f4a5f07543d6367ee4aeb7aa268083ecf903d0dd6812d0aa3751c39b0dd8fbdf42b3bdb95efe76150cbb08a3f4133bd3db42f89422030a68c5362d1085d31cff57b4eabd8bcac4da46403d5b472987f841959683f22765f7c4dc1bc170912e5b886900fa2c59f0c8fb95bc0b5e532caf6fa4742d1047f4f46df8ab36b1cd39c1f757c910d240c6337a9d56c0001ebd1e29c3f17502f93108f37279d463d572c473a5c9766021d24d748f1451dc05d466c2eece266b32f6170e564cbb6d5348339892d89d53b88f04adb6d5d42629dbebb47c76117995002fbd691e370e7e2
