# in_len out_len m_cost t_cost time[ms] memory[kB]
32 1 0 13 34 1 :ce
32 2 0 13 34 1 :f741
32 3 0 13 34 1 :56c54d
32 4 0 13 34 1 :81a84c3f
32 5 0 13 36 1 :cc26bbc4fa
32 6 0 13 34 1 :028a2f8b5b8b
32 7 0 13 34 1 :4cd48f334dc38d
32 8 0 13 34 1 :c527bda11114b88a
32 9 0 13 36 1 :a1534aff7b79a36ef2
32 10 0 13 35 1 :7e1c3a5e4b932085571e
32 11 0 13 36 1 :1afadc19dbfa903248e1a3
32 12 0 13 36 1 :56d93c5bb3c6de7b85e0d0c8
32 13 0 13 36 1 :263a1769b57669d05b9254c9d9
32 14 0 13 36 1 :f4bb0eecdf25958701400076cc0b
32 15 0 13 36 1 :44114775f632934ac0c3f87ff0893e
32 16 0 13 36 1 :929b37a70ec02f028d760a20732e234a
32 17 0 13 36 1 :78278b7b577019500adec18a53ad35bf21
32 18 0 13 36 1 :259d213fec8b57886c49c6699d8ae6c5082b
32 19 0 13 36 1 :3ecfb3be0d2591d26fd1d71f55012ed0d8c897
32 20 0 13 36 1 :871fa07ee97dc0b7a2730efbf9e4c97e2ea97abf
32 21 0 13 36 1 :2d8aaffdada801d3e425e1c72289854f588ba628ae
32 22 0 13 36 1 :7c9afa2624933487fb3daf6c18194d4e054ab8c9f6d7
32 23 0 13 36 1 :2139af47ff5f6cfd135065697490463e79303b3ab9217e
32 24 0 13 36 1 :64020910807ed55ce844927deff470968b3b35ec8c716e51
32 25 0 13 36 1 :bca0c242fed0d9953be820f40567221df8ac91785e288c1eff
32 26 0 13 36 1 :f3a6f54e3d8f72ac33f2619ac0211c9f35a5e06546306413eb16
32 27 0 13 36 1 :8e9acc741c0a276eded74fcb770e9d6b7e718b7f55bcc14957f100
32 28 0 13 36 1 :a1f2f0de1e0cd66cb9f6065b3867e53facb746b2b98d19bae7c0ed74
32 29 0 13 36 1 :f3d356698c0441c95f6ca4ff7f5814d7ce31715e441256919d8017be75
32 30 0 13 36 1 :1c6e98afa5ce05b20955f7d93baa0689b96ea54057182c76c2c0a9cfed2c
32 31 0 13 36 1 :748e0192e81c287cfc2f782cab0b059fe4cfe25d37ad6ea768f4d2e951f2b2
32 32 0 13 36 1 :65bfa95fd3557c5bb7744c7277d80cdcd764052db483c6570d91e1d3f4cfa6c3
32 33 0 13 36 1 :102c6ac669ad253c94f095604da89d8b86d31d905709ebee4baa770d361bb61760
32 34 0 13 36 1 :6e10132f478a06e6ba79c7965a73c2f32b8391c65ace36296c7d9bed3796b80d61ef
32 35 0 13 36 1 :5fb5b402dca448387bfa726eb7c8839b929e5763b55eac75949966632e0c06467006b2
32 36 0 13 36 1 :0960c3648f8eea3158e66769a6911a1a8316a36f2d0a4a9186437fd228d615d1fd216077
32 37 0 13 36 1 :60bd6f2751cd8ceb9618a0bc2fafa6bc04225a7bb18e615a9291e4e7b2ef494f48ff17442f
32 38 0 13 39 1 :3e300f07724c5826e807cc06a7e17b9b16335c8d7b687269238e7e73f20af075ecb03f83a0b1
32 39 0 13 36 1 :2a8b855f7a856d750f43e4da4a39dbfd67fa64de2dc041891169beb7fba62c0df7c8aa7c7604ec
32 40 0 13 36 1 :ed8168bbc58efd461efb160ef12371f3e792dd704f203ebc5ca3662ad0cde4b1d6e07baaaa2e6ae7
32 41 0 13 36 1 :95443204e5031b8a9d6fe1baf3c819c8045c52fcbc580f90531f6505361452172825f50aa701ced1ff
32 42 0 13 36 1 :94604d916d20e85d80c8331f95960c51cf3e6d0473fcc8e383e507e33fefa644760837b1f30ef705de19
32 43 0 13 36 1 :f1b69ecac2b17de2580f08aadc7d1a41cb8f2d188ebb9693983f3188ab25551fa898128f7e86293f138ea2
32 44 0 13 36 1 :ff68ce923a35e90a4ae4b58641ed3843811fa28543ef40dd592c7a972419fe2f8b17bc0b851e8006575a0b23
32 45 0 13 36 1 :6650e96cfb18f07b8ae4623d1671fdbaad2ddf49a94fe533a8d88593a5491b7bac964e86a7cd2b9d9cf3de8ed6
32 46 0 13 36 1 :63bfb9340498fe602a494629cd74a94fc040e47d0fce9637e6f115002767818d641dd2d2394d34cda6780693d5f1
32 47 0 13 36 1 :043212ee770588aa3c6bd8c075827cb036879e7b5a4d56f1bc18f228369f79ce933d32d79b4fcda3573714c1c51b36
32 48 0 13 36 1 :6ebd66580d435b2285e5df7777c27273a9675f760d8a4c546ce4d314c62db34f47c7340782939aa16c3f11e892eb991e
32 49 0 13 36 1 :5ce955289be6350a99b154b937ed8d660e0ae3a03539b3e229899695f6e7a0f635b4569ab204e82100da24098752cee495
32 50 0 13 36 1 :4f969a0497e6d1aadb0c08d71f9439fc9ae0d9bf87132e3dad038de3fc7e1a0e52a9e9c0780e740af3bc3d7c5e77d0c6c0ca
32 51 0 13 36 1 :430e54e0798cfd0fda9fde3d8eb7ddf9a3cdf6e93200b832818b059dbf1dfb3903c3c7dbc479a0c952afb3161e7b65f542286b
32 52 0 13 36 1 :a94f299e7e9583f1a8febab15f4174b66bb0de9b3085cefdd43d9dc1eda17af3a4870fa5ffc6acd2033e6f76ae2c9e511d78f713
32 53 0 13 36 1 :271d077d290bd62d199d652595a78aea983692a2199989c3a885eb79662ec88831c33b466c2bda5b37f0339f5856d8bd05c70e150a
32 54 0 13 36 1 :3413ab4771b30a849dd3e31201e9bcf98d654890821d452bc7f6b00291a7f2e259e367cb93edeb672ed9ebb238bcb2a75d6dcbfb7dda
32 55 0 13 36 1 :7d79410a11fd009e91d0db56a835801dd93077be2e7a6a4d94766e71b82da677970859c8b329b0a13bb2276fde2a9d87b5a24a8428cca2
32 56 0 13 36 1 :cc9a501dcae912277af524222ad363f89f958f3f8035ef993cea338b41731707aadb193d85c21f096e6d766c3455ce981a651e7a67520053
32 57 0 13 36 1 :f765e4d0ffdd02a1ecd6c08f66c9c154fbd2ebedef1d9798fd51f126aa6324566c8b8e90e2f0b2d2a6ce02257cfdbfabe0a1466ef1f9febf10
32 58 0 13 36 1 :cf4f0b55628a703dd4ff66f42e347db86b6cad039b5c154bffaa9b7a25ad83578dbab6fdbaf9393c37c2243c04f7c198b8cb36d802a764f65c23
32 59 0 13 36 1 :f8ff2656a45c99596c04beb4dd203adffd701c695a66818b9d1c98e37db72e7a4fec21b71bb490fd4623b3caba6e85b5f64ec33ea3ca0eac1d2081
32 60 0 13 36 1 :6f3f0944c7851bfad524965add762e7e97d1eefe3995294126f00098787adea7fe25b8c7498a30b33d1bb59fd10d2d1eff9136d41694c476dd15f68e
32 61 0 13 36 1 :50997478b2393e1b066c1502c9dfb8d2ec45e060720785300e3ecbf3142ed9252a3ab1912f9239b12f47713946a432134d4808bd0653c250accbf5067c
32 62 0 13 36 1 :17ce67e8b9f0011737f9cf7364509b8ab468d82354a39a075e2a0b7b9d47b1e9e5c9a3bd4fec212946290ee3c8fa16b72b69dfddee325d6dbb750ba2e5b3
32 63 0 13 36 1 :2ab59af2637b92a853150cf904227024ce2bf61222a44187545e19535d03de958a199b40e13c8ed6462eb74af4a15c64286a043a7f370bca654b98592e042d
32 64 0 13 36 1 :77248c903ca9ce39b0b0963f799f6ace21b316f12cba78125adb4a1db122c1cf94e06b0458a4334903738a780f24a8603b2b4f0b7aad8ab813b4fc3d008b10f1
32 65 0 13 36 1 :260993ab74730d333310910bdc438468e18a82845875f3b0d83dd9ca4f06b44c87218339bd3c517e015eb2d23334a10ffb7ce8b7f65c51743e2c4f6aedcfa086fc
32 66 0 13 36 1 :9095dccca42aed65c63023f16cce3104f083a151cff21181bbb03d60e261186189092dc5365bc532c63dd32bcae6aa9b9fa2dd2cd68ccdd2d33ba5c0792e6299bafe
32 67 0 13 36 1 :e4b8d36435feb24d5dbe10271557d967900655de3f8dc84056cd91cb60387772f7675cd23d77ae1bfde05dfbb5c9db13b1b6c3cdc68bb529dae6638fcb3d14e730f683
32 68 0 13 36 1 :5c856303da2d3864ca19281c6ea0f0cca0d1bee043077b1e50a4bf2f6b14bf0d8e6c3096c4dbce0d0b2b8b10223ee939956df576f033d6ab3537c9fe4a8e060c818ea2f0
32 69 0 13 36 1 :b1de3bdc932bd9b905f446eef2dec148d1c4a742e1c09104ec4266549162432bec646bcf802a5ddbba9b89bd6d6ddbce5b96fcfd39b65e7fca156449077aa8e87077b7e50f
32 70 0 13 36 1 :864e35d0465a6f83204bf1dabcaa8e19ff173055f4c9adbe2d124815c9c7530cd3a710d7bc9387913495bf7e393d575e3e822aeff32826f7ad258de234503bc52805972d832a
32 71 0 13 36 1 :0cabc7ffe18faf204bd32694ae62fa2160d8d7f42a418041557a9f50c3e27432ae709385628c1a65e79730b00c5aaf917d0b6ecc64fac7547168600c94dcb157bfdeb7b33164c7
32 72 0 13 36 1 :3a85f6be63795c03cfb894045f9650b2c6061a6a69afc16b6391d04595e52585237aeada3fa4e83a959765f2896a49f0591d54fe5dcb85fd85ecd12262b4b5f9d59817edcde81f93
32 73 0 13 36 1 :0730b17a35e10af9e658833bf4e3d113b7c2faf7b87fe9a0ab166694e924be8a54c997977fd004a826321c513e7e97d8e7c22f00829a7cecefc30a2f89036831c6c5ae9e9c3f5f31e2
32 74 0 13 36 1 :1a3402ec805a12e3ffdba60101e74173cf7bc21df62cb79408c03cd137b07269d0d9a23ab9b9df8f1b5776fca67c4cb7e5c352e1016f0e5d17d0dcd7a29c2eedccbfc96dc195d1b9e794
32 75 0 13 39 1 :44b5f4852b16d8c3da456e24ed1419e871061cb3eec4aada05aae8945cc1053695047388c3372c38cb00ba53aeb9228a06b9ca666e6c123bdd2ba305bf0809dfa49fd970ca8f605b4aa8d9
32 76 0 13 36 1 :af0dace46049ddd9e559f11bafec0d0aba6da91d92d71fa53f292aa819010f4e4b1c0f4a29a001f0f753c881ee984883ae1e6782cfa212f12677ef22acf9a90860ffbac5eeee8cfaae6939fe
32 77 0 13 36 1 :fadba5b9085c6b2d0677e2cbeab95793cceb1e91edc74130a58c1003d6181157cfd91cfc837bde342c7159055e3d32dc4995006361cb42d4167b6539fcd5ff8003488ef863183110e69458dce4
32 78 0 13 36 1 :dcee0bb7de9e216ec0502214195bbceb9048d68b060414cb2bdbace14fbfc52798589726b0eb48c5a4f8cfacf884377b3c829cd54b7b9c167219bfe6ec259938cd16808bbea2d6a9d6617d1410e8
32 79 0 13 36 1 :53a9a1a59c72e045105b63f7b59904fd13888a8b8985fb2b0c19717fe8d4a2c1f5a4147776a139a8e924d0a381b35102f5be915af5d05fdc0612975a18be5aa2e8f6a9de4158a8264b6b85c6dfd722
32 80 0 13 36 1 :fd70488824c97b65a05e6adc0b830ef441a0ebffee46e4130dca70ebac77f407b231f8d3a8a3a7bfba82e236771462b9b0967329f6094e5c0fc74edd916d907cab38be880fb9aea1f0cb8c2c23cb56f7
32 81 0 13 36 1 :64a4d480af4ff603f9613a42041852ab7c4ea5ce1b66278bcc7a762d9ba36f084909315821ea4f7c5dd460b5b65fb2e8d2772d7eee2af1f52d4060e35351491f5efab8ca0885b8b5917af5a5faa30142b9
32 82 0 13 36 1 :03f204944e2ed414ba069c795daa743805f59eed9bf07f42c9c857c5f0362c282528bf1b61d9be0f2cf2a2cec5816f740eb2e5659d5ade0378a117bfce9b6d27fe24caf25d5ec1e8391d5feb0fd8058937c1
32 83 0 13 36 1 :84e012e514c26462cfe948ab473964dbc7d62ab977e04034cb82c79802cc05be4144aafbac8a6673ee2bb9f5c1d9d648858c989fa2d456bafe6b847cf3cf250c78a8cbf742792da375d25a2ef1bfd0bdd340bf
32 84 0 13 36 1 :f2687d48d60cb97ce51db2bec93db9b8ae6be419d0e130c8a056a9bf8f263a12facf2323fa0f7840ea589e348c4168c6bca178f38c38d54196476e043cecc86454d6da7675a06485b0f29123a3461a5a5a7716e7
32 85 0 13 36 1 :7124be0dd914080b799fa1a3b72ebc1995f5bd7fa3c6a96f57485fb4d51f937ffff80b8001a53264ffb435cf01f800ef9ab70d8aca202cb33a068e8cc8388c1ad6e2dfed2b13a3420c6892638adbbab9946908b586
32 86 0 13 36 1 :69c180182f57bb7029215f3826ad7079801b76008a1ff26ce091bd0169e39a590677f353f3be1d2cbab5079e6c95ea0a3e54aac0e7b17f020963f9a386b7531099e54be175a0535199f1033a0d189cd79e5c26ea7ef3
32 87 0 13 36 1 :d1523f2df9f29d6687ec6fb7a3cde93bf0144b9c1d4a5c7d635b6469767e7cf8602247f7c6238ca003c7da9d617ad2e42ee9d60018e1515d43bd03b710a22931d877f725310a38e96d968dfbd54e8ee1eb5e5b90f99991
32 88 0 13 36 1 :600f184b7806b9452d8f5388839c612028909a9371d44b0d28ef664cf0ebfa0d734a1ad6290ba6a85d9028171290e7de55f54542cf18c7faaee526d001dcb1125152fb5ee610acec0b84ada7a5c968cd66fd7a29d97a06c4
32 89 0 13 36 1 :c8ecf208d666eebfe2c6a3d53afa9afaad1c8c64afe9aefecdfba7f7ba76cc1e967bc56d3daf3c490e65168374863860ac66c37a8271cbdc0edbd17ca55f30240bf10703af396f97a34002f16fb7c738f001e03c139fd23917
32 90 0 13 36 1 :3370c705e04a5e051fac639cbf8a5466cf8bfd02da868f0f7fdc639c1c397ac3266a392886dfd903cd2409ef0ad6b3c9f550f4d621ea4b1b05de9b393b7d0f315e5c8e519ce88a4ec27d4fb49a6a00c84dc706720b84684de240
32 91 0 13 36 1 :38cf86a676b3d362b1ff920a4eaca9efd37c00e07cb86c97bf25c92aea54d5db913aa675888190c9aefa08295def040a7e0b925848fbefc9c3ed75fd5b044d23be2a6f11f8937b5e31c105c2b838b23364f31d95820f2f87506ada
32 92 0 13 36 1 :5c638b35c21ce5f265e0c840279d53b5989605f7ccf7e689faabd3b7b6a21862e2d5cba4fef523c12b7c6da03dfc9e31a7ee786cabfb6b0f255c0084d3d4d7b4601c9901a8bedcdd8394820f534720617e544da2d51d095c9a9e2835
32 93 0 13 36 1 :9ca187437ad5f75d2204dca52de9af0f26f8bebfe6b4a952e205fb7fadbf606ddebbe25b290ce3f95a1ebd37933870c359618aace39569f178a0968572f2a563ee20d6aec4c035ce0880d8dcd6a3533aaf7d208c05c8d4b69bb45069f3
32 94 0 13 36 1 :90f9c65b794dca08750181f0b4c8061040890d43fe159c58c480d65e9614e5637327f335786825fb3aa10b3eb36397e0b350d4b4aecbfd973c715bd8ffb3e970ef679ad2bd04b5340ba4eb83d29786faace3220b74a9599205b1553b0341
32 95 0 13 36 1 :0d9e123b5aba7a797ac5de1baef33a558e1d0564d204746e9397509b9bd132aec4c729082f0c56f435ec28ac2d30c219a2efe9edd812bbd2d7298f25caeaff8b117038de895a53be7b242b7bd0a2e86d47bb559279f39ffd9a70abe141c145
32 96 0 13 36 1 :2900a37fa6a1587bf021e805ee3600746e1de06580958954962ba2e1911b4ca5eeeed3f330d0aa4fec97371a95eb17346bd8cd1a089879f753d2a3a068bd3fbad9508f21e98fb33eaa582586101270b74e1f25d27804aa550673606b3709dfb9
32 97 0 13 36 1 :21981006304a40ffd18bd740313e2824dee266c32bec853ac193e773d9b52c114d8b02bafcbe3f47a79e1bbd61914e19e785edf071444e61bce774c9d3dd85f07797322e4a38dd8f473831d6225141e0c77d45e571d22079b84188c8164cb1697f
32 98 0 13 36 1 :4ed31147f102eca14e99a0f06d4c33662ef7de59823f67f54eeea4c612cb36a2664250fe6002184a07d143bc9024d43506044b97de55121ffbdd3d097151dd7ea0ef8bee4299f206a1fb74551f6ba4b9f97419ee62bf7c1418ce9ba1d992d463c781
32 99 0 13 36 1 :ecdd1cee704bd5d0a7ae5a90c5040b21fc5166480eab9b237a534efc224cd0007e98e028a1abb9a629a57d100ec5ee960f69731702325be109b19e016d3721b60ecaf4fdd361859f7f061b8b00de2856b65b8e3810b4309fa2f1c578032f42fb328668
32 100 0 13 36 1 :8487779071471cc468212f38a7414cdd1d4b78bb628b7c26a02d5d6a1c9762fcd8d3524e1b363c4a7f44273c1758d2ee7d11004bb457642bdbf6cd93fdaa976a287e9dabe5d3aead5859d895c8e99b6efc368b0fcedb3fc429e85ecc4e76a7f97ebb2f9f
32 101 0 13 36 1 :158166d3ee21303ed7e4ee7bc35fd49f9133a6457697ea4611c87a78683089a86e7fdb8c2cd0c82fb214dcccd498f1338fe17f59d7a9f37a4b1ca098adfaafe0eb1ed45b7d3bdb29cbe668fcb3cd2d6a554d3b6021c959cf853111ad804df77e6eda280cc9
32 102 0 13 36 1 :0b9e3afb6ffcf9222bddfb99f641a161f1bf1cd6d2d2fe509e3759f4f1e8e317b03df9496f5f14fa1e9ef25eceb506a056eea25c81ca70cfde8f6afdc1bdd822fbe6785c63a83b41811cbe115070faa2cc87e3f38e5717ab42d4c25f94dfa8b7c7921afca35e
32 103 0 13 36 1 :27a32e424b3bfc78166d9e0eef44d9c8975cc66524627d20b7b67ad8fd4a6c9477c7550db6028f8886b180e0934946eb007355e2827e6a59c41aef4af221cfc7b4d64f4458e638ef913f9329d019366e5df893cf24e7535a320374739b0831bae6779348e12de5
32 104 0 13 36 1 :a41a37e5c7c9f0b2d670c1123c7b6bf32ef204334c7f583cce71ab3c6c9940de9bc808a2e3850918cdfc8af982d2d27131470df6eb0091e9f445e1e2393737999b4649055a8a9facaa7b7d0acb8dad930d5e44e5c386851f27baa2557637b8a56c6098a4799b24d1
32 105 0 13 36 1 :e6254a0a655b5b186979ae57f58b4a20f2830d1a58bce6a612d33c99239a6efb31243c68cbfded02fce9c2969e153bd30a0dfe2966b58980647fd8761cb2719790802185be7b1e50d09343193b781969d80bcd462c05f18f27c91a1e6a80127995d344d45d3cc3acf8
32 106 0 13 36 1 :ae954f93c54524b6400748d0576025520e1d9105050e5c95a554d0ce7e6d634e15a63075e2fa12b2d7c0222d52776e92eb98643bc98553459be3599feae52fc769e1a37bdad3d785f94032f0c93a34ff21d879897b3503e7e4e4747f6b3818a71070a5bfb290e78b9803
32 107 0 13 36 1 :5eeb342b26abf13cd84f8ce8e72c530ffcd9ccd75a7a02793a31b2d59200c63bd5df58782aa5b9b27bd76ae6d480fe43bf5f1f2cb106fb6dea97e6bc16f4a4d8ee77c6ca08ec41b46dd0a2aa13fd0524ffa7e0944d3094647f7a2a3490782479d522dd39506a78bbd51501
32 108 0 13 36 1 :2d4036abc21d64c07f74c9430111f238f15eae6e9a773a50d50e23d9fcc00becd34e479f327ecb2f57057889e7e600243fabab9d4457443c71063d5e2c4a77608ef275ed0ef1f4e146e069ba8fc5b6c4fdc4348360e68210d18ba05b6cad20f07c292f296dca7f10499ae8c2
32 109 0 13 36 1 :9e2c9a816199bf32a69732f257638f6b13b85955135ca4d73edb2686fab9632277039a6784a6ee6f524f4daec0b60ac291387e4e5fa9402677de72ab94015be48a9096ad17c0268539f474d78bbde9fb6bf18bac01d1d7700ddaf4781526b5ffcd63a5d4fd0dd6bb27cc4ab241
32 110 0 13 36 1 :021914b647be0ff5d20b77db573bcac017951ab0ca154f62c4343f3755349168fb0af51b81ab733ecc66a77aaaabd9363b4bd55a7e92b4cda96057937eead9d914e0624ac35cca4d15c9ed6ecd9fc2841aec453ebdb39ee52a04affaaf223173745d7099fe50d951cd8ed6f9a3e2
32 111 0 13 36 1 :fea17db0bad32dd420d3b4d097a89691d0267be05bb5b04c74c1ea2c7dc943ebbbc4805a4076a58623096157e7fba1fa766898d87fd09bbb60d59eb255644328cca20c2d39f306ede580e3390ec29f15357a45fe4f44e1f65e427e4095ea21d5dd857fe65c4a4a2bc37b66d6825ffc
32 112 0 13 36 1 :8ee204d040228514d86ec25c9ada50306e9008e06513119923583047397395bb9f558b953823838d4d7d5529643b1589e7a533e085d2f9879459c50cc8056ac9b3b640002e7ace960b962135f95659c858ff2224cec01d01720fe8b78a320437bcb5dcc312c83ffe8d1bcb32350036c3
32 113 0 13 36 1 :c854b617bd8b6b16271bab023674cee8e10b520c2fdfdae154d4326770c8ea95964a0e05d2a9e58894089e9c3a43efbe1f41c0a953eb3379ef32443d026ececd4827f782f02e7b8287ae2c27d0aca3b465cbafcb4f95602be1b7d2b812f9d18341b85be7861d8eb13f85f5c088c1a9e5c7
32 114 0 13 36 1 :de91b5fe43ad22f086b521a4b8c5e235b2bb80390e88bbe13185a10259c4b868a7aea2e2f05f7b3057fca3513b575bddeef60939db791ac5cebb1881c63d529b91d5ecf7368d9d8a88108206a344381946b9cf104e223bf2080644c7658a5c75e16e5a203a60102d7c1f851fa94313e93b7e
32 115 0 13 36 1 :26b81eec42818d14711e0555467afc5bac145097ec0909688eb26ec3b888cbc15326932b4c0c03b127f3a2866adccaeee55776845f17e55dbcf6ee10a6f9142b474a5307b82dc54f43260db7bd17e1812f391054f978147ceb5e9a436e0cab36e18c9542e99bba5fbbcfbf2f18712bbe76acf4
32 116 0 13 36 1 :11168fecab877cbc2801b5c6bd3a4b8b1e509aad194313136b435a4ade902b6d23557831ac469d3c6a2cf4726f4c7d2615a8c1dc33763cc5fc07adf1b914545f2080022b4a77280090330af5ddbaff972d6d8e9e71e254e820e448f58f9ef5a62720a03c496b9acfb39a9792ee0c0c4496c2eaa8
32 117 0 13 36 1 :65f0777745c2f272b324f6948f1512a2409b07776b9e66303da35336d2627d75e8161d92764761522c628b8885101df844ec9ca16dd29f0d9849b5f1e86159ca93ddce9db291219044ed4e975eda8bd37cb13581d9ca8d3f814689656a6e60477f7062d0ef9ed337c8d5f905f05918c7229e4f2717
32 118 0 13 36 1 :17bbbd37d6cc4abae02e6ac161a84deacf71621d75bb5dca71cd58d19770aad4eda1c0c52007f1d64991406ef612a82adbe1b8fd40dd841abbcacaefd98449c8bff72b876f4d421b1ecf053c7cd072e2dd10938390ccf7b6df30c27eee99afbd9cf443d74dc07466a35034c748bb298ac4353592100f
32 119 0 13 36 1 :22ec84b177c2a1bf21f228c7d645e2b0ef36093bb41e5a24feca5a71420d5b3d51f0e5e2c683a9591f67d678e85d01638525f202ceb5eefba90644fe97ca33aa5c0c8e843fce6471f78d1dbd9de717545130f285615199061948db1e3192edeb7965e97f4b78353d942ff7b9cdf4dee325818ab9373e42
32 120 0 13 36 1 :d897c67385028e7b7b18c980305b1609f19cbc357ac57bad1ded6400c5706a04f1a4a58a07ef32f513cba817c3f483a61ad492ad7dcf516a2eb54ad641c89dc669a8e42467c6a00252bf851f531b516f5558395aca2e95122ca4020f55acedc7cdb5bc693c6bd118eee97050b410603a83d6197bd562c026
32 121 0 13 36 1 :dfd28f3e9ea052d3b51ecef21d9cabec866d3b7cbaf6c048c983053d707b268918dba24a325a84a8b046a327a5f1b47a3d99422ce028535d0d7bbc5739dd21c2fe25c25c2d104fec9e89ad155c247f1f01aec3382ba5436af906d70f3ffba65c85214f43b4e42a6ea2284b34df4a4094e999031afe1872ee5a
32 122 0 13 36 1 :2d10c829981e7388efb2b82c91f38b081e43f5280665c94c1b9ee58894c99360227b66334a38f77d37f058dc114faf71ee632bb4dd618a4abca85e44dee13175a9834251878e84da37622561ebb7418241fe674111efc0021bf69e6f304ffe21c7bb9df229250d042f4d2b26a60d17d1e34385f29f307ac873db
32 123 0 13 36 1 :3b17a68df175fb15102fc6593394c1ea074925b595c836dbcd356504028c9c2c63f65e6554b7ccb0a306b31b59eb5e4e228a9fdbb513e8b316dd35b093247651623f9f316b78a8df7b0ed8a42f85fdbc57a444859208656343a0af202f08565e0623c939a51e0126bd2e805750d049f33d91487c05c1af1858d91b
32 124 0 13 36 1 :140dd3f1a31698f9a218e393311ea8a40fcebe02fccd10cb78dff85797eaec985d2e5e1c80b12849f919052b793ca2ac10273b68e60d3be6678b0fbaebd116ffe30345556cba76afeb953416cac80941ca16d28f538f06e85adbe71445515fa66bb47e2ef1a84807379261c8b2fd07e8539ed6e1ba8ffc7bcfaa5859
32 125 0 13 36 1 :f59e83a439331737fce5308894994c8a87b952f8f7837e8b98c41dd9192cece886cbe3a0eb7b6d0ceee6b7dd6824b902b8dc82c7477ed2534c4121500ddf96cfa3cffb5aee25b5b37d26dd63f5e894d45c5310b502f3bf469f10f2100a283a40a770ea48e5a7646a2bbe0042d16b37d0b35300cbd179345223ece7e794
32 126 0 13 36 1 :07724afeb9cc2d0778ef99baae5df305bcfd71208256e150e602115c79d6a0fb4cb22b61a5e69c335c14fad3220e4bdeca7cc0eb7b63752e83063d5318e4067a564cbc12514a39d6b4d75984c163d612f2b6892a4c5818d846f9c90d438606c8d3fba0624afa79696bd20819fe72abc6e3eed7153140a627eb1a596ec72c
32 127 0 13 36 1 :7debe009750d8071b754936eee86750fc04d2fd103414b2ce4819780c4f15412ff68e122615ca24f42f9297c2498ce6de3c410b181070c3803cf90907cf98a660ff5163a1a56bd841c084ad2a9249741e379315672b4d5faf9eea3986512c2eb5bf8d4b2167c2012728ee9029aa6c18631f432ae5e326e3fe3d38112916cb7
32 128 0 13 36 1 :f464425317cc52593ed54d940599c6501891c4d6b2948bbf0e12485762a401f503eceecdf2476e9a919432c39babd0bc0253716a3f75804449efb9a16f761338ae35e9a60bcb56af6a626703127d678582bc4ca4604ea681d1591743a73d73f73792c4fa1fec6323bdf2dc990d4e13edb8ee7e307c3bda0085ce520c8c5b0242
32 129 0 13 36 1 :e958186f906ac19293ba1817775ba81068f6484eb7bcde3b058e3578bbc7e1dc95f4e9de1da0f59825a0b3a68f1e8b2d49ee189974b06ddbc4422994007c017dbfc5cbb7a3037a9e64685613c909b471cadc19d64899c9c9d32111538fdd3de097f1564f4f44598eed0bfb126efa3067492cf4a0bd006be7abaacd8bbb92da04e1
32 130 0 13 36 1 :4a76041da6daa38ed91d67cad3fdd4e3da07962dfb97a5396d7e35f1b0daa0fb1ee54aa32fdcfaad806cecfac86708396550b9e386023724281b06566de644d22c9642871bf0817d4cc5c0c169a21058ba5c54ed2a8b5b934c360e3e6053e02e30638e791a724641b170c7e011f0534a553081ed014483bfbfdc8dd5279b3beb971f
32 131 0 13 36 1 :883a09f1302aa4c7b6e14de0b7ceb6884180862b9494c93e98dbccfff12ecc7066730e9f4f9fac88f2baa23df82ba960057ac21ddf8262648da8e36587ff9d72b009ffe2cc7bfb32fe5a14aaf253d619b654a51675b8c7339974a25d9096f30223b881b371dbecdbd09a1cea3bdaf75fb1264932d1ea850fd9c34edb9accfe55dd00a3
32 132 0 13 36 1 :c4991afd2ecb90a6e28ab4b04b39da465608abce12e777f900101ee48ba01435e69df5d9ecfbc43dff29eb269412a547865d5f0790d9cb5c98ec28f4471e8f0d2ecd7122396b5d5b99ff7276a1383f7e413afae5a38814b3a8dfd9ff2df555fb31fa478aa6e43fddfecea565ee8d9a02e1eb1fd1e3055089318b69a877cf3de15c08d6e4
32 133 0 13 36 1 :86594c20107e7db25a52ffcecf3ae85b239b06313805767c88f848b07d3991e48caee00eb40142276fa0f94d7d4d3fb9b751834a2f03889c909f24bf74b1d4a6d558a6ee516c8a5d5ce3b8d4075deb126c84dd3f3ddd8aec181a0c3b4236ecbd2ca6e0d4e2dd4d2749741e856a4bd78539c38859c2a826a8c887f0ddead6dcf14ad73445f4
32 134 0 13 36 1 :758917d211675f0c88ab28c18ca0c70a16934274f84435ecfe499180a12a9c60cec911435cf950aa64df923c93b64ac73d476e838d3992a33a2d1b6f2e6559fed291eab940b1477077ac1473de80ad7179aadd1ec557857613ae2190027afb6c4a5a29fff34dc09651287c339da3deee2e4b8ec3926615d2ac99902831317aa93d4bc4b1cfed
32 135 0 13 36 1 :0e1cf94618a6acb09f9ece5469aa534b069a4cbfba0a2a92ba8c3e3beb1deac21ac6ef66588c693c14d209726687758376a6b496ccb8d4226b784366188e8e48230d84a701ab2ec9e46eade53470824ad0b8d61c129f999c0be77bfa0df521e76344cba383d9a6a74e2317c33f38a5ad92fb6da2a7b30153b1cc37479b86a04ec0070e0b49a798
32 136 0 13 36 1 :943affed58b30c3437f5050fd33603b1f03cd62ed2d3a2eb3eb44d4ba99a50a8ad0f527244296fa6eabe4109d80b2d80ccb555a10347560b2c9ed56feafda34e1e87f2d35df8efcc740ce1ff74ce0a94d2c81ae5656195fc2d17371a0543f1e1b9acf9ab2985af4e2f0961f88800e8398629c9fcf82177fcd2dfba91c30679ddc0afae770732aaf1
32 137 0 13 36 1 :f1f81f7bb2406c97bcc996bdffbc5647605db6ac0a063a3a648e6104af54ca4ded8b7ae6e4894a3b1d0ac5a4b5eec01c398fa7728867e0754b4e6b14e737272f29764cbbf196a6104c34fda3aa0614e9b3ff163cb9c920cf08c7e1976d3a2768e18ffe25dd7198226866ce38ba4450ad2b5f2dbbba694980dc44d7b6f833d758fa7849c51c4e3e3e3f
32 138 0 13 36 1 :8791c05ea028f6b3b2bcca1b3471dbaca5dc0824d86d802fc55fefc57a17c996911b6f5e110891546b9f189e5ca8cc5be60ff1168adfa815cd768191397e9f742fbb18badbeff6b723cf4566cfaef7322f72ea0f687fb885748aa8d5cf07be1ffefbc6d4004f3435c9935d2cb60841c087c9c53520520b4be5058515ada1c240410326aab3c308f56f80
32 139 0 13 36 1 :50390473ce308e243cd995c01e531541f76281d8e24d150813aa17a5cfeae753a5252a0db4500e0682076a759608d517e01c6b196252ca3920aa5d4bd5d27c0e19f5816ac599c297fb6006dd54528363e3f9d0c2a3ec7a4d79b4c2f9230bfd4c107f70e8847c9298310231ce1da1dd098f0ec77b0e3faa5ab413506590a44bd0f0ae8bbecfef8d6631204d
32 140 0 13 36 1 :c7739a882219f5a8f23011f7088679283fd0b2941666e96800ceb6bb8b79a6088da512ae42570a4acad55f814143c78244fc09c50790e05e80aae5fe8a8da67dec4b1df1bf68464df45ea86735665d81da9680c60908d264a212fbd578e741278fef13d3562ed6c46c711b65212dddd86056c07d6c5bdd78f1d9071053a138b1c16a94f55ab30ff87b95f513
32 141 0 13 36 1 :47a33b0099c1c5cd177dd8b3995c12db2d6ca936849e572501d2ff56c45d3578edcceb0b351cde58621449125690c3c051f8125a6a21584e9ccf92aeaf0569c73f70cfee6dc6e10aa643789ffa1d630818f6659de3051beb140fc67211e58a048ceb4e6397a678a42af811c6d802257fbf7e176cdfa6c94c8db327bfe89e2ded0eb6a049df830cf8a9addcb968
32 142 0 13 36 1 :a321ff4069e207d11520c8ecc475b8867e59528c452eb9b45d953dcf5856fd4a7ebf3a6a4f5a5169c49e459e674a8b5490e2c2317d1dd4258890d0fc3b225b0ec4dadfc561981e1ae192e2473089d8a85795d03b081f479fe96735b634e20f3fa695ea62e454f1ca70190da600b967ae76a5815484bd6aad43b4f20b1216ffcec39566d4e5abcb8ea2e2c8eec298
32 143 0 13 36 1 :6464e716e26bbdc6659b5299953e3dc6713ad8e834569520c927cb8178f7f0c0a7422a25e229fdce5a600c9c130f5ac055b11021a775125642ddfd7b455a29b4b183ff1e977a055be5b5881dd0dfad4c170b3fd581f472fee57e30ac010a82b31898477c0ace4e440be6537bb10b8d3f1058678c689a1933aba78cc94896fffc73c261c2e0c39a34e027006a3a9339
32 144 0 13 36 1 :e1d94dd598b0abd2fcd56aea02ca867f50bafb9e06cf247e0ee3910c84c6f19d8e2ea131611b9d4ffdc2caff4d59f10c72f875d1ea5e3df3d6b20e5d1e116dd9512f5209ff71db3b04d7221550eb54d2525527a4d01bad373cc84c21382c6bd739de6779d013835117285ee689529e902ffc1e1dacb3a867a745b1276c6572e257795d51471712dd2c11e4f1ec8a0bd5
32 145 0 13 36 1 :830872ae14e25e4017e3356c52c764a54c223c0b3e475a2161cb6494c8331b4f76c9fb935ab73c21885067054da339c0d70ba1abfbc54707c633c27542dafb10535cb8f3a302f2aa04f272728b591085b592c896479a0956678c14e77733d618504c5c778f2b1755bdc43cb5d8f9cda43a27fa1789469d6efcfa8eb1563076638a080219c44c6f79e9ebbad6585ad78ea9
32 146 0 13 36 1 :208afdd86c69cc2cf83e282088a8750a2d4d7d7f7d485cd2dd1168c4d21ebe28c03cd18d2b1b4ae130fa4eb8903302e3a775b487c15518de947cd8f4817a69e3171f152c08f7efe1791e9159fe26e20daee6da9268e1f704729eebb97732291c71d55683fa638dd4fcd3c81e98fc3984b5cf5ed73382a8f8fa27ca50b1ab7c5006d5d9ccbb861444685d35aabbd9caacf0e7
32 147 0 13 36 1 :78b307897ac8565c53c05ea8b956af8a2c61c4f14bbfeeb5d1457ec42294cefb3ae4d57e3bd4a7aee675a73f96d5174a1306c0a1150d20d9355d6e9f7f3ee0590f8c364c628f25e259c2e098b83cb07922313b8e11a2e9f6e5b45b3031a249258c898c15dc95f2640a46679a9d6bde0e43faab78f9bd5ffa01b20377d333dceba24bbec07e5d23cbbf1523576fab6205aec05a
32 148 0 13 36 1 :9adea7b58b266b1f3ceeed664035e1eee6474714ba173ccabe5e5297700a2cdc61352a361ed4695d804165c1fc5f09f3ccb583b4e8f5c27765af34770246945cd89d1728d86d7d4d37c192f1e95f8cc120d3e0dec96251b9b653305193a3c9ef7871e9ac2de6576ee79c137bbc65df25af4134fd8f46060c5101538d4472e66a7a6dc8166fde0db3615af9757300d8a4fe14992e
32 149 0 13 36 1 :5bdfdca0cd729d14fe4b02cc98764d3d48c46e337a81f3fc66bb33c47e6444e47cc3bd27ab4be02bbdcf7f731ed154407448f64d71fecdfbef8ab9c603c74e347049c4a64481c565381495bb6776ca2af6fb74f2396a14bb1fbbba26bb41f9d1f09a99be464764c358b5d2f98d275659642b0c83c7a39db58d42ab3a84b0243bea573c6ea5276cc342f646d8f6129bc164d2e16d07
32 150 0 13 36 1 :979652ee8175131270f2be17ebeeb57ceff9eead9a686363d17ef044efee75d194bcf9e3e12e85580ead140c9c077c6d1755dc33d00a739e569af0b825ada83e38967b51d8331e33ea306bc5785429ab22d0408d4163c570a15b98098e2a8ec76d62dd3ab8e2c8313af405d8e53326829492ae4a0638a8cf3ff72ded548d09efd39b0115e01d79e06bb7b3cef120bb7cf63f65e062e4
32 151 0 13 36 1 :bbc5c988d87d564920cdeac53a19a88962ed9523e441545eee93fa5201c157a99a2982d5707334d384aa727ed44a9106fc1aa5bf5005676e69521b6c4f6c7e0197425e1ccad3d13d9bda9a4ddfd353bd2bde6c0c5b86fcb4f0a9a6265557e1ac7684aff8c71da1c90fad6cebbc706d8ddb0cf8b3dca07330a27002ed82a899717bc917a1cef5f02ed75a85dc95aa35660187006a9b3d76
32 152 0 13 36 1 :0c3f7219841458c706f8181075b0672e57dab83a727361354915a731268b7cafddbec1b8dc1a2fd4ecc4143e9a0d2b09719f5f2bfb7b1587899bb45b1c9fbcb9d688d3b21a7259b7ca3d7eb4930751cc0d80ddd191c771583029dfa715b430ca4d3daaca5be5a2742924a245cf50b5ba66c7095e38d6ba9763b55b3bff2e6974ab6fe28f20f8d5f952dff367344050b9f7f6b2230b22aa92
32 153 0 13 36 1 :656ccc00e700e6a5e9fc12982c7eedcf663d7a0567a5394f9b35e2a2d254b3afad02c0d75a1b50f63b10d02f3d26756a396627120af04b89a720bc80c3325c3fbb9c228f8665516d4ad4352593ff5ae1ddaad9bba39701661afcab70497d34e96adec984f68a887dcf66036e70ce50b22cb5cf11873be75e32d626a244c5a9f3d2d4ab06c05b19a2a3b1107a690a58fae04b58c1f15a23304a
32 154 0 13 36 1 :d73512d972434bf2fcc776f604a098f1aa9f18863086b62bd49e4c0a578a102bf6d7da628e542f1cc27ac79f0957b6edcaee09e3db95c92ecf1ca0e4d1ec3030929d9833b50fbd23fa4db6e69dec5f7e5923c36b6c97f2b0cce661e35645051a90d5d1db3adee8dbfa737345996abc177acea96537c846d606864833919b15a69700b526234e498cfaa3b329b676eb82f4f05fdd81ff9f4bda82
32 155 0 13 36 1 :4d9c8d883ed0e202a0644a25ff51a481386f08d7ea738d71f430785028c119c90cc4b9ee53fd46c8153f2b81bd824c2f9da7f823d3584222a7fc35bfba8e61acd52188dd507890223c6400f578d377e3d850644b382ae3473bc870be2652b08f583f14ff40a67c86a021184123cbc4f220e71edcc3ad23584dbbcffa6b18f8ffe3df3b3aa79769f67801ee8d04385c09a09b8a442c71a7de61c120
32 156 0 13 36 1 :76a9c13c806f14280d7b9ed0fe7c8c059d3abec1cdd78b6aa848a8d8018e7c387dffea8d75b8353e1ba8111d3a22c68a891ad8df5788ca9b0c37694879fa562e0286330708be94d4f7db436c255279d00ff8e244a76997748b94f6cae9f31a4ece6c4dfdb237944468a9bccdbeb142f64b30295c76dcd2b30d9d5f3c38841a91339d1b0dc475858de7de1c7f05290c13950995fcb74b283aff685fc1
32 157 0 13 36 1 :17a294e77223b6bb1b9c21e9862bb1593aaba39798cd5920914ebe78fb529deaf95992dec2870dbbe4ad6f4199753abb334e114c60db5db95c26afdf3aa8b1b89d842f4c0dff7c0dc7268db1856ebf096bcc10cef4dab1110661512a6a70c095140e778fad19efba14dea6c2c18c8e29ede61dcbf27ac8d7208b8e42dfcf266d965db7cd6df3b1f5afc556687b38e9918c9f4e77a42b1e56c11be24b97
32 158 0 13 36 1 :8563f9cf6428e195a4e6063c70e34d91b78f21266a5d689f383a132834fcbbfaa4ba5f8836ae1f5340f095194728024c1858e4f8766614043d7d70d9fc0ab0a0e409a0a874e341e6e62b5ddb8b4caa77042fdf59bb3146c6f724568958b7131b697f0a193a0db4b8796306834e73e7226167f1c5964d0f9919276071c375dd5102ab1cd1ef8319140a4404711df240f9233990fe30c012fbfc17db3d27ab
32 159 0 13 36 1 :101bfbdffa3a43a9deba0121a0bef0352d20e9bed11d965189e49f89e853e5bd3de035c2cced3bb64bcf9754b15ec18fdb61736695130b5064ab4b3a0ef2467ee4354d14ff14f413e4d3e3fcc68efbd6abdb4fc93c58c686e8f87ae9e042d026aa7e436671f2e6d2982e4bbdcff858c6a9d1e7e4db5ed57fd4ace9c6b964881edb3d526d4f91fd7a5f61ddd908e975981fcebab0ddad8c2efa2fb1b7b8d1de
32 160 0 13 36 1 :20506b811f40640850bb2b5cc9e14cf3deb91190a62231f329078a2ffb1fbd34db6485991138818c67fd94f8148d651ac3550ba0f291e2ac95b51e47ff3f047c7e7d7e7e154e9296f4d6fbd02decdf041560ab38205b3e6f9dd3c9790bc9ae2601f1f95f886870077253dfee4aaa246fc75096e6589df1837cb7fb236e9a51c2328d249c6cc0a2fe0705caa7f8882900ac78323d552ed1bd7d67f779e4442fa8
32 161 0 13 36 1 :e2806c9fe4e1dc969b9e41fdc25dccc978d86e5ca2cde6b9a60fdcc8426564e54d425ddc52cf850e7ec41c2da7be0686c29d1bed9ee2c8b3844b86a18a0f0b3c9e941ce835728e5179f096caf79ac9a7b4b138dd4453cf97f273247561f0ce0950ad26510b135e5b7dfbbdfc5667132bc5b18b9e92f9a9d05905b9d80135e7e99a79138768e7d33bd5e39e90e4815f04741f1862b5ced73cd4472e684f29236530
32 162 0 13 36 1 :4dad6d4517077debe8d1da05c34d7bde255bfc5d958b6224e1c168e6f8cc81342e4fbe0c9339ddff22b146d5b6672ebf4672799c59a859bc5ffc05f454d1dee2bf76c6a984434984c18c0a9cdbfcfff235126ee9bb209f57641bac2cbab0b2625690ef62b078d669abb59214f426a1851982b585e35c171da3ba1e4c951ec7c5a5445159f6780103554805e371e17e84cec6068e141a2f2a21d5759b2c51d9131c6c
32 163 0 13 36 1 :476497d44afd1393f650e8c788a66a58c6fbe7f39e2e22db4a664201b50cb9d1e37988e50e8a641b2a721bbfb831a776005dae7735527a4846bc2bab596df45243aac08463f02e7245f8f931f423b200f3d14b77819560617bb2f5e255839a59deef5f514dc38c104cc937fe94202e4b0460e42ec640f01478a36408cca5c86d4c5930979ca8d8abac6e47709e02992e2c67bf4926fce827a61b0d3f4ce77d5088548e
32 164 0 13 36 1 :af912950d8875b83c865f4c265baa9cbeb036cf8e02b3c4e9b2194bbaf123202ce8949bd950af5bbb9b0362043a60fdefdaa7cff53ac7ab5386b680ae507f01a2f8adde0a22119cf20b8b1fd7534d53734757d77f76f8de647419b52564054cc811e8464428f24d7adef0b36d317833de566e7ceba41cace84f58fd8f8cbcb355e4cc1e5f5ca9678cf543217f3431c1dbf3be4ebd95ffe1ade40839877beab6db47d5560
32 165 0 13 36 1 :536a5bb4497d434aa19a384bd85531fedbbb17b931c7948896ac886f1416013bd753fcb502419b92051531e7e305a11abd09f4648b7e76ee8be3d38d9b5d781e2e3e61ad84c2237cf3eee0f89cb870662f1eee40503f985b3cb1dbdc73abe012457f61c4b80c968f419c6d3976534f9a68d55bdae85c09bfe5ea2f05c917a4679a534fe808418d3210bc7bc8426bed59dbbaf61bc7a9d1eb470103cc50bc301f57c12824b6
32 166 0 13 36 1 :bc828e9d9eac0b8bab1f0414ea4d2785b8b309bdb51c74f765030597524be93269c5c02e3d9bcaf961271ff1661724f34c8aa783606551b62caad7ef6b1e1b5bf8b34e702960774de09e06281cb21cdf7ad85978cd0f2053a4ba398ea05e623a6a6902edb06c14cdf8bf2e772b4e02b9a376a97074560bc12226e8d9032a52a74c38cf6b8f4fbd03c9597baa3cce6f7569f1c70f7209cf651a2f15debf8d91370972ae994bd8
32 167 0 13 36 1 :468719bed7f4ea768b92ccb018cfa25b9b623f8d1e2c2bfac54879ac5d5a3cc8475233ef5321fa4ebb365ccfe80a25f09041a203682933b335ea001386a96bd31771f624dd9fdda48d4948f72f0e8caa85c2ff2f15d669dba128594e9a469f17a1e0d13b06b6787bacdf2e2bf31ca318c168965310fd15d39d050f625bb0c6845022e41fcde8891e1cfdb0367eaefa676d55b281e48cae8dc46d7b1df4a801a543c9a06e97ba22
32 168 0 13 36 1 :e2f71cd77e53c7d64b1db39d1e62bf2ab28543df3c4ffc47bfa1a5ec94d232faefafe4a69f39ebb5561dd7f686977706ac3f02768dca47f2f73df55ee77c67d460ef310e058ef81d00f83e44113868298af3af3c7e315c93e0a2fe0547e92622602d47eb2bd1a005fff9df3d0115f2af80cc4a305ea19932d72f9e05ed8af70f1b589dfa18e2a454cd0c1ea89618ee67dd3664f4d8f7c7feb20ffd6571c1d7dcc54ed664e566546c
32 169 0 13 36 1 :4954a35616a683e3b64d6bdc6eeda745389dd5505d3ab10f7238208d52fea77b35fc9cb936967bf283c2da9897164f7c3dfcd4a097754f81ee3b6e357f21f0b90d0239f281ff691b63f6c3d4943e68c5a4eccaae6d2650e930f8b7fff7c9c2443cd63c5c57a632330b536bd0d1e07535240a556b5230859f3255495007a9ef4cec0e68a034a95fecdc3281c457115ae6d4d945bb58b877f1e98a343c754a959b6953bb918c0b7c69ed
32 170 0 13 36 1 :6802d3e9bea05344a6af8b9c3b4840210cdd420db87d60ebd7a0e2020f1b7a58dd550ab1260add7b2333ca22cd72c3d72c3c5b98ae8c35d8dfbb1a00b51ea7129ba5652eb9c14ac4fc2de65728f8ba7feeeb47da3f5ec427560b92d8735a4f2d796d4aa964913d5cde9d55e4a2338a5623e9f64b2d7b19a52cdd68dbf3a77a80943f17192dee22214695b01bf23d4845d3c12d26da14ef66ffa141b9da5bbd1acd060f84ca88853fe303
32 171 0 13 36 1 :835b33e2696217da11bef6f4a99caaf0c710895318c39546d5acecb0d76ed58bb05de90cd3c37d29095cbe1bd95638cecf0b7189689def561b740db518fd7be4a7c88660fbef18bf3b755bc50e32992b891344792fd20e0ec29eb8755521111145e31a9e705e134eece86b69d24cfcd47fb86bc9083e2a5bf81e162c2921b87caf5817b9f948b2ac62d491e9b8e7a3008ea418a4efe8cfe59b8fa30a54ab7279d396b1f8fe5a85260c065c
32 172 0 13 36 1 :cda39d6013c094797cc6653194837f1d678a2698e5d0e8015a3782dd9ca8484667393e0f29b1650da66a111b2f9d369eab205110992b8b619dedb15547cf5447a20a3e9ddf878627ba567468477051d52fb03c57dcfd737e66cc40f90398345337da9a1af2e12b24425b0feb67efd514b765339fb1255ae6b073aed02aad53d7d7399b0045184403b5c97fa9b66a25b00842da5f7435d06fd3a8c4e749d67c77d0d8bc856abaef0f68bc3c9f
32 173 0 13 36 1 :ab1fed1387bb64967bdaf3c6f94d8f0348fdc6b81bd962c68d60fe9d868f6911656a5f071d26f36e00bef9ea31812f78b6973e3f385693299bce16666453e6316acaff89c6dcb784d0e454a2cc9eea890c83e59bb0912330de4519077c07b765f630edcef3667fe0b59c52a1169face936e13138652159b0be4779187dbe4d79d2f502a3e63f68cd71f1e5e206f6179af96e07f8d65c3fd20663189345242f8e8698c39abd94002d1c924fda36
32 174 0 13 36 1 :07134b1c6b20593f453ca1cc0197282e9e9137cd1299377cd0826f7ff10c649281ef0309b4f9515bc0e3fbf189aa21c785f662191be7d4660a3747e979a5da19b572afd7b2431124ea58d27e03c53c7cd0fc24772a4dd2b6a0bb52096797e095f6984274c7dd723080d2beabbaacae9ddd7067e06639def43b647d1f5432d15300b4de87b473050aa8ec66983ea184f38f5df6ea4d44e8b88923b0ea6e90e47458e24e08d42fb258f7bdf0d0914a
32 175 0 13 36 1 :4521cefea072fa0623df96ca9065d67f4fab2cec87748224ecaf6171e75d2f17d7fb1c7c305c9b2fe5437efb8d9ebf724a53001bfa94a0a51f1b95bcb33c3568277dca3532267b4246537f244cc8b4ef60ff24af503ee55338aa2be20c984d2af4c312a9a46b60d4148b5395a4c79245b87028b50d0fff6dad5542cdba95ae5dda6380f979cf69db7a6ecf93934b64cf7bb5416ae1be8d2b385452310f2a24605d9c7de8b0d39ba2d0ede617a15502
32 176 0 13 36 1 :1ae822c0febba1fef9d733b8b42e70d39f83fde4294821bf68339448d1bfa5a32123bda873b3df0038241a56896e17114f4d6c802cb794ec0d5f71eb9d375982841dce46e3501198b3748e8b8ea81858723378caec427d7acddeaab8e40448c67f97e72a2412f4d93b8f8a1d4914946ae45c5b56d6d560aef2d4a31fe1c6c2ff914593854c9c13f26c96baf24db62f05adf0b4ba7ffbc5f6526d755d707178eb97a93c0fa771d85095bb994dc522e8a3
32 177 0 13 36 1 :d74ae370a629f11854182b1500703524850f8b103615b7a86c981b45a0da4ed76262c296d8c6832bee0f1a53a6853168e9552e44f8f2fce1d3633bf52d4ca3af8d70b2b1848bbf101865e5b797b9235d827c8a82bfc9553953766281da7e323115b4b4bda4f53d353afbab74fe8cc587663a9e90bac155fc17f14246467ee4d31c7503d93eb94c2c769a916d9647e6f621cb4f1d64d780d5ffe50a02409c8f712e92797f95dd412fde9c2a3ae88c79997c
32 178 0 13 36 1 :5bb3400369b2b7991601cb680b8f78abc89f059459986dd4ce163f435eccfa13e1254f7a050b8e6276a3680e6ccf433ac35f4cb41f7a664e8a60eda568a1eef6ad533cd8429d7d562291d16516a906e7bd6ac6151b9fc09a35ad1737139fd556f5cc5bd240792e13ae46dac966f1acd0eade05d6870b3548f3cb3f53e0fb4295e40f86b1f3674007bacc5ac52823053fe120173b5ed74ac57b3443d57b68abee16eb895504c68c97e0ac6282e6767ea29c8a
32 179 0 13 36 1 :78ae2664f9704397ea186e7b0daa62326892dc53d7bac005b53f2d1ea09e68d9250fb0456b0e2d270cfd7bbce285319c707e7dd532b2aae6809e6e4d7e36d71594cc9f76d8a656de0bd14f495a7471940aaa27ad2ab6c657b2754be9104aa07896b2b4c8de9fc222ba807a5dae607dba9cd3b0b37a06c6f0e4849d44ad77c106b7e0a78ad49ac5c0ae64982e1e983680bba17e2828f03ffe7194d778cbb964f123b8c0bac322730d41380a522532ca948cd312
32 180 0 13 36 1 :1be9bb617b5223a4720fbbf9239b01999ac6d21b68c95a25c9cfe3bb299e42fbe9e19d5dfc996caec404c173f962199cef5a50023dcd1e08fa82ba9c32eb6445e99414f47cf87bfd413955b2eec8c8f133dbf54aba9389d527fb68d577c20a44413a98d671195aa5a5aca1490dc22fa4d8e963551fc65408bf995e982ea31a56018393be34826cd5a3a2f4a158c10d3fb56fe280d0a4bd9ef011f3dc349d214f06e8c24f2b652a2bc022b5a69b103ece8ebf0c7b
32 181 0 13 36 1 :b147be518ab0bd06ce4caaa4f249b0aca897f137a07a33270884ee1ddb9953a9e45b24eb9059eb9145f3f92da11556d8c56b34790f0024d809dac3f0e1fb479f48af9821ffaa79171fe02cafbf09d60a5edc7d990637f85919557be6b87249dd2499f858904b05c4ab76c67f546491c31cd38bb4f60912ea9464dca928c2dac1d71c36bbf24ffa9815655b2e0b15cfbd7f32623828c8578706b5a388206ca7291bc29f43b95dcf9113169c7cb2e8a7dcc59bd24cf8
32 182 0 13 36 1 :8a394584427d360002c5f93c549bab3e6d51631865a3f61d6d1dce95ac1285673e51a87894f7d92450f84eb192f78ddfa283aaa2147d7f2672dbf263dd10935527a27a3df5efcffc85a999696deeed79988c0da081dee8a785f38ac896d92735390854fcf0331efc292eee172c15098ced02e7df182636e21f1c3e3d212fb6872c8eb822927d84d2eeb4ab38113f73a04f060d84bfd94c68230cc753d00ef88293c8d537a69c9eb484404ab46ca7fe2b5b52385ea280
32 183 0 13 36 1 :5b27ba4a05cf3b2136a8f057e92caaac8de19fdeddd29939d950507bd263fbd082f8cf84a5532ed4d904dbfd4fe72f59805018fbda589d671e4253c994fa4e44ade524ab48486df10fdeca8b4d288e86f3fc5eeffc541a214d37d40133c63a302ee1f06d10f47aabbd981d4ad21276626558ef33dce239638c0fb01c4f2400aae14ca22a3c681bc8771a036c0c079a6e0bc4befe1fa03583bbd9040db433fcbcabb3fdc719fd39c7fd2d77996b0c0c6609122f067a2f1d
32 184 0 13 36 1 :b95129b731878f21d6f73df48e9c9f46ced02f2b21bd073f163e5975ca7568f82df84d78a63a6e5122ef7feb0917c0d606f4ff2f6e2ff08b4695a682a53de39db7cb1f48d9aaa352636f995f0371e4aa26351fce0071426297e924c14b7c34c715c1007031fdbcf7247b676b9519f785ce9b78e06df4565f04953804c86ea93b264f3cac61cc0ae56d5ed2c3dba8b3b3a45cb4219db59f43b981bab3a2ebf95f332838a77fe7880bfa09f8b913ab9f0a4fc3cc11375aa4fb
32 185 0 13 36 1 :36105a1aa50173cc231c48a1f11d2f582c4f681f3ccc75cc89e909b8ffd51e076bd7c3c54616eb4bf2917360e7cd243da21da24d870661291978db0fc6dd0d00cfbf76b5098650a6df4588df1368906fad388c72132f886d45476173efd337c7d2610d8b96145c0ba2d111f245a79460a5c63146146a0b4919838955a2cabb969770121bebbef5266a00440402e9c8523b2534db02a80cbab39cf78d427357e57bf8ab7dcc7c8b4b60c4f5e107f6786701557334a3bf3067f5
32 186 0 13 36 1 :3113efb77e49429002a2d1da143ed1e37dd7554b66d5b83b35a33a329a3a4d1d4722c41d4a97a52330003eb1ea5a0adc911ed344da5bfa907e23785ed3f99f4d9e8122d3e8d751eb409415aef2e59d943cad8685a3db5dd2d8677e314c305ad8769d662094bd821d6c076c8638e1456aa01afe5e7655ed5f093b2bef56e4efb2f40b334a782a1bf6be8d5979d1ae11e8df53f7e189cc4f3be72ed3dbc8c44abe22ae407df81aa5d3460c086f3b4accdd527dc71a53d4e8c4b300
32 187 0 13 36 1 :e022581fa17edab3268a0fba50b214217d94596d9b391664cdf11588d6a1cdc49b2e7fd58d8fc81c85c4a24e3e0e3883201c1a1538146b91841f3208c01a42382cbabdf3362ebea17369f8ba80be6ceb795d68951e0630ac5cd15b7908bec87aff74d998217e734fc958f54a970b881dad2a61a1f0238d43068068e70460984694491697a208aaf45221d1df6bec1532a3cf581579e1a7971cd04a8df5e2192bb782e479eaf36e6c1a245e51d1f98b125c5e265f50d716a8bb79b3
32 188 0 13 36 1 :8b42ba05fe4049c948d4259b9cdb186b1c058ebc52b254609885d0dedc8fb95074b81934889eba55bd495733f19e02d945ba798ac64f5fd7382becd57cf52ce4dc3f2fe6d31411223ae6922b10c14ca2d6340c229cdf6b32ad0f2e52b66f0de63efe6aff697fdfdf0d322d294299cb542ff74a27514225ed127b43a4d5b6aa19e4b495b42cc1fd2ea82aca3b7892e0b78d6200dc8080c1286a03f77ae41bf0ff9734df34307cce93788dfbf9de1f1ff751d0fe6e558362e9705d67cb
32 189 0 13 36 1 :3c9284fd6a54c9f30f252026ca69017021232fb02c7e744cebd65d9e08d37b6d9db7c097f4fe143011f46ed059d1603b47ded736af1c36635606e1998a9b7881ec28910f3716489e8e43f68090d045893201b46fd3f7cd5de2e14ad4b85642e18388d9fe178678ae14b2e151cee444cfa72b80cd56bf098bcc3ad24bb64accf8b2e56a4d792106fbe7543c26d3a527d10de30e0e4e257073356823c00d62ff21689fe59c420f3a4861c36bbae7d41c86064ec7020e2bf44f39abdfc1a7
32 190 0 13 36 1 :f91a88b47081f4238ce6af257c0032d9f5c8dd447d636bdbfe5f47719d52d3ffa7916eaec46f3fb9de8d9fa3e07be15c3aca740c12bba0e219f469f8ed136ae1393e339912327cc4e6333f1c92fa4edf4c50c1192d5d2e723935196996db9f3584e4cf2495540538a3f7752592df6a46cd4e920d81fc81266eece9479a5e604e34bc90cc072cc1d2eb843dd4d125352e3a31ee857c21afa4d65d41268d7ef9ddab9b37812e2cc9e9f61ae6bafed06bd87537420afaeff64bcabdd8b24d0a
32 191 0 13 36 1 :e23fe0059a5c3cbe2e5e80158de30fd742093d3a18fa27219bb5af971529943c43d624d8b8ec67c746d35f0eaea2c3c665253f0d7c217e8005d7d3e89b7dfd37552b454325f3ceb731b1b31d7ef5b285c4c1d03c6c2ee256dd7ccd0a67fae0a8272c4ec567e0f4ae033ee1e71f0550eb2be0778f78a87530905b4ef8b254f5ef3769d5a73f6b5f9bd85b52bf75b6089452a36f5ff656edb8642e213ef597b171d8a802d1bf41c33addf223416387a3938fa92932940a8675490c30205d3e1b
32 192 0 13 36 1 :5e23a4b798f0ab0a47a5e36c35f7b15e02f707ff1ba56a1f5ae63a8698d655d7d73dd4ef6a086911be96c620c930817ac6bb396edf0fe338bf7a525449153d7815015cb2b3d000c88bf332deec758f9486119d64e575b54c63feab4c2be729eef829b505a361684fca7624e20f933ef9c84f8be31458f7f2234aede422a65f82489557283c4690eb4b51244c9a5db427ec97affe0ab4bad8fa96387f62959ab7a7c800716076dd4d94056b326bac3da408486e061d162292dcded7be4bea6073
32 193 0 13 36 1 :a09ab6549ccb9a780631a17dac5ed17658d2f21a39cef52d099a6d3ca4a757ecd2d3710338a08e707ab1b22b439c5d6be19e8f8dd51731b7068ee0744e0ae30d6c6b7cf7d95480579319ab7dddbcae29d7974d7fd7531e18ec7c759444d4bd58c7e5de841451a9ec5062956b415b44b9c4bd65ddc8a78e2407efa6cc8839d333e89d783cdcc06c1ff87a28cfebe8210986cbecbc52ebde8debada30c5417d4bf2fdbd055d3894f17df924d47d81de9504dbda42bca5ec415ef6942272886697a67
32 194 0 13 36 1 :c5d03ac199f5a823023d70e7b92f156a81d5cf71e4524d4b7c7929082d5befab6691c55c199c179d679a7284013ecb7229038d479ba7eaa401b091793eeecfb2f541a5f46a413e3a22d63c154eb716f1b727e6e557739acedcb8675d92b9291625bda23067f3e36c99646d656e04d98951c40d52c73b94d2679707d9e1112dcfd4db0f89bc922992cc20539701f39dd4a5c2880f01c57f3b57d9ab64f441054436d101210d84a14639ce67aa243166ffb463813fe674ede2fd6342cb3269393be9a3
32 195 0 13 36 1 :9037139c44343de9d255b2802a56d03f2b4e9d86ea1d5155dbefd4a90673b13f721d6d46f18ee424a0a7f77a0c494fcfc39ee9310d980dc0334252a67f5fa8769d0793b03ec53c345470f406377d259cd6b61b15ac8a82683b81c50543c870885f58f80d4419276d568a674bea428defd52018c49a3b1b2d9e8cf8b219a5a5e44a314a805e6dcd2c6ec21bfb6a6e0a8d8981f6cf4ae04983940865e5138bb5d8b2426b8f36191444d22b6fe449672910acf0609bc7346c48f0a1b20f4fa9ae9206f20f
32 196 0 13 36 1 :2847d471fdc43a280869a8c3ae38d621f08e2b1661ee688681d117248cffdb09e19f529800274c83d2e40ce05681f049b5dde49c17cd1d13c25cfdb5dba0d1925b199f72548642727e84d5ef607a7cfc91387083ffecf6684360fdfba7aa1aa1b9cab982cee3c8dffd154ca88bba0c905d49ff52e78fa7e8ade57d77e43e6034814a03c153b05c37f25a8c0bf44f8e9f6487b06c3ae68f743059e89bf33981416c80e336df3dfc12e57fbe80898d15d8c08ad4d95db1757b431e58b855fc35e9dfa54e10
32 197 0 13 36 1 :47ee9613fa727ca25cff0d9475030f33ec6e6be0ba64ac78eec5a12cabff330c4b71737442ac4219763548ec47621ac1d2107a2c84d95e60073da4c0e64e8f0bd8d846035ad02afc25f31b81ecb6641322645a5485bd14c64e17572150c8e31770684f1f34c75508f761b74d842fb405ab293b41b3f041653b95bf74f3444fee21d171a2d188d0bd7d1cf2ed584e8026fb2c8c5f86989affe755ca684a8d9184849570a2baa0cfc33869e58af945ab79206e8b7ee53daaf5bc9daf10cac8bf41a17050319a
32 198 0 13 36 1 :c4f863278d06831b32a0a4c48af72a9bb574382854be570f1acfce4fc186255e1026c27ce12556de272ffcb606cc18f23ea5b85a243f29eb06e7367f3cd3cd0fbd187f0eb8ca7e314e140a457b167e98a1b01f77d2f4f0d05e5517d71b9be8541599b1810f1d8c4469c9b106fb1aca7c0d4ec90408e6710b06813dd55a087c62cb61496567a1caf8b028f87042990ed97dbdbfbf4def05005d679741863b60217310dad65d395d69ee510e1b789c27d604bb86c08bfa22ced8cead2054513cd327ea0d4acb0e
32 199 0 13 36 1 :eb7462d468a2e637bde1051ac398447687ff27ba758521a1fc8aacb9457d7e7bb80d3fbd0005e862a695d464c979812deb4af6cafa888b71f5d1d3ee224579e3e6abf94919c3e6c1c00691fbe92408eec99d993afd4eecdf57cf995a78786800ec8c5d9c2b089ba053347196fbdc765e3c8e97c2d16ebfa2b29f406a0d28e3c402c9e4467a2285fccea83cdbc1c17d9485e19194f035af0e5310d311993a4afd89863aa755a31a66445459227dbd6fb92b30ac32c28f0ddad93dbe67075cd862e5e3d70c40e13c
32 200 0 13 36 1 :760783175f25838f701ad23608daffadaa032e7337a8a36bbd4d06be9025c0aa7274c0562d77cb3ccf6e9aff04959b3749604fbc1b66f145140c41cc06c27f43f998a8aefad584bdb51663cfa45c858086a839545fc7332500f51a4053c2a705276c7f1ed4a2f9f528b3d7207e974e34fc371f04ad537ef2e34ad1fddcad69e7672b8bf41245d06c6c33e47b870c2404c6dd166921ab3b3bf788363da6d9a249b81000fcb13c83a0ec249fd614b182005b202e7d62c2049ddee459c1642a99470cb873dacd153993
32 201 0 13 36 1 :2e73d748b557db30c5703368cec3df33538509596fc601566d71885f14d306ae075de235e11fcd073f25f1cbc63bc0febd67410784726af95550fb17398295e15d9268bc266dcd76a20a2290ae382e97b20a6f697045a86ae4bda46daaec5017d228179561536ca562e5f3677916523ad361eb92afc305fa49aa3bca239450dad6fb071178d02893544b917f3ea10271d00ffe69a1e598e1c56d7043233e815d7ea2b5ecc255f64acc4d0482158530e36c42b568abca534517ac51290a1965b0625334115316b16402
32 202 0 13 36 1 :718142668cc42e15f519fe7e9684a1181a733d6c28b581a26f944f374be05a8f194bc0bf6652d32f2a049c8baa257130e2e6eb62155800f713e6310dd2b3dde2f89a7901e5389fbfb59bae113a5c6e7f48b695cfd31aaf2538d29a0ce50b7e84ea0e624e075550ccae76fe9182f6864cc7cbf62b5723098ae094c08e54954458ba0fd2202ff8c65188a9110ad40706999227982e6563ea39c120d7a44abaab00b8cb323db32586a51112339288966057a2d2c3780d9829cd44e38e5ff3890b45be91e3579c67f23ac994
32 203 0 13 36 1 :b2a87f755e02964fe5ae0440bbd694909e86f6a7cbcacd3979407198a43bf7cb328453cef7537ebc8197f8c2a5169721febb0d2b67578143b5024fabcc4ba98c8c39f48d314f80e0140af3c3ae1c2e3d391633bc48227ae988aec7ab9902a029dddd9083855b171cdbb04ccb7f4d63bbe08d754f26cac871bc4fbf293847d765da9de4d5c6589e4eb059825fc8e09c636982c2b804af3e707f7d11bb2e91c3b008877d3883d695f0e3896f14c70ec365999cb70348ea1ab48c0da9a6b2960b28eb8bb945b29313e4111f31
32 204 0 13 36 1 :90c54e893ab3981d9bf9907eef22c45875ea96ef65f8cf210c2f888942adbc1f9c4eb5857bdd319ecb69cc0ea43544066be234634a36c621ebb5f2ad29ea77fae87b7db36bf656859177993b48c5e298bf5c90c2fa07a4c77ca843487a6729ae2c42215c25b01984999f55925044aceb45a3f9b09054d8cf2522911215ce9f39e48c444a1e3983a7e619e9d5d2d646792a1460200e49df23e8148c92791fab870170eb150c698d2d2b69ff22bdc6c70abe22d207049d08f4a33b5b42e46e658fe06ba47276e8b57410921770
32 205 0 13 36 1 :5a5f8407be2d644954a4f5d86b1c6cea517ece9ba425d371df1febde2d3df2adeb1dc4d989a9b98e822349da9326525e65ba257667408a7af180dd87436f9ff208eeb16a7722c6a8a4749c1c4989449de2d46b8de5516ba75de8a62c8c654f8302d0965233700b90700caa584dcdf87283f7426293160078190e854223c3a0c698fda5486944faa81fd8ae702aa17c5e532b723ad030299b687e344744829ec303f6182564bda0d8ce18cd27e700b1596728351a1214ec59ffeb785c758affacc47dfa7e32179150f8a5af4a9f
32 206 0 13 36 1 :bd01ed9906b777550d0929736256ece5822a6309ff1684fd7c463690f9abeaa5281705671b2b970831fdb85c9f514d330178ba57bb0c5221d79fdefaf9558ea592b36a180678d8f3366402c9cf50edb530ea89a085521f9212c48b9868cde0c3bd50439f1e0b32ea5216907cb9bbbc528f2a1eafde290c19f9ba5eebf90114d3b4316d4a9bd26d1d4d05cde8a187eb81b783233718d86b988c97685d78e8c67ed9da8b0be740544bcae2bbb979fddc722c82bbca23c9d641284569cd418e3bfc1d8ab69a4448bc4d52abee5d0b0a
32 207 0 13 36 1 :a60d880861a22a711abda64006308c16f5cab8bf0d29f5d99f152ad0baeb0530e357a9e39225a330f0c89fa3357bff2338d121bee27e49ecad61720fdd175fe97d6e4d54ee2e53678c21a9d3adc4e5e3e25386509c62366e2737713dfc678767ab440f1b12fed7a0deac24ce1ea0b083f2d9acf59492b4b47c0ad2a7cb33bd57efc9f58f9e25b94ccc041d2378d654b8281a87eb3360966cd35a37dc5231825111f93eebe78313404330732d58ae26536aa03a6403850d324a3c19d3cd1323a3c1633aee3135ec5501be7168ad9fac
32 208 0 13 36 1 :2cbc6d9d1d484902d470b165503f48f043e701c6a8bfb31cdb8ec89bfc896b45badcc457feef7b7dcc9c0ff79684bd4e0759656d7e6a9273a4330529a198490f6098fcb1b076c8dbff72c9fe3de076449a954c0323180cebff3b7261fd04902d62c02f1746bc2656f9d9245569670f31dde5f43fa52f83c5941474630295ef1a97891bd2fb250ce998af4baa2d9af8013c2cc756febd754fec3edafd96d6a93b162c2a76eca77eeda6951108562e8e41c630a0dad48086e5bcf11b497e1b9353f8b2db9906899fc67f8751679139d23b
32 209 0 13 36 1 :a575bc57280c577fe910df1574c1c65e4088bd4d3f3b12e31ca2098d684aa75c577b69c7101db16dbc2ebbf124a5aeb294b2b59951bf20ff032859a22f8415843b311893caec8137b7daf5d88f24cabb28b0e7095feed1e317ef1ae5c6086c38b74a03be6a4906955bdbd42605ecb1e40d16cadc86dc879486380aa8cd4f4839f60d595e6054c77a03b71c2ea7df7ccf0443108d93173ea15cfc74d99bbf8c09d175ecee28214bd583d18671a091126d1f06ec9b7ae7e822fbad1f84800a7c4aec7f94e44e4b4a183ac603bb130bf97115
32 210 0 13 36 1 :8fa8d8de1fb2baee492c0fdf45c3d537575a5a5b79df2589450760cd2e2d856ef0418cbbab390308f77ed64bd2bdc5dd756779aeb0a77df0f91ada7ec8aa8cbf76346be47bbb4465f09436c9984afbf7d2fc781a942b3fbb2316dfe188b051d604d25ef8677872df93ac08925da374739395a616c1596bb7e8adc942fae983f9e396b28c6512b93d1a536b75cf9aa03013a3c64f1118778f5f0ea17d68df8e824b70e72d6a0472ada9744846b3546cab909ce2c80527dcc4f6ccd46d3123b045b25e6eb52b4299a8f0534df7ee34b909afc6
32 211 0 13 36 1 :288c9dd15ae6a09a14f9dd203c738e939ad1b94fed46dbb07ac5b760579a650ff1d632589596a79816dd6dd2cb25644644dd086856a1015f73dbb2d9ab4bb2edd005d890cda6dd41a938356272443a66a4b59b0214b2c8fd900a21cc7c63bee0ed1251ca3ea7b6e10e37fe3e7d2cd38e4cb9c97f6a06aeb96f95485e0ef1e6c8e6aa5c436c621bd4483351faa7be79842e8fc6dd893bead0864226f0237d6bce0aba0c204ef5d6b0990b8ef0800cdf6a056a36562b2b4c0f38bc1da2e761fef6be59e8e5410b31c0849ac53f83fd9c317bfa23
32 212 0 13 36 1 :371412626c5992ce52f26f3211ccae0b5c7f46cc3f98265849262172a5749179f3aa08982814b8449b3f725b66dbb7245520a948ea66e341ba751075513b590b8c0bf2ff43f6668467f9acfe95ad998889e2e685f7688f553d25d4c7df4399a936c4b47c5ac7852ae3e3d6b2051ff996f9218eeba26ae802a4d8cbc43abcb26d74c40e40d5ca3d08ea618af2a4e53185f444e64daa0ad1b6ba888de327d9026bf2f6c11520182e572b327914d6be626291cdf99758372ba55f3a2f4f0c10691ba8138d22c74546f7f3392e8c5d9dd8d32087ea0e
32 213 0 13 36 1 :00bd184af20d0585c6e87677303fde49c48020fee863ade2056aebd862ac720b5c56375f3ed5f7d987f7fc7da70b5be7ff862895ab7886bc41ee3fee9e6477bd5ddb9a03bfe0a0da42b14ed15f955c20627168e2b55bb9eff547281b7b57d6eebf17cd2eadef2fbdf81fe6f61a79bcf70dbe53e8f0861e7889f59c9809be135f91bc9b3611b3d361c99f870f4808d786e23a03fec3757e0999f2af21d73a678db1195d24cb377b377606b34e541800519963cbd3aa615ebeecb3cb8c59b410e53353500af82e7909ec74253d774ca28d2c9892b944
32 214 0 13 36 1 :c19b096b009d68cfc699ca6cc44d0d74fed4597a73f0cdcdf26ddcbfe4529b57caaa0ad2158c35e6fa6bcb298e6999d95d6db0f1891d99e50791248ca564e9cab231a2334641bddfb3eb31eb876b3660799543d7875d8dc13ba76699458453e2a8542cebf2611787d08d6e9aeed90bc647b6b32a4f90685247f8e6a308bbdd9a0bd9dbb87b86c0fd317d12063ea1a3bc0830e2cb74fa75b916cf82d4e463f306a9a7482015ecd7d904c86f0b971825af3a9b5d86ba78fc686af8325a9dafcb2b06f20101940b3cef114d157610a14092ec7b99109e71
32 215 0 13 36 1 :a055f5dfb47fc2dcfeb3fd548a52c0ba6736ad5d7ba875470276dfe61660503ace555e3cbdc901c7955547d6b62e0c1abaf944ec033aa831e64912ed682bfde56183af46ec7517736c3a4a75c51fde10a125afbf1632e46975c394051499bafb0409df2d18aa3cd6122643d1d88e1a9461e0641849c4fd55f8beaba500f98d961e14f91eb75c52af0c1abd01ec1f6e5f98794fa2435402204b55697609648aba4b2f25b66b81c8687dbc8fb48c04f34e78c406baaeb0b6367c561cee1f3cdcc25a2f90b0e130d28d26a9a7538888e964ef5587e78a7d59
32 216 0 13 36 1 :03d200d2fa539256e159ffa8807703d2b1581df5aa0065345de5cc04ceff38d5859370c81296c432e8afe7dcfb22b475ca65739305aedfbfdf51e156a04b31c76c87bda15b9ea6ef26ddcd1d8c6dd183f2333d7a41584c8f1b1c6743a2b7f3273819522ea5d72f4c64eaa5dc7db75589d1a90db090ba4a52b6797a45e8ba0e912f8cb77ed00cb78111fe08abb6d92ed0725464e9e1a1ace217cc7c7b98cc52753e8251fa234a9d91ece9c7bec0f41ae4456501b72bf2b1d36c04466cb34501bf236c840ac7b07bbf5d786b71b50ba6df67e475d88590959b
32 217 0 13 36 1 :edd122584a1fb1ba6d95dadf01414a538c52eeafceecc649a203ffe41e1f896a65477c075fefa657588a0dd10109f1166fb9408315d6d8fdbd7a19a0da6e227e00f078aa04e5cb620f58ddb613175274ecf67c0175956ce18ecd73405617c7b2f8560a2eef875a388ee535a021caa6b8c5cd1f7befa10ce03820f30ef472ff8e88ccddfe66d3c7e718eb2624951396cd3f7f061414f0f2e34335720cb740069d504c83a0448b90a145e9248bdd34f45a8704b0d93bfde8487c8fc15c911afca14eeb7ffdd4cd522b95657c0600dc13a56dccbfee93c381fc78
32 218 0 13 36 1 :8d78392b75a7974987ef1313e6cd279bd6224022f69b1614d2b5fda0d00b7d57ff0fcc78a7e8c4565a48ceda3a4137ac24184514b0892d6a17eb1eeabe4402faeb1c5027798cc287a553b4dcd7b21d6fd23abc3b84c1bdd02681a46e02d1d12d9931bac13c46d4389c4780b9f40306862d339057e6b10b08e2a1c763cdf119b56a9caffcdcf7da9926069e2d0a01a9dc84685ddaa09a939de6a770f7159eb42b7cba5bf1af6b4c2ee65dbae0ffe7549db8e3e07d4bd2d1c38d45107b1a38834cd0c1d89d453149fed347d6ea7642d5afb780f7c96375e3afdb21
32 219 0 13 36 1 :837a400910f2814e524863a7580ecf6ba9ea30cb093075e6eac22d97c900a0815cba8ca8af0146517a1a3167f617e2b172d4deabc2258cf1b5314b5db55fcca0b3822fb2294e51d32309418c455a6686b68114f8f4b6c4aad4e84298f39eb7bd9a81527fd2215d0dc7c21bcd21c4d925b4c960b2cc2defdbfbbaa5c7427eedf9670893693747897c9a33a7c7ead5561e330499f35351972126cf33ad1b4389700528f90fb310baedbc5033adcf4b5137234f16d352023dc5d6d1ca88ad723000e849077260ec0cb9c88952876e99becac88c7cb4ef52dad9374a71
32 220 0 13 36 1 :62c0b856d04aa2b2a5d8233460d09c7b4d42f4e58a5d455208102cf8d3eed152e5fd788926404bea95ecaf8057bc98989772b3fb3592ca0010724b12b1ae78d825cb673584739d58492b4d27ffb9b414455a62852ce948b19ae19a0418183dbfa4d47092b0dd5e825e617db47fe0609ae36dff2ce065178f98b0225f5a88d2e035fcc6c39bd4323a4220ecbc0ca7432c349aa1c5b49e7a88441b47d5adc23e6137fd38563b0f60da2edfa4e7b893b9eccce399d8d3b6b9d40e921e5b1580dfec8663e8f7fae9ba70b5da64ad28c9c236dcf928377a41747f21f2c2e1
32 221 0 13 36 1 :66141c3fc9f954b5f6042ec8f988690521a98eaf932f1b622b5cccbf0e34ba726e7797a55bf6e63487c2d04b7974415413e1010c727954932dffb6761ccabdd659eccd82bffb1bc130ac4e5e960d09d85fb08c6f16dbe3cd7b5169664e0806d43c239bfdecccfb41dcbfc751350bd989b0328dff436b4f6de22165b98ab20fdebca5f61573ce5385ce43ec228ad3678c915d4e0f2bf40229693beece4a4cc66bd75b994c317b1d7a8555f59478390df68c0ff0a37d572f84087f53197de2effc70ef736b14bfc3a248f1e73d3f83ffd2463cefc0b3e65981204dcaaccf
32 222 0 13 36 1 :017abd9ff7f179c700a13b711e9ba531db6899d961ca61b4159712ee02ba18cb33be0da234869390742e4f8d3f3729789b26870df1f9b42494c9a638aec48b02c71f8ebbfa16f3fc0ba0dd3add2533e833317be2a6cdc7f08ea6e56417f7082063382a9d6aa02343d8ca8dae8eb8daef128ab106629ab091474cf90cccbed5055a8324d6bc6fecef799c85b2e59815fccfa09b273eff7ce1990beadc9553efa6459fcc539224578415da208d78744cb9789ebcb1558c4c0c8ea543f6c2a7d7d75ecc0deb8396db07af3c07e1dd3f364d479608e48d5ce5d407946705397a
32 223 0 13 36 1 :195dc23801e217d7667a57b29224587ec820918449139b18fe484c41a4f87c1f83dc616d8414ac9fe099912d86966193a15504c9cdcbbdffb9e6ff036a8ebf988dd562fb69e114c3158cf100bcd3c2c86cedcee05e9d3dbf806be87e077610bf7e91e8482007187b845b559d17d045cfc7664f122aa7d5e3ce2b983b7bf9f946410fc673a7380f854e5683993e3b00b0032f1acd8c50d73b3690308fc4698e5d8bbf4dba1a3e06e43e1a46b47f1c52d47cedfa69e31cb585480737813895b88cfdc67ed43f1d25fd1260bd2b95d20b72664e429016c98b70a8db8de6f35c1d
32 224 0 13 36 1 :81a5d33805a05e40023636624ee51c3cb02d6323f4c3e4681826042bce868c0d4a8f11001b11ccf705cb3201e8dd1ec8983878232c177180b1ebbc32ebc966edefb5f17d68f1da58ce005bc4d023143ef383a3cf0dff18e12d66d341b2e1ca0dc2df50077dc91bc3e5eeed690d0a7a4b5a49ceb49bbb6a65bdf70ff826bc951d30b78b868f296a77c8628fa6ffed5f1a22ffb63de019209fd2f115556d0bddb2d4fdc1d95ccef416d42fc9504c000399fd7066c5365ef8133068497bcbe965f43542e609c9ec00f55bc82638539d77c61fd93ae1b4b19ad7f23638f53f03ebb3
32 225 0 13 36 1 :22c62582c543b3914975a0e74d0beb217b9efe83612d5f91cfcaa8c965efe68aaf170f100d4248a48dc32f3b8255f83be5f25d320218b8803fcfe10ec801a51a9c4f7908ef504db6edb06caecd610dc293d1e8990f743860436dddc459eee196103b2136250c55fe8c673fc293570b8df546d28670625a7a39a73f290f3e63bfb168cfcc2e7324c5cd0e567a813be650879da2a359292de21e38bbf322a81d3b4c11979b3daf91c3bb878bc78c650af78a4a13d7dbf274587754d9048fe0b055953f266f327fc7a7f6dcd2d0392a76fe91353b2e1aa0470eba881a8d70303a396c
32 226 0 13 36 1 :f5e26208fe79e2316915e4b02cfb74a29f222d662a3e147a4606020145e2fd0cd2734d7c357ee5fa40c06eb2b15ee9c032a157b8fff4bd9769c88be79923b6de061da10b66efedd341f992833fab67fbe42f0f568b1e057351f6d3507cf2b5ccd5cf9929a530409c21b55d592ce9ebc1bf27354a2d3aaeb541d8bac054fa3f825e594e83b68e0425ed7bbf720b3a9da9ca5bff844a5eb072af43e41abb43d3221e75fe92e383d318c631018cd21b1008da21957c5fb1dd3c031ae564e6bcbdc046d905576f32101a9a0bbb43912e52d5d46f7b5d043d46713d79ba61c87ccd783013
32 227 0 13 36 1 :b6fb610245ae389321ccbd8c5c3f6aba94452effd3a6bfd6eafd51791562c93c0904d4e8a76cd3a9f48514d98848bdf19b49c8abc1d3d6e5b16834b4c3ab4c866ebac2c452a8f226b7151d50d5d40661dd2904de5374eeef9eafb5aa424c528210864df5d8547730ea402591f4bfa51ff0206258119c7b51c1ba484df1707cd78fbb9b88adea4628b33d92e3c9ab68603719725cdcb0a9a524335f57446777ba50ceda23b0c865d519c4ed8efd94289ea77274cbc2194d9db55cd1ea6e7eabccff1ee877f7a318bbfeb06d7d46c4f83110dbb81ee54de60b12e7ec35731bd02ec7a4f5
32 228 0 13 36 1 :4a9e7971107c86d724d025a45dbd01a55b3357c7db72741b0b3735aa9ae2b2393ae47a66e23a6ce1f25f0a7a9b8bf695529a78343fba7b6404c1e8711a7409444242492ab401fceae1bb4c15d815689f55613f25d54df1f99e30aebc669b4ecc2477aba6a86768971f4b025d345b84e010ef2d5c3d8b9954252fc6e05a0d6b917cff829344b9875c806e8850932f9e40d52a8f576a19d3570303b4ba628e41f168d48e628b6d339ea9ac9eddef5300bcb31c780429244d0e6f897c2deb313d80daf4e9acff89847dab46b1bef89dde468ba39c7cb851db108251a54f9a9195cb3559a6ad
32 229 0 13 36 1 :541a21bc34890baf1ac5068ff8f993be9392bc4461c82f24449fe8e8ecff88674ae17cdf50b7158e4b61430fcb79a24692cd7e0f20af0c2a0fd8686ea58cdb1abf770759a5cc5de114d1dd4baeef0595a18bda6ddd13151e498ea69f2c0e738748334c004a8e34dae8311dbc808bc4bd963db04a140fdd32b1ed5983500b5495c8d1730cd756a93c153879919e3e33264e5bc8ab6a1877a69634f4afffd67e7c417b1199bf2ae125daf73704e29ed3a0a7da624fcc3943e513896db0aa07f735ceffd35e26ef019a7167f66c7932f0496e16c8081b8902febc7b9b2a79177b27caa0898a8b
32 230 0 13 36 1 :3765836fdf7995eec52180be89c286d7f55d91ddcd7331cac2844ffe652d132b3065f14a5e0cf13de21b108c27207f620d2fb1ed35b422b4a6082baccda36de898386070bbbc472b79259a6e6597a4e31c5c95560d92d948dc778c1255679e15084e75a7a7b2f37ca3446a6bb033fc97c26eb670408247e083633b75d41062c6b68f529958918cbcea291de1bc70db86ba9f81251e4ec978f1abe5e5e7ec353d4d2be1ba9e2bbd05219ecbdd3e39951ad254beeb96d54dfee516a54dba12f1662516173987a3e18ca7b05cbae5fdffbe8c9d9aac6e1dbd669f15296043c5cfa26a0f5f933441
32 231 0 13 36 1 :99c9992d48ac9b6a9c40041e30a6b5ba1b5c1b57dda0a967f54a284f5e21e588edf03fff58746d7585179b5ca738efedcfe4ab11413d7ed81ee095cb8869655492f3454929a64ba950ea7aaa1a219f03121e673617f7b19c9a5b537be18f3c73f9a64b4ba9ee406d4d9f3b8906de9303c7eabcfdade83caf755f96fbaad1dffb2f1c944c0f95f1f0a1e0c1730190b48ada8711651ad606f9b3513c19d9b4b20320879b15919d679f2e694735ccc79c44b1e623a89a05c0b8401e64f1cf065078ffb3a4631740438e958032786ab1d3a91092f424eb9ef3a3ca148b16100672ccf9b00389b7bfd5
32 232 0 13 36 1 :710a18e9e30a146985dd3eaced9a5ba915341441e979844f80178abee9c65e536f3b71926ef3dfd89a739c147d1d703c2389af81587a065e6fe65cbefd804a426ae448c5e1c2173821cb14e4b524f1e475c9ec23bca9d54f24fa3fd525c5fffe65c4d62c4be8a8f3fedb622d9281f1a6ce3c4754fe014a8dc9dac591dd956259aad7b979e20b15130ff0bfbce773499bbb658fd8e6ded76a73cefa10c94e240d71fd01c9d81ff3f862b6987ec9c87730017595b28885bcd2d6747ce9a9cd5aff8e8527bc3f89b75e6ceef3ab6f6af63661e2f21c170742907dbd73b06febd996c777c7a8cd8195f1
32 233 0 13 36 1 :b7a88d7edabe3514d8988a0eb952a552ac51509b16f6e402b50f6f32d9fb434c19e0b0a89b304b80a6977bd49383be82563a6499efad481cef0df4fcac65c2e378329c91441238a816d0a5c6ab73ba1f564c3757c9b6ea10191cf57b021c9921976665180221dfc6fb82be3459d8cff452fef11cf56a80eea62615061a647a7e0dea17af701f1cb5ca2c244d5e408cc577430b3f3fec36784f5abdee1dec60ff70bf5aedb0b3d018afded7b2817f3e64e085a971fe009ee0f2745038b15c1d8ab9883316671a9da8c32569754fa924f1a7a9a87b893e1ed8f95ed7fa10dc2615d67532e355899875ec
32 234 0 13 36 1 :bbe191542c01214612b99cfdec1d2e21130c9d37f0c2cfed98647c838c60f47cec8fad0bce65d6555f1421e37c9b8b5557adac1c6d8320a8f09e75a4de773482d3f06fba4f9e11c47272d35d424551ea097b6d20b6c9142e5ada4f85600049e0b45c1b8d774efe45f43116044c038894f75708f4540cafdb4a2f7d97155f77154ce8c05ef2934fc9efa89cb1a4a58d0130577d5ae2fba43bc0f1fa3615c671621a8cfbc54f057ee0ee08a46fcffd69f1a6ec54f11b294327613836d31f47e5316886e8a1ecbb13316b23fe1638917c47b46f79f45d5aa870e633135222bdfd85848532869ff01d7f1322
32 235 0 13 36 1 :423f0e928f23ae10169664a25d974f697a286ac9741a529c748681b7d77d8870c79de7422c05c5dfd32a135c6536e72ca3706d82c62304047dceb845218e7ed508a3cc9557066669d8c0acdaa89ffc489242269e67d1ac590d472d46cd684a8b4c39ec71b4eeff772f8fb783c90a75ef2c4a2161502de9459add8dc9505d6d6d78ca15d599009b4f7638a8583f739f95222a65c7f99ba57a446b4adccc74f2e12a28438483bdf33e062e36553ea6c40228a65beab786d21b91c4c4411b74707624a7e94562ce730aa141dd25ee807dee1464265c4bd6e2a36dfe986f516614a5bf4aa6c9e2fb0e31f91db7
32 236 0 13 36 1 :c47c50913b2dfe5e7afb0433bb81298b8142a2c1e8d8594f4e931f3a889b7e5802b7ef3f77be2ebfc7661988b3122d31b33ff9d0288fb5f44f8518b31f51f2d7cb124f3a47947dcedaa7df185048b923077fd7136b3a47487a323754bcfbea60b762b118078d5f90ae920697501875bbe108f122e30596c103d44f44f313ee14b5e2415107cc324b2f29d04b29c71e8ecc63aa16490ee87f2c2d9f5bdc62af049891ced12fd1eda7f6b7d9605d0424a44aad605b2d1fe6f54ae90a70da8bc182cb495dcbf4a652ededa8b62dbea8dde7c751477e42d3b100015f3674dce31bdeb209fdd7b5f914609c6b4b94
32 237 0 13 36 1 :dda5d1456dcb11e23ff00de5e354ea5685665f4a50effc292045130fe76bd6dcd6e85ed41f2c90d5a79257a833ddb4c2e3b37f18ce4f8c09629c5feb083578f1dc6f027721744e6181bc2ae50b842483d80cb6dd6ef73f24181b3fe3aeab36fcf02ccf71d510e2e680fd8557fa1e9a0f99e702a159d9bd35412ec91cf61a5dde671a4099bddc43be67a1825188683cb412124d8aaca80ac7a33130d0e4131a2798817ff30765ec99dfb0d1d01ecd1261320efb1b58292cf7123c5b3f7f0f7191874572d397924906925d4c80381fe3e7345aad800002f7d9663b107e39e400e6d2f0e30e1a035bb31ebe622065
32 238 0 13 36 1 :841169eb9970e789d7ac53325bb849d0488f0dad378f7c9a5fe768c2b159f23ba127d8776837adb1aaeb76598205a27af23c6af403875d463675300e9262d4642e59807dc8b2345057d074a44559750926f451f980e241a4823903ae28576218d0ee3a4a0e59831197835057143f43b704b58b4c8417fd1b0ed60892b9c7c1e167b54f513ba2e81b22c1c3f1a10289c80a7d9e1d9f4242dc76d9cc71dcb3403e5771f3767e00594d23085d3ee85447eb31e5aabca8160f9751d72d48b0759871c4d5a0f416cb2b78a42ff46497683729804ed3f02312d04c698e033dcf5c9dfc35d67b73da60ce50010e24206e6f
32 239 0 13 36 1 :c4f60828dc13478527e3c6908458b6b4ed6a71b27c1e63abfcf73c37f1158035f8f5c1611c5f709318ba89cad023ca2113bf2a7fae12009f7c3d112e342ccfd6763666494256e82db73fc622c08f71a081d8cc52a19b31f6ae725bcb8083be9fefc3775c545ae8e56bda0d8f872ba622cab4bfa3f672f7a96a66cf7bfa3b1fab6706b1d95897b26f254cd88507dc072e560c099d9f0f4f9479485c148b9dbae4c56722c72d04c3243a2b9ab9d917c3e5ef6bf434f0314a43b27fa7099ca850fbbdb7dcb0c570ad1997ed272df6ce696f09c4161ab6058853861527b28ea8c3019ba04c27745a434f0281b5ce6c7043
32 240 0 13 36 1 :bf1028b28f67420b0c1d1e7bc1ed6446d0014b3e6018ee113486505012b3179b01849dd60c6fad59f0c7316b84d405c7246fe909a2c3e773d43509993ffea9c0dc3acbe4c4e62d134411a6fb0d942a96c5cb156bc6917205c0c2c3c8f4a65e3f6249a5951654fcce8b84b2f87ac0e00f2aa8e00e348c36e20c0e8acc1d0ebd8d237d828061dd8fdc4a8055b7fb81cc7c5b7eb6d5a98bd54836abe61788ad2594e848250f5a7fb70719cae9ea2d52518d47deda4de086895d7f4ed4f0aae4977438fc531f6e51e87d6d9776c143804dee7ed18bea8ff515256ec1ae52eef3da268e3aefa9014ff22d4cc2c901390029f4
32 241 0 13 36 1 :7b476d0a73f9d8abc68d54713ef8124f6c35aa13432e647fc10f8e57cc3e2e3ecc1af59cd39704a7132b596110d369c26a8de2dcf3f0d856f95a5207cfa7c85c00f9b0325ec91279b418a6a96653d4ac27c577f9480e6f35f2cace7b246a4c4969a37140cb11b675f591587feb5ce2eeea94cfabf4c5dff3e59010bedeca0c12945c4b735efc761fa731d95616cb379c8f1a47601702fb739a41c4fc8a5bbfd01e80f1190c829741a1175a6d0b2a2dbf674aaea3cafd608d3a2f1f3b26d6ea06348c2104fede2e9aed6e7dafcc32ef3c7643baecd8f3b571e9f62cbca9ad8533c088134c24986819fc0bff3f5bd79d0ac7
32 242 0 13 36 1 :fc1b53c7f478cd652a2dd760fb0e745f2d5427392ebd2a3d438b1ad1e49d6f061d5aabd877d7980b1ff19a39f7725c07eb7b68ccd69cff9b85749131e9992185cd6362b12eb9d858a51d2dd7de6d61a1f896568b96beabb35e4c94526947a50656d283bb067a428f91cb0da7f058d151ec360b45da8da4cc6a2aa31ba83b585489079988fcbdbd6abac984cefbaf25ee9ca3b5927f5e0a35de7d90fa51c683ddee43643135c4d40d9605555eee6930d2b90724ead1137e55ef223e6d13b683de2419864f66dc5a7904f7515187273e47c77537878185b17d5d07a2c06029b965d1884e544c61a67b77905164fd6f1b636a11
32 243 0 13 36 1 :693cf23d0bf7897409f3061f7493f11dbdf4170d79997fc01344b98fdffd06ca953f5aaa7d47cf3374f74d7f03df8b3a30a49edfb91bb8dc9b4082c00dd58fa55a2151d0cacc8972c98987f9f7740d4108f38db0ac3a7d85d7871d2eb9ccbe7a7138c96b6ebdb175be3aacb7e3236d077c44fc0304113eeedc06ba44b36adcdef964d93ffaf60d13f91ad0856a0ce526f4440e1cc8989febff3fc4c6783582e06a61f4c4ef569ea1075b40a2d08a7ecd4f8b1600356a6fcffd5f7b192dd56c0aeb547268827d718871c16d3396cd362a5fc719ecec04ae3b4fea7585ffbd541be23c6d62e66c8d4170c3dad47dd963bdb1065b
32 244 0 13 36 1 :cef3f2f090173466c1b17606b1246bf4ff6a47dd8853b430d113ce45d0480b18a8a68f0cea23931a452f8f1925249b7bf0dd7e1b803d284dd58d94f035e5c5b9e0141826a95d22e0fecca0b56fac6061faaa6a7ce4b1ac9643be930e99a848cd4797abc628cbd929df8ddd0d127b04a9a1beb09ddad20a31f290b59c9680eddab36c4f7f55e17fb4a6d63960e81f63e2c09829cdd058c9ec614c21dec90f687aa72be5e6cb849a12805d2925bb884a31e23e36fec697221ebac65d2af63aff8d8d3a4a4f3d8d18e368c1d97ba4c87df09af5194ab0347cdd6507c29bbcb1c5074ca5a43018ac57e09f6b651913adf87c6b8090e5
32 245 0 13 36 1 :a6789601331cbe024278e06be52fe0f6df7545575b77a9f4ff1f62d036cd1e439d5e09acddeb1a9b610243e2d6409621f4ca3213b1f491cea96fd28078047e6f9d28b99f9aae884ff868a9c4f09417ec577cbd3a6ba76c720751874c8fabac509a8e01598e73e9b10d5b35bc8778b63f4501e61fb5eb8c9c176620c2532883054d885a9d96d618c781c0fbc615b46da6bac380bb656e348954da0a0b8896738c800f3b55e774cb5202cfffe6ccd04c42507df685a27dab116ec69afb296f170a5e07d23e416f4565f436d749aec9842f09b79c088795a8856bb10d763f74ed1dc2940e9f32944f540d493092e60e71344c1a1a9b5a
32 246 0 13 36 1 :41ddc631406bc1bbe0625787df5f1c26258ccf4b72773475f23f2a250ee0f5d9007e6e8aa1a55e98896b898026347d0bde7119fa8c069127bc7d67ec7ed351e738842b63e67834a70d5a6882357ce43ba3df6ca959025184ae35d4746d0c6d550394ef5231a18cbb592e2c630ce678cd98a47052668b045efc5dcde178ed71d2e4145b34e9b2ab98e6ee7e67f8e5cbd5b9a0f9fe09e2f55f87d5ae21a3a20b6355c48a13706fea4d4c1664c9852c85fedd4d13bea2d8ffaca78a8f853f129a4931c6e42aefff6a26fe2bb4d2d5a2789f863206ddcefae4064febdd5f6cdf6296ffa3097e5dffb6731fa30eedb2d0bc32fda71c187835
32 247 0 13 36 1 :131d76bc17ae0f13310efa365d3bd7002ce092b41a65d45bd0554bf1089ba23b048d73fcf6b4e2d267c5eef22ade2a300b1259be4c540b70f122af43822cb6b6be25cfc96091cdf1810895e30e2a17491a8880bf6d4245292c9778e4a0391ff85919301404bfcb94a86745735b67ae6813fbef1d81efa0ea241055e542d5946d18481aee9bb3ef42f6b9c84b4f715168035cc523d85928023de4604a0d2545c3184c4d151bc04ebca8da73533d22b5ae16c1c61fe22096cac494691f65b072681319745305e79e7453d6deb3641fdd30029963ada88f962b2a9a9793636bcbecf2d03719d65b1a5937fa7e2b874755bea28ae3c4e6d5da
32 248 0 13 36 1 :aa2c2168779121a7d40389920681bb1ca905f185bdac3f2f5290d4a7d5d2068074a318f1d8b83f3ce87d73f5841a9525489d2a04d50cb30594d6a36ea1f8b33c9b827b3833e02bab3ffe92bd5da71fa53edf397f6b4f2a5df4edbde76e97e650a16aa8b1fd3355340aa7a9542c9306710dec1dd3d55489308b5ffae0e6684cb1c340ff77093cb454146a558b4d69e1b4cb2853c67bd9be31601cd4e83fd9f94b5a68048a53a922120818cbc2bd06cf1180a44f067fc16e434be5c8565cb30ecbfa53212996143d988d6e5168143248f4372eafe9113d4064cb94f22084bf6dfc3e4c3fde73248c8b444175cbcd61766db50aac0ed7af46d1
32 249 0 13 36 1 :7e1a0c312d27542e25e3b1a6fa8927bbd5afd8d7eb6f860b2f8e77ccf734fda7d23c5e8529eff925b9953335ab7db1e677c18b0a1745e5c8ef493e87bfc586b89ecae21c1c76b012aa67c2e43b2baa4a5c18aded9ea4f12e779e9ea5c1faad2f847b709c6fd3410a3c5aaed40fd4bf936577d2fd42e520f9c8bba62049900792b511e360b9dec63fbea292fc03a89d3e89d87452134c3bc67b19328bad8965bd87645be70f1be4c1922b5a6e2f5717789173eb9b98ad250a892e106bb473d5978ce2ef7eb8c3963bf10b45e4d048d259e8fb82b5ecf3f60b7b901c4dfa1bca08a9581fefd72df05f56e596f26f7b76bb1a0a94e14888989dc5
32 250 0 13 36 1 :6edcb87807de226e761e19c9ee8e49a7536b03127a6f1fa627250408171081e57063e1d7f09ad23d73093387ef71698adc1b70a43cdadb8de3dc828fdde9fdb13a60d7684d343379ca8a8e608589a1bdda70c0c505698171f0d716d2127b87ee7bf6a77b04f969c820dffd97137296e75496a5b93d4fd770ccab4a057ed8ed625a0e047c43f7f198718ad60cc4db4f9f8f5589c404d341d24c69150438e464d88fb7001d66376238032126c7ad112ed5daf5319dec0a1846fb6498182680b3d8496073dd71d634d28732e4feff874246d79e81a2290971b031e987a93ce170837e681bca4dd06c57a3b1329537644c60d0431f20e698a8b94c25
32 251 0 13 36 1 :b22cac96688ecf7689c1935621df03f7470d93305b133c0fde67ae5f94ca328bfdaf82cf9502888fb7ef62502ebebc7db7462b08f0739f868e66558bc4c3bf671e6561345d5dab4fec9fe418dc64f9d3f2de22baeff8404d97a05d11a59d35b0cbd96887f0c55b8ca7057479a782a78d118a7ff22fdf2e9a6b200b1addba59bf982418f411c3b8d31c0aaff6c84bc56f1e41c9a17d71396c8f29158520419787ee57945dd24404d7dc8ba8ab7f3354e4ab2e47a9fdbede051bd30fe5f2d94c37ca18a0670f8938acd9577ac95eeca055e4c78a50b3b66fb719bff9cb5c7c38ccedadaae68f62edd784e681e164fcae0b38f68d723764cf50882ab5
32 252 0 13 36 1 :b22d0fb44ca2b94bd4afe25f42ff1ee19fd802e893dc9464442cd03d7ba65d2f168916eb8fe7dc4b16a2bfb818de604c691a0021ffbedfd442247302c5a92ece6f8223784e20e619d5aad7b8cfb88e855a6753f26000e049551756f13c652126b02116bb3ee2ad8ff39219b40b7f7e402f8cfd470ac6afc74e2c514c11753951d780469d428361bf53a7f3103fd9fc184f7f794ebd20c358f7bb28242027580794e06cbdb211d42e1f0a4b4b9a1de3c87707ff5b1f573cc1c4437a846ed9821be687bd52a522f5e0de04648e9e2cb1899760026c064238d8b8f9323dc49ecdb1dc1762ecb1572e3277affc4f995617bb9541904dafa8565216e3f35e
32 253 0 13 36 1 :6a4c65a21fee49b689fe71472041b9f4b01ba02976d598090b1cf01256fccd326edd9ac7832df500630a379f96da2474c6b9cd41ff89b6105caf85c08e3b9b4f076df57a709e6194bdd840a4bbe3045f9acff9f38d745408cad62b1cd56733224931cdb66e5ee18dc20a18c5c3a1c7d7acd80da730a19f8c3a67ea9a7f361a5622b197ea59baf16e17006b392c2fd2010282770b789a5d75377ee9628a1136aa1f4409c79126a509885fbc57c06804f4e3cb1ae7d4dc706cad62c94cae8ec5b297470354eab4c165ebc6226548a97bb85e688177ffb0bf56e38ea0d7cbcb62fa36b4ab103ac87bbd144a38e306df75d6d875c1da6fe1a070f026e0d8ab
32 254 0 13 36 1 :202c8136b3fbd0880c00377a3a5145a83f950dd698c7c6feeac851856901bb3fe64777f3ea7b5e899cb1669261ed1d37d77854e0534ba1e17521be80008ce194b4edc2ad3d56afb1db79d6f01127a4c9bec40537b04d1f93bb5bfe608e106806439a7020a7fce871755ac8e8bb4c9c409d559b1049d4dc5101c717773e85fea0e4d8afff50aae0692da4f99fc6afedbef141655652000c75b3f7dd9d1644ad1b2539dd0477c56e148830621a6b0ffa56627582aec575b4b0821fb3cb8d4424f7c3bdb7ad941d03fd8c6924099238abcd3e64cc97e9395ef92655e6f4cd39fc6844af0218d294e5aeaa585ea14914c26f43213f69be21f69196b1172a5c4e
32 255 0 13 36 1 :2623072961ab73787ac7cf43cdce40b3da916e191fed2fefe3cde200503167bb8d84c8226f04271b6b13d7849658c179afba53c2cd950e4ddd8005313cf2cd326e61a606cafa87f5622de162a4916252dd61b8db43b614fa80628d93a1cf990615043de4991b2a2cf0b2317a067dcc4f582763cc485d4159cf1354577afa5296d5c2db63bf607ba3725643874a549510263c065119b4eaf2f1f59e1b09597a08e1c3191f5b3ddf025ac42facdc3373a9f5baa8ccb86322f755d94d37331427b926db8798555c2e1a6f2593ecd04d6aa056cd382cd296f9aaa61cd85f51fda047c06eb4f5ce57d18970e83512fcf489c44162d8c75d0ac63113449bb626e7e7
32 256 0 13 36 1 :86c98a5dbf5198a981d198b199b1318135244fc66b447752dda497f784830c0dfc35f405e1de6f83a41487f9385781ca21b73781c8858393389e69def1c53624032230946c1babf8af2f956b8b52cd2e7da266cf79a8ac97de4326cc1d547c29f058db7bff370b2ea052bc88ae25fac25417e4105d1417d6dd15734e71d04c082fb05b499dee3feb6a68a34e0a040058017d5813c1f049c1fbb354ed443d6fa32eacfd5dd22d0752aacaa9ab65a8b97d2a1e142e405e750b9daa1ca271c57d2cbcf5c4a14a20d88e0dc63378463d2e61dd2e0e6b1cc5e957b2b4c953578a965e58be7392d529cf92efba55c738a63a1182bcf4c1cdee1c5444e62be23b5bc9e5
# ERROR 32 257 0 13
# ERROR 32 258 0 13
# ERROR 32 259 0 13
# ERROR 32 260 0 13
# ERROR 32 261 0 13
# ERROR 32 262 0 13
# ERROR 32 263 0 13
# ERROR 32 264 0 13
# ERROR 32 265 0 13
# ERROR 32 266 0 13
# ERROR 32 267 0 13
# ERROR 32 268 0 13
# ERROR 32 269 0 13
# ERROR 32 270 0 13
# ERROR 32 271 0 13
# ERROR 32 272 0 13
# ERROR 32 273 0 13
# ERROR 32 274 0 13
# ERROR 32 275 0 13
# ERROR 32 276 0 13
# ERROR 32 277 0 13
# ERROR 32 278 0 13
# ERROR 32 279 0 13
# ERROR 32 280 0 13
# ERROR 32 281 0 13
# ERROR 32 282 0 13
# ERROR 32 283 0 13
# ERROR 32 284 0 13
# ERROR 32 285 0 13
# ERROR 32 286 0 13
# ERROR 32 287 0 13
# ERROR 32 288 0 13
# ERROR 32 289 0 13
# ERROR 32 290 0 13
# ERROR 32 291 0 13
# ERROR 32 292 0 13
# ERROR 32 293 0 13
# ERROR 32 294 0 13
# ERROR 32 295 0 13
# ERROR 32 296 0 13
# ERROR 32 297 0 13
# ERROR 32 298 0 13
# ERROR 32 299 0 13
# ERROR 32 300 0 13
