# in_len out_len m_cost t_cost time[ms] memory[kB]
32 1 0 14 48 1 :5e
32 2 0 14 50 1 :e8e0
32 3 0 14 51 1 :d245ad
32 4 0 14 50 1 :a9f8b980
32 5 0 14 50 1 :4572a86963
32 6 0 14 51 1 :ebe6d673e040
32 7 0 14 51 1 :dd2cd93e0a638f
32 8 0 14 51 1 :f5b8be50ac6fc25a
32 9 0 14 51 1 :f8d43b64e1ac6c1e33
32 10 0 14 51 1 :367ed91f30630329399b
32 11 0 14 51 1 :45add70ecb688210bfbe48
32 12 0 14 51 1 :f5eaef369c3dd703b67ecf49
32 13 0 14 51 1 :12c0f82dfc7d89cc1f155d41bc
32 14 0 14 51 1 :8b16f77a905980a57d39b4ee9847
32 15 0 14 51 1 :f9f3e7951a4943c656efd90ae6ed36
32 16 0 14 51 1 :12fe4fc55d309c9101e6a29247aa38b6
32 17 0 14 51 1 :ef4f2e50545cdd4273238f9c51a01117fd
32 18 0 14 51 1 :1257547f640a8421c922c098afafa560a515
32 19 0 14 53 1 :cdd7e18492b27b4fc436a31cd2e11768be971f
32 20 0 14 52 1 :72f6bb86787c0f02bbbc651e90c48cd2dd1b2cd6
32 21 0 14 51 1 :1a0a0c81b8f8d291643470ba2731d3551d7a29a8b2
32 22 0 14 51 1 :51e0c3cec6cdf94758b911fc5d0bf996ace5ed95a21b
32 23 0 14 51 1 :0f00f4bc656fb723245ce119e4356c783efa7f4055166a
32 24 0 14 51 1 :27837d2ae05212bf789f5bc2db9eb849cc563a2cc3bd7c8c
32 25 0 14 51 1 :c047afa2726a04a5206c53acc84973de2ef7af4b51a075bef0
32 26 0 14 50 1 :3710fd9f2ed646302dfd80cde47214c45f5e6f7c1e0da5a90403
32 27 0 14 51 1 :7911a0db1d4551bc85d8e525fb514697e522e31704c7bc9137951c
32 28 0 14 51 1 :dd8edf9517fac3391671051bff11f3ab81ee31e24aaadaeca21c8431
32 29 0 14 51 1 :7fa207173534a96944e6ab2007dca817d1c7a66c79860fff46bdcd958f
32 30 0 14 51 1 :6dcfd169ef75f18d1aa8821bf88e4d856982072f955b82fa59e5ac453733
32 31 0 14 51 1 :b3945ef5bfbe8ad795502bb1d2a46f6502bd423705c08878c7d0e3acd68037
32 32 0 14 51 1 :672ae15a38ea4d07c4738f6e53e25e059c9cbd25fa2e3b6966fc49f0555e42a1
32 33 0 14 51 1 :4cc87077045df60bb4d969099d8777bd1ab10e5eaae2adefeac1349720e3ed2e92
32 34 0 14 51 1 :7b68778e5e01c56d531b8faecb4f38b90edaf0d345c5a6df25d42c7226aa567a7f9a
32 35 0 14 51 1 :f6847cd1d191788ba52d7d6819c0a9344056c045000da52ae015c94940e98366374d48
32 36 0 14 51 1 :75f77c2ffb1a7e5dae82cbe1f8ac43066a030b56c0c5260be5df5c0c69cb8727620370c7
32 37 0 14 51 1 :7eb2f30c575bb18833746eb96d1a08c397158bac1bd30ddcc45088033629bbbdddd995e58a
32 38 0 14 50 1 :16438c05075bfc304d2c6c4a5e204857d2715fb0816f4b3060c6ab1ecb1345eb5b334b3f42d5
32 39 0 14 51 1 :3cb8a24b8aaf5792aabe043856a059c68b57e4329426c7c6b00628052e384446ab8a2f217c2a3e
32 40 0 14 51 1 :44038d7479e71317fbea8da5d183ed25cfe80e4a6068589f7fd0732c99783bf186603bdebf2f5c49
32 41 0 14 50 1 :9fcc68f09b3cc896f8dab3b185f89d4f9778f431e9a2a31f861de74a1bbcfd04c8343aad7dc6dbc44c
32 42 0 14 51 1 :adb446cdfc4e096c733b39d97b05a1346c039812a4e718216fd23a41874e794bf1e558bb2c1d74c706f2
32 43 0 14 50 1 :c6b550bab132f0d9d72728055300cc7d908bf5dfee4201eb2c7dedae2ca6ae1c48bd166e56b4d3b4194a43
32 44 0 14 51 1 :d46f4da927e142bba6bd55c8de51b53871543350566ee9ca2407ba2d6f51f307f1763fc8efe21bb1994a993f
32 45 0 14 51 1 :0472376fa5388b24306239943e725b5168aeecda6f3630b61f33f1e2230b9acbd5c588649b3a1c3813b4a784f8
32 46 0 14 51 1 :ea86126de1f060402a52cb0eacad386ea2c1690b2a576e3b49d19923da074c0102284c35a23dd521c05031b478c0
32 47 0 14 51 1 :c2e1697e35ed7651b1df4cf7095513225dca8cb3d456b9bef3e87488beb0cf25e01f2486966240fcf8795c770092f5
32 48 0 14 50 1 :80851eb5b26cefb50c3722bc154c486a3cd9e9805aa19323646520a46308c5ec5160c7d9ce58c72c0a5528608dcaff05
32 49 0 14 51 1 :bff56d8b5a06ea7acc1aca5828107940644f5067dd3d59ce5d14d52597d8de4bb8b26a50c4cf7cf981635ad40d96561855
32 50 0 14 51 1 :7cf00364b3b5792517b462945cb44c4da37e699c74a5d6013283e84d4b69f5b4c83767ed64dcbee9cfc924aa5a659c54cdb0
32 51 0 14 50 1 :10deed88c16b1f3b4f192c8735a1e0e5948a66bd0d2a4b17864ad50d00c482c6c57791ac7f003a86f9148bcb237938e5b5a7a8
32 52 0 14 51 1 :3eedb43426256ec786ece12f4171f70edfd9659e6b79ad069bcc34ed818fb97a932ea19a9e539a6926eed82c550fa72f261f00ae
32 53 0 14 51 1 :18014029e4cd265abfc874a9e1c03d1768256e67e8c967b0b17e22ede816b7c239b06f0dfb0526fe8ff93fa90226277c551f703f9c
32 54 0 14 51 1 :5756edb6046e19e7bf5c079a45f2fefca4e1872d5949f4308770396ff531b69277c3a66696f2d8014811129dd6295b4159ea35cdb2b7
32 55 0 14 54 1 :e96591e194da7cf7c65daa3e5bcaeef96771222946fa60e4064cf07b6481b62a47380a6072892929165ba3e4fbaca81ce3f1c5dfdbf610
32 56 0 14 50 1 :6ef87eae47578fb6f9054da603e58ff78136aedd4ed9108bc7c4734ceb06a725c3b533c7c142578511cea2586e37fc7cb5fab3d16f3ae931
32 57 0 14 51 1 :7099171d70d2db72ee32075b14cfd0a19581dc46dc7db471e40f2cb120bbdf0cca1e02ccc457b2bdf182a36cebe583fd09ff6f6970f396305f
32 58 0 14 51 1 :0b81c80ee0650ece6880c039e65cdd658baf3f4cf849ed6ff566621faa0db8fbc452cfefbb94fefc0ac0dd1671fa288390a35556240319049076
32 59 0 14 51 1 :d5ed95427cfb9d8f8725a6b66be19f785013db0fecf6efb6382bc2db345b71ff2bb1ea06e0127107f271df5d933b1905d60f2cfa859dc8e628cd88
32 60 0 14 51 1 :437b9b3b2b71f6bc2245c2744aa6dcbe7a71d64c542d2ddbb7b105cfcb7420bf545346ada4f199d61e6bc41d1d08426ed9dd0ca3a214425fe6836629
32 61 0 14 51 1 :adff8838b569f0d6a7f81ab0b70818fd7e37ab4ae359c7124809e753cb2335dcea1c649685cfd192c421e0def05a408f1d3ca8011d1af2c065328acca6
32 62 0 14 50 1 :db02f1b5e0da803822c88730e7db22d871b4ef92ed9ad07677bd6f9d8922c485fe628dce149daf3721828654429bb587d13dcfe8db078091197053fbcb82
32 63 0 14 51 1 :7951a54e38d0faa23ea828339e37ef16ebbe6f01a207082e6a7f0245c0dffbf2eebe7fcd45519eff5438d8dfa0c944a140fe64e251512051f3e1918559e872
32 64 0 14 51 1 :630423e7203ea5b147a2cc661125f83f7e48336dc7da54edd448750d96d61de5e1da8c6199c24df00bd149e886e3549a26ceeb5fd93d0199225aec5bb2a1058b
32 65 0 14 50 1 :baf88118d14278c0adab3a3c97c8c5f9a7feec42257ca390fcb6cf62f6bf786cebf8d15b21ac7876aab0a947db35c00ad2e41fb09ce4601d35da1dfb077091b143
32 66 0 14 51 1 :1c6b00f0761e75e2a65c444c4051c7c6462c8e991bb29dedb7f3898c1998696727552bf96642e10b70847e7d8b0a0203eae2813c50971febb459e74a1ce745e9da61
32 67 0 14 51 1 :4027ea44117b6888ac48e66b197596f5f78b44b2275ee577809fc629be9ed3f697b2d67e0a0d2bc362b0f1bf3ae2811304f7dfc94ecc8968ca2c277cf1bd6bcbacf934
32 68 0 14 51 1 :e1c6079a8b09495404d3865b48326931f9ac083e8365c33bdf92824ecf4df77936155f9da46f61dd086f4c4e86460b8540ad92f682048f5473cd7d3dc3d250f4f9c8b9f9
32 69 0 14 51 1 :87b050e2c4175d93a85963c7c5382382f861b254f6dd5a1d3f1a0ab50101332dcf80566ea2dd34ab5b9c82d4f8135dc71f2d20e7c21c884026362f6d075bd58ae642ff8ee8
32 70 0 14 50 1 :279520b98ae21345f6946e0d94fbec2e4d4da39780a953802d64f5786f8c68378c68b9e003153235979697a6223db92156cb341546c2503c6ee91426c3eaa3f31e2da2970db7
32 71 0 14 51 1 :acfacf8cbf3f68b4646cc9a9661390b53283c7b32cf7e8ea45e766da21412bdd1c5b213efe8db0333488595091124128fc1b15a8caac217001342e19fe7ea6062be522d6bb6ed1
32 72 0 14 51 1 :87fc7cb668c1239fab1e7c6e566b9f23acf3fed22597d8760645afc44a820e759b946b01072edd76a876bb7795b7faf8ce8bee3ddfa107cede88a55018cb9c693308c1a2e8de3126
32 73 0 14 51 1 :646a6070c384c33c1f419b7cbc7c9b594ebc333e75a91c6984b50fc2b4101e7cb987af326a7a69fb29ea40b1b2c32365efbd72af477ed87890122753ce7dba9315b6e5383919e9bb6a
32 74 0 14 51 1 :69fc3f9dd764ec392a17e19e1c8aa1045c1e8ddd8677acf4e92a8e529ae17491903f219cf0c9dbbbdbfdb2e4eee02b8c337ff86f44c4ca4f578843c9e0a9ef0f0d2590d06502cbe6b661
32 75 0 14 51 1 :d67af9d014548928bafb66224d6d7e90b8689868d4c1be478851bf85e62b6fb06c7e940f25305ca80f7040b2a7c255dbd1879cfab606e2531a3c681b676935846da26af5f0b1b13171ea3a
32 76 0 14 51 1 :2814ed7c882206b913ebd779874d514b3672d2ea872d2c62fc3d19e1c1aa283cfe8150e7022c8e88bffde60b85093655b366a0a2a940a7d2a88a9e2ad4736622d8d4502b3e4d8e65b4895f31
32 77 0 14 50 1 :d43d06637e262c9e23cc5921095161687aaff005f4732291b7a0c2445cd94dd86598df558b6b3fe80c712c4601415a4a39135dff579af2525907543dede73b994bc307de59ced80631a8b872db
32 78 0 14 51 1 :a8f50e803bd25b3751eecc24bc60e97e74eb414ff4f2362e0d0decaccfc64fefa5f7ada2a4171ffdc66fb039e6185bf38359715692c1e97329973e8081b0043d8a07cee477664f1949315d8dd871
32 79 0 14 51 1 :bb250a372d52db98924c910b1e419eb010e484f533258c08b3a64f31de178d06cde5d3150f161cc1a98e99abf5eee41f9a86154a8ad5020ba5f032bcb4899e8c34f072acd21cf3ec57be43ad90c003
32 80 0 14 50 1 :e78141579d1adb7964fb4bf8232c2703da06a645a27a08aa2d07e6443458c1601a8b71712e3677041890dab886d14e5987519ff0cc8a47fc18770754c18f1aa4b0590df82e540e5b3f74abaecc17881e
32 81 0 14 50 1 :bb56fb41399141afda83912c566314881931591171e029c2064ca110fa3c7d6fa9db254c97bc235b5defe68a368f21a7603bb8649e3581b23566db750adfb3f0cac5070061317b91c1c06e76b1e8573640
32 82 0 14 51 1 :a1c4fcfb2cae6f665fb3bd20966dc4ab819768d1b462b3993c04048d0e7be458d0e6575231fa4a5f8e51b0c384bd9f7f94c9cafd787fe486329ed5dbacca7c955aea37ce7e24d6bdde1096e022ba1c958c17
32 83 0 14 51 1 :1a3d18af595fd1da5905e49521692a2f260d561b9234d2ff23baf62126d79154e4298f2fe234ee6e3aae8cf5601bec06a2dc4c10337f3adfe588b3c9e33221655e06d5c46247ea973d97b62284dcacaf338d82
32 84 0 14 51 1 :57f7af9f2549d15584031babfc7a35bd9fab104ce05620ae406779d20a0ca91471901754ebdf173ecebf44b2ce09c421f897a92761f4cc5c520431280b5ac47b33acaa65eae97d7e8f388a62e582d5abbee7b718
32 85 0 14 51 1 :c54b090e6b60208d4b11531366c10bbe3acb72584c221dc7cd386b269d1f548f24b28990eb5a631289d7448f64ab6fc533195902a66c9b86c2bbaaaa502dcc19af5f0ab708372e29cc7d29a4ba6c7e711073a95c43
32 86 0 14 50 1 :99ad1057b0abf74efc96ffe4cbff900e71500cb7fc664311e1a2f9d1f2520bfada8be50953179c02bd2f9f5a5d99582080d4b8e57e4d62fcb3fac2cd97e243d2836d313798ae05c247f20199373830becf4bb5c3d114
32 87 0 14 51 1 :6d23db0f3e6242f7b175714df2f64b06a290c858cf0e9e0e91d8215b38b457e41f78b87179eca617eed87b59979daaff85881527556b4cf066b628bb871629b719237ffa5d389c6020f8cbacd9c6d8610e7ca4906f97c8
32 88 0 14 51 1 :78009073f0813b0b681d8feb2c638e3d7e9d25c2ecb01070a45510a4d52ca726a5d7eb428c78302dedbd9ba316dc9990548812c2749df58662896e7080be845347aba89c4fed244b35dab76a5137fdd7cadcb0737a9cba27
32 89 0 14 51 1 :2c9044415923dc3071591b6a8a12215e189f4f341566e74362f42d13a2b49ac57538845f156cebee3f7e71ee5e36e5b776d667daa4ab92195a7f9f905ee5823d7656c45def40d49f667d8b05cc9faad21fc5975fb4614ce264
32 90 0 14 51 1 :d018bac1250a5816421f5fc11431c52e653cb6ec4d946b718a89f5493fa98d4a5099f126936f4c4b468a2e0f16689bd968b2b943d6506c2383eb75ab736ded3c31cc7fe890f38345f02c3ec2faf39eb0332f8ba315469cec5bc5
32 91 0 14 51 1 :8bcbc3ae183bc81208ec6c30973636b80917ef91fa38eba7a198dc862c40228d8ec36359e515d47f8986df81c1322895a36420aad7c893a8dec754c8a78b6a1a6fbb9f51e75fe43c9e6f65ea386815172d0fc03b6ab74064c2fe96
32 92 0 14 50 1 :d072ab62498b92991d0c741c3f8a43477b0af430cc9025fc2b82f106ecf879a25727eaa02f06441ad4ca3908280d05f4d07af241381daa168098038a9f6eb57d363f2819f5d4db46f84399934de7a7bc03019d3298a9244e67fc30d9
32 93 0 14 50 1 :ab9905890cdc0262c9cf97a042a03793f31fcac51b72b5f0625a8c530143db661c24f2c43a449786190b9400a05b7c7d52e206ae9147343ed51aca2b72fbd7594c9aee6a0aa4fd7fbcde3815a4cd34bc33a38a080cbb75ecc54bcead8c
32 94 0 14 51 1 :6b2e90d6008e4521be55a1a8d28a769edd5e794b92314f21e5d4db7d3696619bac0ce3f34a3d842ee05b137071768f4b2a4e97f86dbe5abda204c2952adddf26ddbf503e76a2be3828ca14feb75dafb1cff4b0781f1f00edd263831e409a
32 95 0 14 50 1 :76a3e1da1ac7c5e97b64f47e333366cc0d455a1d5c2ec36d3ea5f709e1ba707cdc1830a8337c279ae112737dc61851b8cf28ea69fc7cfad257df757fa655368b20a1a47f78268f4a812b1741f8fa969df36485546614f1c640d61041ab6d98
32 96 0 14 51 1 :1beb355587bf43443e3d5ae0d047a85abc63a1467d2194f6c9aefcf8467921094a080fcef6b3d89ef1255bf8dfb7900043e71ea7615189f0073968c9751f0e49daf91f7b700d64c6f3be702fa694e09c78280931d63ddf96f948745fdb7f02e6
32 97 0 14 50 1 :657ee6a01d1cee51009a52e04ec47688c94fb38147f004b55142bcdf3588863d975b478e7139d5876f1fb8e0061b1638eae0e9267d877697af2a9ba1c4231091dcfa80321ab75f1843721a4df7c34120cfa60d3fbf959a0018c2cf22e1d96fa65a
32 98 0 14 51 1 :fd30256e4a2fef5b20c9d3964926c0973116e9cbd886de8d1da7c9f12ed45e0fdd4093dcba1a217294b52486f324ff3846555dde68cf3f8d884a325695fab69f33192ba26b9f18c8ee17998c8ed823646e88e21c097a6279bbd46cd576bbe900a3ab
32 99 0 14 51 1 :288827db0394fa2148ec54629fd72cacf0c75b9c5457851358eb4b82112bbeddc67362fe41787c806a584339f8c2efd7e29870b16fa74f346f3d55dff9b1d00858fe4fee4c02be8c2bca285a0c4bd7873676df8117fd2fb5734e5da195fbfa8fd664c4
32 100 0 14 51 1 :13d314c33c7508b58a500b4a2fe5cd2ce689d48bba176680a151dc1af274696bff20cbf85f34616ba9e556025f57ec78c5ab32b78b1e06051e752b5487f014135913028f9b09ec69df2cb5a93eb3ff705e1ed200d7cb4382e6ec6ea8a406489616ed0bcb
32 101 0 14 58 1 :fee258370339386a1729742bb87fb7fe8af73ced914d368554136782ce017ba41979673cca4414798b8f9a2fa324ed667534a5e63174324818e3f73059803f95d05df55fa28bc192ee038a87d47aa4eb9bdda746702b5f0201e09c8ef6a9a6cc545f91113f
32 102 0 14 51 1 :f5522d89ca57b54ce1e6a2b96f602708c6b006104a7a5a4689a607478373e267291f1c85933874f427ba31946bd79f3c2705118e0cdca45f3fdd6d76510783e63b2edaba4f5eecb211c23f151a9155c9f5f30a1936c69f42f5cfab978747fa6bba4950d0d8b0
32 103 0 14 51 1 :b3c593a6297d52836f2d64839f08ba507ae38d06558a8a936a69a6f622c3a8176b77e0c119470796d7cadebd95e3e6dd961bd19b9e034806f83552decda27746c4b4233385e3bdaa7e6c38ff9eedb7d01e15423610db45bbc0fbeec616c65acd519278d975aebf
32 104 0 14 55 1 :4d1f8a489ebfa7bed919f369cfed5b49d894668243934a41e801a4ffed3697f422efd820ce8910c5391a85c50228dddf1e01d3d2329008dcdba68bbb22bdc2c256691dd200366089a0e18b93b8a4d5093b766cc8593edd8d8483a9a2b995f4aeadf695d0be8c8027
32 105 0 14 50 1 :545966a23f8dbd7b731c6d85ac94596103862493d432eaec2140ec3a654702e788d3c818795fde9acddd96371b62d4c490b4753830883972aece97dbf6d8ba2e6720024805fc808e027c910aa8dbe11d6d2824b58eed334858949bcce15f858470e3fb22f2330a80fe
32 106 0 14 51 1 :e58fc5cc6bc8858542b290f6d7ce5eb60f10f97b7307b0a794cea3af9f1bfd450de09208f2e6e16fb4d4151a41bb479bb83c0296b7572b17199be361659458bfc263042e776a44638ac2c021c8f28ce93a255e13a0f94e8d325c65579201399a18cfb7a55061b52ac79d
32 107 0 14 51 1 :d536fb0e58d7110ef739a6e2bc106435b52c20f8c859294f2daf68dc5964ad65db1f74d856bf783ebe1abeeb55424aedd0a63a898650e30a04fce6179655531157a9bcbbb02cf6c0dbf8f867697722cd0e3d7fca9d81cc69fbfac2e89b74c86ec1a3ac3b82cef09567eaf2
32 108 0 14 51 1 :e27a0405fd542d7c1f6111e85341601f32e1dd7f4223d0ab5b1c7ccf04ec7525cdce119bd118ef9c8d0a02775ad23324d817b3a91569ce96e856c6a2395345c5317412e05b0be2564a9475b81fd31491856dfb7a9e939283a7fbcf9fb80bb5d134d50f9064f70335b9becff2
32 109 0 14 50 1 :540fa707daba8fe3c0b09afd835c5291f02bf1e8f63174d137bebbcde691ff8097ef5b5ec554fb28468a57f4568f24734201af22d55b561c27ed1b2728234a624fc03790bcc3985f43113e163c4761f333374e7c50ae82bc590fa5cfeeb7c52841e9db30ac29a32d8b2dbba06b
32 110 0 14 50 1 :34f29afd9aa0bcad2900107616882a1999dc4523fb3a25e605464382b836664ee31a0b8fd09b9e36910ad3de14911350e82d171d2e763afd480f4aced617e38197764372cb2a953703b7391ea207dbb415a5c970ad32e1464b851f13d183f3e942fa6b22b0df66bd4e6d26fd5eee
32 111 0 14 51 1 :0833322f12b1a1a32d84d8d85ff47d48bca498fd2c1e9bf6c9b8183ba481bb01d1101c0f23b0c8868504b980dd22f812bbe3978a4552a3a11eb4a55a7d86d59497cc58890539e810fb3ecebe2f87d5ce6e08e1f6b07a2a0192d443aab7323d67a3b9303838cafbaed423dfa37cb93d
32 112 0 14 51 1 :a8a945e20171e49d6389d4e4729a457359ee178f8ca707e60560b8cd82cbad6bb69268d00b5a7d98dab6afc42a720262f6d33e8260c6563eb017e5674e1031afc582764f0691573b9d8b08d5fb4d9f06d0e1b1f8b9bdcd5264850f50e3011453692bfce4220f9f28e028e931e45c6bd4
32 113 0 14 51 1 :4e44ccb68cf938eea3a10f1ec54ad91239f9c187965a28994ed060eb433d4e24589c30c4f8945350764b90165ee0b0ea57708de9b5efe37fe792183ccb64f60bc06227215c7dece99720320fb3b7129e18ebf83e5c53ac671196c2d5c70fd7c05c5f395834b6bb6b879491780179d1626d
32 114 0 14 51 1 :6a3a8c450f73ee90029b8a75d1b53de066bfc235e23e276caa28a72fb4fb1ce95f09c51e88d136b93554a69260996a14e25cf66bb016fc6e3e202cd97e7f1a6762d0f33fe3e5f28f7fb444cd7e66a4fc00140957c4b4246b6f1e47d65aef66243b0756345ad576dbbd727fdc227818327de2
32 115 0 14 50 1 :d924385e3e2118fad0f4db7151de30ef1998b5fa7363e213da4def32456b0c11d6a70ddc5612edaafa32f0deca5865fca128a0b73dbff7db99c6f14cf7097cb5665681156287dfb3e5be6e4f08741425ecc2e2c2fdeae9dd4166c9d4be946ccee5da8c680f2b309644aede2ed5cc416ee3aa77
32 116 0 14 51 1 :3ec9179dd26c2f7d912112648b830628e300e69b6dfad6ccb98df4681c1e124ac2bbfffa353ddb9ad12d00f5fcfde68642817ed0e40893f3a3bcaf9b4f5d242f14988359d9393316d45b2367de00719c0d61dca3e9ddcae25110656a16ce547b98abb1fae3090c874e9f132f4c8be956f3755874
32 117 0 14 51 1 :dda90254d5a6b9bd3eae2c5c9c5c006e6c9b8faed99dd1d006acf2482555834b6c178a161d5cd1ad2d10abb8b899dd4334f476d461e953c5cc5bd2ef7f06b209d79c293b94b033269f617421afadc7b605a5de6f455475e7143dc8593f02d396024bf4e96cb2beb330ce6d45787a8853f1445390a1
32 118 0 14 50 1 :e614fc494fca5959561e84bcd492145547edc002a9470d777346016d6ec0b8adf85b87762f66dd25eba795793519dc874b4c1ff6e185f6348e7b34f1b4fdbd624ff57e23b39f6a92253223d44bfcbba870b274035a01823fc2bbb0b1930ddff21585a3a81ba22e3240b9e56e1f7827d85d30311ae17a
32 119 0 14 51 1 :94dc966f92001a672331e0a94c13e688d93929795a9d3b04cf5fca52ff1560eef8810daa13b1a85c72853649cc9fd51e1b8789fd4dfb547a11a6f7cfe9bba65c94bbed155b1d64c3196893f1236a782b45c3edba7308ef5c1e89f27fcec83943be5cc89f0ec06b199358c0970f9d3293545c144cc6d1f8
32 120 0 14 51 1 :715ebac6f76cda4edef9b02672bc8daa7c83be7a23275801198745ca9d68e2f25625f6316dd57af9c9a2aa275ab59fe7e01e54615b55ea46f6a991e91aab22f08aed4424294b6403a46fdfb9ead92db65bc43a4f71ac4a82e484b7adf4917786e292b4cfa0774524e5e8e189f61f710e249b77af82b9a279
32 121 0 14 51 1 :cdde3e22b579d00b6b99f496a0a45b4db437abd3b68bd47472d111a8b18cd9e4141e0e0f12924e84e2047ac4a1ed14684f790ea02233822666f1eebce4cf85db8259a49be00f75f4bc881c8b5d2ae5fc4aca5f993b1496c62da1a5abd646ad1b9d68833972108829117d03a805493c0052b3af1de417b508ca
32 122 0 14 51 1 :be7024c6eab1b910c77401010c24d7e25d81cecd62ed066ea79a123d20cd036eef3ed5831e040d1f88b039fa5ff5826f07aa76bb2871ce693d8338d3cf6da498988ab53fdc773069bec3d19e101ccd965636cfd959f3d7e1b92511e3596ddde15867f93833ce97d8eb59ee1d4aec8f2d48336bdf8d87d21dc451
32 123 0 14 51 1 :e41c24191057c6c82efd46f7bd9cddc62428d6f00f48837a47a69f4ee4e55d3fca92ab9b11b48a0b65be3ca4d98776a120ae0c188f1a951f3a0204a2ac5f77d3998a0276034d65812262a949834e375cac8079eae922bfc8966488bcf2df91a90ca5d783ecb215b2ac43495756a5b09ef7795d8b4c54e9e0a05ce6
32 124 0 14 51 1 :92d86ec78927d4c85953182bcb08e27e46280da0e8d286f9b7dbd57d79cbc95622190f278edc8d8441bd1e4c50c6a98edf41efede78dc500633fd005e46afe482d37f4fdfa21a1b642ab332928a039c368eb65d6f2f2e91a1497ccceac6905977e241678e18f8987f906cdda8569ff5406ffddd8e22e1da0c38392a8
32 125 0 14 50 1 :79ac5cb3a4f815f5ddc67d9c02aa69cda53f3a51d0670838a31c5bd95517faa1ec90834ebcbd633cbbe8b4c95c8ddf25190fe31083dc7d5e7c1f9b0aadeb75b10f4757eb358161ff3afbb5bb1097c98f2c478e26fe064e1811925560dd9d39c42a0d5c7cc34bc751e505c90ae9f3144204067dd3579d07161480303752
32 126 0 14 51 1 :8c7a17fdae7e71459d0155e798bd4099c78649688cead85112082637db94bc80377e8733dbd95c2f91c05b0abad9da608356afa58d924f8ab097be5c5d0131190cb9f6a4778fc3fbd83a8ce8137109b295a7ef9547937a7fa8c03185ccaf8f7ce8fd33ecd73e56553e046c70ca1d5d7ae8f1433a20035c2c495edeba0dd7
32 127 0 14 51 1 :6c8ab64f41f68a1f3927764a1aa685ed7a4e945d647d23e17f23db83a14d94ba88381f169c3548fef93a79766d3042eb88a93cf4d4c4c3e4a5681cae36acabf38fd6535c2a38da3e64371c454dad0f61a4af048f302c0149c0a31379754141369ed231bb2a65adc2db13c49e9aa3260b79b999f7e321d174b25bef63f639d0
32 128 0 14 51 1 :1bffb8349f2fc1177de132351d73ccf431182e94a7b15707680ce726107b978834ecd97aa2288b72168b6b914028ac70639eef4de92ec3a2e38593f82e1820e9de920cc4cf817b647f6c1fb2ea09ada43b8b0e2890afd01bb1e81e12d1b89e81431fd47bb3e14c1d5d93ab215889349909120e14d14eca966a34f4156656895e
32 129 0 14 51 1 :7014a4d46668503dfc42cc82a34fc60eafcd8bd35fb561e3a8fec92b3f0f3ff1bd3f375948a828c039c3a82aa8adad72d65195f66f740d7634446a04ee1db6d66644034e762e2103ad81be194178d62d0cf7fbdde38113907f49dfcb6f7db72f373995ba2a9679389e72d307cc9fa601a3a6957aecf0a5f79ec4e337f15047ac23
32 130 0 14 51 1 :52a4f8434fc3a748b42490e4b93bc3881d3af8b45fd5a323709f47165177378afd008c4d30e44a7ef80e6e2ec54e2d35ec345caec7df675a72411a255011734262d08c31d71673453b234375f6694ba36288cb43822c83c40add4d6614ea3145387689b3c833d5bd0a760978cac8604c5811359d9020b7c1457a016789a551b09fca
32 131 0 14 51 1 :1cd2fc8985216364efbf4ad244c2219e0769780031c0ea2da5a51485ce5937b83528b1b0dfd8a3cd446dfaacc465e3707c40d6d6c0651cedccb24a7bd494c3dcaf2efc3bfd658c306ed0803cfb2422b278400030edee817f3ce82a52d678610f34566008c3fb7cd6a47cfac7d69192c7a6c2cfb7218167cf8b430bfbdb2c61a199ad8c
32 132 0 14 51 1 :5d6bfe1a67cbe39b9b2cf054a1d01ffeeb629f68f76bef15a1baf42524f5208cff9b6da176557647669a0c70148ca6998b5b5f83d7a04674b18a8fbd23703ce6fe1a20e85f26005d255c6572a95d5153504540c487140e2795d58a60ebc5169877babc975e26757a19673cec03fd924d1bfa92bb119aec892d6095f1295344faf12eb927
32 133 0 14 51 1 :fbb742b971a97a7d8d257ed321771d79d0a1a8b7182b0c543c748cdbc1ba18b0c1a4d59b330b8d5a794fa206c46928583ee0b118eb4e05f2f9321d1ccea1a7a50950bf465b1f24de201b4d9390f3a15fec381c730ffddea830e39f614b89e4d8c8bb9777281fe93c28c17dad54244bbb85e085f4761d5b1efbb83e8cb94cfafb8789ae0704
32 134 0 14 51 1 :77398e00c94016b657ebd79ccc3ac5c2073147d31ab29382fa0a941a9446c59c091474eb617b4640a9de85b8825ab75a588ef9c1e3c45933b0a3580c42fe8f47a117ace2aab4a7b086e46fd1a1fa5fa607231acd5d48570f181b3ffea20b001b9ca6e87fcb001cf24533ecca2526ea1f4f2400eba992d70ddad7c751e0e25e272012e2e021df
32 135 0 14 51 1 :505a7b58b7ba372fee49a0232f8c5feac8bc9a76a268e04c43d930ccd12def3d417e4e35e84a842d08e4cb1b05eb4f8543cce6314afaf8fe36342773dea87ead793b1b98651d5a3bc814f6d2d13d1bb3e8c600275a05590c816838c1c7ae401b95c9a06edfc638bfe6fc3684bd9ac6fc39780f0d40bbaa0c6a8a42f09c2bb94618ea7c7bc84e39
32 136 0 14 51 1 :743036c3fb41c7147555d5f43ea3af42261302bfdfedfd5d7fbb6800a4f02eb8f0fc5e807cfc4eaca42b3ce05315a62a58aab0a86269b2c649a70a2915951c808a0ffb7ff7ff0c50abb7211a8054dd8383e053bfe002e3414632fe4f59239cac7660a2e67db370261cb40646845af9aac79ffb4a305c8d9db61d0b8386d1f872dbeac89c0dd6b1ad
32 137 0 14 51 1 :a11fb85584202b353116ee3acfebc14e4ddf20d506740c67288e7d36207e0fc06a8dc2756be575259de1927afef2e84b51e7aa2fe1d1da4508e1e533a73a1b9c855fb78e5c7366d66ecbc1f5f3e3e94deecaa71d799e08bf86f3b44b7bcdc0ba52224ec6aa45a7d641b877fe031890a48013c8cc7868417982119ed0e7262942b79e829269693687c6
32 138 0 14 51 1 :fa515d7e784d9d13cde3d8dd9ec9481a4b574911e50a8111f3d50036426755a09134025f871d869c079a1201bc61f45c7f5e0e7f545205435de59027f5c99ba3716bce1f6a4be9c447a9be7fbfe11819aab12bab70b0df10ca384e57930c8a09f9b3e970619b620ca347e854f0b8fd928f8b0f13d954f70ceb04ac494ca31631a8ed5a5daabf7d0c3631
32 139 0 14 51 1 :c2b686e4f7c03b60cfff66e363db3db225886f5ab0c9bce045842f367918859e2ed681c2b6241d29c3dc4f4e0e40cdc1e361ef8e7c714bb21bd0c2f97f99b7b7f4d657d68f97f483cb26b8c88161fc5b4ed4aeee238864a49617019920b25c761e59152ee02a357a8b018cfe1fc54b3cd38e224042a9d7eeca85558f18e6e6161432d4a46c731851f595ab
32 140 0 14 51 1 :3c6eeb3976c6d0421a544dae1ade1625c138f8c87714c6ad6e3785420360dceac95b5ab061d5221b008db70e1b4b83c01e1d2a2c4c7e151c8aba54f46a48bb6e3263d2ed33abc141102638896e0648ade8c7f18bbc7efe7ca3a752c0e68f52e9dc4b471bbf296f405dfc3fe2752a443990a6d7af1e300815fb14950d49113413940acbfe22cbd8ef7e16b966
32 141 0 14 50 1 :467dbfbea646c2544fe5105cca12ad7fa16690bdae163abccf226a8f26fece661b77ac229a20e16abf3578d5538d1ef50c446380f097dcebdce854c59412cc03c09072a2d2e9edd76742658475fc27157cdd264515489e246a137beb9344f35e80916f1e6659cb57e620a61f68a57f34c85c48eb813f46cdde7859d2882496cb7796500084f0704ad41e9885d7
32 142 0 14 51 1 :ec1e0cf8fd2ea81084ea3cb1613e66068eecc633c0298d9997240ec4913076c54684dfa7a2d2eeda904fe7ac601555818ff2e78afbb47a0adb4b7c410b9453151d821e69f1ec265e2a8d22e061b0932a7d8d567f3e2a881dabde0f3dde011b57d0daa5eed549505fe087e0a2df71a5bec3d611eb48d7399a5915b2594dfb82941e5c67ca00de75185214a0e13630
32 143 0 14 51 1 :ee266ca2a13ec5090cf53e544048ceab280f8fa4185e71fdf678330b4a89afb22fec6308fe0d18241a701ac64ce0bc4811ce2109fce1e31fc5da7eae765e230e12f5582586cf9aab066f9fe93825dba99f00fb89eadb11e9170b21219d88a38d77a224b58b0b0fd9c364ecb75e824e35783aa1eb575a4c9c33b1a3d46ca4105b3ed9a89bba6142d5f674fdc5a66c8f
32 144 0 14 51 1 :2d69dd81e3955815b0b7758f1a5c24afb283695add6ecac3b4d53d00b3dc4ca8c711370f143a6fd8e567f739b33a09ec564ffca9509490f05e795cc4a5acd114b585acc73538b482c15b9adb64087cd08aa9fe0a660c107e34024794b740dcc0277de2a1cdff2d6f59b625a7a37e63f82360e5bc98189e1cc25bcdc8dd68f8337bbad5fe18450997b5319c448b7b5008
32 145 0 14 51 1 :10fda24e7cf991ffe4b1c20d7573c363850fdef43d3fc06b526386ebdf563dc1c83954524efc7d5f5b5d721e1771a6dc7f0b3982cdfd88e272c022e55712eb8be7f4964e0d1c20908166f864dd8e7904aee53e3cc4578abaedfd5fb02b6816406780b99054a2668e05623c5a8cee5ea6f2645cdad95bcbf73a62287382f472935d8779f5b431c134287f926bda391eec95
32 146 0 14 51 1 :3e5bacaade0dd3303ac83889c93241035edbc96a06a259b6e8b59a83640e95d4b8730ff339042d4b8495a45086a3247da6a6ef5f1c30d68cbec2cba77004432a71b168d2c80c51753ea319c9186f869d41244681e355a65007b00b15713025445d681caba8b5a27ea6389aa9d45365e616d52af6e9a2811fd2a7ba2a5eb7af9cf978d0a821d9c825ee08f592cdfa9de8a75a
32 147 0 14 51 1 :ddb7d59e557a2923fdcd799aa165a09056fc7abc2233f7311341b06ccfe4c871f20b973ede28f859d38aae9e670c240e7f185b8e86465e717c610449d5bdd2ef27b2d70018d107558a8d21373c811ca2a274e6bb278b498a8974c7cab6730e9090eb6edc3a7ceed68288259b66ead1d6eadc681ba34c1126c56f57fb4c3f2ee111ff934b47e95be0148bebb681d195c7c463fa
32 148 0 14 51 1 :3210a4616004b6358e7c8fd7ee60ab83ee7ce29fa65b8553479be54925adbeab2dee33aa4aa2343b16784a387afe313611081cfde8854b04b82753e7bc094743b2c07917bb2989345b5013dbc5fbd141055022c51f1820a561c970977390bf1d8c3d0bb16ad3082c81afbaecd23702206ea2b07c7b8156ee5d6593ec61c7020943ce37e5bd9c5c2907c88327eecaa3ac156c574b
32 149 0 14 51 1 :17a771e3fa1c2f6d1198a93b10b6a20ac5e0f8dd5a5afd8fc615dcb3dd799538bd33792da260981e9d623ae5045600359032cdb28e5be346c251bed6fd131e12d847999d9a06eb12617c94b664ef296ec20032b9fa42e50c50f7f751322ef68e73fb78c434dc41bf11e9c60e38d2b0822c5e3cc1d77f49700f0098c1a07fcb898a2fd3135168f70543606f124aad1c63d48f28b5e1
32 150 0 14 51 1 :2a3ba1420e8920899c7061d177541f699b935be250e4e44f03b3a2918028a2d10c857a5b85101dfd9b8868db38c5f206ead57e375d0656a8116e839dee00792f50ee96a24315315f16a2fc0cc1815c46ce5321a07df2f28ab60442b0247ae95cf50e58d3c668452e2f273fd84fea46f01dae00f84b0e0000af340c333395c7bbd71ebc455c57bc5aa80f42bd3072bd9e0de5a537d45d
32 151 0 14 51 1 :e0aae5b3119f6a403464b7f3c4b4b1e3e9c7be9c1b2370bb18bc32b83eae1fb22a55be42d5904da7edf5e80c9f4cecf37bc1e465920a48ddb8a8c955e506e3176b56c0968fde832d15fa441323319223f09ad438cbf1f228592b9f4fd422273aa6c72d3073a51ebe8a3d63c31d465b89b2a675cb1f182560c8c57cfebce5f83d214425f8f13a487d932f88c356b23e45537bbe9cd9fe52
32 152 0 14 51 1 :63c9a2dfbee9439f201649b6969b6d5a9807cae67929353831749763b895ad0ed96f8ff2efccb0f6304aaa881310e6dfb7a79f6a8714f38dc318e85c2cf799b2a7b82e204e966a8828967b18d6bb83d35c08fb2832be16fc7c2f045cb02d8e9a25b31d22a7541e9ae2b89a6da0997a691cb8ed3f5e5e7bb3f28d540a036ab4efade305590ef6cb92d9c2ef706921559129c71451cb60cef7
32 153 0 14 51 1 :c03e851dfa771c1e5461f54632704f3885044e3bd4801b17b9606cd488ef4e5977e4326f618567cd225e8cec1cb5c432d9619257eef040e7d31aeab74423d19ed9cf6a77877714adde3a0693382a1aed3fd710c362a4d3686c3de62b803ad3d333d22d6886249c8bd4448e6153f1473883ee39cca9303479176abcf17c83ab0249104cb28b10c1f8ea9d43d3a1cacc45031533afc9ccbf2cc8
32 154 0 14 50 1 :50384861c653b5a3ed860aa3cde9fc286781ace9639f22f7c4a1702826e26b3c7acac1a49f20a43fe75482c06b3e3123d55003d24dfb455ba4b9e12dcc558f2aacf44e7a23e618935691c024cf2ebf8b32edc51f68b1afddfa94bb6596493c4c1790f132c46bbf2cfdb5456161d7c8782366b21bcda26de98a530ad1f9de78982c07715abd4ed343db80354883f9c7d177375096daae4973d0d2
32 155 0 14 51 1 :66069fee05ca991e13fcb7bd10c01ae0c5a09788b1bce63eee870afd781fe236663e14418beed337c47ee1bb8b868de009b7c8fdde0e612e82d7688c34ca7a4762862ee40629be4b3dbbf5daa04569c2590b712d2bc68d381a8fae3b430be9e7948dfee6f85a1e93fe83833dd9b1290b7a1f47a0771d73a7cb477f77ec479e3955e2df8ff0cb6430076aa403bc79bc42c3ed7043c4ce202ec32858
32 156 0 14 50 1 :0ade92ed1405833621dcc4c11a0632dc0808de0c6fb16967f0aa9429981769b2839be163040b2e84292856836b1e21c6215a9d74606c7d115d9c3a5b911a33cd92c6792e86fe0749b7d2dccc787c688d183d741dd002e8cb61de6d8ea4fee7d6052f535baa9260bf515872a1384ed15092573fe1a3147b3edfa0aa593f0336166c0098612b18879b63390c6b3cf7a8850672207fc8131692fc856930
32 157 0 14 63 1 :5cea1e5cf1eda4c38b08b439c92650e1fade2cd78632bed32083ae3fbf309146cdfb239a96d8100c63ad038f2470df066467b2ebecf8d62b6f56dc5962f1e1a97510dbd8da8e5bd593ffd0244204e94bcb4e210e34969d09765863e84fe31e8307d674896e102aa602fa8839a55c3504814d070238cc7ae38d08c7a33187f0b4d5dfae7f85da940b0dc26b99219beff7b0c950f16a7bbc088bc8d747cd
32 158 0 14 50 1 :e3e45a0f4ee52bd00d051b79402592f1089aeb665f228a9c7bd4b4f9fc9a1ad647038aab145f7e1a93ddbd0755bf1cb88a0368cf278b639abe82a3aac3c53c7af1fae175abd7fe2a1a677c136568eb7e80696fcc16d7632deaaa2f002e3e5f648a95e761daac457b4804e95f88013fa7cb12be07eac25e25cbfc065617cc925b67c41304c48fffe2e662b6da72b1ab196da473f955838973c430a2191d07
32 159 0 14 50 1 :34fd1f05600a25e09503cd8dd75248bef786eba302af6aab0a2787565a7fa8730fce865402c3f14b60f13ab031191f80b1beb9fdabb3c4edc8507261c2100477ae272f3856a10dce44f1d5dc2372cc5d3bcc87dfee069dccba983ad4e2d158acb526714a2effdb4c6685bb93c8d86988d7694503e5da445dea9aba56deea606964fe49b084b70a69b774a2d34052dfbbe5ac7397be052a20c9223699ed6004
32 160 0 14 51 1 :5398d2966c514b889bf15eccdaaba5102137d5f3486ffd92861d267672834ebd2fb420be69ce563cc44e7b9b70f532656b526a4312cd65dfbac16fdc76f628c24938d217a36e9e41e282fcce1eaeb664bff4ee1e3ff1f43c1400f90706db32c3a80370dab68ec8b351b93692015e5526a57bdc4a518fbf820118b2ee741fada919f6b8837ff875abf0184c169d0c73152e1bba36521d1602e5db4cfd5565eef9
32 161 0 14 51 1 :ceac2768cfc2ab9279ef8b5f14f44ce017be08cbc27cadf382ef464ec4edb53e8df294f7b783ee19e9789063ae2e2303febc32e770af1870178f67f663dd03d7631b75fa9c488b9e46d1ea628b278b836c9bcc1f0903e045e26206a24ba9dd131aa6d78a3c535e953b96fcca51779bd995029b5f0bad11fe2bcda7f1048a6ccc1d6bdf29a696cbaaaa8896b36f18e9a486704cba2b3eb743494dc86b4b73ef0d33
32 162 0 14 51 1 :b056a67b92c2c8def2cc8b8db5b5f72abfd421f4a0903d9ae7b7ffce8b2c811e2c37f12d4cf18193a9be455f9e28ef91fc2ea6aef36b1b26d893088dcf961ec8d14fc6b485a14a498fac8459500e148f49faa0fe1a7357dc580397575c6cb07dfc3bac2fb1cbd93dc04ff7506712cee4c6255d2d662d72515a4f63efac79285098575a92e1459731acd7e9e65bfd3d05a41ac6e39c4fba5bf4659a56075752ba2635
32 163 0 14 51 1 :9b6cea0594d4396791215de391f6d2ef0d762304ca3fc66bbf9b6f615a6ab975ed5eb7e429c4f5ce0f5c28bedd9891b4d8206daa2028bd2ea5b6697089013d31350bb515b31119ac80f14f20267af1279a4adb25de6f1e703a996a4e8a7e6cee8c727a6fab49f90987d3dac6995d75b3b03f9cf888c6d0604448360c9ea9d39d201bda82f133587fd3b3c40ec249dc0b51775c6d7cd6cf7002ec63e87a6b157e344021
32 164 0 14 51 1 :33552b9882faf672e36ca28493c322df920f50f2dccdbe8603602448e28147263a17945d783518f354a882a5e355d51f5f479f4b4a4a35dcc23223020a2fb2a0ee2841d06ead94c3a23dbd45143a8efdb36dad9d8f6942cab2dbdd20d66972d457f46087cbb364b6836af0a3c2b3a8dbc10a96ae51f01e4fe886433d0f58ae08ba18824d85679e6ee80e9c873c58a198de063a0ec78f2f23c676c368ac525962c85d13ee
32 165 0 14 51 1 :94cd1d4f24351180cc74c9346c485ac2a7841f654a1c64fae6029c7f535609a75936bd49ef8137f7b2cda70690dbdfbe3f3d19dc100126123569ca12be077374b37a870b393eb56b59d9630b8d2383b0355f49bb98b7b2033deb7077b35372b472edbcdd957d54cba76aaa75953882a7b32cd2a191a9ab811e2b8ea9380b2024c0c5cbc85d30a5015261e9241353e5d04cf315e4f115527695d13b61556811c11d66721e0c
32 166 0 14 51 1 :bea6d6f9e2d24fae85d4599db0bdb32f735587e01e32fb83d3ffaf36657da3614bbe65bb632e09335a716378f238f5734d16ff05350b130fd862bf311f66108b73addf67e5943263fac6824676541469fd1730c578bdaf24122a4596fd8714495595669d4a60f4fdab42c744a143b4ae19ebea3d4483b4d91859fac6a274b611a3896fca27a2102ecbd73ec7b8c7ebeea1f4b2def78e49c70faa25ad9d0cd820f69b78eaec81
32 167 0 14 51 1 :9369dcf48ac3a4d752b17a59e6daf7eb9da7b7134d744d05705fa6c72e8a3785043ff0d230af7609f1e3140f7598005939c784669f04fc3b3281cd830c4d94f6fa69a5bc8c7e53d148351373a8148db1157558319593a324052d0c7d655aefa26c579547a1776c7e15cb26198b1cb9fe6baf7a4359ca4356541806957e3a166c77ee11770a9912598b4c8bbd1a25b049225eafb9dcce1461d3e45789d4065dc391649ae76ece49
32 168 0 14 51 1 :89bbf91d3ade6ed78e2427db60082487c07d9a21ea6c59e8454747a57172beae48736ddc273b8dacc4b2aa451c28949fe323b8ff148b4673824e493f632ea2e86d13e9aee4dc774f447718864e32217554b1dbbff88982ddd3bd95795af81b3b50b6b782413333bf9a6e57b3691141baa648aa68391650f65ba7d080d4bed2cd8fb58ec01957b4bac3bea3fa396646eb42048df3e65b1dfb41673f64164899be62e8698a168f8c95
32 169 0 14 50 1 :14b25ce79673cb21ecf429d75ed81687a7ae544d0a3174cc26a5e721ab7b23248e2012864402d1b19af9f1b084dcb883587796c97f59dde2b592233dc1194560bb9089a56df2dcb04fc324cc2a7e738499582db8caa4dcc23cbc2ff4cd08f71a8e9274f9f38503e3e2e6b0d13880295e38da395173ea576904bc4c7613acd30983bb4aa9c301176d8fbc481931ce9165a8f2e01e962d691d8c6de9f7807154813119234d00edcfe79f
32 170 0 14 51 1 :a8f0d740d633d3dd03caf07944e021ab91f5ceef78a061ada37cf780e76a92e95c1ad628a90c52e4785da2c04b12e556defa3d449bd34b7b33e7c31e30766b93ec8d0c93c2ae84140da42cddf383c01d01af3305a2f14fd56dcbc94400db9d753269299930740f84ef6ab5eb6efe5b7158c9e249f118a4037d5a9613a9b256d15088210b48eb388a69bbfeb6a552f696e0eaa7faefeffb699f87065a0bdbeea712d538c900232b6f7a0c
32 171 0 14 51 1 :0780faa713d5e34ff18e9ff69dd41a8463dc75acb6cff29ce948cdfb86c47a48d764ffacd47bb3157cf9eefa6652bb039b27b9c76b2173108ba7a538ee4319e77bee0a4a9beda2dede2777a0d965e4f1338befff80af541a45f073cb860030f0a1a412444db925ee4f83825f326aaae6d3f793db0816bcef96ade5bb843146867f0a47273c4989ea178fb13a30292dcf6b005190fc04377673913443c3d33404450396e8f0017af9b7d721
32 172 0 14 51 1 :4c297d1257cf884b1971f226342e2a427f525bca4b396896a0e0848d51e7913ec79124b5cdda4bfbc4fff272da06d7aad4d3608deb3699178c90625da04a26023a7eebb9ecb3fabba02ecf39bcbfdc22d1afbdfc3fc350b534ec2bb25530b734243e720d6cf4c026f8f2a118e1e6d7f5d6eb40e830ffe5a2108db732c92698ea69ac6388eb53fddc999af45cae4ebd804f386e9b8ecb7511b5614e2d9262628616e5955c9fb8da1e555d9840
32 173 0 14 51 1 :29300caadd95d3f91eed4076fdf7b1c52cdcd6be4c9f9d2dfaad7d3d405c74a52442582d2e46d097cdb3a48bed6e10a32d66e621ad93b90d8a43dfaf55b5e0f6bbfe333d0a10a11d52aa829c74bf4f0f01d2e1503dbdf4240784ba5db633fc1933c473473eb720373d2bbf89c6f9a5af9f9faff82d136a72c8c86955e216ae8e3efcc6cb244c8fd68533bfe1476deaee153c50c620a2197833f11df467e7fb7387686f2ee4aac88eff1bfcd5e7
32 174 0 14 51 1 :70a6063b0608419066dbde627b9a41abdce6d24009f8961d982ef85268031dfaad7d25bd7e551befd576239dcdf88d658adef4b56cc370b48b87003e12481ce34419a5037fc76d4855dc968898c5eeae8adcc6e8be26152f618ce8600b400094dfe18fcf6cc8f101d6c876da91249f2726f97520cb2ef2f27f9082013a9baa56d0377880695b38647063f95d825f7c3ca9457114a79ef564cf55acc95fdb00cd061d556383fd129e37a439379867
32 175 0 14 51 1 :b2a11ea9f42feca5d003f79dedbfdc44496b0c856c4898e1e26e333fb8678299c31495e6588ff8916f6f66969ae6ac05636466a84a7f6855aac6571d28406acb79ce9d7091a8d2bf17913748237305c189dfd6dc9c24ce67ede239be876ed58826b1b9856601a104cd93660c2c0ebea63dde72d348fd9fe6d00a7830e2ce45c68e6687e899bc70f3447b547da56f4ab31b15456ca187168d070f051ac99c0e84e4d854097630a7dd4b7d06d4d52b51
32 176 0 14 51 1 :5041e6c7da921fa8716192f3fd472440bf668cfda09eacce9772f6623757fef4374b48d2b5e650284cc0ace09ec8a9d2898448f6c0fa8cdc7be5ef2729151d4cedb3e8ec12ec830640140805339d104fa5e89876edd13d84ff9b5190ee50cbb36d1cbafd4863d868006758cba90f36156b9383355b7889258d6145ed8607c61d734520d0faa6f576f97b9e96d0f28df781cdb83c5eef72e047df0feb3575e6a172251e01ae1e66465d94e96f26c7f166
32 177 0 14 51 1 :6cca33bd38611a7e39a87b796f9490476f34e17a6dcdb9ce146a3c9cb4d5d5be6541dc8074f776525d41c65d39c7f3a754fdc84bc133849b8f26d2863927b6f39e19275fff444e23f1cbcdb9cbe7ca4d338fb6919c8b055941c5ebeec88c1b897ea79c70e112b1e1816747b4798e7334d3d9796b471b0412855fab4e9be9806b3273ea672027ab40640c2e42da44fb4b95511d0e3daa0b7af1fded4f9fa873bf6244a17be34462d994c1cb87f8e3e76cce
32 178 0 14 51 1 :c9eae186599aab365124f4898115ebfaadb293acc59ea2bd3bd918ed782e986fbf2fed370a5057d782377b2c0e6ff44244675f9fe4227d942232f9e08c4ba3e0e7582aef8c08f36db70e286610da370a4fbca81f4f80203c8af494833d41404459cac266fbbfe251c76d64e7c6da4fe3e2188eff0e2fe1c141daed13f555afe3a861b16763465d942e80dd77000fe86071a32fe9a8040e4bc3814a70ad9bb4548b8bf0a55539a745b69d52a9ea03ce77dba0
32 179 0 14 51 1 :7562701beb1486489c7ca18bca0359a6cdaefbb6f608a0f93b3dcd0e5acdf5bb432cb2848d9345ed284a1e2198e19bbaf4fb4fae9f40a23a9a500deff40180d17343eb0ab7cba6af36555914e080d69bc057e02df987b0087da78419a300df65c3528f70b5073afdaabbc884e02ee873df514a17ea7022678ada11628b15d9e7c81351c7ae23c6ae11517d399a73ee71a626c2c5626bb566be3e9cd1158770ba66387bf4372b26a8b764a3d63fa7f147b4ef8c
32 180 0 14 51 1 :c07b505c9a8fc51375cedfc9e8e2eb418f030d6c037dd9e5815bda39f938d3a6cd2cbb846ad57d57b518722bf1d35e20a577426d530ba3c979c5573044b6e20e960ec36693e02c6c12628ef6404a6f49316ad18534170da449b874338df0bd000b91dc4d03fc0f677c57377863c4fd2d11aec740582a6980d15cddd6af86c7e40fc6255ed6bf253f7fcea40576cbf936383455b1b3796fe4906a6f20b810947f92f7bb237250709ed65dbc7bf97658f6f40f964a
32 181 0 14 51 1 :7d3204a5a1d22e0e153d2815f08bc5fe1fd890d45c67a7d489b9ad867fbb5f1900c99828dbe88bc6a7634e184ddc2eec17215963f4e8682f7d4c8e78fe421ea4d5fa497ac9f1210960c31a68f42b8db82d6f30824b3564238cd90dde848b5398dace967a1bb75a63c8b0d4ddc18cc60a1dc27b922368d123c4340159e1e1f9e847ecf29afbd9af8e2318fcc04ff3abd80c7a5a3fadf5efc2640538512bcb036c63045d4221bfd5464ee370fd739813d8087ed8ea57
32 182 0 14 51 1 :53df5b73ec7beef5ab61e869b6d56526097251531a4d890f62d06e11f0d1f784f001befad940d6675a3d6e5444d4de34a7b30eaaa2b3c4c9e4d0d81b544af8899fbe628216ab63d75d2978d7b3e087adc6759e7b92fc3f0b012c7f2cfb93b7197804b2425f20925fb762c3779b5635d269dda3ef6258aaf53f50ca2266b914bac15c1d27600fcc3c875bed42268bdc1911fb0ff98fe2df005656f74a03436b26c094bc7f8d62a0d411de729ec0732d5a61d14dc335ed
32 183 0 14 51 1 :bc3b9d72d0618e82945150e41b7ce7aacdaf6a2d2d828ff968682317ea4f52fbca1cc820ba590a34985e68aea9e87ab567378dbc04b130179b3321267a9b9d0c1cf137990da4fb47d974d1ddb76289e6188995b68651f94d152ff3e38d69a8cb10b68061587569c300999c3fc3a681ac76d7cfedb3134f432d9e53b2aa12d2c7d1e76fe8c29496a413de1a188c86a173aa679b5987959be7faa56c1bc67edd5e9bf6c4c64d16b31a997dc2075c0aa67b72055761c1d1bb
32 184 0 14 51 1 :bf8f83a3173d30169f0f855b9122e461b995acc26905ee3bb86da5570fcd615ed2b35f57d97d8cf526475c65b31e258ea0320e479f49248b4f011fa49e78efdac2803adaa2d0a8d0e668f11f2996a0ed1d62b4d54cd1e9fc8cd5bd5c026a7d0d7bfa85d92f6333090dee10b7d9d72beac19464e68fff3dffee83190f0012a1a5aeb7a15a158d06860c887d433fe04701563303e096f2d8ccb3b12a7092000a0708fe4070b7236f27dfe7bfdd542e89cde5dce0e74c50e270
32 185 0 14 51 1 :60c4d33dd7c2170c9287442d288b3952ad062241c423bcba7743f115380b20fb74b4cd3cf6e657e70aef9b7a6f80d566231cab0864c79e426e9f4ea81733480d92beac0c8609f689a70f365f6d9d9e013bb22bf8998dbad49109ffcca32629519f07a59749fb32416963998eeea169503c980c27aa279c32da3e55ee9bdb576c3f9e79f6b204f486caaca8381a4e5b986595df1b7f6c1171678c61cb3fb93b7e027a76160d6f23f4a4b5244bbd0e2b6ed440a6896c6bb80bd9
32 186 0 14 51 1 :3c07e5a7222d44ecda3f66e34bfb1bd30d246034c61e4b5292d7019b67f23a63b70ccd5b31e2f2d2c544016015fe289b8e1e27bb16480955764d2a487bc30ee821fc3469dd214194d655679500e5b4818003b96b8327d51534d02c286dab5e878aeac46fbeecaaf58279103816219d525286d984e710acf86f1c4530bee3f0de9e14b72b96c3b53267cb86b83870773e7ad2e429b385c9ecdfca063827cc5eed0533e8ecbaf75992ab80f4c2d456c5be63e6b59c6efd142a168c
32 187 0 14 51 1 :1d634eb8e14d72bd3ccb38a7ea1d7465a4fcdca12b55ec2648dbffa9da314c38c8a504f8c4107155ede4b319712a0abae9444938412befd84269b03d6d722a82f45aa909e918a437ddc5670f3192c843896c73536901bfe6c2ccaeed675a5ae884a641d2287660601a2fc0baf47057cf496b5937a30f3a3a5d73297efba18b29c8c0f239b830590b391ee4442e8400cdc12c8607e110995f4b50132903bfc68d0d1f237084054aacbedb9ef072908a74cec54a91851d20c14f59cf
32 188 0 14 51 1 :3f68afc4304e4eeec0b284a5a4f785757860056a5a9ba65c4d408b3bd981c125294ae9f84437666c7d6816d8350fbb59cd6c7156fbc88c26feec392e8bb162dbfde9fbe41b00f7007b0326ea9e92d4f01f4ff9ff0eca033e563bda8956ccc333eafe5e8e824288de2ad0987e872d974feff0fbc1618de8a6cce5e96a953555604cce04a8179cf0214344e064239ddfd4caf7d095f1d672cd61ffb53bdcf5d42c0368e15079ce49bd0ce356f5c00bf119dba7ef939ed32e8e3858e7e6
32 189 0 14 51 1 :f1c76a310bac05e53916a863ec3cedb8214c986b3af11579c279825c634bac285d8c6c9aba7e6f7abb3a168c2abdd5215cc28190a7446742e5d20e271e6af491232e1a1542a45a7db6bfa5942fc060094760c60ebcef39d0e1887e7af8e73a271379c6db5042aec8b76534330a2445e6aaeee6dbde3b51cbd27956af98a148ec669de9dc3d318a47b703780685ebe60295d61e61f23488d7bc3c10d897541e459497249d704dd799aba7e8310a5012747e37b5848577bce3f9663153a5
32 190 0 14 51 1 :1585f428c52e7e41aa8bea69e8e6c74b086b9cce8f78ba12b111118200b6c81a4170ab6eb0b9ffb5d4c857a08939a84ef280c440fc7461b55e0b20b26a53fb68f386d73520fbca5dfed868d0e5f6d38c7fd3163b39114ebd267ca48f677ceade80434b7c7b59bc596481157f5800548b2c7083ff8dddba78d4791cb7bb1a517bb447a4dce46ffacf9a9a3ebf85b8735b66fc3c292558b35f8a55914c57681a62b40239a0f661c42ed09985ca94071054e7af8e9590afeabad493a512dd4d
32 191 0 14 50 1 :942246c5bd9a0c054b28b645f86372ed3fa90fd1ee7086bc350e77f5182ec48c3018499a60210acc3c2cf9b1ae7fbe18a5fcc098b1401c6d24389c0c5bfc54c972fb4ba94801630eefa9bdabe1ed76eedbc2a880b1f0a53453815ba5ec7a1c369c7be2b578e63c6211fb23ad35cb9ebae7227e4455683ac452d0b29525db94bafa5a99bfda4c8759e5ca0d5c3891eac272715139681605d1a2ad845f5b61d46a9b0ec07a0328e365614904d9e01df83c4389bcf5312a957041716d7ecfc7e5
32 192 0 14 51 1 :a450c72323cf32c886a5ee1ecccae71103994d7501fd2e153ae003d2cc2cd78490f0cf5fb4ef3ed167c1956fd322ced832e1291931db951b2bd83869303172998bb16cf177b2b977a80cc542955059eb6152b67144826d5fd077ba5804f5e23f7dda16c50ba5b6e6c00f3c7b7c21213d032155f9dd5af961df7cec86980065597ac2626d8b7a3e9f6ed5fb5fec52f94bb906c05b5abe3b9e9ff1c0b54868bc3eefbc4e61642fa7c6d822bd7e505cd49286b3278794eff1fa7ec6c7be553f1e89
32 193 0 14 51 1 :657a3fef2c34067d34d952735d3b175f23bc43168e68ba745e74460115c34cbcf839ca52107aa3d89ab8f41f9123166cf97644d6384839033670347a9186462c6e016cb4f8b2732942b210b76d0d9139bab568c646617606635778e4764293f795161e9eafe0a6d70288734a3a9e19331353ccc70e659615629e54c3a1b841a51ee4f7d7e5424f19cefae23b31f9b9ca30a76428999596ec79720c9b50a39997e38513a7ab7a69fe83d8652dda3db93ce836fc317caa867f6293dd7b676bac384b
32 194 0 14 51 1 :1985714315e2925974b7dd1d514fa91f1f9c8383d1230484114f5d992f967f61460f847fb39bb96c172e43be0bc1c4a9aa8785c7fe7261079179c6259fb5821d1551d8ecfbb413b2a8d7440e006768498c82111ced093d9a9785902582f87bd7b6bdcd2e3ae8704b1926fa5dc9c1b6ce6e7037f0bcdc1937584084c848771487a0736d95741df7307f4854c68da45d92b8fecdc8c6b232da4b72fb8af7652d960e12364ebb897e0112b2e7f3406e3784a27b1974dfa3f70bd41208c0358bcc8a4374
32 195 0 14 51 1 :15d3ee417ef74ccd5093f3c6954a68f1422016416b1a91d68e6a54ddf87c873e28d6d470e5d2ceae2eb2189cec2fc6282448dc99e3ad381e9ee1ece5e5d34293121cf30d919bfe379e88d945b2b10cb8f1ff49dcb82d95f64918cf5547a79a811d21914df447a8ce56a24a3343c35ebe58f91903ee45a9c36a0a584c1f01117d3d23c586889e65f73bff1c4f6de80a362ecff2785e6a5db561db144e03f0533e4eb495d805bb6b4fc628ad84a5b598084a48158647e3daec23d6b9fdc31b56cc1d54a9
32 196 0 14 51 1 :29871ac3b600de1b4dbc649f05a95e39570566d44acd9555f306f2263f14087ea0772816a6ab35e0bb3fa5520699e3fe861eaff647461800ca6453ebc3c782d757931f48f65827f36af966cd51ece6ef9671eb1e4dcb48b942f65a438e257b2399e632051d3ec65de7e4e5ea99f21605cf9552b630f428776a55028dd030ec17f0f17051134b944863415609e6e9d1a6994dc57920e96c421422023580e6c215270d0cd7624fa39a55a9e271ed83165728edf95b57e352b6062ea21512eed3c636aa1864
32 197 0 14 51 1 :54ac99911e428ab756fb56ba70c1af9da849f2ee3fec6582ee6fc6dcfbd05254aedd3843a124f829fef1d8510069385b38d479cb1c4628131eaf4c46644e57592e7699293f94f0dc946a3c4ea3f25cc7ff5a50cfb57e8028fd685946aa7df8cc7c54073ccf590a932530d846b2b7856785a1efd840aefb4f06e403f8e527125c9f4be63e2f09c01f5504f4f046c084991e35b75ac7f9aa72436aa621cd3d66c5daf22b593dc69d6cee16c93944236420bdcaacbb68b965482e2c371027ace261386bfcff9e
32 198 0 14 51 1 :3d91c034b2e49f07f989f1e7b98f54a0d79bc77c37b8e41fde74168015957faee65b43d1e73ac72f16cabce0ebe02f189b954bc3f1b4d9908bb80c68de3798d9f11cb72128403f8ffe5106883660b6ac8d56838a081aa0cb7ee02c0f00fca727005d8a76c7e269d1fc44fe3bb8498a313a9e9e262b3b8dad61ff818b1b95ec1321cda07702518da7d21cff4bcc41a3799a0af69d2b29dfee4cbb55765b2d932e459437eb6151dafe0f52786e03d48fa9056a2e59aba606d45ebd953f07684a5cef42209e9aa6
32 199 0 14 51 1 :aeb0654ba8a38dc8fb0927865b8d8c8c6fa8a4274ebcb6ed7ea5bc9826e7b3b52d92409bb51165c286df99529895e53e890e2fe2dfd2491507598e3193624b34ae26d1404fdd3dc2082acd54820a88b4763bf950831e69709164c28383abdb6b03a134b0c354b56ca949da9c6b2ad90a86770b02f28f4546fbb82c38c78e708b2e04a1bebfd2474ea9a4cba98f9fb605139d642878021867a63e959092ce3da56b43b153bf6ff559e570729580b510f64f8c7a5cc9f6baca10685cbe8f6b8f55f8f43da9335fab
32 200 0 14 52 1 :dca57cbba9e6c500a072d5f1734bce1cc6e8ab87e1a40cc9fe635efa5207dd51d65c2c70a348aeb39e4b205b51aab647a586904668dd2e7b4ee577aaa506faaf2e49e966df225de276998b0a296d1e8c407dda6e7b944f58014c8408361479947887fbb63f351fc5e8ff7c19a72bd8c9115c21afaab12b9bb86fdb08e2cd4d01cbff1356f0164cf87102a729cfcec3ed043c5b04f860bd60f4d0075264d54310012a74e68adfbc7edebe9f4a299f22220aa0ff5b86934a6b5841e60cb73bc7bb7b2b3e082d0ae9ee
32 201 0 14 51 1 :cb1e7a8e405fad38439c5763ce2a25af06fe17eea747ac2ba8894918339646ca696d1c3688844945325c9b8bf254d8fe24fe1920c318cd4d3a4ec1f4e474c8c30c98c7c1e8c876c937c36b73cc0bbbe655affdd341199b61a7a4081962e8f6f9d2201df9208f0db2fbbfc8041bd6856b785ce2de94a38802f71956ab904bd71575cec9729e912a3bfd98ee2ff7e906ea2887cb24685489e6520ee06b8ce49bb064d264b2df53b72f81f1a081704e04e435bbcc925e6bf1f40beca6028fc57334e3b74fe41726fa9485
32 202 0 14 51 1 :dad9443356c9483ec4da628b1f62054b4cee53bcaad19ddc265f3e6785de9f0f04bf42f28ad0d80e7bcd6ef8bd8a2915ada8f7b23788160856e3e65ff74e7bde309d36ec0593c1c8c35eaa70623abaed87b7ac9bc24ed6b128f11be4bbeaa08edbe72c78bc2fe90b69537c9b210b9e5cd8f9cebaf54cfd4cae63db3229f3eb33e00cee0815cd6e07ceab318ab2e11fcceecb4cd0c664caa26b301a284f38052710232fd834a778b9c1f6b97b70d43fd15ad120578aa15a9f31e9b78c1fb6e3815faa41007cea3a056a9b
32 203 0 14 51 1 :536bace931a5e3d8a71cb6a59b8a59df2ed31e67c0934edc5d0b266434d027c5f25de02cd85332db66ab45b195096783e6ed84a3661496fe91ed822d876d47bdb029c83294e85ac2c3080230da639019ae70646b4ca29c9948c699fdb1ec4d0ebf37d673675f58b1dbb5fd5eb42f0c9e559240a814dd000effac8a5a74fb2cd6c7e7defbb3e27a7517b5980bd70cc97237b6ba3e56dcc458b3b2e402f97aa0675c72dcb790e6acee2fb77b351a6fb8ccf408f53b32e645b7dc9f20b317c1805dd5028e33cc02c82f057e3f
32 204 0 14 51 1 :3a7368079271559360c936e0f987f1d416cd895fdd262781a8c09d4df679203805229054c331f7cc083f57d8ea809a65764328671cbfb6b473c7f24fbd00e54288f01a988bb3a04ba41eaa97807bcc4e7546b05dd1798363a6705aa1b1671b08d480de07cd219d8f45027493cd90e86497c95fccad0f1903f703a14a8e07f5bad5dcba4c8c111d0749902efd4d8ab071340924d59cedc1e39998b59d14bd6246214a76e031f60646f3a81333d5f652fd67d99ad85b8a43b0201670ecdb78730386061e547c773610d4ac6ac0
32 205 0 14 51 1 :31b0289d3f692a19e739e667512c807d07555b816104725c6c3963474f8f8f3a9e4f129909338a12190c4ad031b891855283eabb687654d9596f7cb4e9283e20df14319ff5927ac172ec002cfa48efb969f98878ff7248f35f3d00291e149b03d9ea508ddddc96f53e4215ad5d8e79ec16fc281665b3503658a50f0f1189cf7beaf78a8ac543905258075a4130f8014366493962ee3dce20618ad28009cceaff4374fbe2268475cae29f43c4560867a554b947cb5228bc9c387c05e78fae2c1698b3f2a1c0500e48c0c4c4126c
32 206 0 14 51 1 :f787b2c3e3ac0e77e2fcdfeff81d8de10edc0e4d5521b73c0196b2aa4ad94466a8230d97a42fe32cd7b0282320cfae8acd008d7aaf3f780521211d8c512392515b33455b1964f206e96969e02458b17c9401f8bacf083c24674e6d23c61e5048e721eb1691923ec63e0d783da6b48602ae25f551f4c1caacc5428cf92b97f63f4ffe2ba681a56c77e5e3ec8af7f074985349aa7d19c6f83d210081f1d4ef232d467bdadd1e67524234fa895798520cab2f212296092bf046e0a76212d3e680355bcddce18dbc31343dfb0cd2655a
32 207 0 14 51 1 :3d9e8b6960b265d87d1f6d1057793bc2e52c73a21d5c0c19c5a643014bcc572ceb2a9fd5d8fe30e9c407b848ed8b4de1d6b9a4c230ae3ff6d882bad0d313d84a6fa3f56f8c6e9393c111a57409da3b040665b52f11bdcf5beee77c78386d83e9d37a6b94184bdd5b6dbe68d0a4bd4b6c9ce3e19299731337ac27a8f6db5864aed6dcac577d94b5fb80f7317fb84a569e99ba073f07a078cfc4e18a065e2cea26de648de336a0ce0cee3c0836d90bd8dec0f83f62e5b4da77554278b88b79975a653dded97a30f3734251f2796dfd5b
32 208 0 14 51 1 :a25fc44b9effe9ee32c847b2c436e5ac418e1968624a68b154cb03884b35cfdbf2254c556b548d7480f402980a8d0efa655f85d7b834282dd72b078f3b40ef013a10da95dda8226e70bfda0f5d7ebc479a12f60c790f86143f7f5bd8faf423a131d8b18b878327b6645b731555abef613753d44b1c7a55fe14c9437f89bf6f4cb71983c3c082c8e421060bd8f610666c8fb1382c268e24e8954333266c21aa39562d5d43d9708db5a427f41712db7a346b55709c6b40871373d0576f1b2cc87a01ad328bdd7860143bb74eaade879427
32 209 0 14 51 1 :77905c230629793711c26b7a0469622e3be3185adff1e1752c40a99d3c81aa5765c68718ced4543bec5bf45278415f8ac7d897810c4c1fc705fa9ffec996ec8cf9fe9adbf1d952f550dd5893115ed7c0b89e8cd9b95f7255c0a1e80b0b394981531c72538c746b63f0d3a6ff62a6d71b1d48c3805ad809a85c3f963529f1b11ed46af6acd6ad6d27a6cf209080ddd61d5ba6603dd5d7f5804633691ec022fc1d48ae82eec2ae0762ebd53a6552796764f6c95cb3178c3b726d9bd59ff1c30afe6cdbb50d7805f8779affb737506165c12e
32 210 0 14 51 1 :df7de4cc5d0b08b0711d1fcdfe49bf62d929b042da083f2c505584097fc4ffaa4cac8a42afa2f4a6b58ef3f5f1ada6c48aa62a36a5846dd626feb68345d8e74d5333ae88b487e52094ff23d3683d7c720a8f77017c438b452293e70257b0bf9b3a1095f41d2d415e8e41abd5065d76fe3913a29683a2382d9e0889d8f415ea69d042c3097219a3e2f0545760b2350a09c92fc5bd417efde260fdfe7205f71e5ef2d4b5b7ebaa5283c7fd3dc90c2362d8b6dfadaa11e15e07efd875c70d3d50419142724c228f8d1dcfe7ee15ebfb4ab9a78a
32 211 0 14 50 1 :2e91fedbabdf7237c8aee6ef5b4bf339002fd507b0369e9e6324cef85f12312197991f92dbf756a7db1302e385da305ab527750b37ddc225f0da9881276cb3efdd4bf18fc20a68c04d32b32c4e8c4b7778b468135ff17871101edafafad43ef9d6d77fcd342b80a9c04f98f82b37815321852e051184955962738f43d9460ff7f1c0ed35ae87320d6447e6d86e28fa88209da797956e6a959ae883463a7374dca7ef525f12cd36c5f939486b31c012b87ceae71b8031ef2be87f16bdc0c20f51f21eef43a016a7a506c679d6e8d61d974801b7
32 212 0 14 63 1 :81dcfdce4f8b447c14564866d2bc7dac16e6b26004a6d0169743f0ed245ce7ed4c37ca16bf5dc5b441427fbde1d17000275563b92fd6d389b2439ac58f2019fb5b0cce8355dfddd4ca7c7f4f33d7a44f60141ecc2392978dc54f8f76bd9db0a449e16b6ee51943cad245527b1f507e9e9342a924c8d0491c2a7e282e9918e24c61bd37dc27edc980f2cc14befd97aafaf18552d5787d3e5ee2ab67fca33299ba07aab5c5441c423aae7372c36179f00cf193e563b56c50ca9288bcef76266a0442bde124828adc9ceb767207b1f49264c5112437
32 213 0 14 56 1 :65744c1790e03dfac620a06373df033cb6aad79e2daf22e735012b03499c979f26a4ff4694f90f921a8069028fc21d80ad7612dfd0894541f88a448b35982a64421e9fccdde11e1cb2fba2c4c5fb437a580bbcd4a0ea620b07ea2ccd4da0055b664366a9caf867bcfd30c8f030c612dac624ca16875bd2d4ce61b4b1c8fcaf77eec89c3d86cb9b7cb7499b61d4749b90d660718c14a232eff00c7f38412da9b8cc258d782d8d06222df7c97ef176284f1676bac79b123986f3ae1d0cc616709c7be5def6c7d254d819bdd17dfeafae91282022303a
32 214 0 14 52 1 :b821cf80723305e2c8b6f97b3e84e2b9f3cf9d1562d03d06045d5a65316ebe79e7656e991f0a90f5d8e2eea8e7e55d9bf4b9625d6c097274ea03f92b3e701b0d3aa153ee9b3348f6d73ed459f2ad6dc431840895a5751d91b23cddd21a9507381b71a62ea3762983a9fd37d95b33d3e22425bc0201621ab4e9aea3979940e67479e5285ff385d44d8e043b341c9f0edade5c224c18ee4200e4c076c622baab19cafc9789476ba6302ebca1f6216c4133e45112e3f15bdfd753e5601d4e292f12f27928d81751eceb9fab56d6d0df54385d3aaf2de955
32 215 0 14 51 1 :073e1757e3f93ce45dc15059bd1c2ecf9bbaa045fad027a0e2b3e8b7464670f612568906a643da2bfb418eb04aca5abf2b432da8f8ec31a8ec65648949cca96f1ee81c71c4b38660a450d0ab852e12d50f41a61f4e3ad8bd5d752ff77637f4f65463d88f226b3a5800dafef47a30d7ef9809990d5ed18cdcc4166e06b7db3adb577d702bd27cc6b7dddccaf9ff23bc2f06c1487e382da2e574202e14b8e387e1dc0fa09db2b376e03dcdac5648b17b836b7cf3612d5235b36cf33ffc7be91a02b2da37f78de62ed786c3d43f590478e9f09f492a50a202
32 216 0 14 51 1 :f39084d18ffc1d985a819923bab69600956b47c2450f6a73552e3ff2dae56ea9a945162f68727ceecd9e0af621edf5141e76d12a9037bdcde09230cf94524394c2dda164807d3039bb143d4f16a2a0409f462d93f5c67a104fca087382026ae1bf5b56848cd0e758fa9f30dc9a3eda21e5531b077fc2a2db9dcf08ebdecb23c90fe0bef9b8e40ab0151d54ef9fa1723efbe78ed39bf837b41a75f79afd94e9ec567a0b91f4bb14a240f3ba24c292e4051f7de79b4c515af4ad444978c15fbc563f175295df87a692d207513dfecc0b36b1d4a7d7942d7f2d
32 217 0 14 51 1 :335565ccd88eb73ce40e62610ce59220c25de411125d2c3753a4654ac2501fd270a2dfe7fddbb5b51afafa355cb898b2bc2615c860af048187bfe56110166985621b60dfa574fe801734d520d07727728003e8a0942bb40a506adb0612466fcca9d19fa6064fe10e8791baf86433a0a1f5e02eb6366aef3cc7f6d78e972a7ac6dd23416b5d60d5e28fde1f0c156fbe243c49740f8fea881fdcb4dc778361ece97e418aa31d8c1b1b49d2b56fba5348ec5d3e50ddab3fb206f570da2f456864ad3fd0fde27a0cb74558b5052b94e06895bff191eb19ee45952b
32 218 0 14 58 1 :da5346727b575c26cf754735d656deadc7e4b223cfec3fee7032e519bae6af2d4d8a400d754eee68a3e29c3333d73ce4b7abe4096e00fa6d36f364f951db4abcab082c3e22fd6d3f8942c04b87f4a484bfe1c5c5477b34aff540b34ecc48d1bca047c577d6a5e8e74ff8d897579362a22cfc17c7df891e9cbefdc73877ed998a1a297375a6c2fe8cd4422c7c42b64621bc99e90da23e7d3fe321aee3e92bb16fc347f85188e554f1fa33efff8ec3e3a20ad1a687a7e42bc4da5c6a987a50516d56e8a001a6753701c0822f639477840237ae634fec901b797439
32 219 0 14 51 1 :381f677cf4edf70b90bcfa38b488d2a8a5f91b584815d78d3ba39208ebc453cdb9245c9c515a4218dd4cca5f5d6f49874faf8e040d5f7cbf29d5e8ff02c0b7f65cfc0441f8d15dae361a72d04e4ff3f0d2fc16050b6a3ab2ce47667bbdc700733b41f98810e71c31a90bc9faee4efc9fc7cf97340df881631c61d984ff768856099a072971f75ecd7489dbe683457b7e293b484f6b0eeff4911b647a8398b5f6e4c49f4f0746456bebea5254a7520a9056de76b810895dd5c05357e2dddd3391b990137694d8f11b08dd88a06dd824c2210ab752d064608b0f23ca
32 220 0 14 51 1 :1e497b8bd7a36bd58098afd8d25eedc934423ec528ffd7eb5ff315c86dc01a368be9b498d9f8186193bf5f945cc5d4f6f5e1f33188693b8be0b8f35eabc4859a38866f2dd11f83baa65ccaf289442fcedbda8aa2c319a66c6125d928a4c80fd4424984a5dd38f1cd57e12bde5a96973f4b14e7aaa0a64ab67e7e63e872beb7c7db8152dc11a925da63149e9219e310f20400df4b105bfff56c05dbf1d907d27fd0c78485d3e17ebbf62ef467a4025882a9c1d11fd54aed54587c1462ebdbfd656b3b61131156a5b8270c72c99233c1d6da508d372ca8958c89fb6913
32 221 0 14 50 1 :fe2c1c001e8008fe7c9c8a16041d5e97b8ed6cd178f86647871c935f00aee42bb617e9fa17f1284ca6f6918e95ba79ec358376f401a6e819aa715ab61be03c5ef14bf4a1d5ca20fa409f03abf3e4595c18fe980b18fd48a710c3e793aee9222131d72426bc209fca88cbdf437294303802092fbad13d03a2da2f96381fd0d159da32e2af812d6555726b0dce52a3de850995520296e6011fe77107f1b2e119bdf32542b64533265feb6731399c869461ca3bc946bd956620d0eb2e643f3c72c89edcda7daa62180bbce8707e244154d5226901874f9039ae65c0e6268e
32 222 0 14 51 1 :11361b1f1f267ccd1030848bd538c83546d246e87a6a21ce39cf24b8ed92b4b7497ce193e1ba3603b79b14ef8c094335d09d3b2398d85da8578f814f7606109097de2ee52d675b347629cee761f7c81ddddf861737629a2a705a1dbc3c593895eab873ca4eaa879583004dc5be9a0c6dafeb1857f1220f51523c0b67b74c122d2630c3629324f2014f96a20214581d00a8188f3a0df0b77f2d5eb190af89f46ed05acfab0844300d6376019d33dbea42e132660ab07157164b48dfbb3571a1c655ddd87132bfab4a2dab834c927e21d03cea4db75f6a9ea0a13437ec977c
32 223 0 14 51 1 :58bbd87a1aa1ec98019124182ccd6ca2241999daffd7d78b9b95260ec6a203a40e6520fd66ae3e400a40ec0b4367cdd3c830c693a9f0e07c0b2087110bb5a37e6c6eeae6c52706e9ab341f768adcf7a918216314b5076ee13c61732b7d445887442a58cd77e6db1bf6a874739274ad50279feda6b809b03a4d1b0e5967ab0e4c6c83005c00fc78eaa8379ec6acddcfd139991935a1860d27f892d41db4c659e284cfdaed927bff81156e7b49329c80d9d758f7b8415a690cae532de2312f48a93aad93efa32c1b0e9d11e6ec421541fc81d5465cd036b01d817aa73dc2bc03
32 224 0 14 51 1 :743c8b4ecda218810214c0cec6b8b6312ff3db83cb10112f4a3d48e2b79b9461c3ae92fc5dbabf44320ba8d5b53d45765d2a4a45c28651d819931ee074d0077df78c62e513c0f0317e2a6bc86d13abc02c548237ca5b7f5464e6eabb3619daae5c6fc37f907c7f692505914f22bffeee713c4bcd5dcd53fc756f180c4261895a96207f60baba58cf1f20f2c125dd40a3645ea98fd4c2c3f295f1cb0fdba8ff612a94b2b70f79e951104c75ec30469230e30e820af3c8946f9d4bde37dd3beb4186f4a0a0f6c183c2b977e3a930ad4d68bb10311a24fc93e97c621dd119abb531
32 225 0 14 51 1 :00d675dfd16dc764419a0a8ddeed937efcbfc19e3c6dfc850e87a6099c586a985aa81a7baa1be32b67c8659fda480bce6373bc7087e3508167be748ca4d993591d3687d55dfaa87acb12158e31640c3de742c887c785900f75ff6cc0d5c2084d34da65314ed71410ba26796e7260e57f9568deded2458230b16b3a5be81d2f0cf232ff4b2c5ecf70ceb8818e0ec00775c10c82fc5e9be25e85dbf0fb28d736877497654721c50302a2dbddde7f3edce356c1dbc7a5fb8c197dfc137c910247bf5a599be9acb13981518d65613d934a48836d541d15c422bacc5423f4e25274cc30
32 226 0 14 50 1 :b16290ab30b614f12d57e1d06b62ffd5dbeba497a8dd35b494c8ebd14f3db90e9ee3e97d395c710aea75f3459c9195e8f0c756101dcd45cfc274c080f445f8dfe6700ccb0df712be3146e6a26526a3145a7556f139b293c8ef793399e8f0641bd6f5dcf8cc60a3315b5fc7d72171f33867ced47900d7277d7d28299ab633da4822c368c3673ad1887d0cbab9d270685780e62bf0fdcecded4e05cab5f003f8df2766953ae8826ea4968a0f89f81c8d0bce13b9a42d48bd01155981f9c084b1c932b3566fd2a1b20993bd72348af9ec6f5a503a2ba447611b7e2d4a837fa874dc685e
32 227 0 14 50 1 :4f886d6700dd1dca75438ef4b968b4b56ea12d8fdcb1f3575bbd637a43045dafb4a1f7af3e952d85013d901275951f3ccc6280668d263ae335f7558c798a2fdb7c68305a35ea32e8ed8d96821eac79f229febe50fa457db82d42b732556bafb4a486a9155a3dbc6273c5fd1f7887d70a700293c846fd26449d78f909408bc04892b4e9b43123a8d0ef1a6342c076f6cf3cbbcdab748e75a827a27054cc647c12def34d5cb2d01531320c9f0fb85df95d7970c2e81b9b7d12035ad010ece114fc4e6f1fc46628bef05dad40c1deacec33154f9fe45a7995bcdcf015d98a39a4759fa664
32 228 0 14 51 1 :8b524bf0e0c8986c17839fa23f923a8c6a207aa6af1056d5b8bae8b223908ef08c96bed3f6a494716404727b58bf9596d67ee1dc970182a119883342762be72de9464a88768146375c8ee69a8aa6cb881823f5c1f47239986f3c2e27ba746dc0e10ee06cc2c384c4ef411f79011aeba749efbf97a80cbd7f04eabe45a6edac5f5f629227e235149b35d9d3e95035082885151c684c745bade4f30489be4757db8c7525ac8cab0f6c0ed736fa13e8bdb781ebd0a8330f85e60ee7183c40473cb80311dc5b92b4ce204b6fec43a1e01db66de90ffe0b34265ea53a0482706e4d54228644e1
32 229 0 14 51 1 :8b0c43013ae5265443daf41576b08e1fed33bc71cb4c30b6b270095dbac7fd807f913f1d06dcba82d638b5c5328bd711ff998c97e64d08797f9ad78b534db69963b86cb37776f0b193538ce5a0ccd7728097728af0e7ae55c49b4e53be461ea753cffee1bc64848058e73bab8164333f5bc48e21271c4f7d34270a1e168e19cf59fd13d11b79294743537c3c25201d5bb23781a26c65a118ccc979fff441b4cfa685fdec8358717f064048a49ec6166e2a3cc630e484fb5bdeb231059c3f53848029dee7896a89ac6420988c0b398ec0c796933c8f7b832bc0a25adbf920616c08c527c872
32 230 0 14 51 1 :8f4b5824c5d789427b83ec9cecbf89183a521153b3d0c8a26409ae138de5dd52ef16e42bae92e1753460977ef56b67811fcccf2d018d96c3f358f8d44212dd0df650b4f9e1507e9a95445f2e72bc18317efd84cb614af210b109228ef39d537be920ddca428bbe7076ac86fabba8c3b678ab8ed8a428d91c790ad6ac644d26760056802e14e2c48333e9a31960d5d51f09f9100bfdeb59e6e498e506f2c57b4f5cbf8340b5220bc0766d4080a842950858fb46dddee737abbe3c1d4b8184f239795689e33d4efef11c7e90e45d228faf27d3200bf1571df8653f87ada5352c0417d0ff031bf1
32 231 0 14 60 1 :e732510ea85fab73263c30705ff58bfd0367e24ba521679c1c7da43ccc5880acdf74577b491107cf3cfff3a46b3ba595b429a3ac08a02030b7a3e0ad5f65a714de5ce06559c84693212a23e5ff2905522524082aa9d40325a54dd6a3c2923940b8283deff8e5a1d558584bab5214815154f7f0b0dc88669bddd0c40efc28871a9b2a7c0efe237a57978254ea67e3230209320be46680cbcc6f762a5f0b6919e992594b061f52a4953988d7983df17f49d8d99d266d94689bd4d59c456830bb1482ff85b553fc1bc1b3ea9385337dc87de8bf62b5e32f4b249e302cf00ef1d894782e5d0188b7b0
32 232 0 14 51 1 :069212c37edd514bb45ca68c9228721ba0bdb28c30e604716b28c827afa0c47d2f5ec1b3e2232f82638cca43741c75deff7a8e22a69f467d2742b66d14b6377980d31081bf34d4c6d756e97c195a5e04d9a5ba63e40caacc886f7b3ac5692c9f402c61536f6f4bcf61497260e451c42e34490472119adff3e0ce8f18587d49b811f1cacb58553c89eba3ff187ab3c537d68724dfc0097825be778e19d6b60101b1c074f15c169bb5ed5cafc087aaa3bb8154bd832087d0f08b7cbb0c522c53f3580fa106066c0c17f198bc929dd71c3b8b1bbb625b9c344c6f2397054034fa654831c3ce0f73f1ad
32 233 0 14 51 1 :395ceaf677f197eec68a343a84324b968bd0e216e7bb8a2fabe92ae3a4c8c0346661c4a6345f86ae1aff21e0d395087045c95668e03a9fd54558d814536905ae785ac526ee0d0160abf6dffc5c6f8783ad4986995d5b00a8b5a90c42e57820e69a3ef242395344336bc6d6903dff7dd36144bd87413e8896e998ab79f22b40aa02787646afb8d5b2e50ff6e6c00c3b7f3fc422951d272690f50191497b6f3e26a4fad9fce47e702b5bbe48b9baba1aee144216994e7c876eadec2144013bcf2f7d1b100da67bc488415ede9ce57d0b78e44bf37528bfa4d65c64d89b7691cf54b598319ec61e9ba190
32 234 0 14 51 1 :6945eaf1a18e38a952887a3edbb9a1f98e43a9fc2ce995f20eea305ca8079d1f40883a6690b0985ef6b6f16d5ff69dc10e2e1357af11f2534f564aa8c8d69e2f35c6e554af4e03c9155bf92f804bf4fc5fc942faa2a20909c4fd20f33105c652a594b3fd2f0175c8c703d594c54dcb1cf1b287da216156fcc784875166c97ef5cf306119d20461095255cdcbec781cd4f10536dd58fa6731a64b249159711ba74c6a83366babcdc87a72e41cac3e4eca2785191b626b4e06c1483bbfab97e4d5ec53ade8c2293858f2473847569d57f0eb0adebfb304fa31bb1d902b8bf93fb2e70b7822cef1038736b2
32 235 0 14 51 1 :90f5b229402239f8f715383b194662d19830295f5fe738ba5b84ae23219f7ce22df0ba0b0398d515bfc4f59f2340cfac8a575f71d52fe63921763ead321a7e51ce562c5c1ba6eef701a20ad9a0d804ec3c4a353ef36b63efd15d5013932e8282ec4cc57999e6c0dadfc28a47b435227906690d230db0a8a38fb4826a3fafa8ef5738c0d847aa6ebdeaa4d6674cab109fcf2ca37ef4af70780d784085960595c940ad9398fc490d2b75eb5a581f54d999dc6a13c4fa99141e93808c08bde029b9ffb5ca38bb568f8895e8f2b8698837e1eef47e94dcbae075e7819d8f2d7a4670acad989bfa1e02b5de9409
32 236 0 14 50 1 :0ecdd034ba30d8eb05776894025d3959e47456a2f02d130e93e6c76d3d9e9ccd0370b93416bb26bad01476f806724e6d3c8ad865ac95058137f7933007193d301e92553294b5937a6571394a06fab746ed933648348e9c67d67e43d7e5593db9bef6347f9841028893bbaf3050468f89c12a728e62a4c3df7d96df5bb5cb98f3d6ad33dad1fdd9915ec16d51333ad658f9cc0f3ec9170c7824fc01adab022f4e4cc812ffedbbce4d26434bf8d55c65f2b3812fe5cb8e239d0e462a5f39e67a4e85ed9fa62c6dab7bc76ea0797ba1622c1c22d0969a557c9d45dcf618541ce6c1eb4ae770199ff4a3a69b4e62
32 237 0 14 50 1 :cd9e3f9faf3366f61eaaeaec5e606cc959d88b668967dfe769ec01770404f33440e3342cd1c88e324c25fd0d2169e7570eb3c5cd3ac581f271c3e74acc9ceb45363a0d117690b5b5463b7599057c1f8d981e47f8d937da4744f5bba9ce3e4abc37f5710728177379f756b28a362f63b9980f63b5fc8beb812d7eee4b70f2f9d51edee9bce4ce2c8fbf66aebbc510c5df030c222c0d15dffd5a7d68ad0bf926ba4b76853f645183727a7a23e90195ee3f35a7f620a5a2a6ceb67d8f7364f7e02d33fc819744861132514d96b9767b0aad6f3a4ad33a63a2eb55c31547f4fbc34744e22b7b1c449731d1ffe8b7b0
32 238 0 14 50 1 :afc40261d00e9f701bfe3edbfb1da1a314c9e4109af7a931d465284369c8bd3312d0d8d90b3fbb5e017a05019b7f44ec6583684c389655ae6efe0cc257ddc63ecd43528d426e15cc510ee3a0cff59925365c0fd32f7e3b38563252da75848f3ab22274ab6b5095591cbd583d325eee9d0435203b28b58ece52dd0fb36ab322d10cb248cba296940fe56e26dc6a9dc91ca882cd815ba6582641aa2c29591561f2be2ddef85d93fc84cb40f4603455274134eb5d9a99013437f2e56d6ad3f8ab47420e6af998076cd26f5d422dd8d9267b525e0dd0c65aafb82d12f3518a5e0f5737edcfb7f2ca4ed4f6d0d3098609
32 239 0 14 51 1 :a43bfd2daf9438cfaede93081fb0ff7b47f0924d8d4702ed6d7455bee00f61e4e296f14e1b2f212125629130d69f3b08a99b2bb95050b6ddb4db71ca2f0e767a45db4c1af677d942ea6ed7a01c9fa57124057813e595fd14098dede4e4c5a2015c390ebcea58960d820664695d0d21bf50c1266c04bc00ba1701f34df321cb17eab757c3df5a223fd12fa2f7750765613e93eb74750366cb263099a8a690b7113e513a59c63e985ac09768d846e5117d6f39b7c18ef9c3f1280a6b540eecb7badc8c52495294c0ac5b5399badf1dd6c4481d2140ac1a090579dda96575dbf51fe4ea9c63ce899ad1de90c73569c1e6
32 240 0 14 51 1 :922b987194ca6b9b5494671d811d440881deb5e46d4ac82ee4c59d88aab3f40144600dc9ca5fd18ff19939ebc14293bda9529961a8f5d95107d671e69a3cba8a6415a03d5506e3252bb9d40b39bc42405e1f920391dc837586541008b932299d32c98b58718edf791362781235ba36b9d1ffb5529407e1c511305cdaecf07d6eb2bd5ff5429a668d4bd6499083d0078ab3e9e7ee820e48ee8b93a25d4bb7ac4db811ee07a8c4c6a661fd24d0ca868ed8893838e3b9bb836f6551e1515c32368ced54d9ddfc20d1ecf11a6f1c09ee52083c91afecf7d697c6988c323070264b8fb2df197940629fb09ae53b9ff8bd18d5
32 241 0 14 51 1 :36101a6f52e8359ba69b1d4d1d994d64e829c52052dfde06544d0904674ef0aef1704157ae1ff99f8861c0378dca2e14fc8c28dc19d5833e639d9cdde3882c09c2d1bd8be813bbe8328f008248a79dbe0aa33290a35117c3d411cf46806a3aa7f0dab26db3eabce29bd58bde509b9497301d29d8ba8e0cefd7d568ddeb998d704d25eaa0c56c2d22dc623e704519695ff0b8648181a6e4d1f1ad772ae32783bb85da4c455a5fd95c1e364971b6d63ef8d64e6ffb328d30612913d8bd7f46a36956e4ef67663aa33e0fd2af7db0cb60004726a1d8920256045652a667a64930680f849a95b7dcaf60591145c70d188574af
32 242 0 14 51 1 :581217d8e3b47a970af76cf9e4866329f33d70a71a07409556b1c9629b5814d4bbcb03f1092ad57d4df454281a1d5037f61df69a403e0d7ba6687a60412192318c2ed0deaeb8beb55bbb8e20938480ee23db537371b46b1ba8a0a253b2280634894b9ae8f10c413a223dd986bad343cf44d8d51fe1171a0b00eb0785e4b23930e133751f5de1540212d59c028e7937ec4ba07f1001c2b665e29ed82cf8bdbdc99cf13f339567c8f756075ccfb2383d06ca970479b4c3753197756e12aca03ef1ffd6dc1aa8fd8e37c29de23e9e86daadb227a149d8dff3dcd449e207eb8494e7041244584a5e4592c9c8c0643566c088f55b
32 243 0 14 51 1 :658539a6aa1f4dc8b4b911c5ab33a3129613b36f163567c0c77ef9cfc40791ac4f6b62b42fc77de78584d6bcf94531c32b903106bc5d00976ae366ab1ac5a9bd32c0d536a99b8e895e65fb3d546bb2a140a4b3d18f786eb6baaada7396c762546e63d81388fe15de77b113ba3cf107897bcac06e93ad676ed3b08ee4466baea0cdb2e29f6fbbddaa43e5e78bcadad8f98e26c343ab0d3211e6005071395050c930a8e836ab2d456c55a1db613827b15d23174ed8c1d1cbe400d4e6b52979ac7cb1f1ee2f24d7fed71355e36e05c63ad595a3eb8e2cf95ea49889ce8f0a7eff2a74584b0350e96143305c3d5be8bebbe6001734
32 244 0 14 63 1 :d24286461f16b0cf0cd34a10e9b70069a3d912cd01d09c1d048ae16d55bd0e79d2fddaf4ee8839c575bc8927221aeb910f779c17e66b8e4b3b1dbf40fb5374bbb8757f0a808610bd9b8446056ee3f2a385ee65fcf392682b8554e36d703fa3e6428ee9481fdae09d5df97fc536fd3b558f52c3d620f0b9c572fc6a885c68126a9cb64757c338eaed02456dd1d12ca4f5212943943e38bff8668afc8567010e9a023d4d2dba30addc22df9a8c33f48858534f373888c42650d64286d44c3030689c4630e6ece3499845eca2566a4c2115458f2b54e1d8edb9fb8f8452d17ff50b7af24e94a21c71962d30c2daa5a72e9e7ae98149
32 245 0 14 51 1 :511d4b62a68656de59678b40148b08ad28a2cec3c366f4c0beb5bc0da1306b4a932885d1c6c68abdaf6d5380fdb9937bb6336e9561d9db1515cb184f238d4254aab2c428f781f909925d29d78447620d03ae58666796c4bcef2f63d61303686239af3efb3a3aed89d760963d99d2c87433922ed73ce105b9f48af3af6514d56231a7b112c828bb17f423206d57d9660b0eb1968f2996637a32afd89a26ca63d1adc4d3618e8ee388879960d322e8d75f5f61844e5c0feafa446f8bf243dd02b788cadd06f5b717a5ccc6ec311c3de6f0c99bad8e1cb4c2743b3fd958a427150477ae03cb0b13794e8de2e163ebb81c0e138678baff
32 246 0 14 51 1 :7926e3ab9f7cac1464a765a4f653a06201c38ba3b92b7abf81ec11035266787bdad6f8f5b1ff0d8438b1778fe2b7f3df8807bbcb226b48cb8953937c0693f163d9c195def28cf199030a2e8034a9b4228ff1dcb2a161caad89715b668574a1f46a5b2d773131be67a331a171db2e552137100eb9a032d4279984d9b6dd314a34b19f69ab59afcafc18002b198a899c9ac520a3219ede1e9b0cfb293ad893959519f449d367fe2bb307d28c05590c4581da02f356056104b1f15c3ebd9b24f56ab9ed4239c6f4425a4451dd7e18cf32b34acd2d8726bbb4d7d1080896a05f7089dbae30d6cfe41134b0fec6eae70b7d9d3037effb06cb
32 247 0 14 51 1 :405e61ee931490e5cfb287f54d16f4180a39a668b2420962d78cc1182dfc684cda0cb822dfc88ddd0507736ce7a0fd65eda5657fa8df48e89f84b7220ba654e314e530a433e6a4ac6abd281fc6bfee66adab7842ad0f5b12146a7e742adeb9e61ce7e254e76680bdfd24233255223ed38b04d617faf1a382d924719a15c4ecaa11fac8e83ee98952b7ea3cd6a651cd44c3fbfddbb3a5f805580e3510640c6c45292927913ca6eddeb18b2b6664f1621433cd8b502425ddb04e690c794e635b14eb518b9e6bc38daeb068a8425c86e420f9a8258f6af3b624facbaa7c82e93c1d32fa7e0c54dc61962bac89f2b87261cd6c9205d157b6d7
32 248 0 14 51 1 :56048595c371ddd645460e2a033c67ba04c198084665343c1ef6dcaafd4d535000242ea2a017c3fff0ef566e85394bb10834dba5d93b5ad5e454e6962e3479c82a58908e4661c1c56343d70831114b223a9b5b7580569a382aea20fe22ae82d31bb3bdce818349fca3af4c254fcbaf82c23ddd118324526150e775cffbd3ee302c81cdb07da16893cada2eb94eca486fd5cb18d820fb22a8d292ac484ac6b6eabc8bee361bbab99eb4b41d5b3e6721d80f0533890f47107dd39bf12ea102bb2224ad80d309b2741bb2d09465387018f9872bfc81c78af075c1b23641a9442d5099d5cd8baff277cb7fc4ae91b03334c50b88719e2587fd69
32 249 0 14 51 1 :d145d5aac7177a0c86e27696883f76c7bbbc960b00552d7b4cffaa48d6a7510b5dd09d9d2f2190ea6b340da0ba1b8d6ad604ef6f04ec57fd9e29d477d63315e005d589b9d1e6ee60da76f0898b59ee361536ca01f5449c8c46bd81c9a37689c195be624392127a7a38e785d75502f3c6a7048404be452ea715a5e8bbd73d9eef73d2c4c2e7293cd8f8a87c1a412c6a15746df4027fbc68a105b1b58ea63071d51c9ab44922db4d42397f9f71ee4c5892667eafdad39d601ea2f977e1be97bed7b16da44d1312981044fb7900f305579e241161d7eebd4fbf254cd14e44207c62202fd1bf9de0d46dd31fc2dbc65aab96b8dc0a14b38289a126
32 250 0 14 51 1 :3794d4ee5c8d08604f71068197bcc00650a04b57b9086c5d9f55ec85385edb055a5b34f89e18ef96abd0caf0533c60fcc4b4c661ad5da7d25e02cb542debec58c1e33817d6ea75753f88ee459198e43a3808d802aaaa35e5d3db9df52974032966d1985e03261693abed306ceff3ff64103acb3d10ac6648ee424d225d61414f8e330e5717ae70bf7b9d8e04ab0202c5bcbfa675bfc4f567cb054cadc7c156eb638c76ee3e31fd19de48f3cf71312c781b7cdac1cd1bb1bd28429b351c860c3031c3f6a6e30ad9eb0430810133504a93d8d163223cf694abfd8013a19b5c012d24364e44f3967438843d126d0e699655320a3d80de2cec92f8a1
32 251 0 14 51 1 :4e5b91492b31481794adcf1a251f5482f634763ae53825e628d982b6fbe853d295fd1154b2970bc0d8f2aa5b7d00c9cf93a9b8ff7f85c52a030f097ab17c8b47505656e8f8adcae04533a46c723d31c16f34ea52ea317a4f6786508111c9e8afc20327b6ad12aa3602249d9307883ca3f3b78dbbf79536f7c70dd85d7529c8f073218fc8a21e8cc84126dd50e8f28225cea61c881438676f207e7083520bf9206bd153bbbc33f195a5eb91ff5d67eb60a543bdf24d74366be1c29f4bdf3568f4a1ad75542f2a3393f30aef63c4a42121142353cca5082c421eca3bce1a40fc0eae2ffd1390e2e3a71bd28fedf6071c92476e97cd07a389089f4731
32 252 0 14 51 1 :1f9671b2286d397fc6542f0d05e72b7afcad8426a66b10c8efe2e5db7b7833bd6e93f53a6a69dce4713dfbc1e65edb85747b55a2abac12573dc857b52cc68ae21011acc1956683c3f92d96a6ec90f25c9cce5bc387af9922e6320c6f998c9f0eb58ffe5060f004f16b207920ddadaa91a456bc8c1e96c39dbb15f21c2568c2a081e2c57e1bab7e9bdfe23b345b5e6c54a2560659d2c005687132c7f27b4d26ad3fe3a53599c4651ad83e4f69dde0a98ddef6851d48075492b0f2323a4ae6afe91549b4cd3c4369beed704573e96a9cc71c7b881f1efa0d902d03a4dec2a8c79e1852b3f3c4623deb06c65dc26f1cfd78653473bdbcd583c730d9b82c
32 253 0 14 51 1 :62f9397408f70acd564f6146c4868f705b8d1b5bba4bef95e22d7cf54068825fcb57e264453f0bc2f7a1495a56faa41cbf6d82d7af2a9448083030e92408d56703676825963d41749141fc3d0e699e31558f9c8d7a68acd8f5d87ed14e1a532f7945bbbad66a8ac29bc0c230d27543a9971972813f5582158c5caa411d5204f2efdc4f0c24b28a80813c1436e72147ee451888671bece4ff65b644c8c35cf3c85239fffcaca3123b6578b2d52b0bf2bf4601eb5aa8fa672541967debd3a882731ade407dd28f9fc6ca396fd9c7d181d9284ec3a8a4ca7715f218e84768528dcc2bc556d370d730b6f68dac72f98bf7052a330dbc5be61d752b80505ea3
32 254 0 14 51 1 :717b3a94777c4c9ca90382b836bafa6fe43d66b1661f9a7ffe261ce1146936f9176b28867b2137762433d32a6c5df78907b0b9552608a02e72b574cfed54504ff763bc9f5e98dd11cb2160a8884ec50604695d142217eb90e58f1b710bbd531f3397ba713456de86da60e6579472b3ac1e45f3a1728582dc7f2cc04466021aceca3b7b67fea06561aabdbb8c5cae1de95b2afa2715d5c5b7b6643ddfb48dc4e905e07196b1ea2bf170a4590a431077bce6f7f3e7eee9728e2cfc3a90b6d78db2941758bdfc0a9e2884f337624a26ba45d05602decf098076b0996c665144b5babb0461c68e1c8242d1095ea90f8a79c3db210c6d5cc9a37f41f5ee86f07a
32 255 0 14 51 1 :2e15b43961e5ae340eb7fb8d15047930999dba3edc299f8b310c6c8a5595999b0db0b71a413791bc49e96078ecce7b95d4b5fbe27bc6344d1e151fd14f9878b9d7871825389df914e7a3324f372dec9959dc159e2b43174ff23e60c110b3c8740e5c9763be49df5af2365b453b950c7136316543b8f91529d9dad9f49148789a34e4ea33a445cafcc9b824f3155e200f7117f43db743c1d5ae36f002bb35fa064e25cc33a438ca07dcba94b1dae35cd06ca69e0f4aa9d12ced63d99935661c1cbc21992d13582a7853c54bcab646609659519ea79d73a3b25c8ad8506acd0d1498e338591464d9d28ea105773cf863a2bb8e460049e1708b7490dc4722305f
32 256 0 14 51 1 :6891a225c867c7aaa3fde110163e6279d145ff730714febcd963202144e60f71f0325940669949fb80e01c3a6f32af15def45fbab2ee4fcfc455109f7f4961d9aa64374726628d9debc9a35ea223dcd261baddd39c85dada8049bb1faef491d284c469b35916f14ccfa2b57111a23585a992049962281c36a9533a0219911e0562cf441d7d89ce7678275fdd5b24921ac30cd73fb6f3d8479aa3a08536dca64f92c246f7de909674e4b085e0e9eb74b9e9835bf20fce22071fd0c8182d486ad2ecd9ae5cb19984ab4dd91e35e418a9d53a18ebe1e6be050b664cfd5229038a6feb2e42164cfa87b38a9b8f836c81060f55f2c37beff3a57123b3b30cdd2d1f5d
# ERROR 32 257 0 14
# ERROR 32 258 0 14
# ERROR 32 259 0 14
# ERROR 32 260 0 14
# ERROR 32 261 0 14
# ERROR 32 262 0 14
# ERROR 32 263 0 14
# ERROR 32 264 0 14
# ERROR 32 265 0 14
# ERROR 32 266 0 14
# ERROR 32 267 0 14
# ERROR 32 268 0 14
# ERROR 32 269 0 14
# ERROR 32 270 0 14
# ERROR 32 271 0 14
# ERROR 32 272 0 14
# ERROR 32 273 0 14
# ERROR 32 274 0 14
# ERROR 32 275 0 14
# ERROR 32 276 0 14
# ERROR 32 277 0 14
# ERROR 32 278 0 14
# ERROR 32 279 0 14
# ERROR 32 280 0 14
# ERROR 32 281 0 14
# ERROR 32 282 0 14
# ERROR 32 283 0 14
# ERROR 32 284 0 14
# ERROR 32 285 0 14
# ERROR 32 286 0 14
# ERROR 32 287 0 14
# ERROR 32 288 0 14
# ERROR 32 289 0 14
# ERROR 32 290 0 14
# ERROR 32 291 0 14
# ERROR 32 292 0 14
# ERROR 32 293 0 14
# ERROR 32 294 0 14
# ERROR 32 295 0 14
# ERROR 32 296 0 14
# ERROR 32 297 0 14
# ERROR 32 298 0 14
# ERROR 32 299 0 14
# ERROR 32 300 0 14
