# in_len out_len m_cost t_cost time[ms] memory[kB]
32 1 0 12 48 1 :6c
32 2 0 12 48 1 :08bb
32 3 0 12 48 1 :e2d068
32 4 0 12 49 1 :f3470e3a
32 5 0 12 49 1 :ca8d4ad14e
32 6 0 12 48 1 :a2b08f3573b3
32 7 0 12 48 1 :0adfff861cd653
32 8 0 12 48 1 :0ea9f4c58134251b
32 9 0 12 48 1 :92eaafbcfc6e1529e3
32 10 0 12 49 1 :95cd4b9bb67bf32713c2
32 11 0 12 48 1 :7bf238598e305e5227ebb1
32 12 0 12 48 1 :402aed6a792ff0aefdd30b4f
32 13 0 12 48 1 :d5f3f2d11883b232d70e98109b
32 14 0 12 48 1 :42d2b2d60b01e60cedab9bdabe62
32 15 0 12 48 1 :e94e5ae793952a2adab8a37250fddb
32 16 0 12 48 1 :0b7c08ff4de953a1f8f54cdf3ac9d5bf
32 17 0 12 48 1 :aa8d3c257520336ac2f9e3db04be2b8c60
32 18 0 12 48 1 :a405364c9a745525f71479fd5521facb47ff
32 19 0 12 48 1 :fe0d46c1ceb143556bf63d3ed728920f550c7b
32 20 0 12 49 1 :390c07e6ab118bdcd30604d683357c597c6abc21
32 21 0 12 48 1 :09e12469c71ca5759b42636d1a90cfe5182c201092
32 22 0 12 48 1 :39b7bc5d1ada13166e364c69f95066cd16ae02f52583
32 23 0 12 49 1 :8605ce7d1f4989f6cca1a71eb6155e9ac35eb33362144d
32 24 0 12 48 1 :0573f6d56c62ac5d59c733849466240ab524e1847dd0df3b
32 25 0 12 48 1 :e4736ed8e0b8ce74c3d2cd29f81b4d7f632b2d787edf833969
32 26 0 12 48 1 :5a97d924f8158f65bac546b64d121160ca3655c730b27ed4a8e6
32 27 0 12 48 1 :b5531da4ea16a57e73a23ffcda855520f4c7e6e2859c2a62606437
32 28 0 12 50 1 :9519650594419216f350a1b59fd1756ede11eff1d4f6a095b595a41e
32 29 0 12 49 1 :b45d0f77d1127d0002ff02a48eef61aad9d24100f3c6c23fd32c005e5e
32 30 0 12 48 1 :d3ba3a3ab3d3484386a98a4368bfcfe5a22131ad13ec777edcf2101b462a
32 31 0 12 49 1 :904e05ce8b8c62ad38653e2abb565df86ed3815a7bb4ea336f4c6d69c01b67
32 32 0 12 49 1 :27e183f7ddec5a7ed611896d5a53526550af3fafa96c0265a51aa491ccd1ec11
32 33 0 12 48 1 :1d9d5fa5644938d9d7a33b71ce1c11d561186d2ed844a994fef8e69b9699072bc0
32 34 0 12 48 1 :6adf44b0f6bc2c373a8279f420777590c941f2ec1337c2400a0e2a731d604e189304
32 35 0 12 48 1 :5e90253e5a1acf63f3f99a27ffba22555a5f168639e39920d8403e38d51fbd350d0596
32 36 0 12 49 1 :7241c6ff41bd72af6b798189b084c68d0e8b6d84869c8e599651ade811b27a86cb1e1eba
32 37 0 12 48 1 :d5697bcd681f2059a7fcfe27fc555d1b674785f5a10a463c3abf61889e6f08f6f75a05b942
32 38 0 12 49 1 :7a55154de3a5885f3532a549f3a908d46dcddb91885a6688c54a9c52660c152333ea0220cf64
32 39 0 12 48 1 :1bbcb910978d1cc70452abb6cda4d5d8293921e6b89b762f0c435ce360cfdf7ab77c887125546f
32 40 0 12 49 1 :ba8d4dca443e6b7449cd9347db4edf78b5ca61b278cb20949dd870566cc3ad33e76f8340f6e0d193
32 41 0 12 48 1 :5bc5ca40b28a0a97ba401282241052322e609f534018b5af362564eec6fc459dfb3b3dfebe2e35e060
32 42 0 12 48 1 :92f12f7b1bb92d36402d88403175cf9516cf00ce14201e3c40570b4c6c5a532747ec46b625f0a2ed4b51
32 43 0 12 48 1 :1717e3e0ba6b093509137144bd362b9ec34d07d5a438b548e60fc1abc44c223bc824a979f7573b1ffdd7f5
32 44 0 12 48 1 :750d3c7ecc00606caec33b353f967235b16f0f3916d9a46b171e187442b9a7f23e47a69657aab096d6b945f6
32 45 0 12 48 1 :55fb859e4a18eabd2b08c06e5f5b7bd99f4a205db07db89b17091ce880ccf230e21b9dc0e77146f5d9798f2d1d
32 46 0 12 48 1 :43935ba757cbf351631ff33c12c03e8bbac904a0290be30ab2d9fa513b0bef4bd91ec76af918567411391516d4c0
32 47 0 12 48 1 :e8f41eeda5e4ece6eacf19b353bf93e6047e9d907804e23b64116cdef0d257daa45afffd07eb2a31ccd8e0ccde777a
32 48 0 12 48 1 :9fcc8082a41261dc32eb8472cf9c5d69494acbd5972683e4ccec912a69ab12ed57ab6bd52e20dd936b271ec9a6ab1227
32 49 0 12 48 1 :fe6fe8e3e31b910492884f338f29906964cbdebb31527260615fdad64254e7e341d904928a8ca769cac1ae2100056823e9
32 50 0 12 48 1 :7582b0a726ce84113bac1927fc7944606e2234923001a21fefa2f120068c21eb5ba7d9a2b701b22fc3c23efc24c6fad88865
32 51 0 12 48 1 :d2dd37a0d2fbb21204a27bdd11132acfbd71863118f3dbfdfbf57d6d6042827918361dd54a60528706561c0905133f68828f76
32 52 0 12 48 1 :576bccc06266d5132d44899aebd497be334492abf2fe0fcc5a66dcb1f15e43c3db11a3b1f389cf4f7aecc3bef673960c13bdcf8d
32 53 0 12 48 1 :4a0221f86f15ad0f38c698a359a37126aa1716f8d8f76d5763ab687da717b2a2dbd3d75c22577c406493dffb7307d353b061930044
32 54 0 12 49 1 :f1c3f00eece1a9d438f1103c767311494a5abedfef916627404e3552820f1ec29ad22804015f75689bdffe73548022b81c44913ad728
32 55 0 12 48 1 :8cc0d6ac60c6ee011f9ab1326e07134441ecef773a1e28bfc0eee284f08cdade2d04baa7fac7554d62cd4caf26241880254cdbef303ffa
32 56 0 12 48 1 :e5f99854949d0d41b43deaa1f41471a266dfe3bccd557e32db6287d1a46e68923560f460c51d9abce27348c4a766b552644fb74012cefc31
32 57 0 12 49 1 :f5923870d9195789cc031e704e539eb9aaeaee6600385fbac4439fb109f11b77767902105dabb26169e13b08bcd1552a96de884cc32a17ccfb
32 58 0 12 48 1 :147eeac3c8225ee1873e888cd32e229d49b82b9f64ba3bdc966de6e00d2b90e9ddba5093e92edec84044b66db0b3f1b65649c1bb6d8a7144ad99
32 59 0 12 48 1 :22f3b59f6d827ed53ba8894547a35a8d9d56ad3cdb69420798c65c2f6490f47a75688593c815ef21f193899b4ef7764199ccaa3a9a0447b6fb8fb5
32 60 0 12 48 1 :99a2f1d2c10243e1d817c8f237f501c6b4ed4aa07e107cfa2f229742d0f28f122f7c69b3194b6acb2291933af844c1e561d1f919c46bf8a6bdc00b4e
32 61 0 12 48 1 :7557424feb7bc2917868b01ab71f25fccaf5e31f3a0c6d397a9c28fdac15e0d35cffaeacac5cbd2821338006f102836cafc050f68ab6dfd92750fc32f2
32 62 0 12 48 1 :1b3c2d0a7de6dc98814e1d9eb2f1d9add7a531c13634dd951e61a222f1778ec1ad059afacb2938a92ba90e3c1291c9ce220760dd7e3df5ffb22b35dd10eb
32 63 0 12 48 1 :2eda7b805d17a11f142e8cc28b8d8c14945b9fc2efd8f1ba26f4b63f3bb45ab88e96ded6b49773ae3708ec49ebf5f79c9e295c8df0dc6b780f9e826dd5ce74
32 64 0 12 48 1 :389b9ad4c524ad04d9ffb77e0d70cb981126d3a9df8dc8ab60372105917a35e877029fef9eee1a4a2186f45a7d8934887fd35cb2585cb014339be82032ad7ff5
32 65 0 12 48 1 :f1d7f99a3bd3da407cfafa12263c4e123202189196548e9f9f53713d59173fc409ede874874cea3fcdb75e124291b07693b270091cd2dbfe642730b1aea6465955
32 66 0 12 48 1 :b3fb0af5c06f7fbae4eb4416a568e75b306418f8c689f449144824723e4ea6d3ddb4ff0a81fa35fbab7fbd2af794a4e0f936e00bd4bd23f366949200443d01a5e796
32 67 0 12 48 1 :53ed65e3cde76e9815564ecdb33db4d727caf5696969d906f5b5283c818c2cd374f6d794413bc0480882c683580c5fbb16f82e8cfd90a8f547655d18ae602b8f12d223
32 68 0 12 48 1 :072b4bd2444a39dcd6a5f3451ce8257b02ea3a4836319ebddd1eb0e5c7f274dcab913022a1bb08ae7b88943bc4e11883d4d6b11ee41522fddb339ac417ff5d2e416a5ea4
32 69 0 12 48 1 :c44f237af583a2a8ba3ffc6eb33ab88183276a9d341397a6094c7a3d66a4965d39cc0cd63edfcb1dc7f11df326fb05544f7362aabf38a65a1c42a7e0da0339a92dbf130293
32 70 0 12 48 1 :fbb4dd7223832da2c5c182cd01a80cbdc030f0b3ad2de569c0e49b130d2650a3cce1de124520cd6b787fe7235653a40137cfd774c4b16c4c67200dc4bd602983e499199fba27
32 71 0 12 48 1 :007e66c82b03395b2f106c4fa63ec2f5283050df44dbd8f92c25ebe65aa46582e574f105a9bb281109460a27e369bb1086e3f2f0ec5a23c1029df7a3c082109c4d0c779a543f93
32 72 0 12 48 1 :e88991cd4ff3c49e980cad9da6a7ada49de46541db6162691f9209cfd432d286e58e988a0cd965a7a6d510032982daf7b730d6f30319a248878627660fcc52e23f4f780a4e5c335e
32 73 0 12 48 1 :61a08863da2de47d43c9f7edc49a11157461e9dedf7d4b8fc5379c1b427ac5ebee9b328070bb0e46c26ed115f47a54aafbf7bd82b287359eeacf0d3328e3274e6611820d7bd42da382
32 74 0 12 48 1 :9c87c16b20dc94014cb54ae8f10b21027494ff41cddf467afc37861c2b530d7d34be89fe6dcdb28c7f05bc5be0a50c756444fe4dd842ad827523eccec29102d53768e8654560515bb13d
32 75 0 12 48 1 :7c73cfaa1a2f5746497377604dc771061854d80da0d7b26244c6b79634e71d3b6a1d2ff952a790c7b8bb990a94583f28a8eb4439ac7d395b4f11010985241889881138985922697a9a043d
32 76 0 12 48 1 :c758db345dc35623a4f19a065ef8303d508c52a0717e473dac6b6d2f996a536d37f4963952be3e16e7098c7bb1b2845b83feb7ee85ec799ea177d2863f2d5b2d45c367cc9a77906b7e916618
32 77 0 12 49 1 :8c6e78c0375fe163a49da7ea9e3fee2e9c7c1f67f10b08296c5cf7a8f033d4c6817c30168f0ec0c00e93d65092c24c6c71813df585539f3161145c1f9bcee75d5f4375bf80d6ad22dbf303dbcb
32 78 0 12 48 1 :15dffba61180d44ba1e62bf0a13fc4021222799370383899e8ce61e0c90ac35012f6ede0172c95f3f543215646925aab26d8414a709c74d5a3515e8867826186432ed70a580457f4bd2b32ee5ed4
32 79 0 12 48 1 :39d0acb42482bccb2ade192be26e1fed7430aef3cc2aa778c6d980c786764cbb851b49927d9a51506f9edb195b0a6031df12df439b024b169d570bf2b9144661a2b2d1fe549cb6960180aa17444b15
32 80 0 12 48 1 :ab6b5ccc73954ad6a04bf9fd07d6876d2d6e0b67f4fd3893cfe141f5865511ddc4882a3e7ad5f6867af3b46eecf4085307120b281be8e6d9d3de5665b642e567d66991252b0d56e8af8e878984561284
32 81 0 12 48 1 :67b54da093602396f3c1a28e1eafdb40ba579895b3bba15c79baf193c4d4b77e83e7a92eb5bb71fcd9e60f17b5fd099d5fe4899bba5353799d8925d140e4e657f892c346649e6fe053500c42d37fa0a6da
32 82 0 12 49 1 :352701620c2abb831a49b2e43ebdf2216a0be865c4841a2a5570be37a409ad94b97335607111c2f0c39074ca30753b6a92af0d037f33ff007e4cc29c26bde503f4fd9a70b8a6c144fa0886859beff4ecbed0
32 83 0 12 48 1 :2735e204421c4815bf49c26677050f7f8bbe1d1790958f87d167d96d74633f953677021f22e65363e57e47061c4466717f59a24c1b70c628e3e3d7adbf49fc7579a98d757d4107067740768bf69e0aaa003bd2
32 84 0 12 48 1 :4269b4b3459045133b2241de640c3666f4938c9448b35239eb27bbb5137b4278fdb33a46ab5024e4da3876098324a2fc85693f6dba15281cff21a48e7944bd3c67b6604a19d568d42e6003c5f56a4b97974842db
32 85 0 12 49 1 :3d4a7d0d414ee56d0d6fcc9c14e808c8be2b784463dabf3c34439da893d2e6aa3ebdf48a5d92331e4690db59b3933f56e9dea15063da93920dc0e362f86dfbf0af8eda548874053e96661a65c227aced9827ec2848
32 86 0 12 48 1 :937690b133a5500843d982f23bd2782f2a34fcf944277fdc6041abd46727abdc239ba9f85a7bd5b7faeea3d2c532c617d8c2945250e6c045e39f4bc9bc4254bb75b0995bf211ea31fe5b7b2ae0a6c1cec10f67fea1cd
32 87 0 12 48 1 :662d18f9f4caee2b8002c746e30b68c5cc7327af50c6e4059cdc9384d58dff95df69057133e09b9b6fc9cbd838258d6ba9132d65298e97e9e7bdea93420ca8630d24e5498d7a20817855f863ac4a1db6842abeef85a85e
32 88 0 12 49 1 :b207fd324abfd6dcefb9f13996d50b59ca43b70a90b2b75185590275d2d86ab6b7a84ea95118ab63f3cef814013b91b0905d810ba813e15883df5db368ad51da0d41adb14a911e08455ee7752eeeeb179f0a71827290c0fa
32 89 0 12 48 1 :90a6f3e19dc94e8ea7bb0b0c4d3b9beb1a580eab3ff5e1cdefb4a4ed7fcc91281a919c61586eec382c177e3e7df8e71f4d19ac947a9dee38ec5f91ee8e71354c6e8544b94707ce65ad6f97914e5134ddad4d1eaf0501c9b2d6
32 90 0 12 48 1 :267f6844972a98d5fb09b96daa581332c197f81a7f7d1d4712760ee45c68d3670fc36f1a2e9c9f31ad6e798456c7638addaad046e2cc15526a1bc35f81d68fad42c48dfe706eca92a20b285fb2360705f71cf2f03af496951fdd
32 91 0 12 48 1 :87e8755a5a8d99773bfd982aac763efb72763d10035e8382a96a38133ec1b7c6d37908bb45a12490564df5ebd91a674c6e1cf66ac0d6facd1e6394713c1503f312a02e916a7c5d2050a1eb8f7fb8585c64dcb37a2c640c767e332a
32 92 0 12 49 1 :bfd4b8b3910a536ba3780447908f641bde75f93ac9d9dd8fc380c43bea52d27ecf4fe93bc307471a1497c60a3e706b4b9b9d1c6a43712356bdf82b6b16fdaa77cf19d55a599a454efe59196d560d6ff99bc0631a70003bb520fe5775
32 93 0 12 48 1 :54435533cdb218e70a30fab3f9cb22072145b04649e5f3d0ecd87ebe9ff767ec521a5e655a22fa208d4c0f77e319dab2913d45834fa2e544df35c15e8cc6e5d819960c79e945d33d9739b8cb46760cfacb026323e510974be4f197ab86
32 94 0 12 48 1 :8c284d645998c16b546e0830a43f8e181fe45b80f721e9e45cbc79bc760c4796f8f61394bb800c7f23252dc84296718a27c89883fd0f9efb8b83ca78805b8cbe915f2fc0c291e21be357d3f5d83bca54c36a38b14daa8e127cbb9865df03
32 95 0 12 48 1 :decee7d547b1c4a3e17d9757f1a6e0f5a7268569a9891ed6d63527a3ffd31e3cf5f63c93ce97a5f8c2a56fc910d6512cf992da40e9627874d779a7957e0212bc497d394a5baeb891360828c3478f368f1034d42c4eeb17ffa9deb66f0a0bd9
32 96 0 12 48 1 :e6ffd70514d29e086999a71620454d365ff04a711fcbe090df7d1a316752a1c39f793cf471d3f11603ce40a97fadb46fc1eceeddd12b022f428adfd31738fb1cf03f1604c96ec7dc3b69164b6e95ba9a774fc5f08e2d4eed1d00d3969c7de7c4
32 97 0 12 48 1 :8f4bd4ae84ddd7609e91bf41ef6b06829250be098bf4c289bc38ee227e946dd910965dfc50eec7f2d16d4aeb50a5cc7ce791ef4d61c78d265c41403b9af6bd919f10e024fd01af370896de7606bb83a5367fd0dbc855065a8f6807c3c307615a32
32 98 0 12 48 1 :d0a0877345daa80beb75a312b0617c24acf4c3e78c0a738d67d6a53cb171ab2ba406589c4c96dbad64bd0a5b8c5be440fad978f9d7840d5f9263d72c11ed595d834193943d756b4217b9bf62a6c1571718da5297f8dff53d8b16b8fca3953e55e049
32 99 0 12 48 1 :e01587843179710141ee121d11193c1282237b925747267ac22de63160be104de5d20089ccc6a1c418ff39105c3557fef8d1406dd25bbf6e3914d7b7eec21aefbcf645e7aaa45bca720cc58ef7235b8cc2d2a17fd9761038bf54c9f84f9b7569919a3e
32 100 0 12 49 1 :8ea817a6c273d6f46c25664305572cdbe5809160fff8c6f32ffdbfb537d2c71791aed32109db09692c92d813e03fd70b41439d358464db40f532618ea48eec9afd35a72f419fd39f6231b91ba24a4f3cfe5997f9eb4db417978cd3c89d4e30f0b2ae22db
32 101 0 12 48 1 :1f5f569f4a1942772622a8a1c4dc1eecb5cc369761a0ff8da8409a93042fa654329de2a459fea2331cd65efc4fcaf225c6faed0c30fe136225174624aa4004bac013e4f90182df7f77085f922154a7ed07f1affb854f76284b04566eab7df1b1d08bbaa0b5
32 102 0 12 48 1 :cb5c07e10d3d24bf672698a7ce7ff29329d754589518d8a641c0d8d2d117c9e51abd48f6bb8408b05ee94328c3f3bc8a727e833c6c00114c20497a8abd66c33be1c2e9f8a27baccc2296f207aac97589301a835913c5009d75856075af2615134829ba659d0a
32 103 0 12 49 1 :49e15367c80edd209eb315ebc1981088034f1e815325fdd9e718b67fac14afaaf2173839a888549f5b504d92c3efd68dcf9aa7450b077bb7decb1cfd7bdd049a57c3d10ee90b51a8380e991c1a336bc9c7265588bce3a29c89247b6f0ece4a596d9b6db46b07b4
32 104 0 12 48 1 :6850bef5126fa8d1134066500a39df90bd4dd0755f9d7334fe12029fe8b42468f66ba912dae367c4802db4f82f59a30756e1c124e02bf140ee8aac27c14ccf98e26f0ef04d570df50316b3c192cc5f45a007a410f79e1fae270a9948278bc3880424e89cc9bc78f7
32 105 0 12 48 1 :4d6e5bb78e1474f4483cbab12d6c62f93f3d012bc87f9e4f95524adb4af5948249b3959ee019bffc894bea27a20f637f0b9226ac42a4ca1b021baeaea688bbd88a609d6997bda6c4c6de64898ff470d349f792e6d6b5dc2e5563e0dc7ffc0de8bb5d463ee879fb13f4
32 106 0 12 48 1 :d402b6ea236e826c128c34ac0702b85d8b9aea25f327f6a623e5f5f81394fe66ed25e157f476ef2e7ed337f8cf262b1ce3cfef1f9644dd2fe450d013d092732ea9f63ddd318ba73c25cf292ace947e64b50e5b664cc3bf1e9a5e7db15078e00382672e5d164cfea7280a
32 107 0 12 48 1 :716ee6c8b34d0e9d87a17854a8f2e2b51d09482891be86a3c21427c216bd2e039681183690c04e74118ed2686da1a14a5479497315e4aed73432300d48d856775f23f3978d26771077966a8bf23fef191e336ab304c736db19119bad6fd7e8dc6c9017429e4fe070f42ddb
32 108 0 12 48 1 :322f02f4ff763235fac211f8b57f013f6758ef0cf2c314b3089cc45f60c73404a5511b4939c6951d63b2e2b4d80f871a917a3e808f7de8aaeec4c0b8f7625078535d26cfb2b50684a0223408523341e11293da9abe9e4412be37411d57e3f58a8756d51b8909ce68991539fa
32 109 0 12 48 1 :99b43b642b8778b426b5e545afad1090ea2f8fe210e2f8939cb7ce0ed796e97c92495b7b5889876013d82995d657fd00b1c1b241687f034230b1eaed45d3ced1ebabe655bf162c79de2bbb03d020a1565fa255080552e64df4e4fd28ca5600e4f416254e13299ac6438cabf9a8
32 110 0 12 48 1 :a3ed2c0e80d7cca186ee88d02e5b3a23eff3140fc7522fed4bc4a21c436c0c7dc27e79be21da579836db5d5bc4b56725c41e0251caba129fd887ba4540fcfa4b4f7ae719096c1e63e312694fa8e59d79acf3ae84b7f1dfaf5903d4efb30cbc335ca9b3ab078d07b4449568773723
32 111 0 12 49 1 :f9d8346eb4a07663dccd8448dd34ae2e53fef85fa4eb34fe1ce28267e18aa66322310c10c43b7d7a77d7787117a95a309f1f85f1242a2243e41e41924e07bab2dbb71aeb783ca3a9f6070a8eb17f8363daec1c2a2b6d17c66002966b1e7bdf33dfa394cce52d068cc6b8ac2ca02dab
32 112 0 12 48 1 :6f0f538d981ed76fb392a60489908612c5b506e522f01c3bdc72de93f7414cad487e07755ab81cb29903fce3dd95988998e9fcd7427c1b11f3d4d8ebeb2d4a492199b3a38d8eb84d933d1f374185b4340979e33d1b6c79059dc72727c0f70c61e3b4ad5438efb5e314ffad603f858425
32 113 0 12 48 1 :0478c153322ffae82f36764d75ea2fd67484afa9cb9c0a17440a6bc719e2b170b922c909ab662cd96a621ed00955f8db6da970d296d77c149344486a690c548a0d9c7f5b1135a5b6e401cc166c20b2b4afc5bb7dba5f45983f3eea4954c320304165a3691534389f0b70743a962ebef3dd
32 114 0 12 49 1 :bb61e8c0482caeaf2bc879391fc51847ed6cabdc8496fa7839e91e3e6a725218402a7eca151392087d523b62cc804cfc0e2defd55b87327cb74c6860b2a32f4f9fa96c5801601c6b6c0ef854e531043cbce2b5dae0a10e0b3bfdc10fab548748ab7640ca152bfd60aab27e2825f2735932df
32 115 0 12 48 1 :74d43f197548bf77b4997d358b13a2ab1d6460c5760e841ff409b7a16032b4cf5c657bd02e1af32463483deaa70d5d941b16360343e306148325d4f9c8ec08643046541469a519d4b2bdc3ba66c8f23d467dc91b2ed7dc0023d76ac6acaaeea29b55f23973aa924e705c3d29ec7d2f127157c1
32 116 0 12 48 1 :c75b04a33f519f8bb614758f1642ef41d358d0fe6c97ad53594f2c10d587fd17cb471bd9b629ac15d0bf0824a042649d735b9e8700cde0de9d9b17e192d9a36e177a4c7fef0cebf2c6fedee8997388971a327f22cc0f16177bfa02bc46dd5a8d08a0fd80344a945a04aa3dbd6b3f39d2bdff7c3e
32 117 0 12 48 1 :fa796dccb2d914084e9a2e5fe2d78a20a7c9a597f17009d672812b7945d4ddca2c9e7d01ff3a12b7c9fb8febcb75b362c88b0b77732fcecf1883eb6937de52bb7f9c321d264f017b90642b38ba70526b0a2ecad99219aa7040f88a80a08c6a0d0ab229be2f1ead2d06606f24a4142f5cfbc0d160dc
32 118 0 12 48 1 :729d488bc6c45c21c3453d3f8026ff38b7b34b187618c15fd6bcefa0e8c44c2cdd211a0c1ef98fab94a31ef0377d9b41ebea194cae6f0bc05677194dd9f9d1fc468c024cf15fc4f85d4c4f7abb266277d5202014b154ea3b95b9acd21a149fe61392a5960ec13cbc3c8adcd89f2733b58a8df9743ec8
32 119 0 12 48 1 :e11ea1b6d6c25dd9c84d93f70c6d78eb5a1b88f3d9dee4a28d4467ae3263a52c6ad903e39c45d6930687ec686d1f200b1c332b803321fe66c1148c2134bda096b60e66fb292f9af67a78300b71c4e062ab9ce8a62f1ec264cbd9f933a6cd34847e50313c8068dd10c466362c43e514a1be16351505ae4b
32 120 0 12 48 1 :3031642a064b3459c43160e6cd6162e01255531461a9c7aa88ffa0dd8f1891b254ffd58a4c53a35cb4dd4a5e0f4eaecdfdfe0d7f410be06919babb451698fb620ba8ebb262f8176349cd0190979db556ef84c8ad9eef2b15da201f974e854ff30c051897568fa7af2ef79ac34b88a53fb4521842d1c6a9de
32 121 0 12 48 1 :4181132d21621ba29885e45db7f4ffb92c238c248aa58e874720f4546366b28a99df871e4f46e3c21c5864ee97139c1162b82e189201b6dd5c78b9d57d1dae6d05038de84d560bb946ce7020f136c85818712113bc30878d6310937c33e63f255680e6081fe8f1f1dc138f7cb9885237dc13d893c62edee900
32 122 0 12 49 1 :3ebdd4a95a56546d52036b3ae8931bb553be30b8de72d9ed630f68bd5c0d7f20d5e04de82b0d1fdb73dfc7097506ebe86a4021125305264668b6dd4b909d8e07a942b5d0f0c54e39fe3332507f2fe293cca4b9f68d3e3c6ca8a653a113c7ad3380356d09cb038797259382d7d62cbec765ea43bf2f172b110997
32 123 0 12 48 1 :3ed702d0bb83bafb2894c9b092347b74fcf5998487da9f29410de59e9dae30e33c5f4979f609bba867b05b7d8c27611b4168016a15b5a32fd9bd10c45f16c859693746d7c0420dd4081441e8f86a52108744b3d20ccf5eeea0f315e0ba1f92bef4b0045fa95e7c40ed67095239ce0064a360820ad737550eae97d2
32 124 0 12 48 1 :d344b0b1b58882c27377f1e6843373afc218a8eaba0626ccabd8acef5ebd6a6bc4867e84a9e7636280208343555662c444893955d81291530e3ede3b7a4274c23c7adc2a9ad434dbdb9f517f00b09615c4055506a3bcecca9d5b3140b93fc72c6612b16da87c5a8089b4d4427836cd125feccadd921d0c0bc1280118
32 125 0 12 48 1 :5995e5e1b52e6c93c9ec5e83b00cb2b5bd5087017c5ec3b72ecbefd58f2f5667bc7e8a653e5781acac8539411e6b1c7825e2c1e6e675e41fd97cb28e7bb1f0648c91fb05f7210534a0c47085e71824b6399f5023558067bb235c56f26a6c2734a47d09dfad0f9a552f74bc7410448ca432cf641bf6dab9fe3d085db2f3
32 126 0 12 48 1 :0e7f97ebbd564bf5bde429e3a3fd19ad04776f15badba9b70c78125e32fb2eeb16ed2d23b5a42d0bfb27a65a247ce5ae7415ea88f73de34927cf8aa237ecf4d6eecd1c729ef4caa391f2c624c5246abaca57febd3f8a4f8771e2f813df8f197a1c45fef2d8101b3b8274237a4008ec55bc6c1bb3c70c20239e829082af9a
32 127 0 12 48 1 :adaecbd279458c85af7ba24f56238edc8f8ea999c0c3d6d3e41054ea72d11d5cb88fe89e5db230f284d87c4c11d11061fdc93ea4c900d5a1e59c0aa7107f89625881b6393bfaca0a5da81ebb99e9756141dda182088ca6e6cfbbc70207c202d629d559bc33317d8b1226d4c60c5aed701b909861b20a749380e92edc018815
32 128 0 12 48 1 :69c3d046806349ae1b35c6af786a7e9a3830c0df72eba0828c8b96e0329981a051f8c72ad3d997497167f04907e70f49a080b89512bb42398bbc9e85bfed03e574dc64ba0126e0f19dcb6c66fd67f7dfd422de1f099c03a0b3227f77be34bdce6e4ab21b32a6779108ef2bd3b01884774c7a8e7e32a11e3357a2c02539fb7d52
32 129 0 12 48 1 :a8d9d7c1a4977527493c5f68bb39429020ce5b904d5f8052d5e0a0ff827ef9d871f31943660562f989191a292241dacdf726e8ab5cc087818c3b8d5c999a5b1893ffa373b748965cf130c2c0ddbea1ebdc64671d2c5480583959f0802a084137fcfc81f44891f24c6bbd2298f57106885968d4d7dd906287a5235f83195f183745
32 130 0 12 48 1 :58d029b48381ab7d3df7f2bbc0294f4700fadbcd27443e745515a638456c128e035f8d2ef1d62cb383e44476acd252d64389cd80c35fa6109b5745cc3ed368a8dc85c9bb145d026e25b23fbc5e53b380b3f7585c691186374b12c0cec31ce99a47b64c234e8b9dd4ef7e29384e287aa6c02a05bb984b96126ec23de5d525f3b9c084
32 131 0 12 49 1 :47c1707e78d0097a0ecfea25644a0d84d3ccccbff2f19364346f24f1c457ab19ab494a84381e1e519a19530891213af9a4d6013e8ce458c8c425be840292714320e8a059abbd4e1520a12dfa72dd1c65370be82eebcfe0a6efb81104baad9db514fb4f8da3a460b6822933438ad2dbc79b1fd85ed5ca3f8c2cd1ee8ec2857c80a9637f
32 132 0 12 48 1 :7302af3e5017d6fc1fffc01687a0cd112fbc9e40fe525d9692d1e313088dedbfd56ccaecc2363d32f69ab39d3ca406c674aa9d75ae5fc439e89369d167525ba8e7da5e4e9822495c939835c7e2635d7c7f2d8826183b370bc6411e63a9390b36ef0e3b9b078f8bc2f6434995fcb91c5b4256b72d81fd4aabb51196dc915847846c3c9b85
32 133 0 12 48 1 :188459535d3a2ed0412b2595f1d48ec33a4c402c1278c448e8557d3b4708b6481e3e76df97ecce8dbea4599db15847ad5785baa8b4c454c8142d03343eb7abcbd60c4bb82475f6109862d24de8cb8eb5cd4e0d655e9a8086ffe4dc7c74dbfdf6c68231ce9bd02be1e59500517bd0629524ed4ea540fb85ed2c482b6edd9aa41d3898bacf20
32 134 0 12 48 1 :987097e2b842e1a9a01b36051b8673b8ad20cbd3e1b58e13beeaf32d14170761ff847d2286b92b046ab7a981a16224672741e00b4026016846a5e0c4e3f535e4b04ff1c463720bfe27e3e9fdf458c3d55f949290be9528c519d71cd746ad876e97df0e45903fdb48a054e15701e6a9ce7f5e5d5da4bc64d1a598370b89b6481f4c03175fb781
32 135 0 12 48 1 :f517128086478fa7625ab87f199c15ed32083d79648b89222dd3c7e13c1f17a3360b1b097c84137a3a5252a88dfecd10431831a74090df00b1fdc3dc22512ddf38c282ec5849960980fc584bb0ee115fd8edf3d28ff59121239b5bd74029e5771f2e8a68f9ee3f4f41b09dac14c2ccb40e0ae2631683b0b14a80242d3933eb980b763770c3d515
32 136 0 12 48 1 :982c5bbad30942efaec0fbbcab713d9734d05976540407a84f1117b64b551ff47fb30ffa68c062821ac37e1c6cbb45f0e1e7255b7849014e7b1abc6dbfacf24f902035a1ffd229192261350a3b0cf37635d36ab424ee929fc2bd3f3771a59c0c95338ced9bea897536b8215d79ac51e911fc22b52f1f108a5cf225aff7ebb4613412ab2ff5e994a1
32 137 0 12 48 1 :15a3d666ce7e4851b656ff8e5bffc41dacdaf38a9fcc08ca106113d38b50f74eed9a55487b6abbf6075eb400caa35ec65c2bdfb8078dbd320dc180aa31b2593c618dfec33a3cc19ba97de11ce165ba026a9eb6e9d802d7460c052b3ad4e0a5e7391f476d2182ace4b2643b2dd9b204725f22289fb618d129d142362690174cb6c553f20971a10801ec
32 138 0 12 48 1 :cfc538644d3b301f2227ea742ba7f90ec7a0983286d673033794ff8b71950a94f76b9a48b21ff700342eb2e3db96f56bff08ccb2598e0bf93d7d328dccc2d2c4a7b001899b5f5c80f95f2a1063a9006251b038b4ca966f36f410633b75bc8699f3f59d159643be1631e7c72e38266029117e2600660250491833d61f4dc7428c55c8b3a419bb97c09c31
32 139 0 12 48 1 :43639063add579ae4a8713dcde99337f2b9efea7888c5a9083444b03da38ea416b6a7e2f9103581ca5b69adb5f771b6f46b38e059a6d9e60f373a56c0f485646f0dbebcd7fd65749f3ec238e904518086f89b10572dc4fc9216d2f64547eb08580cb4bdd62a7c55f7488f91fabf510578f56af8c811c34e455bf9eb365a9e0cb2e8aa92f2607619f4811bd
32 140 0 12 49 1 :dc08b14da8a7d2581fc0e329859fb0cf371dedbb329c8dab1e773b8d12b304e5429a165930dfe0ee6070b82f5c623d1355f7c365de9cae96d52d969036427325b11013e4e77a0b477b2fd60e4161d6df0608a3fa4b6fbc521b742bac376a03cfd4d4438e81ec1825e3bbcc4589bbb0b30d2ed243b5345400cc7a14e50c418bae5743081cabd7bdd7e2bd6166
32 141 0 12 48 1 :4c6412a10e10e95bc4d62c401ee5696ce492ed15a28c03adb8ca3fa597aea43226dd7492a04d8f1e199a16e513c0d964301a6b855587ef23f501ea71d3687b03f279de677cf801a9e36f20e51e7c427370393c4156b9887fb84ed82d0de1f021c02221158da00ec7e73f348cb5c94cc4ddbe7b4e50664f4b220de0c8fa074384d1d2cdef0af1f63f4aaedb4130
32 142 0 12 48 1 :fa416231b7d652d56400531a5498d9c82fc454b9de0449c8554798e089f257463847b44012d824c2e74d8275665bdc2eae2bc90f57787beeb260fed5be114a8c22f950c313d45565e5dab8dbc7157db28282c5c9b9507f7d14e1b901564fd2d67a44f4c3122ae3517c0294a1e84c0c247344dcff9b41881fd29211347dedb52af276846b84103d9691d945ce1054
32 143 0 12 48 1 :0e126201716d1acde1adba5dd9702fd72a0dbfc1d23df9b108c7c44c35d2598c1761ba613e436694896526b2b5b24ae2200a96e6504fcfef701977c01dac0347fd190cf76a265dd027e97b15ce52ff115602cdc99fbb6ac0146783b4ed71e01986c8c83785e5d79cfccc1857706fd2c73c0ec9d0fab7ce553e5381b1277d7bbdbcd9d394e3b680e247dbddbbecd1e0
32 144 0 12 48 1 :e27bb4e4a6b8ec1fcf04649a36eb28079a3265363f27811a0dc3436dd2fe0c16fca4960e3482906e32ecbd032858629286ff34c2d4e4f387f3e27e66440c616e0feac292842be1d267b62b025f733e80ecf5ff30b0c8d9c1b7739b5b3ecb597422ed1a7c0d1b8c34ca654572370ed68acd497f180afa9bb01d1ac17daf2e1aa473b3642850479e2c12ee3a9783b26ff6
32 145 0 12 48 1 :6b33b911de2a57bd8369c2795e1342f901d0d107d12bb025806df0222fe374dc6e8e0e437dc9fdb4f43e9ea46270efc9d2d4cd4d88f064f439aad9c5ec26bd5a1d02783fcff423ac4624727799c4070abcfbbb87da7d90abd19bbece8ab4e860188a2b987eec2589708c1c844c17a4bf0623d1d7f683b74a1a1198b67b43d477b349b5bf3488bb3ebc1dca999561177aeb
32 146 0 12 48 1 :9ce94610ce34a5bd13aa7b0385ccafa1a3a6c70be4abaebd1b7dd6f1bb167d00111a305e08a28f85b7b9f32362ed9659691c2f1d6903b712b289ce8713730ef5edce860f10508bd0e5635cd14f31843bdb64dcaf015eec39fb8ccfefe64cc8cd51f53356b5a856ac71737adc63bcd122d1457d96ab69fa0b499916156c86ed28e3acee334313653529cbc2a557876a091946
32 147 0 12 48 1 :db8c60e239780e58db74a821aed2707eb37e6deb9901f7ed8d15f6178268883fa31ee2a8f6ee45867d17ff609ab97851af984c8a273edc572ad5ec493a2dd549baaf764e7dfc2507d409ae7d61b5bc2de556f520f479152ee9b83e27156bef149c0fecaff29ac53b04d82f6065a9f79aa334ed34347976df13c5c752dcbaa18cf49585fb4866aedcc5d165bb6876a9950fe030
32 148 0 12 48 1 :36c774beb034341702e80878ca735efc0ec41dee8269ebd1a6e0cf2db431af74f22bd17e216edb58c065af28a4091b252b226582ac76215628a1db30918f324df7c2cef09daf5800eb02854d5995c85340fb2e25293ed6ffa9f0201bc7087a7dc52c3d7cd07efca2042c7a9793cca70ec63cd9ab5b6c0f2218328dd47d3bb067ef814ed2b2e4036d14496a09ef69b88d4c6a9ac6
32 149 0 12 48 1 :6d4a8e6b1a9c695d942eb467554e67833e6b01058c1140f11c8ccf13b1104f90de90514464a08a7fd08077ba49ae0487838166a7ecb74078e0c0d02cf9c31568db300a62c72f30254f38d6e5f480f3e31badfb12f83313f39020e2713d925b9c43a1d1df70a9f0da033302d389fd1e1083b90e792a7543ecf232aeb3c8b019690fa301a288a1d945c4c169aab747d856a21407a5e0
32 150 0 12 48 1 :cb4942b69a0c36721a57481c96a94d2095c122ef6d43c9ab25246882203e46b17dc7e3fb89f2530a989f13cdfdbe27f0c02ba52fe1ad9a217f51d4c3c8ec524c7bcf9c0a0cfb068b5eb193585dc1f0b7e62dd8e02d8b478af16ba34f6af72ca105639112555821170268c36daeb4cad0df8daa43f347b4e3bc687950378f2a328f2d22eec3c378e05bc01b9b01422b2e98d8a2423631
32 151 0 12 48 1 :460374cc64bf15cb1056eac9c6e1e2e3038aecbc40f07b46ceed1d647423501245cf22b659223bb47a66f570f7e6e8e72a3c3d4549ccc5924bfa55bcfe6b8f26dce9d874f5a55a1841e4d3516dacc9194838bff8ea8cd98cbebe072cfa0438a6640688c61617857c9ef4711cb443066ca2a6702498c8c6c4b5a905660160ca7cb463626f55b0933538759b2f269044c753d02963d5d530
32 152 0 12 48 1 :155d260cfce16efba9ecf9b9827a0bdbea0f0cb431553777cd63294ea5b8ff7f719e8ddf2165a68af9faf975400d74dbd566a392a2022f01970e435f4c9982a75916190a114aabea1e2684f7fa460c23318903b31c8c004fc32e39c2c37b93efe6e7bd8c63fc68f1ae071c9dc2dfe6c378acd2fba13e5f33b08e77eef7b51df0f85f299e0fc8f42ee647a1ffd62dae6c4cdeadeaf0cec7e9
32 153 0 12 49 1 :183293b1d1262bebc1195103c9ba26ac34018e18c5b1046e2d27f189f90cab84fb2d1dd74f2adf2f2a9aecbf2e4c41dbb205be0d3f47fde0c3c362cc4d9e9769cdee5f42a1dbc22f6f8a53cfd6ebe1f7ea2232fecb53318c59ba639a5d7ccc265102b7f37410d7703d4fa65723041f148c3f2c2c3bef2cf08d0b7140a6cb399e182b6b1ded9854782420d7e1a36faf5e1a1d27c0c4cf9007a4
32 154 0 12 48 1 :2eb426ef4023fb6945e56bfa5d7e6c23128d0ed35ee76709d5314207c10c5b7777d8745737db5b074cfc469f36301ba2b8703dd3eaec399375254312be5ad06850eef152ccdb6b02583a080f2687ce3de2ec6a0d66b157ffea8d63f551763b31d1f5a2bfa4730d24f763384b63ca92beff48daf6ca777b2445d408987ec3eacff93e6ba0b8c4292ca1e4f42953ec470b2242fb35740f21d18968
32 155 0 12 48 1 :895b95d3d40472380c87a7bf770406c0e93170565fd153b054713e733f5b3a9248e02beafd2c87ee68e0c5afca8f91b9203b0f82391301d7293c90e0f01525f5ff32af30d56b442c84ef820d7f7fac46cd621a537114b07f833213f953a2bbed3791ea26cce8b49f2040c48a5a0ede293479905fbabc65eee72c946f96ef0d5dedef0ae0055cfa1af1a98c47586ecfa8de0547d74795649cdba26c
32 156 0 12 48 1 :c2e8369d4f0df1debb1fffdb289a0873ad087f5dbf363f867754e78139be7731ad87eb056991afefbabceaa17ccdf4486f44dc87ae55211a13a833c9fa56a0bcc45774cb4f24e1ce24f8ee6a3f7d6129b9b625342e7f48910126be7e08c89e51ae008c49d038d8ffa2c607583c36c4c13c33d31ae53fdf9cf61c14b22e16cd8d608ebb93946a4fa0226cff59bfd1b3ebbcf3c14076a89abb8e4edecc
32 157 0 12 48 1 :88dbfabf76b05151d5ce2d75d888af6b2f8f794667b7f1239f13d04a4508493f3a8d26e0da11cd8a70582d72276ffbee6b4f84d3bca9a74763c2bccd1b072352752aa93c7bc9e4b7be49072d5e396782595a1fa0d88e13274f5d84c3124aaa212f41d575d9dc4b35cba7bcc97a578d64474f773aac0a7e1939aaaad0dff5717bc2625048fcbcfe8cf738f294ffc98cab9489dd8dceabb645141836d4eb
32 158 0 12 48 1 :3c47d6c55c00510323d5aef8ec2cf127c233661b3a5b6960bfbe9a9095995131565223db7a1b5ca9ed505824b9459be0aa63b43e882ca087fa138cfda31c806bd59fd437784fa9757a1e1bb3405f19498eab154f7319b08b4f19da14f9d9f4e24abbecba1c55ee4a61b4210b23be98eb6c4004b9edd36c78658e0f6a979b364dea7d078d62285200dc7e0d3b72b994aa3ef5ec1afcf65b3677537c86bbd1
32 159 0 12 48 1 :55a15514448ed5dd2c6e3fc5d00e7a274602591b8ec832cf25ab60a672f133afb5ed3f54f7b78e1cac911d89b2ce2a5a5b9ee1345d54d222ba432db444c8e87692ab10fbe43c2c55166cf3f5a1bdc11f5b1dd8acd31fa4ea87e95cf30fce043c6f35db8e8fed82b02ccb7b17b8a50023eeb8ae2c988afd08f59d003614f0ccda830f4c7c81c82664e35adde6d4ade7d0a3453fc2a79abf730fae7b3a9c2824
32 160 0 12 48 1 :9e927b5e6017a9f065fd1acb213382cf32083fe53fbd239c5a73887a406d0a5b8046fb0cd12c9c03828074924b54673a597337221637f10c0aa74c2978d79f013271c306ce8f47292ec977974bdbc2a7ca9dfa1737f3e337e6cbd1dc7b2d57e5004c7bcfa93e01efd4f7dd892ac5d42ab15f9226cdeb63d2da740d7e420be0a81d6f498db0499db2a9d3dbef7f2bc2f80cd8c9ab722b50cc06c6d595f869a54b
32 161 0 12 48 1 :290001e732111026556cbfc7c5d098c1283900caed14875587812369a958dcf231c7356b2a5a279ff48f190ea36295cab3e8cf54601055d0e9562f1f613afb173dd818d49e73efa8b211c04b3ef7d6ee87f2f54a371b8810230d99b4871a8bb47a625bf0e2e394ef243e3aa5ae9821085b5b11d86e6189188b06536efd7fea55059e17662795b2de2e59c41daa4db1606b8b7de32040ee19a5f14dca72ab483389
32 162 0 12 49 1 :229bdd8dc3b16ae9e1ef1ff7c840a80be1a780fe22dadf3b3f77901292e86e250aa755e12bbf36c412f47b37fdce44e0232627ca83fd72c056c3af73a0d7d857a07dd82e57c5fe267660daf3bde908d00500ecf3a896dff5b2e8b06d467cf3bfbb7767d0c60c543de200f768b23963d0cce6bc1e5b1c39dbe9f33210c1bc927b602c3973d872a3ee68e59d193cb8893fae0a2bad93386dea9c9f692ff60a270fc1f0
32 163 0 12 49 1 :c8c66849678a2c200c0856d05b541a32cd0e1928c428f2d21781694dfe4406014c34422851a529547678627089985ccdd75ecf897f30f19ef8b0f23bd022fb6a2b809b5806bd0a0a68257b8b4630a12c3c1fbb7b0f176a5f8bd76dff9869855f54b1466be3371716309e812780ddf5944867abc631a139a129e75a5adb86769a679d951f4ecf352ad36084318d60f5a56045e75d03aa6bcc99b0146916f039aee47256
32 164 0 12 48 1 :89d3a3998db07aed7410bc056c5085ad3124f07850db634146a03b1b85be972a9d9bf2f60de6bc45ed147e3174f44a00cd415a9c59bf4065d0a7ffc66e9237c32401aa99c28b56a8aa6f4afa11c623abc83e59813a84d96c0ccb916eeaa24ac748201f45027ad570afb5136155f5cea8541d3070f2e35eec7aac2dbb1d2a4798d7f310bb2dc49a7884e1ef0c3478a75bceeea906cd140c2b32f4873156215b6ac7d9033e
32 165 0 12 48 1 :00365905e33b79527eae52542d47d733127d38597c75f5251275825de722e474e6dd2f4155dece0900e08bb5433f1114053a82d5a36c28a078784e955c7d011a61ac442d553cb10fda30ba883386c7676e717e129d6be6b572691d4750c3c4ded1876dad1ca813391cf8c71ccefb3aace1dfc6c311179eba496433f732a7b71cdb85df341821fb1dc9155a3b9a52ef598c5941736dec1fd4249257160a7fc3c55010f5b65a
32 166 0 12 48 1 :b2eb681a2794a300f273ff1d0ae4c400b2487afc0de9ecc5e7c2976eae2f4f0fe28a1865dd8a0e52ca08f442b0ee96e3a7f016c8ede6113e6667e5ffedae0442f4e07f6887b4efde468b6d3cf6f5a802acd58f86e69095084ec7f3bae1af87f194d7bf054cd8badf6cf3ccde1230afc9341439a3c434b75a1b5e38c85f6dd579494d6de9967f24e6d9a3b532126f77cd8b920b354eb42a3cea7dc6cb0b4d9d5fd6213872c72a
32 167 0 12 48 1 :f7d9a12ebfe1a91c1260095eb61d88d6848fa2633d594702159e9353866d22753feea930c77fc2558cc50aef7fd57ef3464637420ffed2de69e7e1c767973736e4051893d357554067833531414c11e05bda0536d98b2e924e8ca53c1e309946585a74b6fef6448a3498b9630f7435ee1605f08ee56febaf32a67152b07176aff71e12eb70bc9b13e6c30311bb52e0d8aed7eb682239e6ecf6f7e76726c4bd3750b72b6b8556aa
32 168 0 12 48 1 :2243674307f1a4eff78220c915525b242744e0979d2d891655621e9dca4b9253515bf987f36a00ea91123917ef99e94d62cfd83f98b0e000602ed1b93d1335f03e1627001eccc05fe5b343b7c0232111a5a22c07c5060c0c9b50d6029cd1cae18776f629cdefd3b5bc0f8b0c15513ae26ff33f3d1f504676489012548f116cddee3d19f66d215da14f236f229baa6a1facd79bb0ac23002c429720e89dc4f850411e47df3fd21b30
32 169 0 12 48 1 :d719af06cebc822559d1ed51d6580284cd5607dae04643fe24d9b86c039203a70fb9cabefff4c2628bdb02352c17d5ec8e5aad6c40790a0446069b7587bb058eda13a05d10cae6d5e64f9f8beeb40b460e770ad4dad8442722774b0d0cda633f44013fc6855ddd8b23dfde37435b62d5e0e39d82d10e91549c6d79bdeac34c0e88d08c4444d23b0aebc5d79cf9240a7c62aab918603544c765f4dc62c0995f236136b8c3667dcf4e8d
32 170 0 12 48 1 :96ba333070b615dd66d9f25614769bff8595f146ba96e735b79f8caa46f1c1fa497da2d3882ca7f8083f4f2ad3843c0b50b98c773f9f7b5282519fff019eef56db1a30ed90c04fa1677ec1ea2e222d54ddb70da842b464638ff845d93054b5cd983950d0b601238c7596f7fab5a87612998f039c9c6e89b2a53bd3185d98021cf4fefd5cd64c87e306c9abb4ce99bb7378652f83a7dbdae3d651089b7712c984d9f16138ff468debe2fe
32 171 0 12 48 1 :a3a33317dd29d66a38e1573f26626fd5c6feb0924f06c04b1db5eb403ac3c6a8326de889b8c08ae411c4253f377e4d4b2cf7706f911004af6cf5309ba4e20f00e6ba5ea870de67ea3f55429f304c04ce1d2b11b4d12ee6ab3ae6238ba756f63da58f817c19b435e1d2a69b269660fc143e701deba730043b6517bf5a5a9d5fd50fa572a5638db89800e3e929a5acef784d16e322afb17b235dbba35a593dc3161cf75e6fb3df7cc513da95
32 172 0 12 48 1 :dff7c89723474bcc2f62d025e25f8df293bdf5e1124ec1c94a79c9a265b71e6022f9bd5888778bbf63e2ba5ecc3752a9c14e9e47888ce5ae9d36c634d7fd49c02895c33fbeb6db489bcfe695b3744a460697960efbb567a697e1023a77d6aaafa20675becc2d8c5352f55b4ff99dab37ee96f362648b76a7734b298b58881a016894081b345f2d3c64a890478c73f8f66e1011e26275f88d0f265e986be880749dddb3b8850adc54c27fa4e4
32 173 0 12 48 1 :a32fa75fa442e5a5cfed225e558dad68f272f518c9fbd80def34d7f9f83c604a1cfef4847dd7a561010cf551fdf07c746a5d980dd4f02721c566a339f7c6c96485615ffaf3a8c66375b371ac5ac86ffe9f0f65643999c0eac2c380742c4b2f6a173377b9d5ac78bf5db7bb81464dc94bd0e29fe3f22b9d895731bcb4210e51049645bc62d64f9662af5224101b978c6082494fdfb7b4c14eda4b41259e248479f78171965981c559da834a33d2
32 174 0 12 48 1 :23e9a368603236c95065ab0e643f9454580e36095fa3d60b8dfca98ab2ab887aacd8991ae20a5c216a606cc4f4b9315d854715555ce8a30a111a56e07d9a24d55c4d48b1d8503684e21d47a549b8b02bd31af545bf63dde26f9cf60978cec972e6a2a159bd0636a5d7788fe8c9aea0773e00540fe7d2d7afd1abc5a827cc061ebf41d7e3620299068dac64569089d24de6a1508bba4f55dab3bbc07943cb3b4127b33424f83dba111cd166577c61
32 175 0 12 48 1 :ade6aad250cf17ec23b76b799c2fcf22e5b210c9405a71114933a88aa2fdd2fb4a91f72cff879e65bbced84dc02934e4b7bc3aa27ae42b27880dad870dea58ffe10a14e14d00fc8cb9597ecdd9dbf4e77bd141eecd38805041f65c7a714dbbcffdcc54c8425d9db068b9c6352e6ffc9d885c85917c7551802129d208251e91e8fe5989bc33ad172558efb54ac51a870cb433d1103dd0e9eb441c2ad79bd9154edbdb51d471e1f7d98441b0fdc1b2ff
32 176 0 12 48 1 :dabe859db2a3852ce4508f38bd25e48501cf55483b2ee5e55d8c4b92ea5590fef532795111048df52f1f7f25b707c5d376c1833fc75b14c98dffa8931f0b481e594358f4ba2311e04bde1bc93c3e36882355c43ce2639d8b1df6b8bfd758240ecf3096677db104cc3c52494a8169c71c55b06158bf97eddad7775e09858c9c741d81475762469c2ee947f83463204a4649cd61c1ceac115327407070cb9dff2cdd0bbb96fc90fccb12a36fcec0b31914
32 177 0 12 48 1 :114873bccdcd07d9ee3aae0b3690768ac79cceadb628d136a98f563a53b537bbcb1c591447f3bd16c3726e8dc2ea8adb8be1a78cb72adaf6317a7dce5f090f20b27f60e2c42a2cc78798ce487c8c32c360a5d8c9b79eb4b120ea68870ace5452f4003c08ac3546cbf0212c89767ebf49cf4ab132d6044449d4112a0862bf445f5aa6496a1d890246c381f7adc0726189fe528c2c81a84e5064ffeceeae2d5fa607eabd55360ae54da35757ef112c9f2078
32 178 0 12 48 1 :322ac3aa9c7143bbee054052e9bfa85bcfa789b07ffc32c264fd34efe8d30c601cc34166136242d72a362fe48689b1c55d005a357cf742b361ea1ea928056e1e25f215efc80c373f285fff35093c940653d78fce0f9cdbd1981bf3a5a1ee134e7d41bf42374848ca5bfc6d682ff480600e51a55d133fec5a8af6c0f42e39ee8ce25066c6066b833470b89f20cc3c713dfecd9a20c62352d52540d7aafbcad9221fc40fde854992f1e4297c89e9c54710dca7
32 179 0 12 48 1 :698b7eca2c36632635e52972cbf388148d26fd6231310859226252ccd3bbfd8caf17804740ced69aca2ff827dbd138d416d4e07338459f9f335c98fbb1ebd7abd3640059cdce6e8c7d2f2d64a2787c77d74595029855eb45ddcc5e408dc73d79d8f5ebf4340c028277ffdeb2c3f784b2c4e07e6e25c07b3bd3069fbc2661486531cbd472ab921e006ca444532ee2a5677152b9e89319afcb6345bf39222fa6b7b29b2408347edc221dea80e13158d7b5e8795b
32 180 0 12 49 1 :c90fe0599434656cb0244c98d87446c27c22a15a35e9c20addc4d9cc009055825125bd21c6b9f93f60044c0dca9dc66780930d79e456362d271c83246aea1860c5c7679f3125c28fca695c581422f638ffc9f137def01ce5718cfb8ea217d0abf4a6157c5e8207d9374e21d88b697a1b432f716f93f525e3de78b65661ca8810c1192b96a724d49594c7e9a4ac8283fb7b95b1b3bdbd91cad97f2a034271819d528a4945dd9a8344247190b6729ced42c4840e7d
32 181 0 12 48 1 :e1443136570667a8dd66ae8afb01943c0f7b7da93626e4097a814329b82d5da4da5648f68e4a962f548a646bf5591f27499d58949d6bebf12e1090078c10910964e977754b341d8be97bc0d4078660aae87303d964368ee6bc03cfe37bf28cf75b911825f1e46ad100208ed84485456926dc064d192396666081859a954519a7223defc82ca9b7fee346e50c5044e67867c1368b94198cf66e53c47f741f3890b203380ffeaf4ee7149f992609af76a807f0e0adc1
32 182 0 12 48 1 :0a83afb49b97dc2edcd5e6d057d9f9fadf9aeab72f3935c0175cc1296de8efaf41923c3e25a004367b7f0ef0ed02b0f90f86970e6033d17f89dd7124b9f55c3cb5e5651e2efdfd949de16ce4e7652439b605024163b407a9831c39f127476ef8ade779af166ce875eb24bb61dbc443cbbc624868453cb215e8f107dc069ee8265fe7c9187ae3dbc58f19f611925f47f6b4ec5f8843541536fcded0340336996a57171bebc0ba6e14b10c022093c7b9991203e4c749e7
32 183 0 12 48 1 :84430a2273e354cab5f1e41c56fcfc7cbc71100b17f42e75e858a20ddd153a01689b3503a52495ab71757733266f964a68983f5f895d263497da327bc4b378525eeb2a6b17ef7461e3349e61952b18be6cfd8d088bfabdffa8e9ff8bb40fb6bf2b5aaeecd2d34152263fda09ef0a179baf9a7d7f46e568a8d9eb9c6ddb1c4352b863eb0f37bc7554a435d46cad1667c71d5d6db387fd629861dff6991f34a4c6d7f732233f8a1b5b28bfcfd12bee016ff0e20cd01dbd63
32 184 0 12 48 1 :ed241bcaa8e65fd6f6aa9697821105cc5dbe5fd1fd382e7a61a62a7464445aace816d2b33e6f7a542ff03646e84347c92e2cbfaf9556f48973b11117409f9ad1b1a3358bd69176ce76cc112917cebc9e9a2ec0e88e99ca0151295eade62e580b9006f4f858acffeaf5cb527b5c4eb78cb56453980b8f8bab31b6fbd9cb1b8e403bd1e71ebb79a54d6b3c1b01287130f7424b7df58dd5df2cf54e9fb71c9dabb0f939d23618e6e41880b579c306fcc265696297cbc96c172f
32 185 0 12 49 1 :66c3c9607de06ae36010ed24473db1b6e6334c0fdfc8e2dbcee5f3c7ef9d76c93f1fe49546df859148acf6398e6bf7e42ad5de5193412a0718d0226537af33efc45dc73e0ed4b02c698e80029d0b6cf669fb2bd57dc4d0d5f17282f30fbf87da61fc5b2357874b53f5f5a6f5e7c9b5132ca7506ba34bd90a8d16d4c33f9c3910c9f06e0f53d0c6214945e036121bb52c2959fb3ef10ac277214b21598f6e478631ea4514dc54af12deceb14cae62274dce608ed8b68340c041
32 186 0 12 48 1 :3e4ca310633d46afb88395acc9aa7e151423aad5bd7033dcc8be8c2ee47c4acd93c04c18cd2c87e0996e6337ee706eccc0fe8c553f820d996d169a956e24545cae121c334e4bf33fa84a1971467f62be1ba2ac4b3dad8355bb2fd6459d9f3c1a0cb06fa2d371125724433c298e2d279c0892f5363ee2bb93b27d643039ded79f3123f548292579379d2618c6e074e3d6cdac89cf3894024dc546dd652be1fc1d13382bbfcd3cb78f2db524bd0d568bf087a490e90bba50297167
32 187 0 12 49 1 :68976d0853c84d7e734987863055575af90b523ba7ca6a78c01e0c60d8526fad7a96abbffc2db37b7a3770797d2987584b54c811e6877feccb674868aafd4e13d57e1df7afe8957a513d5f923d6f0931803a69f0f0e3069f8219f2479a0d1b226782d9b12e64582cc98a7c4d4ae1e17a467dfefecb6453c2b15471ecb4133f4591d6ebf5d7d85abe1cce8c5e5138c655e1516e4069c1a57c4cc83f9a05fdf0a24d6da437f65a27f21e5a65c150fe203ad1cd4e06bf5c3c582afeb6
32 188 0 12 48 1 :693b1ef5b3b113baf8b4fe85d17ac06d5e3b4c891fcc57d2011a88fe80706b75c9b1a86e6ce9c87ce5d637f33c5c18ce533220929fd4219a24e0f73781176e221f60c9b9b9e3eaf3847f5886d3e5f2a7152b493712df655b3476ab866bf61fc26d7a45a842c1420a79698bcf00d1be6e421e764877f3de64b0a4cb18671c774467a543e9454023fcf3858240c0f3f5ef6e8423fcb4deb6db98c3dc53425ffaa7adcdcd524038d63fca5daa6d4bc1bdf611036ff192df435f81815773
32 189 0 12 48 1 :ebcbcd6aa7c1cea6b15eb4aff3de848702c4fbdef4991f0d5b4c1154108925e7d23827fd97a1be84ade7a77056ceff03cf7cab168d11ca76a0157158655725741ffffa36905d0c92247872c0761fc46bd3855f694873bab26e1903c84fdabc0c20d4fc3514b8e82b9fb77121fbffa0607300a9a6045b896b91221460a2cd794d20aac144384b5aafcabfcc3bd7dfc368766018968f8951c2433cc6271d0d7ebd49e8bd29bdfbf419455e0fd824dbc1bf0d106122bdd57ae6c0d140a853
32 190 0 12 48 1 :ecdd7b7faa2f04974287b398df97864619d216e376b46d1b68ba0aa8f14ba371680c442254cd66a4f0b75332bca223948c2d820a1cad29ae171b65cbceec698fcc035cb05919ae9fbb3cbe5ffd28a4cd94e2704e4b48317376e176f8cbe6dce82914417f4cca3f3d319c91f19b9ea953331739ffb1a558101464fbfe3cd478f5f608403dd0ba72b6cc9f5211dfb97f3d1b84b3fa1f63c97d957d2142ad23efda545cc91a9a87123107e0fb19d475d7f33a364ee36d2c6a0e44dcf32820e4
32 191 0 12 48 1 :5c4aecde5041156df8ba63c168f424df5aa50b8279e0b2e4eed07be9f4b65ce657c313db0a077d88c3335b35e235d7b96b7c8a8f342859d78373f3da56342f1f2acf806dbfe6339ff32b201f4d1307d00df63ab98fe44a9bca8a4f3e27ed49f1686f770548e1f8941ad63f8efb91161ef89a82214af106bb56b237aa0c2bdae55f4770d40c5154115fc36004420d473eb0928e36b28882b03e6c5b78bcb6814a9e2ea1ceeddf9b905bc941905d59643b42c405236234273261ca7a734cb1af
32 192 0 12 48 1 :f83401bfd1dac651af8eae20b1fa4284241b8ced853dab24d041180d2810ae3560df828970ae261a67149daf4e67f4e0674b9341bcbf2278eb7e6d91778734df31b33ea0d05b3b013a9206f426d6cdf94828167d06ef50c79441120e8adc197546f21e8eaa5a0465a1e2e45c778fdb5453671de115019a52ff725110705661ee4738031015f956006ab259059f87e681d7daddd3838ab5ce815ca07421a039a5d1af944bf70a187e5a2ec01152c62041a900af2c9836c44c3d4a4195155096f4
32 193 0 12 48 1 :4710b650c6245927ba44ff66c24db5f9ee5b57dcdbec3c99c0accf42d6605bc7c1bd1b49b5f095c99ad7116dba79e49af7480449fecda3193cd88486cf92ee477f86874e5d8e5e1ba49b6264d71ec785254733c78ee35137f1ba9b331d43dfb5287999f9d0edb4ac7ea7d87c0c04ca291ee7b8e4b60dda85dcae6bf10118e8f10ce4f683d8d18621cf205b9b66f61f2124a34d17b79de5b5c22f8a68fb5d59556ebe8cfbe4af08159b1a342315fe2503dca2a48c038da0407ef296a38235c587a2
32 194 0 12 48 1 :2f84927a32f12cbfc987e4e63c57c1d6b9be2136a6c17c366c3f37b5daa0fee727de80e19a7440b6839c582a0d74058d77b796dbb85266110300fd962b33b636b686c41223bc45b4e1b7b3d3eb4cb55c8a11a28544959891b220a4550b73c3abaae489cafed5cb416a705278ce8c924089feb4a1880c592b6d1e40e0e1eca12f7cf9b0c9c91d6f746cf0e9d9190f114841a7a3ec51dd44cfc8d70e64f7174c3e7ddcd78d6182a47aa2f646ec7a8663b0ff40f6aa04bbf6914589c473bf8b0bfd2eb5
32 195 0 12 48 1 :c92158299dc79db34c312876e7a079d54015f4b6a16f5856da09088977ae0c1b37790d62305d14adafbc6f0ff8ef0ae20d299cbab076c60d0d6f799bc8f02f0ff9b1927c32537edfb7bcdb3316c0d1285814174398b1b7cc3f0581be59124c362ed15cab443477942ff802cabea638f65b0db6c65fc705e4ddea20a961356d32199c0a62348b2199ff5ddffc665e1c92aae1e24b3811e91265727c5b7c5aecd7f486867ba56a8640db8756f1492f8710a44a1e7ec13a3912bdb316e78708f81c9b1d08
32 196 0 12 48 1 :890cbe42cc7e81668524b6df71370c9916265e9b5d4b93839a93286a2244c7991157574bb241b1a8c066821592fee89f84c17cbca7c0724db46c912977321d2fd59f1c8088136637a4d1d269ca1bcdfa3a558456096b311f8315766c704a34c22f398f3bcf266565ab88ab9eeb2affecd9e7ab49df7ded751dd6fcab27ada96b96daf20828795e26999cea59e0a6d7b590db14e86edde073d509f8ba4ac3d5a6d7fbfc2b2db83681904e841971064e4621c1f892776506e17fe7d465b578120fba97853d
32 197 0 12 48 1 :70c8ace11a46dc028d67efe4df0892eb23906fb91be1f4a0232d4ae33830ef576c0618b5ef6515e3e968af08665e7dde3a8bb8e0bcf8a2545f4c426d3ce26514b49355ff6818262cb7669a08d8fa3c00381e575b7ce5ac8fa178c356a25f9548c2ae529186c48ba6b562ecf1638493a74b69852f9f536bc65bb6e7038230717c95b337d2b04f834a7b0dd8dde30001cc022ce59240de880d995b71b2e2f61eb7311ab18d49b6a15ef37dce13cad5603f3f855340a19250d0e600f5de9d4a1a18d46f152aab
32 198 0 12 48 1 :d5df45e2f1ccd1f45efe5946ecaf962d7db25af9543cf785b1ff1b1645fb5a89619e0f2227511ece0a19e2f7485a516deb90a203640847598be2d761b6743ff72d2542fc4dea29ece6b03cff86c465d81349911d4137c9e443a2b50e9004c36a0c80a79c22cd28686d7e00c22512b1d03aed3746fe17c4fa5c25d9b86b1522a7f5067a40403b9245c92ab15e2bf06bc173e05637fad1ba3332ba4c8c336684e85bd6883e9f494c5cfdba5cb2d832a3d35ba48fc1fd40e5d01fecfc9b05e4f525ef4306418a47
32 199 0 12 48 1 :dc8d02f0bcdaf3dd0da76bd40fc72c0ebe0fee48c7285c6a7cbb55b13fab3c9f23cbb978ef391393be53c6b0b2d00e56ed1d44a64e3b34e612d32fa2ae096819ca5eb2fd2e57ac5305bd94dc7103386da729aad42ed0d26717d135933b8b0733ed51b32c60d0c889fb6449dc7641f30e96ac0e504f0c57855631a57eb9a4c09364ac3e369dc2b95cbd5899ff1ceec89a59d7f5110e1a3a1a8aca272173d140ef8340226b9f75f45cb4ad8b33632d0ec27a1bb3000103fe63f701f6e76aaa043fd7ee9ad1115d65
32 200 0 12 48 1 :220279753b6667271e286454349855d733a507f5f387d49ba90863bc761111e71ec9f98a5c44d354b49b5d3085269daef943640402e80eb0458eb50e5d0e4a7449ecc316826658786f42216b45391a7dd47eea5ce6d29ec3a89b83d2046f21c0d1b26b52544fa5ee5aead23923f79e99a43a6992a5de71799b25257a396f57a7ae28901e6f673f32bbb4485260d9dd593f9d5c4c2b164ce8edac1737d518e000724553485f49b54dd25c464189678d310f8eed8296f731228f6843a1fb4ea8c17d9f3e294ba4f3c8
32 201 0 12 48 1 :19b10bb6672bd09e7a2e68716f4ab22ee4ae4577575ad9b3b95270aa88efeed3475d4db07b88e1b58e93319be353d0dc98a83d851f40937979335bceb77e3ef81d52ff8adfec3090dd0bb6a62f7a2573c78ca824a13d2a034ad76282305ebeabeb1c058d54ccf8d32f9cb242df05e94e77cfba7958d52c7f7ff2a88e734453b5e3b8272182efc911a89d72701d3634fe4be8df97ff5d8408b99f2a5d0757c5afd301853b2db238894d5b3d014c9c24f6cb4c654fd0e17c3a36bee367cc1eeca02f82946f5c8be157ef
32 202 0 12 48 1 :170917de6d51c5731c2ed5b07f1f3db43967eef7e9bf0a8ad5040c746500da0ec2a9607a3bd6fcddabeee46c4bcca6300049a735ecf5d5d22764bba399b5184997bb7bf74139cc9c8c036cc0fcf3e484e9e2504a26e86e9963af9b3ed808728a47ee0869ce4490f618da4054bbd8401ff8028a4f97f87b865dfa03cc93427b43e421c802fc400ba5875eea7d61b60fcf23697cd7fee5085c9f7bb7a7dd333e0d978db77b5531425906c07453f6bca9a6fcf5b2cb7cf4929c4e1ee1d3f69355b31920ed4efdc7463c7b5e
32 203 0 12 48 1 :d1b58594d94f7ef98c109ed927a289219922e5675ce9d1699c806577bd905bfd827ddf2fc882b219840b32521e578564e17f6c5e6191c3e13e10f2d7f4c380317ead943214cfd5ce481ddb32fbd6fb1c9faa7c6d9a67f35a47cc1194c77245840f32099b91aa855e0b81c879ef0888fa4d87862c734238d6d7be6adb904ded67850041a9046f1fa819b0af3bd15ace54630d2b6ea3d9b88e8563af207d7be9774688559ed3003fd879a707621421494c69d503013873389490ea41e754355d7d7d180fe572ea0a5be817c2
32 204 0 12 48 1 :3371afafdf4680458c0f2e8fe5485c0227ffe8e000f34a41d4d214f0944ff697a72db4ccd7da48f2021fb19df9b1c569042fb4dcb9b2ba1c134208a1cd8ca0a51d4bd695ccfefe39bbc6b8660867370ad8721f2e236be49c3f61ebcea5771d5f5e875a57679d2df3dc18abe0b417a1c7197228a8c57e84630a93a9bdfd68a4e4d6384e7c6e51d579ee9fc7305bb2fe9e157334ff80ce1a61a25a79f99b00e01f7f9f0ff941aacb20837e9e9f4b00497494d685309085775227c2796dc42f34b60c3dbc3f7527bfad0cae252e
32 205 0 12 48 1 :dd5cbe969be04dee8b4fc723f25ddca6cdb96da0b50f5ce56ce0e6aba2bf90ee74c2e366f978207ff245ca5c55528a193089197bbe25d7ceb14e3bd35e6b072a04b09ad98e9dd007be2b02c479cb68230565828bed50032bd8f05c58e348653ed5969d4c3a9bd1a8407a71e2aaea3fb2f1b6ec84803f8925f42a43cbfd85673a363c05f3b2fb8efcf8a72f0659ca45ff2a38b68142ac40e8f2538360165eec5fd38d142435562184e61547353c5a447be553af9910fdb483ed04cb11ee68a354771032863064579474bb016327
32 206 0 12 48 1 :e7d66cb948c62d62e844b7c38a64882d6ca8f53efa4a9a7e25aa1ee8b95a254bafb95e8e469e0040ed5cb7377d16f6c96bebe9d3deaa2d42bcd24302189226a19aed223af879bbc9112971faf280be9065394cb757f766001bcd9f8646e60b31412e163a5ce13f1edcc24ffdcf15b912540a4827ad1229bcb167ae7094ba1a5cdc3f4ed736e49674cbfefe7356aad8f6d4767f1025516c0293e74c4e1f4fe0ae7c411e175115476885496788a55fce8d0cf3d2a53a81bceaacb655182702d528071b4a017dab8e24e86059cf7083
32 207 0 12 48 1 :e4e215ff798eb3affee1232f4ec5a07d13378a6a2c89e0e708339f1372dea031097c26e46b77e9c8768192f09899b451da4d541a3dbe7c2773cfa296c1b1669ea5ebc40dd8f3a122b903f98437054f07ce2ec2b87613f9d23836e6d6905c516eebf89a1371548934b9a4611a1e7e4c6a363800643b80c4cb7219053987377e08b69a5f4dd3d15035b4b1137955d06bc0063c4722ad912d104f48260fce3ae946fac9b09990494d13ac0346144e6b56ce568fd99042a3a692d2a2581298c3a9f197d00ed6d52f43a4aebc6264a2da54
32 208 0 12 48 1 :5517a780cf2dbfc401e9848cd87a4a7e825f86bfc6fceb013d693b600ef0c55b3a27b8ca7a4c51403493ad5f160757564a5626188ee7404dd8f6a7b99df9e7148a38c0a61bc17514257ecc0966e60a3cc9e515efcefb3760b373dba4182448b6d5efe372c1dfa1478767f1ce6c33a5451be28e815849e1f17794545979d349c82d585053168d07cf7d51ad561dd0f17f4c0eb9f0f0de632b873dc97c8271873b0638010b6235a80d9309db1d4962cafbea48890bf2568df5b7319d947b238ade6b94f99de3fbe6665b83e5105aa36200
32 209 0 12 48 1 :451a58e80e4211c82e8352813e0b02bae01ec23b2152aca4ad138808422b4742d67fdf8c40a49a416ac77cf51f4fcec60fd4cfe410e3fff18a5dfe5a6ac031975f15b7b232a6a8fa77c4e34d3d3633e9df36c96d509fc8561f86d101b64db758a56ea13ab4581572017784d7699985d915b4771731cd8e67e07ecfa4dcfa3c421d53495fba87bf8d1a06cf777b669ef3488e7e6ccadad395e4404e2899a8fbaad1bcca2a8f59199c3d60774eb1bb79f6bea4a237727e15e58bc2aa28d76d3b4048a3b297a390148648d8428e92de490a86
32 210 0 12 48 1 :56fa0fd8b8d6b7598fd66157e62ac63574869d6c86eebafdb4f20c943e530cf9cb071b49b3c67ff4df3af825526684f0d673a6351ed2f52d0b6e522f2a6a9d1acce5a30b500ca30560624c8158a5e072c815030204bf600036ef1f827a896959a48c58f035482d970a1ff1c01bc7108a012a5b220a0c794bb55a95c46e5a20c13579c0bf878f195e68cca40615b59e14629f07714b793d7408a0216804ef8864ccbcd7a0d4a754d570a3edc3c819ec9201f0ee433443c1a7619566d0a09fd9be4c7ef6b88004ed122e5a49fc5ac96082feaa
32 211 0 12 49 1 :983b04ac1190dfce83619b290bf655a2b7acdc796e001bcc4d537d2251334963fa52a7d6efa335d046d4441796bfbffd37de73bf4ba698e6553bb6d63863bc40ef9bd140eab6ed38f5fe7bdc2fcf606248c0c289725dae3078597db6bdd25c0a00950f36621aa9a799f796cf683795be1257f4a8808861333b6963b24631aecf2ca8d57b002db9577f828e0104b4eee10217bc8e42eff07e8bb135dfb0bfcb78e44d3df153236ef2e52c0cb6213d06a423c962deb2035a8b143f1546cc580ffb54c03ded64c74bdf9914820b60f26d5a73255f
32 212 0 12 48 1 :00801e3adaee1a19607b293b1a060f165118cca4965537666568f358f3347fb989027b7cb23ef520b643889ac96d4f858938923838b853743a844fcb4bd8bd84d3fc7bcd3204165af572ccf0ac0b2ba706ef4508ffb593cf91ce77f725eed9e0f273953c32c59bf3ea4342583546111dae232a423d602d3c4f0bac191cae6159111a804ce5eb11718e66140e4cbebb6b9d0f3558039d31d38f9c093e47c8d0717953c183da2d03f9686cf5f4d6de1f8fb47576f914dbba5a2e89f1bac51e9d869181f5eb97d12c846a6f864fbc425c87b53232e1
32 213 0 12 48 1 :158bdf6613282ae3ec14b83afe7fa88e43eeeb03ae70208e27d284e016a66c87fcf5aa2c539b3cd76e8430760790f3c6fe2f7efb57c8326a0d60f7bb37ea56008d2c5f86c818c6a750141f758ca1e7897ffd105c2260c26a355f4912bddf56f83d9ce01fef68c429d5230c27ff5fa059503725a55ee1a3c8a9a3e73174002aa9150be67aa3b372ba9a8393495fb16175563d5f14befe407aae8c8e65f78fa1fec066388761e094aba19b46c9c936dc64de18560dbdd9bbfe9c61313db50ce59c011ff83ae91fa8d3baa68422766bde43c6f27b0f65
32 214 0 12 48 1 :dd3c994e742952c014a01daa8eb57ea8ef7751cd6fb232cc0e6827906f5fd80a4db9a69167dba80711a2a29f1d74b84344de9782b3666d6b5284b6ca1f32529e94929f1f5c2a56a72e1ac1d577c5cabd366c18ec4a6931f88796e9694831eec6594b11009ae65f5ffacc42272c19b3add46d3b03b67a69f61cfe0b19d6343f394cb2086a9cee0d537f08a597775c5778c5d5b61e8481ade2a64b82b026130ee47f14a8753f797b9025d74c653b26062e1923dcb78b7202c4c76dde394f3f6670dda16dbda28fa8b32a611b6c0ca31c13036ecbce8f81
32 215 0 12 48 1 :7245a119c8b39c9b2e1a6610b3f34d86be35464d0e39abaa3ced7d8ca3e2d84d387303b17b7f7b6066247fd852230f6d9eb35cf7ae42a18f2692e4c3cb3328a48c9d9392e806d6ed80c53196bd1a846ca81202b3ba53679ff6a985b639ad8e2985bf82a11103a5797515a494aaf63778ba26be59084668a2f4dde2d9175197f80b38c9f5dc23b735c5bdc8781f044b10f4c47ae6aa7c9f834142e7b0bfb92ebb67e7611b269acba7fac787b962aa7d1f0a6758140b69604111f96ff87c37dca90c7fad9942e9c25cf6387592f128d514d901aa2f27b9ea
32 216 0 12 48 1 :095e4a480c0f596de980a4c53d5964a8aeee9f70bff018e7b1b964f1bfa4b821547faa965b4272f92113bdffd6a0dba2954e45acadd8a7f2b4053fcb2982a1c5b7e41e62cfeade72cfb956b1184ca8ce32f8729bba09931c17d67f78bdc691cfc76331ff1fc2c84d5bb73235ff2156f9d486b74e0a9605015ed3dc999460239bd62731e120e70d3dd7c360faf6b5d55c7c8eab52bbefd4cdcabb152219f855d03aba8f4cdf870699e820a9aa8225b6a6c6ad4a8bfcf7f2ae0c5abeb6d4974debafed75fe3079229dea67fe92476ae38f685572485185458c
32 217 0 12 48 1 :333f92b0df13a24b4563eb963fd912287ec3a5e226862b89755df111c5f129f9dda49f49324a93346a18365bc48d97ab030499df00a21bccd07e12444095c6a26f49ee26ea275e1ff2f1cdaf7218e4ce082300ebad19310d1952df9a805b551d67a5ffc55319eac76938e801a57891994f5cc3b3717a091f99c2093d80f0ef83472611d72330138328d6ef3e3a90817064cae16e423a06fae84d3af069e01ececc99ee126fe05105566e245ed5b5d043fd1f03ba0e2af0e8768b9c50e7a266d6f8e1237f439775d5d467c37a15aef5839c0f973a74ec321b7b
32 218 0 12 48 1 :066faea66ebb427683b141ce0ca55051d475288e371aa0ac1ce5910f8a5e26ea9596977474b9212fca37d34c1438c9dcac948a176cacaf981ac547a2ebb08502caba373212a70d95ac500c388d8aba49a47c3d31cf82b94611ede69aceed91c5b17a21a9a52611f370d750adc4cc66db81cc65e3672c2967e90b89267665d1fa1c24c221675db34cec9273dd28405a674bb0abe14f3749e99029f84f07fc275d119d8fe511e183eb90a658fe84f79b537ec4c2b6a717d7310df2d3e4723358ed1eecf331baad636bebc7bc1a6117e0ba3db73805a6da756d30c3
32 219 0 12 48 1 :b27ae64c717eb27be79ae1d79613a384fb50661c8a7d1e54dfc6dfffaabf9808a9ee89364746cdcffb5fc0731cfc818e214823a86f8352f3cf815dcd291160c1add8fa974fd5fd5e94c70c67fd1776f486e152ad2b6e2dde8dba0210d0894ebcf2e5ae226f461ec7df2828554407fd6e25367c7bb35ebbd37c252cedfb10efb465d819a4ef01d216f87476cdfff7976f30cdf5c7b6d6d8a95f98c6957e9de3678e95daaba6f1b6b686b79225315776d3b9c2b0c0f99e1a56e6a4bf9b938e5de318c8bf6ab5e92bbaebce53638cb8dba244c2631bd63dc5263c22e4
32 220 0 12 48 1 :59bfc44c87b19c95bbb99b8c8ca3942da4dca1ef16fea8c0f7766d397ae51182729055504160fd731cdd3d695e12fe4dbfe48fa9b6cae597014566ec9a5d86b5c32644151d0ad797663c4083c959ef8887f02850c1da6668e9a4d0b4f44ef31c2288de959bf0a5a3058aafef5a83324e65c1110e5fd8b7b78b16556f57dd0881aa34025f3ff1a0d664e92d738b06d519a4abe8dd568c71c5be59facd1fcf4259aefe6178c5155b15e82b8a94444923e91b6ab6bb27d6b7ced593e3e5020cd8382985eed41bb93a6dc786c5b3df5262e24821d12252a594f6aa82e810
32 221 0 12 48 1 :c8e9467557dea33ca65db66b3b76bd58253f31ffe802a4d1acf248e55ea073304338092a68e1246006621fce13be6877fe9cda88fc5cf0857a8beb122ceb098a3637c251b25823f4bccbcf127152fdf3355ab8b49ac5793b3322a00c26bf6f253a0b00bcafcd52ef8161eb700bd627f663b1b0b00efc70b55b810cb0648f01a1cab37a38bd7a3b5ce8310261bdcbc3d19f158c190b833ad92c75ad2880884a26e8a48cea9c88f415bdb4d473cda8f0485e47af55e89b709d3890736de4c3d448a448623c3c1ba75049ee60a0addc075ec24da2d4fe44158133e576b634
32 222 0 12 48 1 :486ea36935844ddf025395161ff06b90378a548f14f17c1fd28783dad6994ec52a6cbabac30380bf2c9f1dc9c8babffede783577b633c2963077558b6d828af1853811e90f420f5bb212a00898ac5135a19ea7ffda0a0679ea947f9fb93db0602d3f9d16d625e0e53b8b9a068dec219552b936225d590c915fcbe34a17e8c694de177a9307182f0784146fe2f28f864887c01142765a47743c0f0e311851ee67e865059f048cc2417e48b3ed0a1011819f5cea1f42b9ce865b5ef2f4c0f67f8f36c19b8c01743c5087f94e3d430468ace127f535ef3d10928f5c9fb07b88
32 223 0 12 48 1 :eb2daec5620db33e1c29e9e38f312837391ecfc7d245c7ab4c5d33d0793db84d7897a150fd03fc690ca05683ab9bcfc8295728fb78ef9cab44c97de150f2c60632155720e03e6f266e56425343fb87bcc4961da8f2a0d667db2dbe7f9fc4607e15361660b822f115b000cc569c85146e77eb31f8d3cfd14ca6cf7dca47d35580bdb8a676cea83a82db86993c531fd1d19b7dffcb6685a60b9474f77b7cd77b7dd8de177ed91767d990cfa3ab1967f313c157a1d5575f8e3c383f2196366f1534682b8d97f9dc20fa44483ad35353ce48ae8e9a2b3cada9eb073aec9126d2ca
32 224 0 12 48 1 :7e20d59dfac6f98e284c422753c4fa568ab656b5ea9a47f3cc59457ca3910d427e831e66211bf88d19ab0dd704f59b27efdc2ae334f0baa2cf806e18302c0d9ce74c57aa7a50bf2528e696f1467d98ef7d090e9e46822c8daaa2e3a94768861de27b0bbc5a08bb3e19a5f2362f4aeecfd48a1101a88f3412464f74dcf2740b45d7eea84c087676db431be239744c6fe128c8e1beaab2c30e1408f545be00904e9f7ea635365a30c9096d8499183319ee81029d3aa465ecdcb7f4a9915944fa024c301db35c4bdc166cfb3da879488a7cfbf8371d83d68559d4de2eef0ab8c3fc
32 225 0 12 48 1 :52f2909051b0a1d48727f52edfb4a5400f4bf6810f3d6db38d0df8fd59e7f393a8b22bee17b513a217cc390dd71fc5c0453cbf63d0b8b3b6683725d184a958276a32a8928093d2c74e1d0da18b2a177a6c59786338b5bde8eede124611d72f061966307920a75d5adc9d4f8094b44b153b749e1a7df7dbbe489e7814e866f8ab076ad4d880e453b7d2b7567bad9933cbfeca348f98f07f4d18cac7ed02ae92c6f7860ac273d97e44d121cc6e7afd3af43cc80b1631b78f1cbf36266e2fd97771bbd3edc8978708ef4e94b64658e2e946cef94705806958b95421984ecddcfa29a2
32 226 0 12 48 1 :a5026967dc733c25a3d34a99f0fb424fc7f997dd6892d0c2af1848d679f309e8d5a3f95b7f9728990b25211f74f47def18af79642b554025b7377d7aeb9754a6da3c6b10f78055d303334749551a3b916236269fcf6a556711376a3ce46c1a32136f7f327ff5080f3652802a426d55e94ce5363157c223fe50bc8a2a80e838ddee95dbc7fea8fc3b74d0cfd792e09758aede873bfc9b1bfb9d48e47ddc08b17f55ced53504eb8db46879b31a523a7b4d9ace2a7c8f1d7f19320be3608b9070893da18a69a9e8b73640a5aff91362681a55648338c7d52e3569a79bd11e79e8889670
32 227 0 12 48 1 :b8d6d48891f618df910293a0ecab628c0a46003c5b070534386164882f918930bc6238034412aaf5df0a72b466c7eb779badc167ac44d25eb8f27aee4ef0e726e6b73c8f10aa033bc7bb31e85bf51d71ea5817f4a83ed9c8628768435bcc22ffaed3611a0b8d4541f996149bb92b46ee3c9ffc99bae2dccfb907791515db94e97809f392412096e98c651898b19b044bdb591f146e994c0f47051116270356667029249813054f7299aaba54579833c3e0c279b490d2fba96674927efc6205106f7096491c4aad6d54fb4ae82cf33a26170f467110560511d127ef887998ccfd6b70da
32 228 0 12 49 1 :026a74b2ada9a2040aa1ff20cfbfb8d59b7604ffd35fde128d8377b95825d4d88a6a976c90f3a364627cc2e5aefe05b5e25d8d5d4d8cb21f29a7ef0d1cfb0e0e503fb1644ef5fafb148d345f06c8edc15266c7bedda5890e019ebcc44ecec7b16900724930638a20562f13e4c7d14b9b822c4605fada4fabfd5323256338d70294efece39071ee2320639ca9407ea05f667facfdb75670f81b2247974d242f8f75be4277dab05fa3e55868f1ee82a788e3b898a3fda61e0d154afc2e2a1a35a4eef8ec8955078b18d300aa26dc4ef65cbafc5ea6e66398922778dd6146a32351babaefad
32 229 0 12 48 1 :71911ce2023b541eea918c354683b9d8f94b7b98d795dab1d72312aee6a5a3a9361e3620bdf3d1def6886640f6bf9dc57c37dae3929dfc10c5760bfb57503a00743e0bfa0e8c28b8a7f8b81fc5b9f50f5cf351e5d05f36ae2105c81bcd78493c0a8b9a9552d5129a99b2648c7465a4725d0f00143764430885880e559b7538200ed9176fae98284fadae8f50c4fc07885d7606ef04cd6967234fb1c43e4ab147e45f472dc78cea6fe32f980337217f009c4af55624db6a32013ced57bf0496feff49274d0646778f8edd48e055f8bb860e1eedf5899e352660227fb1964e4a3965c73a8fb1
32 230 0 12 48 1 :fa9dbbb7413d0350c3e35046fcb4f63823e68a19c6f5b4ec25bd1ade47ad2e4a9c157842f52aed80c0d5138975beb82503b1bfad045efb9e71c5c67e6553384cd82c8a4d7c8fd42ef4ac7b023a9bd5511565fc32c004ce528b45e62e1e3e2b019344aebdc104677f7955e61ec6d31027376685f32b0b64e1d12148289a1931003e95b9f6733dca850416b4fff7496704f8b2bef68b2434b7d8273351ad958c322d7f11e5e44293389133c5f94e1c6ad0077af5127884a79858c4e08ed4cf123f0c4dd5d98362000eb05e15185251e6d1f45ec7095745fb9024c8221ce630dfc2e580d97f3029
32 231 0 12 49 1 :e38aacf2f96a026ec9d6baeba86ce84a9017a6f9e441cf5ee47346c1624d5e8013ceef0d0735223359020303bd628cffb6c903f7aaf5f50a260ec2810da342bf862e344a9b7437bdd55ab6330a0a5f9d5758641e96dbe3c64e1b947d7b024697ec049bca4b18e98ff207b60e74a7ac92ad27cb3a93df6b75f1fc7eb3839bd7335d2b6b26135068b9760b58dab660cb61f620de3bf94de330f76858e2a75baac04102278fa20dbbf9fdbd7772b084d7f02d3d572d9872aff61598ea10031eb24add24795f5c6fe577eec68a9e3c1e110eec664ec0eb46a781d862fb0584a4e23267bfcc8b4e117a
32 232 0 12 48 1 :6be0a47b0a1b527725023608afa976ce1f2c0c87692c6017304264e5b3b314fc7f5c3fb8cc15a95fa8c62f13065c5d65cee542033a32443668f58938b75d5542f2c22734ddb5116c0d7c9d0e5b6b04e25632e161b5f0a658a320c876a179ecddbe78808839f5f787f15e79bb3ea4c71132f9f7435eda4bee7be29afd023b0abec188e383373135e1a40a9feb471868ebcc2a110d4764f54ca39d5fd360b5be783af4ba3612370c1bf04928e0264bd715c62f83be2fe5fda2a5f2f1aabba8abb3460691a5d29b66627b9fe16b0a0122368d6c4634c48154868147b5b5732fa56a6de077cf3d7548de
32 233 0 12 48 1 :b08f4e5a2637a6d682327413378b40a654ac8581411ba851b66ee12a6bd1b4ea36d198364a38b83b4995a9eba8de5a9134c98426be284cec9d0ed202eb8b0021d74ceaea7614fe52ab3a86a9dc4d1c50e27a2609f27713024d540efead0effd9a2edad12ccbbb5b904a7412697bf14748e09b2238fabc784a8b7a194919638a928610cd55579ea0d69f279c7d5f6929b236a35b2658dd88b25b0922f802884492bf11c70d93269cdd0e70ff2ed0fbd2bbdc99b7551a00f9ac70d209c0cd6e748e832e9c99ae6c24ce5f1b9abe028d0b38b2b2ac87b3826323ba057dc598d79e8e837d08e32b458b473
32 234 0 12 48 1 :f1a73a82a40bf0081d0ee3f883bbb6be826da1509c1220a92964b76febaa13b7da4e9cca89a06ca67714baac627ec2771941fde4e83c6bf800cf902f30ae54ec3f9c8d2e19e3543aa84f2b2e4ce7b6e17b3cc25d46692b50942421d253df0cb19981900c0a9b4407581eb70992bb0d931bc7334fb9fd73574ef5888e51e8792c917a7c1da7b8e2eca53d9768838210f87471b3858229143ae7a8421dd3d4d75d3d36eb5143452bb59b75ae96cfa46275daa1b8fd35781c6b25cbbbe8fe1a52278f22836ad4d61e3fb6b86347cbe7e1c227f6083d416b3f2eba436253cdaf4ce720558fab387e19d64e97
32 235 0 12 48 1 :b1b535579585ffc00d88b0e3b0965f8c0963146f496486de1abb960ce92cef97a98fbc53f2bb2638d374819e327cafd38ff36d70c9d2946c819cf5d063a3522c3f08386439f284f909fa4a5134dd77be05fae5d4514a5a13ca3b572b9fb5f0dd4308a9b68429927584abc1100a14f2ce04bdd0029d2dbb8ae636e3687e951158d63db16e5dc0358eefa6aa924dde93ce36b425c91c084663d5a82fed4761703860d1efe7dd392de015327ccc31ea6ba166ddd17f829a098196d6ea757a7bd71396a4f1cf574d547168e5752ff2c920ac6fd4ae56a047ed232c32a8053ccc3bfd89494e6f978ee120f39dbe
32 236 0 12 48 1 :a39ce870d587e7ccc8a793bcb0bdadf07e5574966d70e8d0b830fc3a28c84e40be7e4407e82dec8c3303e5f2122d40a408a14eb768552bbf340bd71f3216ea880d318dd6a70776d38029ab11a24a040038340bc45c98edf3e7c9cec07c801d5c1299906b87e557fc3a2dab48c148f91e7d976aff1171e57fe1a2f079c5df622e061bd8b76c88e320a9707ee7e6cf8f411c8feedc1a0c30189a149ef7ce1fafc51efd58df3ce7a564e8e3a072a831031af15ffffd75971e099f727a52d47ff6562accd8e2c7f6edda5cce813105c8b86bad6a504d8f32ab3405a794fea0259252dddb7ef02d4254a113fb89f9
32 237 0 12 48 1 :453d600815604d0642725b6c018e3d481daeacff86dab365ce65a25272d8e219dc17b636a9abae5de651682d464cd7607b8cb42f871022816a098805dcb20bb3410373aed175aae8b3e781588c24ad2aa1209650c0e26f16972395918c030ecea65126bc6098a8540c5d300b500687384e9be6bfffdf41c66df242b292847c88e483e0cb3b6a78f0b2f99b270b9e3764a6f7f0753154eb77a532edc999b31109b2f2bccb1047b033c8675cd61ab6eaf68156331a6ee40bc8cbe8526aa96826dc208e6c3c4b60876e9be685b56618e777c8cb21f528bcf5f17b75301994077de4da02ec43dabaec427cfa5a808e
32 238 0 12 49 1 :0a79ff1310d9271ff70fb06a7fff65824b8839deeffed2083c0c3babb181707b21884e3e4e9c35d9029e0f949378f90ac9042d128172ae481b5e32c87e2510c8ede3e68729ac2727ab6c94d7d9478ff4f17b02d642e8d9b481e79032b73c008a5a0abb8dc69308223c46aebd75508d55940b76a8e85a8dd02d2ed1495cab64cf5aa25f6ae4971e71781b7c359e26763dd17ea750802519ad158408a1b885afe2c34190afa9f79505805f5b0aec04d48bbaff214b436b6a8e6cbf34d06ecd75e312b2631e2467968fab2c3891a69d9bd85aecc4a630ff5ba90963fca686fd5d456dc202e538a4a122af67385e2bd7
32 239 0 12 48 1 :b9714d8b75e1c64c30a2b15edbfbde33006339929ff590297cde3d94c043953b59c255c0b106c92f06a7902841ad86bbb94b2797b48e88fe0625d5a394c412f240cea4c96d64dd13845d8cca56322959ca7cc4e26050f3e622667aa135682da01b14100806e3bdb779fe54d04e3b5fb105c6f0e9e8f3289c78211ee40c23f5e95b965335e034ef47b78131ccbface0391817a355b9fe7b0d897a192c69cacfbd8d49b539d5856453ccbc36a208a8cbf3a9a374deed310daeaef3c0d257238c68981a9ba907c62bcb143063ae8a3f9eb06e69248812ede43a46f4423a1bdda85fd9477792e530c847c0839f662d49be
32 240 0 12 48 1 :865c18d5c20aac657f8ae53d0c2d0f764f669ffac28dba8c020fc375d7af109db4af7e65df84443bba088fc41c624517e0708371891ebcca437183289f6061b6023b84e309a012f6f94cfbfbc6aede096c74e164c29498bc7f09ece82a406f7a7ea3510cbe3ec1b1e229602f59f0255ce9da75a28136f17be0355e1083b15948453d8e48e26fd5bc428acf0f0a0e9367a09b163651ba3483aef25b0f2ae8285f5967d4a4eeed30b294dc4d75c3e2a83515b973b24cf9ea606b92bd29f091cebd2b5c77b71487dd07aa6d7aa1dc132b5c3433ca562dff559a8d37d131a8d02fb7a3035fb829d2c64b9f05660526b0b2c0
32 241 0 12 48 1 :17eb3c0b0eb4e5f39d1607a5676be7b1580d59157c4135a95dc5d3a6546fcd99e8e3450aa8be84ddbc32bc3a57a84371caf154c4fce803b166851f18ac77369d6eea2c1502afa5d00833433458d5701a7adce739d1f65fd249847a40e28c6d6fab7ab6de991f9c9a286df327c77862038b3d768975b0c2130e93c53c088feabed4b8fabf62ecf7776daec8e727a4ad45e0e7fde6d238cd0399252d95a43f0f8f233ce51939983021ef573049419e4a351c8153e379c533d6a2141ccbf9191842ab1786336d9db86c0307bc5c34d66e2052e323c7dbd63fbdc5ec04b167e77f583ae986f6fc1788d5de6f9382f5a23fa23e
32 242 0 12 48 1 :219fd86f5f521f4191e9b4d6bfa990c45788ceb9db7e0bee6373fbf9c59e5df38e532bbbc1a163aef387983b8bad38ab94b21a95f3c756b4e9e5b74afd511dfb09da00f2bab978428d9573602aae851df9139cdb996301c055a935692c0d3bc17f311f0cb82ffbc728d6bcfad676b1d08f1ff84f32818a88bb8797302a81295a002273af53486d7f5665c141f5f4a833c6a51a8ec5d30a17dc4e6d3e2ba19920a745884fc853115a07b7ccf1fbe681efb9393ef1c2aece931ced53649fca1a1608f5b630e45277cbf09b6a8cf53751dc282685da1cf57f6846bec1cc924d8a020445a97883d7dd0a2ab8b7ee041493661791
32 243 0 12 48 1 :fea34e0b1ffceee2298c48453c8c7a39dfaf80a7bab2a54da1f0ec0ea064f9dbc9cddcadd992c7044c49a755ee07093f8b20ea1be949cd8fd298fdb1e7b49cc2c9c49352214b52c6e66c02fe1c534a35a0ad53461ca673731665490413bcf6ee5dba2fb687481a25c37bc0fc6424654116f5d2247bf7d8ddd9ca39f85a4b11e9125f58155c98ae88298e2346ecb7b3829ca13e31408a40e81194a312f3d48f8bae12625f1a46013489f6ac796bac90f1b77b457183917bdd3040725a9cecf372d4816c386f6df8834249ad8560f970007681b98032a16206eaaf3edb0a61951fb9da27810d367a397595d7451549d075ce855c
32 244 0 12 48 1 :00e67826f832d8fc57863e60da832f62c2c3e09a52826225f7b32def84e9a7744520aa17e16c84b2302b3a8d9cd20bb079ef5f3270b783e46cdb56730aede1461ece8c8e5639ee2192a774bd9f5748938a53ad4cb8b6033e95ba57f08aadaff3c2b24614fc321d5e63e0e2196c2f1db4dc295687b37986561d44500ecf30ea880e5bd7c5f287b854df79c17ccac0d9ba6990b22708676b20d1efa4a89c70802a932bfee499687f6d449c509fcc4b48374b0ca92f7a365e57f1de9f27c9ee5b32496790e6f14fe6888b200a35cd90b4e06f5af2d1d6d5dc025ed49e665a3d51e8033c07a5588a4bca09a2bbf9e24598104e64448e
32 245 0 12 48 1 :bdc93fa8085b5dde480ca8636a63ac79a9e6e9f6ed012192fff274954e7312dfeb4c2acefdd0c4e40eb9b44233a15b8f362029e5788d50de194e15060c1e02b38be7bc4c98935c5453b3651cbd68f1cce312cedcc2ca012d211a7da1c9de08a68894c88427fa9661fb6085c57db387f4910773893eb5a472c7f88a8f468ee40c28d6a89cb950cef4bba10ae70c5f0d6ae552cc26d88cf9ed69505a6783d6fe2d0f298ad4c3bc51269e91da46b8b0ce2d1c646067bad4a8e21c22f8326786ca0520270a429f3d38874c657e8d358c5505a21caa3171cdea9d19f4028eb175944a7453ccf006362893ebf95ec819174a1fcf473844a6
32 246 0 12 48 1 :0407fa06d42970e647b134e4a66142637bdc05e4be9eb0febfac20d6f430b0c5e71992e687832ab2b2d0527b028d8d4ec5dad3ed7de8cce4841e622ea83b341d1d400f37c9d87dc5d71ff959864791e63b75374f4325149416a64f72daa13e5aba3faba074c38e50a200782c489989645dfab1711e092357b0c3b9b5312d3211313361679503b58490f4372fe0fba3583ce5c460ba9ec66ae9d0e5da419d193dae71c6814274e342d35edbc79ed104e5e98e80d0f453b99fd2b9de23bfbd79524b36d4a0c26649b81d3479c7cd948d680b505729468699c9f66bf0c503052d1a94cffd8f3ace65368f075077b42f7923e7f5308b03ba
32 247 0 12 48 1 :30839ec270d672dda4063cc7cb03579912f718ba5ea5720f9c4d86f001808aae7718a06cd393d8303819250c7772f30fe21223d8b66e8a50fe907f1236ea936f281e5aac390bea7b5098e8e0492903e9cbb197a24546542c30d98084d71ff75d77fdea3760fc7c98dd64b334d4f20fc481e5e427a57cf2d4b3273786a195147ed84ae073ff73eabc4db23c5a270f989384a8d4b37d324ef96f5222d2fca1d81e34c98fe620f8ed8ce14ca087080dc2f1883f819250ea408427b3321b0fc87d67580244b9d2cf7cde3a231cb5041f5edc4e7669d095820c9ffe65bd747f47877d6fd697e6a0ffabe1c045d28958bce0894c5016a4443c4f
32 248 0 12 48 1 :ec904780924e7a5c396760d6cd3d221e3d6361328635b299be9d37c96a70278359ac75cffc7649ede1934bc2fcfa7b594817303209c3be47f9497b27bb5bfd057e8b9b1271fe3b716cb807dbb04f2cd9379143fe0c9a48aa5b77436806f7e437b5809587196b2d33ab07e407ea5fd7bec3353625d5f74d3ea058510775477f4e239f6a654edd6a40fe7a87a7eb3dc9f142f0adaab16443e611f217e4ed96bdd7d757a98968b0a2762c175c334c06285d19500f132781226101b5131e23a478b2dd70b73f1128f06dab38b2adc59968edd809e73dbbfd3661719358277d8a4a2e913a735af2be59da08ed5507bcbe4299a6fdb7144925add0
32 249 0 12 48 1 :4f2c23b1196d62ad362a804fa084d378a4ffc0fbbd304036ca67b028945c4a4d8e8699420ee1cd392cb6e9cf660f1262ed02cb49ef6c1b75c7a8b0339bf2601a43d56a10a5a4cca0e86186ff4a6cbb39f47ebe69da45d3175b9846ff6303e88e0d73ca2e0ac401219b59428759f880771e0e1c228ee4d10cc14cf90caf19084afb057787ca4788325a48c7c80d14875e369b92af158d691d444a50e4fc85fd5baead8895f30ccc40ccf5e2598a4a72718b8c690565a72af28812b91c25f14051ff26728f4eb0bc4e8250b3ef8a0a1656dd9dab127ab2e65c01664439fb9fdd67ad13b4f28f84c58a937773365e73a227da47fcb47e677d02a5
32 250 0 12 49 1 :de2d626bdf6ed23a1c8e4c2bbccab7fcec0cd42db0f5e814d988a1ab588fe7556f57cfe7adc410cf833b24e54c9ccf7e1a9fd937cc6dfba4521501cf91a366c10438f641674012e47cd2d444a080a2c4b750a3260a4bfa832c4abc34fd85cd3fcb4b8645af7aabcfca959461035d34850245bdd603974497a3bd8e88036c89cd094de78e56e96708a7a56b849005c0cabc906bf196cd5f43cd6180a71161180e9e9b5bca2911017a6689d5d70af9398862429dda1bc7b156d1c8773439cac8afb52444c5b93142a97bfd74e4d408202c4e9e9ae0a5784d35c5c0824bae61a2d125790aed5f358bd3107cea5543c43bfd841a201f8313fdf68e7a
32 251 0 12 49 1 :057c0f8f786d7a000d28a8974d0e50021b93814df6de79e924317d957c735212fac97b29b5c995f2f41a3b3355ab5a40018b65c4024873e7761750f6611ccedaa409afae27d137ae0c371eaac5785f5eaf1257d885c3bf4d1d670f244b1e52158ecbd1b3f0d5a3fb978cc001401b61297457a9460a0fb4813e1f37096ee12c7fede509266213e9ea1f7a0ef329ca8678d91c5a20b8af7e54ac028e2494aaae900a2defe019e2d3bcb7483185b83f3250a95b5c1308d0a2add8bec21bde38b33c3848a90d26b331c912838691daa8b07658ed136e8fe4a4e91c503de2d048caa2a0c52f38c0212380088236bc6e3a46e5573aae92f92e9c91a0398f
32 252 0 12 48 1 :ce8a16998d508ddb58fb25808da6382f16b2cbbda3fcb50cc1ceadd139bf3112a07607f9d18ba611d8b3193cc5ab8f482a81293d1b2317f36279f349ef50a141bb4dc34cd89028ea66487210f99b862a670209f37ad1ecb204a7e152f6a63d55e3538d47ce7b041f518aed50deb66268afed2b848e0584db1a115ab8823be82e824f91473d679fac7d03c61bff074ece6313850f89b3de828facde3ea70e842a5fa5e36a57b40908dcd096d9a5f32454949b0916c6b68996c72d953f323338a3c40c66ad8690d7ac755c59a35d444121f75846d1500d2957b7ecd17cd94299ff83c00f43df53449a290cd024ed590f90652f65f1c3f5d7cad185d814
32 253 0 12 48 1 :ec8b908d6a1c966520777983895ef046d74bfd23c72f3573ad515ab3c2ea9ec123b2069379fa3e4b16595f92464d5885d6d70b500f7ce5f82773f9a357932a5e087d387befdbbd8809ab9ee543b635beeece929e28120b50b4b10ebed380c901a903b6ea8d59d736bb3525ddffa09f4eaeed0e6063cd527778601a18011e25bb752acc6af6db8da197c05b62bb5fe8a880a213deb5cce02fa3b94413ea2116c827ab40f7311a322ce02fe217b5789464b4724f8ef6e053ec32e924dd749ccd7aed19af26191a08429e34194ce468f0c2f086adaa0f97662a4f43fbe9745b41313850b047c706bc6505f6a273d5f54d497b830379cb78eeb2d3ee951fdd
32 254 0 12 48 1 :60823a258660701b1610ed18dd05e83666f5c0d44acee0c5e597845227aacef4d0dd3240f3e0476e5f1563eaa7c8ff712518338fc1971a0f965b7d6777845bd69cd40cbdd1c0ad0c3f12b76797d6a2fa77cf2941fa23419777fd80e133ce517b97f9ade12e942906a757f1238b856cf0a5a8be80bb34062eeafbf649e0f726aac668c5e16babf0be5821b387e380168af3162313a206d83f77f1399cf3c770648c72e8bbdbce7323262805119b4d67fbd04d2c4c21f3f72d1151ebcc4e0d8d2e9f395ac3789f01c180fb65f1b06107199224cbc209add1d696544f4ac0500f7d0bdc9d77e0df435eab20cc3b4fb8e593e277a8f449db9c61c34f9711c7a6
32 255 0 12 48 1 :e77fbdd85e8a1fbb5d66573b6a2d44a58adb65a1b68f00f78ff34bf423d1ce459c1110e2e2ed11d847912eca3ae56b672facf4e0c3ff95dfa0f46615933651361dc8313d9af79663452ad59f525fa7d89824825c686b9f42f2d39e76d41bf03dfe3ecfc071ae7cf96ebda85ecf878c297596b6a4780701564cad67906d6f9bb2184ed54e3dc0889c7e94d8b90ed17ea33873ef88b2108f84a48fd7457861de5c591a12a61d09fbff9696b889070c6a08d001c312c71f170ddfe967bd497b9960bf2e00727aa4dc86641e183724c9d1a20f31d6d1cec31fab582195968a594fa32129eea928bc9470cf5abbb4cb6953eb47c1e7fe4e44615e907f75f1829e56
32 256 0 12 48 1 :fcfa75e750becbcd663bdd119d5f788860fbe2d195de0505cfc793198d609a014405a1c852ecc9d640e5cfc0867f69fa03a2ac83867c7fb0240a8230897b75d1a90d5a359cdd9535f278a33a31c3bf0b923e5f0742bd7f6a4885ff0f10db1abfd02e3818dbb34e7f6e97eba13fa301b514e76bd52af33ae536c091a96e73398b6c85cd235938a3cbf25c473430e8694b847d3943505bd551d71d7c7a5e7d6d0e1bf75df3bc19a31fe6ae96b0e03be1ffb8ae2539f8275736c733761abc0e0dc18bd517cb15dc9f13920b9cd79b8d2fbb75442a68b5b8febe253492914076a179a2bebeaab77a492c223e0291365bb9d01152ecc54d7ff1cfde9c5ac4d84ebcc9
32 257 0 12 48 1 :34554530b7357a6d4473119faec58950cde9badb8b2c3df6d5180e26f6ee7e314a4aff1277b5aa7422d805ef196cab8df09404f9ad3c8743d102f896d111382b9969078e8c23703012cf21b78ec0764b31a05fe29d8c811f64a0a897b257322e5ac0f6e9043ad1b5c9dfcc4ee8f2e42053e48fe7ff00c1c435a2cbb0cfdc7ef5fca8648aab00242ce231a4ecd26c72196806465d9d76b220bab52aa49b14d13cb0b8ff8002eeca55fd65d786faf7a669d4ea4fce7751b783956bf294d94aba94d98ffc105afbebae0c73f82ed2868931b27a004e70011bea8b4459d28c7ab68291bce2877a775dbd223cecf22d2493b2203c41fa1a64a5689d9feee50bbaec56d8
32 258 0 12 48 1 :3ffc7b43491eb31f3e14c7775a084b944eda9a4482b18a75bb0ab616ea677ef1341c400448ab398c2a00c065ee3bb6464d520270ccce980e4669811bc379ee79dabeeb44b424855c319023bf158c94b938a8a495c50f9bbbdb0c83d1d574432c28c5864ac83394172244bcbbc5bec055dbb584cb3b3f4571f53d0dd89f6f0443a292d9f3f678a8d8e8eb2f09caaaa97a1fbd63b378d09ee4bc36bb1db22dfd342edb63932ae891f362973fcbc039e74decc892b48fae17317d9570f63ab34c7360820fea9dacc710d7294b2184dc97cf1a3cc92d49837522c46c8cbf98dd3f9bf27f3f17b01622024952071c9acd0da936f5d967c5edb17529d3664c4cac11f7492b
32 259 0 12 49 1 :af987012f8dd80c62f0148312d96cebeadd1998bc4ab621a81f50ac5f69f8a908a7d71e3b26bf462fdde7b80b409e8a41cf6a322094806d8bda8a5857ea2ab10afa121c09f92f32eeb1a3093decc84b0ffb3805240c31d2140ce170a3337caaba314fdf429b7d25acca0ed2b43deb1c9a3b2bd2a272743c227afc8f7ebb5b9dfe0487a83f94059b026311ec3021f14104e60c078360c25cacf1d8ca8e085747fe9104c2b9399ac909fbbae8e19b8a1dab8371c5f7208ea5437c3adc7e9bde851d3202881092b061cccc80dbda7efe74a6c216bf20a51d78815484be4a9bd8d043b4bd24f232781aad6ba3b760295ed4060a25062670058c9a81dd98c78dd2fca460ecd
32 260 0 12 48 1 :0ec20a4c0e5f568745c9d5c9b6565674803e6409eb486a69c972795c3ac690509a35ff9bc2a701773e8503b5d291a56d95aa78651624f944fedb74e2ecaff364647bfbcfa57297de413f4b28d4710d83574f528eb519f693671daa20fcd8d1aee948218c6b6a2a60f8433d470d641032cbfe2532e2ca9a74ecc0bb4322d25311c93abcf503dc4dae2c1a39e5556c1670b99269cb06d7c9146e2b5eddb4b1f0265acb747041d6c25920c93da3d0ff6e31e3cb3aa9d689f6dfddcb1136a970611ee74bce67f39d3b9ebaaf7543ff3bd2fa6cb8656d29e7b0009a8a95c498d46be962d2af6bbfac7309ff15147cb368c99eec962f514495f16dac28627cf4d6c7aa14519716
32 261 0 12 48 1 :cc62d163b1220027c1d42cad28b4063b7e36981065e7ae4b9fa75bbfd6e2b7c42731b8142c0fbf350b5fece26511777dfa2974e87fc95ff48a47a1bcc6e7ba1ae08afbd2134464bd496ff747c433a44148779487fc7add0d9f7b5ab25c121f52021958a1012a2925bb94a692585c654fcfa57a5cf3289e31693a11b6760e7ae66207f861231e6577323f7a7b03b08454173c87894ddf793f0920a5b1b3cb665376d36c07210d55bf110b8b09d8539e03424e2b5e4ba6801094baafebeb7e42954c20c1eb07e3ff083e3f0ab16a0441af6424cac730e02c106016c56a38a4accd6ccd5e20563d013e23f6b2ae55626d2497d0df812a914d469c4bd66d369495ccce792bccf9
32 262 0 12 48 1 :147a60f58d01c85ac1190ee57267afb81361a03d9dc690902133310a066e4de46c9b3cb7a8cc3146ca1dd2fc98f40b59b7e7026bcd4f7fc74b257650cceee21b4d8175cbdb756604e8f6c04dd196e61ea2c82b215762ae51f4029c119722275ec7435abec4c9245a3739cf887db0d6ab4451d7c21bb66bb8028b95e3cc784c919d4334d9956cc2df5addc70c8ec0bc7782f37631c015f7e777ae82a55c32f95de69055e7c79774c5b5acce81289bea09e01055add819166a30fbf940a92335e85195367a360a212ae5a17e722cbddacf08ae42836710242edd9824767e4fc40e9d7981aa4e3dee05513a718dd3f294bf982bb987eb6d8187a89cb79b51738a621302feb515bf
32 263 0 12 48 1 :6659921560785cb57b18db5c50c9971d5e4a89c3a96e9f6ab63554b6b05a2632e8f0e053cce7092aa33ee5046a92b301c369d6e2145b4e536e8ffc7b277b7e35ce2ba18de7dada3951e40cbdfab71029e09076898b8172e479e155ad7dcf23ff359f5cebe10f6d564991d0de22db74cec8a484f05ac704bd60445d178d53018af82e4c89630812eedf96fa39b240f807c4a87abef2f76c3d71c6edb2dafa014a4bdb54526fd7135b875232d20e60ce73db8ad62d444067e338b5133065f394d81d2f50cf1271e0e847a9577799fe238abecbbced28b5c9227dfcfdb9b3952a2e2e6cd9a0b6d212592b4b253fe4a9d36b81a0893193bac26315b53e4810d2e6ba31785dac3ed6f8
32 264 0 12 48 1 :af81d9d80cd3cc8944e4339483c235dd297081383e89484cf21268a191ad92bd2f1fbcaf3b94f7b92fa8bcd0518dff8f6d9e7215282763616e489f1eeabe05d1900792763660a986a787cfe029fec2d2bfdb95d28f27a1231488b98e85b1fc4dc6695f760fb0a8ff8b920e5453c1aa00fc857a4346f6b1ea4df06954dace254810bb7c4cf1ca3c0f4d36d55b175ea85ffe22f1f29f8ef059c2ca16510aab6c8fe3e5c02418659443953269c9aedc4c283bb44754909f1b8aefe3bc7e2495f847afd8b1c556f657cbcddbf6a25e38cd3bfb85e7ea26b04eec54753e6642f9faf8b9968c10081ff598e916be901256012bafac76940ac2e2b96448273a02b947a6fc4d81a7919f8e72
32 265 0 12 48 1 :8842357f1d3b517878eec146ec1d287a055604b4a5ac9bb7ef429479535263d59def8181a1b1fb42c7b36d50c4577fbb687d4951f7740ea3a4d197b4350ac674edb25fd333bc7be86e64dfaa98289cb1e0d0a1566502b3d38f1c3c3e86518cd4dda822feec8dfa6741c0c0383130a6d2b7db4c06b1f33aa5da62f7588a62c8bd01d9506fc10f48d0d364335d89efe7e2bb5954002d2970f7209be7a7c7141c7069274939e8d0c652bf0efcc6b1bcef8e4aed0b02959c02b48e95b0758fab369b34277e7bbd570a592ba5cbb470a85a19712e01c779c21f1d56dc53caa2903f654461e89b9803ebbf783c178fb4bd1d8b306e4dd96cf5f3f41feb5dc8a1fd055049c4dd2cb06ac3f706
32 266 0 12 48 1 :39cf66d204a65a21388143bea3246a91a2a9d40a6ef919611d530cd7d61665d741e438687e0987016318862b863ac4c598ba7478a404810d7f35c5ab73ed1dfdaa35dad59b282b6099cc764b34301ec542483f9519802a856d2443742ffdc959fd4f6c14faeddfc3e108e539d42abe8c150136bb921104961fd6847c769ea517dd05225099661a52e782526e20051ab90693187d204723e06b208d6bc3c59473addd6a86c8398ebaed7c82d7ade142c33d42e790571eab6e0483774e6c5d0d96957477c30822f2af32e3541207dc147b1d7876fb50fb78da62776f2bb20d0bb2205fb30c39b0da6a6ff2b6360e65552d6955dca176be61d8e3638c826ff38a870ac093974e004b918c99
32 267 0 12 48 1 :cdd373ca04dcb5de5fc8c197e25a454e4525cac267c714067befb2e4fb71d36c679e56304ce969452a8761ce88ff9308fa11df71752b0903cafac99dfd8c2f86e451f3a7e0355512671a627c8845e4f60a5dd668012f84ebb4a8050e1d02d7b91377342ca99338faafe9a17c09b676d9dc636f11857b54e27cbca7d656d7a6704897724a4e7e12440b8a2a6ead67c6f5a9682e21e69617b85e62e5261737a889312243f80e9f956461d7879fbf628f738ff699460f7d29db210684c8e4e0428c510abb010a513e469aab0ae8a9cfe9b4addd3422d86f0c521c25bbd57e4e930a42bd9e3cbc8b65e976b03aefdfd2af30af1fc53b3d105f6a9385ac5ee38032b94228c1e31327f3ea6757db
32 268 0 12 48 1 :78db6e31a7cf8b1e8cd788ea51224a2706e80b5648abcbf50ee9df7f2f3e0aa98676a9fe2b23213d1dbb7b831ac80777bb618f0367b844d05cb502591bb5795b00c94ee003ba92eb45e2e979375b367c2532bf30fb37d1481172a410cc8054e44ddb91bb743e665c11cf0583a66d4ec46b6f76732f85800711b7f04b2f52aefe4c7a8b48a31c3c2c1f0e285df2dc0e41e620027614c670be8ef2614cf9d93cb0df6e41c83665a64f870c261141e2280455dc49e164c52a307881d6bd8c1077d558ea2b508c670bebfb6a21d0b7c15b965303846f8615f3818b1128debf6efc974d1068037312bea395f21351b4791da5134108e3c1f2b959765e40772815de83a500f9d9ad18b5dc6c6a078f
32 269 0 12 49 1 :9459b910ae0301d364dcbd28446feceac320e1358e41136a33832069da5f8b0f8260c3576637666913f8a49f7ac63c5a93903f32b630106d1891be2fd645fc1d45aa5587314f37d3b123ee1999ffa3238275d050c5403a62fa8c05e199993bf5330ddda43a10d7cc01baafc44f98c3c21a7eeaec7ed22e2fe38e21520e33f92d61199a39416dd14b68a2f860e054ae5563548fc1844c2239ef216c85b694ce1a2db6d1e28e7e5d272dd3ac2c357a47876dba3be46ac094f916decfccfd8c805563f576d546b913ab0c970eec0765421aaf7a5b8536b70f2d13968a873408dff7adbb425ea80ce4c0b44a8964740a4d80e729cdf553cb5ac47217599314e4218729aa56b320f88c6391d95f4d21
32 270 0 12 48 1 :99c0046012ab42ac990a309fd6bc7d851f9dbb4162fa50b1967a2d85326cc308068d1c9f1c72ac1eb066d1b8b5f393d968b71d0446f9bc6482126d22715060d9f892176326b7e72b80aa182d2012d5cfa1a4728ff0d7174ec8caa3eaeac51324598b793efbdf4e4644d3d00cd8bf4468f11d645477b2b16f2a8cbaa3d6a5af263fc2f4ebbb93733721282f63023e8572e7bbc72fb25105c7509a01708df8e79e0e9fef789c5b77384cbdb51e31c3b2ca8c736a8b0170a167c7af6d0028caa4968765ccd00d5f82c01dcb30ddaf64a7181fa2e1fbbd8aad34c1e394d18860632fe85034c4b7b0176839e5fb3f8c2637a230e637e6cbdf8aa09e7799eee027091b66a22ce642a9670a095aac1b2766
32 271 0 12 48 1 :e961cd443e0c9d4ab5aa608984624aa0dd5a1879d00b54e1012bea470ec0a4ed12fceb163a9148c544e50e1d7a27e2a804f0f50d63e7fdb9bad1b7e04333777362f75c0c25947fea2e8ae502602721bd5e9b23aa6860f05511fb227e87efa4b79016155d8f98b9c54dd36e3fb48765c8dc6fa521565fb1d2f36d842ea4597fd7c290d25160abfda1de51e749e756dae07f800e58e4e9992ac1eb2f6b00baa937543694bae5c8c8fb5d7360915f3ade5f6c1561a7af84267f419ae0cd3e155ce5ee9135cec17cf7d6b953f8fb686c14312c6142e0edf040331f766f9516aa48ea7f2cc6618cf2e8779d1a27edeaa016842d63d38d8a97d312acb662fe62b6e6634c8b37b32c3813d4d520b3deeef533
32 272 0 12 48 1 :22a87c4d6e07816079af15c2f9ed5cffca4d8e55567461e5fbcfb3b6b9f0dc492bdeb4786bc54f5d92661e49178a54cd3ace8142b87fa8359c27a6cad8860085b033c2c30f96774c4347f4f70ce6b169e1aead2f9e01b767c6cb01fca4ab3c6dc1bb8b36a5a4610d835f70d442b68c1c8fa509e55144092b885e5afa97504e417faa5cd3642a240217bcfb2729310eb85cb5bae5e5f227f72e984cd54509314bbfd7d8603777ea75376ac40eae7573120cc0b66caf498373f748ba080f4bed77a54c92ef1d18ac60682eb2bcd3266019c8978945e42f4929fa3686e9eeb2adc9f1703fe44bc617132db925beda778b8dba4b917e17f64c60856504c612037d4c206516afb7754649f9d08880de46a3fb
32 273 0 12 49 1 :bffb403e49e14765bcf7519f89f4aacf69e74960132b625060b874556038047a0e75d60a83036b0f32f4c0279adc50170b322b624ba18c74aa06a71abb5cebb7b49c8855acc73329e23a2aba30a5ea7a8c5b1a9df460f33b56fae6f1a1e3184c4cb10c6bc5913e68dc7169bf3c274efe22044edb2e327e97b6469343da0fa37fb49dcc22159639a7a6395932590de6432faf108ce0f497bb431b1378d4708426638bfeea9ec3c45fe9d8d4aaa449362326c8ba656a72348af85403117512532fd2d7643ebff998e6aa49c1771e543153f49074c7811876f4b9921782bc5de9c65fd5043e494dda2b9891064f19cedfa857bc15324245099fb3650fe9bb7325bd8e9b3ddcc9c3299c42db20f5e59aec5291
32 274 0 12 49 1 :bb2d8a248b98a1574603362dd9145b03339f7ab067cc1c446755794efc9b60faed504880b169cee2da8f162fef2c6a444db2d331eefa9fef839d41ff5fb8cf89e22d35ed0d8e9f02e02415d7590e65c15f599a6221feac43678acccdb550f49ecec5afc190c2a39bbb615650dd3844b4c03ad966ea2936cea986ea1b154e8b32101261101d392052f21a9509f04b1fdebcda45116c094eb675e35c657a7d69cb06444ffc34c6a8a23ce77a93bdb9d43020d6542c6d66d07214e82cf314f75489e38dfc47cb58ff2f44cef911bf3ced0c08ea80de8238bbf97753db9359c3acb18a6dedc56e236c3ae84b61d4ee68920ff16bd3ebf83fec74ab5590cd740df9ff23f61b0383cabdd54f3a4ec47f7f139e265e
32 275 0 12 48 1 :90ddfef27fa2d1bed941b8d98fc4b2eadf995b307ae3ee1bba679ba10da597c94fbc0d7e76807c3079a10bb8482114f824005520a1645c4aea14a0c67e11b1a74aee46790e9134398fbb89c1aeffce14968bf386fbbd563345cb6e208a451c22a51bdb1212c913a5678d3a3020ae232c7b8e5d7fa0e4bcec2e5239729e150695afd18cd9c698ceaa7740eb175350ea11acf7ac0b578f69d9cc29addb0c3b2dfe6f1a16ff384017792dc4a7206bea8ba5a2510abf267ce08d3bdecb30c2c26999c9a68ba80b32eab4b7a709991110c5283e38a4c5df09f400972cc35bfedca478398205c2d5641d9e4ad3e71d5d44578d19f353788a88b12fe47732ea1dd3426c563e3095f69b4785685860dcad5c74b1930956
32 276 0 12 48 1 :5620c4f65c5c0ccd8547e0fb900358d7f8eb07b53bb8e11f467c9aa7e31a393219ba91d3a46b7c10ba4e07a4572c5349c77eb3f1321f8a9ab50cce5446e3ade72131604aaa451e60f8c7a8c1f79c63774a7f7deaddbd287d4830bcbbd56bc5dc0cb429ddbef88ad6f5c9763ae11bc9496d564b64c8f95b7aced8dfda3a79c259ee037d4d3a955831ba2f3e5c01bb8e68c7c804c2312c7950494288f224a18c0609134d335628debe8376da44f12d9132fc6f2b762af2b815522fe7613f8e2669b68109afd92654081c05e38120f0af4a7d82984d6a0876acce83a5bd077958266a6816be44e11d9887f8729bd5cbb24cc31b90ba90b3ba44643ce9615938b08810caf932df716d1f4edb572a8c6b364f284a50a9
32 277 0 12 48 1 :e18f45fa1d8ae7cda74bb4869f3a0f14489daa2f41a10007235d4b163736a1781784fb8d78580f13de04bdb176cd44a7984eef6013299beea59c291c8b01d62f4c11a4c4b65065a1dc6108b86b0c5faab689818810fd1ae6576554dc20de9822fd6121c008b64eb60253361bd01915d40ba51d9c340943b481e8303c14a00da12f8bf00fc7b95599017688d07e6e376d2831af81dd487b4e786915754e7e772c88342f8bbc6e8747e53ca75d7480e138f92e89a488834e0b651bbd3d12f85462ad9ce97a6669d015e9f73a154ecd67e522c969d1d20fc36a1681a86dc693f7b56ea1ed3c415a1504627663fe23fb398ce45b7bd76da84bebc353c96f046b7752afcf8c93048fe8ab4ecaadc3efd6ddb4b7ac563146
32 278 0 12 49 1 :5382a32052ad0864f0e20ecfa19392ed5d7ddfaae9c8e0c32974b8734206fd1df7aa3c2f6f63c8cd7935d1f6c7c51fd7195b3e1abbbafd5ad6153991af9f1c7786d3f31dd73994ffe28d75125356b9d633a99a92b07423a6e89cd4987008a13f1f84340347550fd2cfa7a7ab1d24469033cea08efdf7e58cb6aa02a28ae30f3dc556a7981ef4db6918a71cc8e2232a8e59d0360e2c5ab90959cd61ed0df99beccd76019f94e0393a85fa319f3415a8bbdc3c5db5dbb2a2a0c6b8ea80e14700cf1ce59ee444f3c2d9b53f1c7c960ac3428fa0814a2a23c8b4db84fd1c22d775f3b95a175240483b5f05a0164234ef2999d39265c834815ea35d5ab3d15b37e637a3e8a0512a0ada1c3ab249bde80734c41c08f0a9d53c
32 279 0 12 49 1 :aa4a660dcfe96ed947c8ad2a76384c6abc5ffe12bf39bea134b2b6400ea3bf72849b80929da75c26c446a19188eefb588ba2a903f469a5bb4759b5463713017119256a0e35ffa928ba8561b1b4c31ca642ae31fe43c578731845c55f71a38d67a0c7892c95895420fc8cb2649a3de8290061021a07f5930cc7a3a3546e6ce6272f3d9a7e8494c10653945fc635d18ebd96b69e9ddd0799465b4cf14cbbf1ae45808be095eabe21436058979ad1e5d0febdd1ffb29478b6042e980a37360996b4e6311f2e37e9ce2bbbdbfac58d332f2224acf1726266cdefe1d69d2a976a3b55aa4d9cb51485f71e385fda8f9ea3c47efb995212fde6c0eb3ac14fd5353f7f7ae5d006cb58a3b507a54c72d5ef56f395031bc903714687
32 280 0 12 48 1 :42f36422624516e895017255bbfc7414841eb89e3b0b041d0f5405fa1d3149fee668925721ba7e256271f382eb53f4e5f692fbdced1bfa55fe1e8d8cd7d58a436897a317183a73db3809e6e7bdd6b36146f268e89a9d6204a75017e39fe3cdb5da9c892365bbb6a53a539827150985c3e02ba53645798a9b389546282ebb487257a23a3a6090d5e0fdfefd6cc0dbd34268cae7f83afba653dada22e831e591c8067cc5dca56f52c03d661a239d80d2ba554bfdd55ef326d9e10df7de0d931c33ca8c6707e98d2f2a3dbf995b40cbbe2169756cd6a9c83c1bf6e2be2179449c4448ff69be5d0e01c25d34c38945a32e5efc6c646f8e5bfa8bc512281db4b84c04651490cd86136fc9e0bd71a22a2c5bfe816c8a93a99ad74f
32 281 0 12 48 1 :a19785fd2011abb7ecd343d9a49cbabaff47657e9a5d51648c15f291dab3baf1582ab7ecf0f1885e659df79c76e1c72efc034daf231b6a448234c85b3bb7cecee288f2dc0c1d4127039a5020f3d0b9d71d6c975a3a78ff271978aa85e2655795638a94f79b587036f2280228acf888af72a2ed7aa29aefe0a49187486ada1283deb39a38ab9e3ab310f51cee9cd542a8193e1f41c9a97a775e5cb6703a34ac80238755abc499da4e466705c18263366adbd9f85ac8920a8357c61262ed437820fb58d8c0a128fa3e3f9b0b30deda4bc9dc2e2b05c62561667a11f2b6c5534d86833b06e93276dd910bb8be2db1b42f1c995d1894658ccfd02fda7065e1f2cd1d5a795c1f4016d016a1a250019f29f4229a224a98cdf96b194c
32 282 0 12 50 1 :ac0becd19537b1a524c38e2096c19a12f9637151a7e9434d1c90f87876ed926c705841fac88c99d6530a06cea15cb9b51148f158b8477a02832fd886edf20404540e3435d3c4a13db0bb0547e0c0f1bcd1e6342d65c20173975e19721ea34b54429df125959c32f838577d944175210fd7c8ee51d952616f71756b0fbfddccce95255c3e48584c1887f9d36fa6286f1d4b03c8a658c67b99dacb3c734f3a8661b3f9018c4eeb5bf533889536d76811abb36dc5aa42cb3a0127d2464c9a961b27b400ab43286575110a90b476ae6a50ed7e2a6cd30a4e15cb6d6650d5e3b4e3530347262ec65a93c0d9ebe9c5cde413807e33fc9a65b51e120655a933dc334e3e4dbb31c59f6be501d8623b7b453f217410a7858207b5a7d74ca5
32 283 0 12 48 1 :d63d8b28adbfb7124fc5a156f1028aed4af520bf689d4694de419630a75ea4e034e7a010b4361dd442d565cac15c280e7d827df9bfe8b1dfa09c9b1d56c160f56820dd6d715749785ecad7ead4316ecc82f210c87197b20f7417107d0378f823397c2ccb68734865dab6fa82adf5853f7eb2f2673a4cd4fccb2cb6b161786255ae9176c305b1f65ccfa06abdaa0e422202c5ba14d326bdc0bf4be78ee7fd485273c5212e1aa27b3a2aa8ea1dad2ef81b4b462bbee5e68f1741bffa66e4de8d89648b6da031755990551fc544294f1f70ada1c9653a06767fc3138ea11e7886b866be2d2688ae9e23b6995751f8f0e865367d41acaa5df26b1fbf6ffe62dafce36abb7f0d1f050d8e2123bfeb31935c6b39012df64517b6a3366f5d
32 284 0 12 48 1 :be5905972c2d45a54fe81e9de98889639fcccb95a374c026c6da8a8f60f39aed406bc85b5cd4aeb233cfd21ca773efa26070f8f84bbb6f1a1b3c14b4846c434bcdd775891050549c1217d45c3a6eaec74cae117386de7339e42d887f8d5c5486422e776fc06b48edaa3225f8878b832688e99b28915a72d3e59c0274fe1fd8e7cd480a91e9eeaecfac276f1e8f0c291b0067b489d0cfa3b1991f49377dce1f2d96b4818233a1018689f90aa9c0b6994cce5674415416f308ebdc0865acb2862155f7bcaff94b01001a3f8ae7bf1280e074044355b5d92663b48a6a384e26c0749db64e3cd859e2b929d2b4dcaa4bc482b62d8d993b1d36d1e81ad1cd28a38bc6e0c2cf5edd29f6e40187b467661b53668b04092ef9c74b9703557ccf
32 285 0 12 48 1 :b7b2ad51990c53e74086b8f8a72e719dccda310534751caaec86028ad18b5e7a079728732dcd115f15718b7c0181123ad450b0ae6f1d45f18f9324cf3e7d98a63d1d92337db60db987415d093d14e6ffd9216ad5b754b95fb9ef3843d633b911c0a642437dd7aab90567b0051d60e0984a3386ecc552ba604e2cb37a6fa248639bf48853b6b8e36759b59e9973dd1578253ab48911621899bbd0cff21e9ef4a52c2cd19c50a3f60169adc6ede943303d50eb5ecbffb227b723716e9488bd80b061d5471ba0531a6b9d13837f1e3b052fefb4e4b486e511974334b8cdc5d180bf5c186e76c8084cb3d1e5037700d080a930dd502a973eba92d2550b1e8ef158811bd0b08bc3c2cabcba58c0dee116a5ca581679ef6f427d7b4420220e83
32 286 0 12 48 1 :c98537bea3e3110c3fbd62020b3aa278bb6a4b353122bf6ec6e938d0e728bded5ad8272b85f6d89ac67ce511a97090dc9445d4e5aa744d0a2be9f194f4664a988e0ee0d1bb212b654b9164b582c8d9750cc64b3e52b897272c952f0fa17d14cda96da0e49c11086fab62fce8f2c0068674a0acf62e743e1c4c4f73793f24ffdcf7b5552260bb9f4d65e70485db10a38dd7e8c1794b93f2247ffd9e23907c6484bd0666bf1d3d6008ffd7ff437242fa4383524b930656d0cd9ddefae1f480ce9eae5ca70245c8cf4180a6364ceb60d8206860e8807d992a586b95b1db483a975be9f1ebf298c6b783d5cb0d60f753d0ce3662231583d71033c2dbba95e4536c3217911442d82d4b06b4608ccdc99e242de2712d289cb4cc8a5329f290b180
32 287 0 12 49 1 :98a47b044d8f8f18994b01bf272438b5c48a10e8f0b153e36e12eac6ef441546d2f2f52b87a4050cc7823b1a666902181779554aa4730c04c89fa2a0b9f69dd56eebf0e6e664323298bd49dc339d1a4ac2ea23fed68d910e38ac850c660f74e76c3e3960c3ffac440efc8bf06b784467ee496b9e8fe618e9ab4080af9bf44cbe37c41c0dbba968c212d5c9d461788a9a77f4804dd95ec02f345325bbf4172ecb5668ae49d45dd51a9c216a74f51abab654095096591d349f514bc8cfff1a20f384d994e0c387382244eb83777cd2602d51a336a5da1be6b5b80b7412f166c3bf2645bff811e5c94b042a3942edbbab34eaa72e09239cec108ca640febcd3615763edb3afdc785e3328b095c88faf8eb366420de19ff8c714930344e9a32b7f
32 288 0 12 48 1 :34440fbc9618a3536fa579a67cedd8bca6639c1470b52578102a7d5024fea01b9f503fd056fa81d6a210588befe616890cc7711542be486dc7aa12bb841ae969f755002781dd8635b9fe53bc5f75a7c8aa4232717a16225ee217689e5dfed90e02b856ef29c8459966d23c84e1232210b9a2696c6f32c165c6688c985c5926b00497f09e0ff6fd7f9678cb487d28447ba47404bb04a5ee8259aa27c5f222efab7f808cd0b6e8ab7f1403c2146154e936d8f624608c62543b1426c8b4c228d42f783368adf13bf4cbb5742b37e9c14d2b98983e9d50e1386442fbf9f197fc620703b182b5709ccef255341422f7048724b00a66c4e84e4635db5198e72ce5448ba523be66df2bb7429c066ce42230a74bad0aa81cd0bcac3df76cf2472836213f
32 289 0 12 48 1 :e241d7235b7950cdd20ddd89c38e733449a523e55bf1e73a4a49b5d85fe87dcac8c09c58a67591f9fabbb0940548c0832a60cc64382b3e68b1694b0f517daa0d09ffeef91cd57674a0e153f1258045e5e89934072a590a2df0e05c5cd1c1a6da162174a8d70d50a73aff1081d286e6581c60c61e83136054112d5fce7138bb6dbd36ef4edb22cb17cdabec480f45160687bdb3f50f226c8bfb7016b99c4cef868ad2e96b1cce1ef425f5efe1d4221163b70ad00609fe631ef88eb2f01f7c3f10d82ee06542109ba2524f44e8fbadabf45f3e60eaefaa02767214434f2cac9b7dc014e475c31afc4f02ec0d0602bb97c31cfd781c1a3cdd768fb98e27b33f6dfac701ad660a6d32e3d4bfe2982ac7fc4fa68f5b6070b5f5dcd295d9f1063c620e02
32 290 0 12 48 1 :342798a3b08d47c3254db89a2ec73c28f38664853419086ad0921b5ad3231104ffbddb3c3295367fcfb70ca5cf27329d4c3f20c2492f05fe8e92b900c8ea87a240bf3bf1ae393469799e8d405ca0e9dca09d14d0e12e044e82f814d030683a8c4bcf941fa8b8bf3e45b036568119a6a30354d6607e094be70a522eb277e40b2788b3e5a16f61d076fe48993747ac54f02b5ddf6a154a2f6b22899f0b1067dff052b7ca38491c85b3332c9118b675b7aaaad7bfa4240d0119921dc618811a75efb623732eca4efc6cc8a41bc79c82c1863a99454ba36d4b2806d9e9cd8a5cf8658e547493bffa5c9d55b1fde20cbace8f29c3425b358c0e7ddd04f173df00ca352c448b66afc105880fd183a9b74eff89f74ca5977efba4bf58580c2533648120198b
32 291 0 12 48 1 :db705746019d479f97498cedbf89d3b1fa3c4d24a7414a04c1dabe36ae226a488d030c7ccc1314ab552db925faad06af45590415a05dbb06bd727a9e5c456785e63842e9aacb92cec2fb9b44fc8538a06ea95ee53f62d5d30ecfd39a697e45745010baa73701fd10d546dcd76d1d9d36415a212d900b643c64513e2cc9354f7fd6138842ce281c8e06afe1306989e6fd10778ed645e0de5ae692d3531fa87bd3f36835b47a44d398c08a034f842f38a218cbdca2e4cf7000facf60df4179abdc31af5dc1dcd33524070f8c99c42f78e10cafbd0e58309e1ebedbeb32c51ccd2f77bfe509c04fe37f32a003f51655a412f0209174c9d2676ce4a5eebbf44751583128b91bea318b8b5725e12432325f5bac7889d7802354356ee1448fdca3be4c4e14b0
32 292 0 12 48 1 :d5789ec7c0f79cdf719e468717ff48f0ff2a6027430a5f30e8ea0740ae0790ed2505fdb9ef7524ac373438828f70213159047c8af2da47857ce4364d03ce662466ebb0b074e4e560ea128684b583aa0ba220fe4ba2d5b5738f976534ec4d3f8f427090c15755067ea23439022ebb467545186b5d072414aeed88fd9351f8e58e062544cf2bf6f0a353c70857c69ffdcd1d5a2148bf97d70b207234b52dcafeb41ae7526dfdb14b67fe103101faeca79bc3716832d23308d647f7e9b7fe96557ff838779978c8cb29536f63297f2bd0d290573922f490f5653e26af6620cbd832e3b2ba37698bc510e56936f06c91e5de71b7545caac11010a45e15452e0e67a38d225ca25b3ba502d80bda01ddf8f3dd5cf430e9759dfc85aa80ce85609f715c71e73114
32 293 0 12 49 1 :50775326b1e222d83c865773943f7fddccc7a2375f63eef12491ad884e50eed95e54c4cb29013a8ac043918f41e42a5163a515c562ab5900564448d414e3930cd66aa27816c3af0b92ccd3eaede529ac515ae1c8d56096752b18d69fc81fe9cc13458a259567c04df626b92ee90bee93a101a03eddf7e8db99e3e108bce25bc68f1ac312688413e93b28e5e5fe6c8f3703b6363f12563c60c54fec3c78149914dd48875eb79681d605995556405a42d6fe61bc1a9121a7ff13066dc5da12a17be5f0bc4199521e0f536054e5a8693994778047f07776337732434a4aa935ac86f38709896150d709d8473967a7d11968264fb244b120ae7bd4aa521fc4c0afc95c4aa64401d024445079e9ba35494f22a42ceedeb505a883593185ae98ba8abf6653892267
32 294 0 12 48 1 :eaa09bfc5194c27ba79488bb22f09b99c9caa8172ff91aa30ef368529ab5119a19b78082bb9519fdf764bef695da7e259bba968dccc5ba73bad03563be484acfeaa8fc158455a1e795c962d3efdc03bc4442c775769d0898d0abc3581594d338aa1f1fbedd281b4561a96ae53e9347dfc82056007c9f0f8d9eaad7399d37a1f956e8908593821219cc013f86a967d934a5ebc3af1443967307728af3bcfb3324f02df51a500880a9e9e1ead30e564d9ef63d0e10296898f4cd1b28cdafcf36a5711ce10c4038e5cc455ef57b066545f780a8059d6a1bdab59feeb664571a9c9e1dbd457e6c31630716cbcf4ac29ab4b799b9da80d0ec54eafd9d834f2b013cf7c11b04aa68f33cddab68af068f6447895d403f76d329e1095016aaf023d875b8bf639d37a3e2
32 295 0 12 48 1 :594d6842feaf6bbd5854484807b74e5d0743c50a68cc1bd74be6fb41bbf2d88a271ccd95c4b3d2d9411d7d578ee7e26c3429960ae75bd4bfb1e4da93f6edb011cfa14ecad4f2abbba6d72fa5971f602b98517c9453ad0342639627acf59fdff1cce5c51c64cd286c65eac28e8c55e06f9ea514d764dff94d758bea4f6ca5d390ce30cde0b4a6de8ee56db8a6396444d2af0024a4c213dce8fdb918d0e16bfccdc50c8a2087a06258962486e55b5e533ed1e700abec634f213ef363c9a9d403acde98262171a483d954dee6bbd78ea38cd3046b2f5c4ea285bfe623d79e1bea8af0a7799e517894af1ad3a57ca86bdd3b27c50ef3df3cc094827474bcf8ce270622571d184a0b5ae29724409ce6a1f008885f35a607da6b5dfa6afabe1d9e8d00772345b5715876
32 296 0 12 48 1 :583c309e2bc6ec119efdf7c6b7ffb6d5bf2d2cd82f33dde21707eb7ba7960057fedfa980aad9a56f1e9873c5f1d5089650aae652aa8b9f2e6b2947095e00d53f2fdc4ef1290e97b4b5a70e70f8b7dd41a012702e774571e26d0718dfaaa6df898476fd66c5c139df625a3c8d8b289a278b289f62a73025d0782c6d9a30fb0a275eec47cf4d1a60c223662ae6052a2229f460433f6087343f49d204e0092279cf477108832b0e7f047a09a9b14084729e981cea9e3232b85cce1c618ddb753489e38dc17a26e1cab3d96e5506d586e55aa56e4ade7f7be07ace07eac27e2a3933f24e04badaf1f60c1a5542546eb1eb95af91b4cacf068cef61b412467fe3538c081fd3822e5854ff2372e94f02387f91e62c11c32018f183d90c06a18a2262a7f37e60f8a2fd236e
32 297 0 12 48 1 :22ebefda56925cc9035b1199b21625716ff7f989fa2828ed4aad85e8607443e509af9d47f7ed21dfd6a3a35926f3c34d1caf56c076dd74b858a61d903bf0fe2e46c361816c307f9934b4aa1bff56e0e0299be7e6450f07207d77c3437f3dbd3eb448fa4dc51bb9db8ee8f15729d8e14d86090657a25ea128224d20e25c0615f127c468828df24c16c48925570abf873131a1135f9d26e1677952b4f3e159d0692d9533dbf068e199875254aed86049cc921028ad7a932bcfcbce942b8bc9e80e2f602ebb256e6fd0ba1f2d2b76666657074f0107ca44f8276bf5361408c79dc9af4d247fb64965606f19ceebd74296ba176647c4659801cd8433b098eb89ad885aca0ba6dbcb3b9c27e151bef48c7cc7a3237314959d0b7ef2bd74fc30c59fee851083c01effb31af0
32 298 0 12 49 1 :284f404b57780fbd2481e40d7d08b706f8d131555311bd7bc8bb3b4db19d3582da32b999a29cbef4098fcf3f6c0066f09ccaa2c4480d8659f52358517cf91b48980a35a3869458d0921f5e4f0e2a7e9b56b38d14ac5c5844778e0a16635c84751fd7e628ba4aab08534a31a1944eb2be8d8b642f97d87e1362d48fc1363f1c343580f9e90f0d7d20f0736752ce728fdedf805451a4b81d8bf9342f5275f5ec28e1301197235250a5d6cf6e575ac6139d8191997009bafcac2f113560c685ff6d22ab67a27326947e5203f45fea0d4bd69f1ea19664a6e163b23d44d6ec46eff81139a302fcadf0f73c047cfdc915f247633e9fabf7be32c11901a39e25aaea77aae367772997a0ee187630d7d6e3fa9ae3d00d268bffa36d23caab2c0d3f6ddbf28325e1d14898db67f7
32 299 0 12 48 1 :e707c59ee6472dc1809402188ceb9c43acbcf00bc1aca318b3deadaa02dc5f9206e03ed6e8959bd05fa442f0fe95796cc7e81d9f4502400442fc5127329e79b407c4cc76df6e2696c7940d4e4b131bcda25dcb5e654782b3e928d72f9eeb3082526ee58120c20474ceabdbdc7a435523d52425fc99eeca27b73199d2d739439d1ddfcfc90834c38098f8933529b5d44077d04ef8720b19bb70015520732987d10c262bb892cb333aaf5a3422f37406217ef0ade0508b3ac13c212a5230bc71f0c54be0551b9c10d96e8413a85c05c9f33f00bdb613023beaa86b1494d44602be285ce9125ceb19b83936a30e368daa5b140fe3fbbe9f8e8c5887435aaf208b4129f156f903347728d8976cae846589e278b7821b786f4c5f4ea488d343417db3d9927c8f1db09499cc3855
32 300 0 12 48 1 :5b3201d869c40ed3b65869513ea3ed9ceb02a1dcd2e3a152e220bb0c1184feee3ab1bb150306fb74f2a6941462c2b15ade35001fa80461a8c78596e1203fbf8eb21d18d18b0bfb99cac68813d9134b336c380df6099b1ab4d4a7a5a28daa059c93c56e5bea92212ab7d8fec268e9e6043e96f20526ad1645f9e50e56d042e49a600d708ff18026921bcbbfaa170124085e7ac83416d5ebdebedab8aac71c23174f3524b3db8da0da1ea46d7a12c9c867da5092e1332b82e9376583448df7bd25d8de14993058219b121a8d016e4ae4a7ffe3fb0454cb5e6ed6f59a627c1f44d265d49f52a20197b5f965ee110f59592fb99678ebfc8e7197e74a81ea4442e35208258d5cbe949f1a06da601a7ff46d211000694b45923ef41da363c17f46b8787c5f23466fe55d9a74c77158
