# in_len out_len m_cost t_cost time[ms] memory[kB]
32 1 10 1 22 9120 :35
32 2 10 1 22 9052 :bb91
32 3 10 1 22 9052 :293971
32 4 10 1 22 9056 :12b5b526
32 5 10 1 22 9124 :f7d2ca6ebf
32 6 10 1 22 9116 :af3ca31c227f
32 7 10 1 22 9076 :25c989e6ab5995
32 8 10 1 22 9136 :499ebc11f8dabe1c
32 9 10 1 22 9124 :7c6f518a378e0f63e1
32 10 10 1 22 9112 :0f8a51943f344be287f1
32 11 10 1 22 9128 :2e7ec915c40f6478a25641
32 12 10 1 22 9120 :6eb0725844fbe8f685d14460
32 13 10 1 22 9060 :ea0ced900fc34ab05732d9cc49
32 14 10 1 22 9096 :5f626ba8b2eaf607c12f05a68a64
32 15 10 1 22 9120 :d7e47384a77f59ede0930b4ac905b5
32 16 10 1 22 9048 :7e53a59d2c30a011e9fea819d1e06c3d
32 17 10 1 22 9072 :501a624ce83eec89afafc94afa0e689154
32 18 10 1 22 9060 :e0ead825e82caa82f763fe2b5c608c2e4a9a
32 19 10 1 22 9116 :85fdeb24a3284fa71840b20980cb1e8ba67744
32 20 10 1 22 9112 :5b44b561667dc4f62570070103e28c4551430589
32 21 10 1 22 9056 :a979f536c7173d463b5899826f73bc5f59cc72ac06
32 22 10 1 22 9076 :d3adca3a39e12f2e175bc9950b5c457944103c1d2b6a
32 23 10 1 22 9056 :784cc6a1efb430909352204c1eceae7a9f7fbdc42f4ea4
32 24 10 1 22 9112 :0ffb9f007d6d08a0380ddeeada1bd9e0e6dac48884d664a1
32 25 10 1 22 9124 :51f9a1991be362929488ca27fdccb6948f9a601e309d65c0bd
32 26 10 1 22 9096 :b38119e593de894ff7e96c23b0516b6b4407e8bcd10402a76f9a
32 27 10 1 22 9060 :f2a0e255d26f37b3a2f0abee12773d29bf8fcbb5ae5dc53dcad803
32 28 10 1 22 9048 :6da03b7227d6f79525000620578cc318d15837b5fc4b21487740cd54
32 29 10 1 22 9116 :a6012136f4a4efe464d23a1ba7e05365f8a5cfd86ad2f75e945b72980c
32 30 10 1 22 9048 :ce31668ec67ac281acd4b76545a97a9f7da9c9d00816f7f5912b40f5c51b
32 31 10 1 22 9112 :24e4c141a0fb8713af3c503eedd9c67020532f0ad18e1b18134bcc2cd283dd
32 32 10 1 22 9052 :487a11af3e451df8fa412b1b64d34aa3510955d382b36a23bc307b9692e90ff3
32 33 10 1 22 9052 :1aa98d708b37bc07d69935c556f2e7c6e16d5d96720bca52d68a3fc4722c190bd7
32 34 10 1 22 9136 :31603e8fa0032c40d4e9d0afb394ec7793f41ff084a869e04e92c8e99e79cb494428
32 35 10 1 22 9144 :7f38277fa34ca57952aa116291e0848be7431e7013c90b2edc2f73d495ac60c12dc215
32 36 10 1 22 9120 :b75367adb0b989038e0e0f5001e473b81da5a61a62c87e1c6ceec72880639a87998594a1
32 37 10 1 22 9084 :43a47e5939f365a236d737e806dc4679261e0d693f10a78a5db7d2cc289f45bf9dce7e82ea
32 38 10 1 22 9128 :187aae2254a2032dbe1557427e272970f9f1b6d0e92ac16fd673b773501843a80414ecb918e7
32 39 10 1 22 9048 :dad6382a7e19f099a6e29d6079072c82288fbf0eb6c28158cd1e3e2b9e25063f6ab84ea4d4cd85
32 40 10 1 22 9096 :2c1e34b4f2e3dd2e495b716bbd2f8368a604ead620cf47cacfe8bc6d6a307a512576d275dae0f1ed
32 41 10 1 22 9116 :5f6201051c20f278247076595bc481dbe956030342268785892c5a78874a37ac8c3622cf1d6b7b286c
32 42 10 1 22 9116 :ae40ac505c55f110ddb14cf64917cd01f72c39ca0a75e0066daba51cbc0ae346536efb47e20863346180
32 43 10 1 22 9132 :d78dd5962bb5b93f165cbd7546c17025169498a4b288295ef39a3df192f5403f3eb92dea3bf96433b55c3b
32 44 10 1 22 9120 :92a309159b939bba6a0ebad54ef3c999a86799da22fde61c20947aa7ebfec60e78416d813b651c7fe125bfed
32 45 10 1 22 9052 :756b9170cec450faecc99240e0715ef7f9378601408bea89dac658029c848179d2a94213b32532600e22abfc33
32 46 10 1 22 9124 :a34750b408462c3dc4b63ff5749739d24c69ffea6ee48ded90a5b6deee3e36556074838e893acbc2a779e382b9c7
32 47 10 1 22 9116 :28a9dc5044bdb969c8f92658eeff71ba8b0f6d8c3f0913ecd0c70dde32fddeb06d1603c7dbc2564240e0fc3a98d3a8
32 48 10 1 22 9096 :637804911a26963bbde2b77e5dc9bd3c4b8b7927d17018f1206a03971b725b25e31a4c7e9d2f53da58d091ed64fcf831
32 49 10 1 22 9100 :ee2859ede154c7e1fccc182fdcc9b3d8024b362cce23d339ddda73069802296d53e910de09ec1f42b3d758321071cc9288
32 50 10 1 22 9052 :e50b97da046e1185ddc78e4dbe92eb84d9b085409cdc6e99e1eb7573bb6dd4fd4ed5df03fb4a3041373548284adf7f542754
32 51 10 1 22 9056 :4b999b8da535de2a121809ad9a54940e1e6e18307b4fab64868271614f60679d6849d001037938aca062d16583fb3f4f4e6878
32 52 10 1 22 9084 :0b8f6fc785c578094b6ebaece51510581d744a1993e54a246eb34c5e7783451b0863ba05a8aa74d9106a355b3d663ad0b43c1697
32 53 10 1 22 9100 :e44fc3ee05a9c9051c503bf7f2c8bf1ddab458044ecf87e3b6db012db2ace9ffa83362febc3ebbe1a9ba2c4634fd54031879615bbd
32 54 10 1 22 9056 :55ee3704ff97ecc71226b1c516eaaae6d0d187a2717c2f209ea679ce1da3777c8d648cbbdbd83e264188736706937ab79c451fb0854c
32 55 10 1 22 9048 :dbbc13d684653d28a73fbf7f51bf125ca56b5aaac2fea7719db347a8d6d9a8422b456213b8b193f0e042cda6324956c7f6a4fd990522cf
32 56 10 1 22 9052 :741deee382769caf2585b78f49a970c94d03ccdb855331289529773214ceca03fbbf47742b9890df086ff1948cd62de591845d3ddc51a6f3
32 57 10 1 22 9116 :e4f87fe6544d700a2a24090c4ea6207dd4b4434af3c59c2d9560a566b376fce4aa4e63ca7f39aced4f2c1b5feda23a3d9f6c3585cd8a7b6d3f
32 58 10 1 22 9116 :a16bd5fbc142c4ff5364cd322e6955e0d264d18279361f6e856e516e5ae318cf9b5e833a24be83ac1c4cd5ee44ff5aebee3c5e2d70c7877da2a1
32 59 10 1 22 9116 :0946ba21ecb894bd85341ae8631b65b3af8d3a2e32af7f4d296d5efe63cb5b8f6d82ab6876ab15455f6ecdd9fb068a0f116b147239593b8ff5f175
32 60 10 1 22 9116 :3791615fd077159432c61502e3bdb111c371eb3b11716ec47dafe394aa518e3726d789015641b156fb357fb7cbf64258374e06ef628aac8d784e337d
32 61 10 1 22 9116 :e2080fd5b6477672e5b84560cb1df293829e9a7df639b131ca1028d4915130b133fa636292b8173a4c44c0bf06b609526bb595b0f37ceec2a76d6841d5
32 62 10 1 22 9048 :3cca9e7907cbe2309d856a6c0b3854a099c27e2f7491f8f3d4ee812a41ecdecbab1668aacd898ee1cddb431931a4709c49b16f9f8d824a70613ffbcf4113
32 63 10 1 22 9120 :77a6b4b1952463f195b581362640a2af27cbb58cd5cb17466134d2ab897d84f13f59912d8b603a7045434ed90af2d4fe4580e21644f0001530d99561dd0fe1
32 64 10 1 22 9128 :85c254ba4f7a8d6fd39ef67008d026ad177682ac90804a8ce451b0cff23b71d55fae05f311e13ce043f30a9c743c6ddb006dbb4eab320272af7f614d282b7ee4
32 65 10 1 22 9056 :70d474811538086503367bd66ace6bcef819d5e604639a4f95880ba8c9f08df43fa068cd13c16a585a514f2520f3711fae707d1dddb41700d40fac814985f9cfa1
32 66 10 1 22 9120 :6a987423a59ba27ca5de92a3ba8204bbc0b66241623f28991451752291a4fe2c7c49388750eacc32fe1d8f42d52420ed3b79cb04e226dd106b69496ce63c0221125f
32 67 10 1 22 9052 :f5526aa7bfe6d76a7ef6f8aa142a7fffa25425205f2f5eb678b3874cbb6388ea404a1cbf1039e16d4c5fa0a3de63fb493b7f0eaaf4703b8598ebb92cb8ee475e689acc
32 68 10 1 22 9084 :85747f1ebdd4319a413140e2599cdc73f2b38e5c853679574d32644cfec98f93bc7f44b8590715f16b808a881942d00b59232d65496bb1c636b1e8f317630be9dc06a6dc
32 69 10 1 22 9052 :03c5b3c06faf21f225d66683dba1224ae57ff4606fb89a98abe1cce64164d705f3c4163476480eb09d17c21026702b1e2976856e7342c33b2e0e026e3e223664b50c6715d6
32 70 10 1 22 9060 :16bc9b910b5ee4c5edc486ca2d46cbc3fe8ae65bf121da6f41b1c6d18de08a3e3691bdcaf314a06dcfb64d791f0fcb5e0bbb99e8587ab19163de24175498308405181f8a81bd
32 71 10 1 22 9052 :a0bacbda25cda41f2778a7f19c40c81acc3c45d4180599a5078cab326e8c39822e723b8fc64a945e3009354045a4862b7672da9aa702933a8f997eab856e2b32cef1216c4f8ca7
32 72 10 1 22 9052 :bda5ae250227a2324f57252f503cbd9044edb1d801b05fbdda413038a5a7d8b9ad8a781350080d4255efd947421c5e9b3b52325620822c5da4f2bfb27a7fea074a44372539bdec44
32 73 10 1 22 9072 :ec345ac2835acfb0ceb12cc271ab9bc139015c9daf8e624c629356f5ee557a7893cdabb8cd1629cace246c4a7400f52e8329f54121c957305a365510bed341f60d82d3840d8ec12290
32 74 10 1 22 9096 :6fb8468dd081389bad2fccf37d06b010e3b99a16c7c4be0136782c176a28549f52baf0967d30aa7adab41b8216f4823b3dbff53f3027a204119454f9984baabc99fb882aaa9407ee53fb
32 75 10 1 22 9084 :eb1bef381ebabd05d689a1c43887fdfa1d830469b1235f046c33e0b572cdfb2f4cd51fbafabd0f900b9b4c33187d6fbc8d89fbc1c5df43cedc755f3ba4a2c16f25c2f913bda2aed98975d6
32 76 10 1 22 9108 :7d727d250d83b1043fe4c09b0986f25df8aae0e137ad1f9ecd8d0f00905a9002221265d682f5afc3dfbec3e8eb15b3824e726b5568d2c2b10319c0ff33e9c84f52816cfd05f965f1f6ca1e8e
32 77 10 1 22 9128 :cce24c7049b0b3b268cd6d32382e48aa4e52bc5bce13baf5af50652e82b03674ed96b34baef853cd5a8c5e1dfb01e3a79dd5efbba267d37b96751cfe54f1d2c0a7ebc7fdef533dff94fdced507
32 78 10 1 22 9076 :98742d5883af63de2f33cddbc25b4dd1205b5039db976e8b2102ad47aa5da4d7e576cf4aefa80e64bf566e0535ea4d222b8f6cd4f163c61945ac74fc3e2f4f0446f4697745f04008dec2bdbc1322
32 79 10 1 22 9112 :344e6fb9ab165adaed5b2b13b8cdb6ca1b8c311a4f7e00a6de22c1ed48f1e546771953da55985fac64e95c7c8df7e6fc027a984300ee6a554297ed3cdc583436a0b2e0ea284ac5536448ee428d3531
32 80 10 1 22 9116 :c42e271092947b0cc5858e56872b6da1cef6dfde8ce46736582332c3e5f1183233eacf746230586eb24f42e73e0deb6b7b2c48e6a92f4fe1bfd002294f0b9b3c085b1b1ab6575ac158bf8dd634d632f2
32 81 10 1 22 9112 :1b4d555415c001e693ad4de8b480ae53f45a4dd1ed364a5480147130fa5f6aca33ffec306c16a64ae18de689102ab01f7f3db756092a5d606ea7f952dc9f64419256272533e0d932fbc66c3f4e7c273a48
32 82 10 1 22 9116 :56086aa40bd22a2ef635893f835bb1e1f6a48ae75fcc56d97d67ac69bd8fb0344174b55d1ed86b5225e2ba29249d81f2d540fe744c0d07f2a1e469652ef524800bd452818d871cac6b64d9f3350d35bc1734
32 83 10 1 22 9096 :1f20a9a56ee0e157a5724782746c086774be8e0a4eab14e5568f7712503b00ec35b1f39e9006c6b7e37ba53edc0f23fc8905df0fefced9fcbdb1dfb8b516736ec469a49b4cec62d84975e4f25acb5b67b09008
32 84 10 1 22 9120 :897c79cd9e62f555b68da3b726b60b0c54810fc4b7cef5c560273de44e9f31e6a2641a9d9bb46ae6746677aad8b59ef55269998fc53a056344c60640d82aae153979551d42e2e0dc40d789ba4502fd485820d8ee
32 85 10 1 22 9072 :9a60d4f23d0edaab9f9874ca1a03e6faee83bb6227e3fde71d260da373d417d109da2dffd2c350e6dd2f697c611bc3f5bf26e9513d3eea112a3e5836e6660fb6c7196b0a8b2b1374043813f3a90fdd4219e6001495
32 86 10 1 22 9048 :27e0d14dd04292725b18868d9696de1d7df1a860cad8c590fa37a3eab7c3cee90883b80f730b07c4aa98984a097ba84446b46a94e52461ec93b349d0388c9ccc50be02045656f1fe664cfe014af742c10309781a9914
32 87 10 1 22 9096 :383c449a25c221561cf08629d4ef077ebbeb0db3b0c30a5c544950429c600693f21143dec72e53c452f66f7446b7e368b238dbf6755669d2d25f2ba0e2e39edcf766c9b0cad6d56471882e10b166253451b9d1cd5271e1
32 88 10 1 22 9112 :fcf37e09bd378a6c36ac6bae6f6fbd07945042af0b45e1d3299c61e05aea96da90eb52123175354e218de3ba85b4f4f8c6bc89c1bbb614f43866e3982f5bc56b1fa5a38b205f5c6daf68f4082190bf542ca1bdd797084c52
32 89 10 1 22 9116 :08fa524b9e654f837bde38c2a2ea3a0043d77d8d41b824f13e3d45f5c8b79416424a9b7e65aba8f3bba29d7cc7fa2fc77afb3a32726511d2d16c10340f658b65552bf78f1624a189fd8af32f8662dbb8c8091ae31e8f454c4e
32 90 10 1 22 9052 :08ead672fcc9c55ef6e85a4d6e985f9cf507623f853f76cea39a9da4f54ef6a10c03e59441005340f570fe1571fcff07f145c9fb9fd7e402587af6afd1300077600cfb4eb38bcdb81f2b90ad3f9e5db592bea51a4169fa2e1d19
32 91 10 1 22 9084 :2d810c675ebaada15c2ebf5420ea86d12dffe42fa5e6f913377d4d5e0c49a5de07c96192dd1c662109e08e0ecdf01aaadef743538e6f63deaed68c6ae7b0c8a1604e0e7b3759796b59c42c53246771e7fb0dc52eb571fd41d88ad9
32 92 10 1 22 9112 :41613c3a0b866072f4002c7b4bc67ebe9376e91b530f857b81291dc4a36687c5e57dac5e3e13c6b4619bd139b8ebd5bf92898bbd55f29356df4181c1cfd63344727f4ea277e0948763ac56d91cb2869b61a8ccfef3fcc4c9b99169c7
32 93 10 1 22 9052 :13854cd6bc996ca1d68b3805118f58ff34128bc97a4859c7b0439e9ac98512e8cd4f0097440bc178d0911900cd169cf2be8d03095b8036242c4615360472f2221b6a471877702585e0136d0a835a12f6af40940694a1e181085d703583
32 94 10 1 22 9100 :6a6905944d3ccf26bddba674f872babdf83ab994c41b23f12ee0ca2ac4dc605c9a8124b9429db24ff9dd0118758a7e36ed1f828fc02fba3a76cc302bd5ed56eabd3661a2ab149141573c78e49977d7394bf84a2db64682cbb5e14232661e
32 95 10 1 22 9052 :f48588204612df8fe9dac22c173943b05700b03b593beea04debbda5d9cdab21f46cfd90a034586b9e79eca5370a7da62e1f4f556030a48c2606518a7d2a53daefc65c3ac359fc0cbadf9492b9d38d0bb391e058b6d950a6a8c458e15d6b33
32 96 10 1 22 9132 :9a7ed3a9c23f907f2137d721d3b7d20a624172f7305032e08e52833e4ecda1eeef60f9dd4042bbe0a6e7ceafdc8dfbaf558626ef9fb7d2eb2f0341b43b8848615d342f6c00d0cb84f274b70bcc72c2a2c038e2c30c30fd2abdc398e39088fc41
32 97 10 1 22 9056 :966ff27c40cf3d57ff49be8ebf8e9f6301314a212e000879fea182907809c7cb90c2f0ce379f6673c0ffe3dd550c60966867bdf9c97a2c4ddf6cc8b5b0f54bc5318a848f326d91d9cbed8c1efdadb6de0ba6b3197d79af81a964bd50ef57d0fd82
32 98 10 1 22 9056 :c04edb7c0296b8b39e4c9675001fb610f6cdf8684f5d275a038077e297ce003a688eb4b52b3eda251b35a8307263a005f1afbeab3ba47c263e4816744d4cad5fdac737c4da7818e036016e26adc993414b7d72bcd23fbe7f095631255f6a49980589
32 99 10 1 22 9056 :7dd13f56e0a3cf473afcadd2411a4d319e2551f4f96da1c811542d128dc53fcfdb052e0ccff84b30b014c28363025e274fcffccb90df2d312605c294876fba4769c80c1cdc6e415b069af303ae5e5c7afadd2f1cd9f9436399c1eb5b0c9f927ba05374
32 100 10 1 22 9112 :4b586218478f0270aa6f4c62cca00368cb243f0397bda3c8a955a925c142207d04ab54e8ee48c4aef4fda3fd9fcb539d5beb4aee9f9efa516fb64d1abd6da0373b6de6b4300e879ea23865fc30fe4446d54245907f3f5f61fd71b6e5923f1c6d3af74f3d
32 101 10 1 22 9112 :3d4f1996e22e594496a7affc35754f2d46da8915ed4ca15b5715d1fc75e81cb07bf47581eca9e8809fb4375fd2b568567c83045db58151008bfdf03d9346c8939dd79cc0168311bd6081085ce3ebeaf156d8d5a0d31c77053f5e7e19062c76124022e276da
32 102 10 1 22 9120 :a49ff300f6edcb8093bd47e9db350a225ee27f6b19d3140388f516b53b49fc193cf6e732f4ad85ded588e49c45cab5b84c5317a40acc8c75ac57aa87adde67f9b3c47e6695256ae6865f9046ec2105a26634ff9c59c9294456af3db72ca1c9720aa9e1815769
32 103 10 1 22 9116 :2c275ef89b9d40ddf7e5e795493f085c03fcae5e2561703bfed049bcafd592c7e546bcbaca0f6893495d3100ec2ba6fec444f5d93b70e11e561564b1d8cc84c1d118836e045809b0ddccf88c9217b841732b0e79ec833bbbbb4186ea494ff403caa567fcd15f47
32 104 10 1 22 9056 :fc802cd6f0d5114fe2be1332d1d93f156ac2db5453d950c40ae0e72f07785c2f499fbbb378636970808e1c1cb1d49defc37e9ef87c7fee14044aa28161a1e8ec80a5cfc10bf113242cd1e66965be26ee77fad1157fd92a21adac3b1dcee24fc0978a19e44c3d5e0d
32 105 10 1 22 9116 :b77df980dc0d469a7eb5c208142bd15eda1866718f1455a31dc9ba8907682560e36d2b1611039a7c9ae18e51e1f405a0a70d262e3c8e9cb6878841f1fa798f91c8fd87af97e4ce5ef67e831f980e64823eb98da1e2e1656f45a17114bd973b42218806ecd89410cc68
32 106 10 1 22 9124 :60cae56d8b8e728fe8765ac9acf87a1b795184cbfe36af8d1ef5a99e6fa5a4e3070e218468b3e685d66bfa3da83a8b96e20f10cf413a64e572f6685139ef5efab7cabe8bbae7a9d6b0836c97216fbcc44e7d647fdbd334a4699c93adefe034ce5c46b2079352e85fbb49
32 107 10 1 22 9116 :7e3620dac00a7ede01ca786a82c8e45d0ce35fbb327c8d3ed22d668f7bf1317676a2d5defb3063849db657edcfe674ac28e1620a3c9d6049102b31f1dbc974a4d0ff3bba4366c4bbb716380e747a4ea1c524ec1b7a82881691026c0e6cd861633ce10dcdf145d255639af2
32 108 10 1 22 9124 :f7d3b1c3647d75b3c29e39e83cef13286712c84d0d542ff5a3e7cad271f57018e6a0249c52e078d448473167a46959d7825cc06dd916af03d6ca9338fc3027f04976ece377cc9bf85fef8eaf9221e56a6cdd71667b3ad9d5e2906415b5b71c0cac025f07247317b4ebc8d194
32 109 10 1 22 9072 :b7a15151375d83647dbaa138dd96f9966c15d4336bb2595091d426d059092c65392ecc0b369c828e408f6a094274fd2764b05c37fca96ab3d9e8e65835a52affc60e761e5b22f60f12e92757432bfc0bfa34a7d467e037e55d85dcc602193865ae2b20e1e944871b79b12405f2
32 110 10 1 22 9048 :48baeb516055d23250695e4335bab97cb84baec5606c758360adb2fc8cb6e62e0b1208ebfa20e9e9d40b2c2f829834fe701060b2e84251ceab97ff267d2796c7dc175cc94685e9b810bba17821a129946f1b27aabd35193cd580bcdbe7c37fb655728a139544c07e96fd8802fa6b
32 111 10 1 22 9124 :c20149682128b5aeb27550a29526b1dd7fa83f93a49c7b182cf9aa93b9d9db3996d92425443915676b4e820fc1cb2048c598a376a9f03624e4c2ff604be6911d963ca2303e09ab6a0626363d647db005d9ddd07b54affdc97b9ece1e658a8f56752d3c46256b762e6f36656c7bd042
32 112 10 1 22 9116 :f5f7f9fcdde2c37b93f8464595f0f49cbcacbc67d670d66d99a7db3a7dac6208e4d3d952b2889658fde99f03159fb6133f9e60ba9b74fe9b8e2842b8aaac0fa4af1ac1771e13ebd1c4a9f3e1076da8b2603dc436e7936ac500443482841a59a35364a3d026c3fc90c54c1c24ef7b704e
32 113 10 1 22 9052 :563c92e184e7dc2cd590dbd8915e304d5225f4376f9ba10ad1fd3a7807aacf1e9046da81c3c8fad880166c809ac84d8048ce4ab9f609f20ac2d9cad6d7a377c26ef056590670973574b4f149d727438b31a9fa4f672adf0c364aa6c5cf6b4af22ab972a8aa96aaf145238aa023be5f2403
32 114 10 1 22 9052 :76ac004c8b3866945e536282b777cb5b1c084122ef58502b559f2108485e16b587a059619af2e872a1d8b67f4bfc543f687987d77fdc9dfbf3dd5bff0a8dddd947db9fc20ab7275ae622c44f9737db0c30a986f1b11d14b19223761123fbbe2c5b65bc9de092f9d9801360d9d615025a161f
32 115 10 1 22 9132 :50b72cd5f425d42b7e95c8ebf62e95d94dc3e51ff8cf5669fa5c1cdd3563f1b4c8c0b73a6c11137b0b5cdb710658e30fbe0240191ab1b37303d98e348de92aa1ac5bb03e2fac239149ca8c73dd12b3443539465bb309f6b4055e10496c59ade5b78a09832c13f52fe83ca0ad02668fafc7ac67
32 116 10 1 22 9088 :bc1112c6ce836c42f82b11ca898a7f3a90a2ce4f17f51a67f7f22d9c1fd3aebfe09943eb710f20b28a35cb6eb932f22068f130190efe2c2b374231ba4ae0701d434d43966a7a1d7d2cb2d0348630fc1433e4742c545ce59cb368fa0f2ba68d278075bc1bae0d40c33aa6e6a478ba7b84012272cc
32 117 10 1 22 9048 :d4b70e90836f0d41a7e1a3fe9d9043998f0f9e07cdce325071f436c81e683f29d16acc1de8d15135601da128528ed0b71fd3e333d53ca17ff42b57ae51884c9b51bad2c8f194bdf3fe9e7cf6e3fc2534ac5e79db8897a6951405d3cd8582548b5ec65cf4de184b1ca41a78d78d5b0a1ce0637b1792
32 118 10 1 22 9116 :07d9c7176e697adf615504a0c5f7362fc5749af599db490a2cea3c1270c5ea8c0fdf851b0e151ea233093754cd7a6d143a3b7c27c4b5f9ca5af8d119cf99f20232168285b9935ea6a58bddb2c52bb860ab57feb7861fab64c8dcae1cc8649a4f4fec34bfae3e593f9d2c5592de27d6d1b3aea8e65b87
32 119 10 1 22 9112 :db312804ee93f1e53e16715091a26797a336217226d98bec12a531c739de865ed982973802652dc471412079e30531484bfe99279d3cb2fa04b736f4af3e7f7b8aa7909d76fecdcad8967dd1f840cb05da37b2cb3d2ceaec6b3bc08e2665f0efbdfcdab36d0b2f9289154749cd7a9c520757a3907c4ca1
32 120 10 1 22 9048 :d8165388969ac03abf8efe28123ba436664bc68f75924cb9b0fb3701745a69ddbda14e7e2e82de1db96cc272501a6ccd29a4c9121bba49f1532e86098bbbf9487d67ba7847368878b9daefbb5ba626d6eebf7069886f3f6ce211228d0896910c2614020addc5f78776620d44b306af0f29b58a6cbd6141ec
32 121 10 1 22 9116 :0b60d7563857cc3e5094402775c26696cca5f9aa76eb82b02c7a2e7c394ab2f59dfa75c7f2b672b10873dcfb146e0337f37e76e9306acdd5fb69175f3389cc9717a253bb8a801d9e02fb0408b5f352c20334b6bf180aa85fb58dd2a3f9fb19cff4b06c49258de1599cb2244818c0601158297d6dd8b9dbda40
32 122 10 1 22 9064 :2780f4da8cc3e1a2212a286612b65a474d34ee47345a804492911a3c4b9f0524c69e10c8da29206b2421a708d81e48676b9d1a6481d9388c3f0d18a2b9aca851e9c3b66b60cf8c492f898a702e7cd6ba50e78c476d3cb454dbb74a283f73c93a435ecf07d3e90099bfff5be17f8a3a7e2059c80e7b732b269d4c
32 123 10 1 22 9124 :afd332f3fc10d5ff6218f950bb39d3e86afc50ee3b15ba465dc8f120ec9245b3bcabaf195dfabd4540e51424b5d9ca25b0369b5998899f89f2216409fbe133218c2cecde3d08178578818c06f17a78c88768cc3ade4792e52f6467c6b757b96bf6149b38b0a2cf0816d864cc92f8b3d40539c6e3ec0539d262b0de
32 124 10 1 22 9060 :adc09a8a6150de76c602ca490f83a4355185289b8d35a169ccad871f6a53269760d9161da3dc97610298fd328b02e1776682cede5f440b5365d20e6d415793bb8f92f504cfa68977ba0bed25c306b2f399f56dea5b02b5fac3063fba5fbd49deee880e66e6bd57c328a83c1012f9e68a5db13514be4993d65571583f
32 125 10 1 22 9072 :be4988b97fa00eb2c7aaa5892ca2b6b393a5263521e081ae54cc7370e3cc7edfc76b6395e5cfdce39ada65d37f048bdb0120cebb55a64565ecf38f08e74292bd4c4e114b7cd93335c0193f4be807885f84f082f56b3450f2ec1d09971eb01900632d5cb621dbd337e10c905857862e5b08e7285357d5a68c39ed6f68a7
32 126 10 1 22 9048 :b8d1ba8d7fc5feb3e3e5803798be59c393303346385e7bc0e63fe3da9cb26c2a3b248b44125394fc362f67182ce7469880b201759f8c114ddd625653b26288182649ea9750e9618876d0ff983faca4aa748353b91400ada24f6fa7ccb206d7b7555766fb47a7489d0ae16cf97d7cb6c509349b5b0575d596eff3efc29581
32 127 10 1 22 9056 :2112912af444fea29cc4d0859b1696f0c21214fd9847fff5bf6e7dfe9cb8f8d0350e19ea50d6a9f647029d77cdf0d44189cf392c39057703e576b41fcd4e3aa92bbf5f3f1dbdda261728daf2b36790b7064246b53dd1a00b871a1c0e1d4c4b1118a19ec525d6aed9bd8074b1723f6f2f6a60b6183c0d912bdc0d53b9d1a590
32 128 10 1 22 9120 :d5aa657c2654cf7f79d0babfc3e0c1b7119bfd617f29db9aa460a043dcb5b64157e2213c92c09831742ec907aa6f300d5440b1f56a8c1694fef78a3d682c3287510b0cf253907d5ec09e325ec6a987f16bc0649fad318bca659d366b165345c8c28a6804636f0dd000f4f9906e96f6a4cd831a73ee37ded9c7625413c02b1caf
32 129 10 1 22 9120 :68b02739c4328a77039992a8fa7f52457c841467b01062d22e5041cee7af4e9ea83ef64866129bc1be20cef1c5d303b090b2b6cee30c7edc4ef5491558b0a0032e9994606432643940d91843395697c45ccb3d1f28e5537fbebfdb6add28e7d6e8962932d54aae2fffbd29bd3d946c8b008635b571bd1f5716465377058344564b
32 130 10 1 22 9096 :4ee8177ed70877028d1b0898891a0925de5401bb9dd31b688c40a6df338ed1775b026220d8c006984affab16a4f720945092f2ca6b73a87e5a2a2cd9648aea53c3a37de705898ee6e4a7826fcefba05387cf341a25ce46e459327c2661ddc0611addb872aea8cf79167a7e9bdea8a16f33b5321ea2c730798240642ce416f95cbb25
32 131 10 1 22 9052 :ca052530cc837ce357f516d8d6c84c17547f60936d4d5338c924958722a0c4c52fc683565a5ee8d324a8ad7ab978271bbfab4fc7086c9029c1fe455c06a801fccfdca0e737e49dc71dc6155614a5b3dfaf88ad56b554268d8565f8bf4ab0918aaec327888895f04b35eafa28399275e0e24b98f56ec253540d1e793f5d0a68388e3b73
32 132 10 1 22 9072 :400c4a95b2f20c85f016aa918d97fc61eb8bbe30fc8cc86c2dae640fe92acebe3781a473a8027a1f7771e8da401bd25e1f810c7a8be4fe4605594782b220e7769fe4579c4f00c087f01238e5aabf0ed735a04ec0a8e4357fdf00136ca8a61196f95ec8ba5900e75e63850246c5711d08fb4a071b14c8d00cdadac5997b1fe9c1d956091e
32 133 10 1 22 9060 :133eb306deace652d61cd36b259321cd496716d981876389f481d25a3630a9d56c38fa05b4e60bb716c3f8c5bf19dae196d2c80853f824b797b81b62778efcb6ee2392e6e08e845956aa38669659b7ed44d621130c3f0e610a3bf2e9778f3a367887556463d6c3f4ebbf671d7b927bdb7f31a03a12ce303cf2c2409574c1b203cd9c46780e
32 134 10 1 22 9112 :1d887dc6f660a24337e2f31dedc5c10bbff7b45b0f4fef508dcaf839e0f9bae1b8098e6684d8bf9098779f353902669bab17b3ccccf2d47cf528942108924fc96f434edcf1c89fb8893b59fded343fa2d13ce13d3af51653f1f8e0c0edcd4a790b5963d15423cb781d8563abea2c6b657ec029cf9371f3d2bda361d5a6c5506b5d46692681de
32 135 10 1 22 9112 :d051426f00541725f72dfad8f76c6b3bf61548096d286cbf61bc48fbf966d775aef6cc3180997c6f810f63e4e39114ecd5f8774725a0c4fe7ff7559ebe12ad75a7e86bb5e700ab2e7c3508a779db30a55b97c468be6a16daae55317a56f31926fa29f8c0580d19854bb582d4eed759da7f1223c44f86355c4d627a580a7cbe7aa6348406159c5a
32 136 10 1 22 9084 :ee9c467d8a92a05ab3385317c53d8108414cd8be8f29cfeea6426d6ddd5f32b5d3b6d0830dd9aa1dde09a23d03c77ecfbe9f20d3d6a6eae4dea6a3f05f468295dc0f9848e56f89d44fad2a0514ab344965992eec391734fb6db9962f2813dae318cab15915d7e3bab1bd44d90a58dd538887ecefe9086c66a731cd067a17cba47a451b1fb0703062
32 137 10 1 22 9056 :bec0733011787062364d44b606d6b036197d9cc0dcb696c9494f46d166fd0db1a7f8fd031959f6dd21fd6a6c29a6512562bc7d59851a25a009d34d2c4fbd4a164940d70c1696d4932615aff1232b73100127c7341be12844c2a356e60604fe1c3db1b9fe91f6d2c1f4e4eb726284b598a4f38dd35f07fb8ca357554af0db515cec61dbf132495b1ece
32 138 10 1 22 9052 :4e7fdd2948827024dfc3058365e93b08b02c7536123578caab7b9b359038b6c80aa50dc645f62b31f0da36b166ab160efbd3ef24f285a2148558eb3034662851d500da558924d4f60cd71e3d16b96427595052d66f6a1095aefcbf846831dccb5adfc24a0fecd51a1e3e0adfe06480e0d04cf41f2557eda1466056532102143cd02f26470f3cd1faf125
32 139 10 1 22 9120 :9e0fd0c4a1308f1ace37a64082b8b1ecf1151ee6a58e42fac99cf82d11d07ed5a957e8553aaba0b1476ace8a04063d30af6c9488701f20ab82560c8c47defed5e685a01b1ccdf7ffe1f90b2ba8ecbd4bce6498ecbacea909c590ce6af4e0f40ff75c3733e6bcc464a39c3e148e0e9e00c707034b82b7f25befa729d92130d11017a763923998b06510189d
32 140 10 1 22 9116 :cc482fc2f110cc84157e606936f26f60f87d2ec6de270faf8ec1ea7f94729552a5e0c6135ed3e19ebc2f28a380e9181536b3642a0b4048de1e290d949e29e81c5ae53a09a7655086c1cf9da6d6a366143a794564fdca3ff3fb85a26c00e684ebef585ff879ffed8e924a83fb17d44d80535954060bcafbf075b86beb93ee682bdd561e075897e7807d3ab415
32 141 10 1 22 9088 :d94ec16dea40c76e9ba9f270840862857ff701a796df8e0a4f435b5c4c12a68ead7f28672582251057029bc8af662c2e4f6b211f8285bc0fb0e3efb7b0d513222e45b85319691317a0996d878c470b52e86d70c83e44b4b9f6948edff579f7e45b0059239cda4eb693b2d72e3abb93181d85b4ed92a1eeb62a0d02262f40a28cbeef2d97110754a02f4f495279
32 142 10 1 22 9104 :85575adb2abb3e4de096ce26c50c09caef2cd9428b4c94fb74190efc0d8f6e2f3eb2ac19502fa5ec2bda3649e996c1c412f8e605e7a8822ecbda5717ce2e7a407643a8efbba431917f9bb041c9212a04b49b7eb8787057c02052dd056344772864858069e57c0b1eca4340125a3fdc1297d32f4c8b5dc31852da78898ec875cf34106d090fe9300263d08db3252f
32 143 10 1 22 9084 :1a7a47e8ea7ac436e0ac6cdd3a43f84887e82024538807c0ae957bcc2d881bbb23823591deab37b2f92ead8d613822c9a3d9a1d2ed4f0e70ec02f50be17f401a0c09246eacf73ec1cf1a76b31fa58018fb546b0590383b6674c0948bf959b6b4849d516e550f00075a122cd6596e975740444a820d8774caad3995a5c96dcc3c2e8a21e164aa859e09ab0548b8f53c
32 144 10 1 22 9056 :67a264dbb72468a3b7ba3b8836ec335bff05056dba48591b6fddbccee331857bdfa294801bde98bd69d5307fc962b925c67e8daef8f7ad7a06cb661eb81662349c0be613e01598dec3e025c807f646dd1d4b3147ab1e6246282f96be764454e6bb9dab20a64cd598f151c2c39862cc4a332bba081582d47a773120d90135c1a53e0b96d386fc2433b2a2c6aea643e643
32 145 10 1 22 9060 :e38ffbf99a1e242c28750ab008e56bd82261afd68b775c6febf5f7aad59463c0aeb0bf33b977f78e6fe0b7be86aba20b7358032f3ae767ad33021a6f2bcb76bc3188597934914b751ae00956e2ae59f7b58a11f56094980fcb11af5baa8c4622c1cbeaedcea0b4639b5a7b1615aa8e22753f61db0c047c5a3df78625bdbbe386848e19f7885b4e822a9bab149f3d27a859
32 146 10 1 22 9056 :0ff739de2a3d4e69eccdbfd56a610932b23314897650e9c588b21b24c70678ea8859710cc38f8d28e4437daad1ec3750d5ffe700ee10d4ccd21a7f9ecfb46476812a95ac9c393f28c997716c12f11f9e185fc92ddb7b5235dd9cbb2f46610b473dddc356f30693809155d300019716af29cfc9f16ce8c4caefc76d80d6f7b0affe8d43c78a42dc4bc8e99561c0bb236761f7
32 147 10 1 22 9116 :61f648030830f6f2ee936e727bed2ddf9f44fad129db2065043d3c4b93630b125a4392a0467b996a30fd4355ebd7d1b70866e9d8beb41844f41a71cdfb92c8a4fc87dd8df56c3429871e82e7bfb2be34562b7dc2bec2bbdee1fb26ef6756648275e58e380801f9210c04309616fcf65a416c1b576e5e240c46901fac1f6334aa336318c6ecb69b646d2893bcde78de4d44fe02
32 148 10 1 22 9056 :5b7817b9ed8fb893fef5b511f9a67dd7aef9e22d72b8b91f9f5437849d15bb3fed918a95cde5a9d80d91f59c3191561f154d4fc70542283f2db18563e28929e0c34e86843c9e8d324686a860433e31a5198623385cf646f55f59826bb6efb4bd631eefd96b30dccdea1048793c5edd9c03c349aef4b8e1062fe9c26d261a3c47a296fb18127e25c60e01798f216aaa0613dad491
32 149 10 1 22 9112 :9e37ef00ae48a3d9136ab84876e5c1351c2ddfca1aa2942c0810a8d0747cf3baffb3775ff47f654c7a6eedf168c66cd7d07dc2fcaf52afbd6b3d09fa127116ade1b66cd7c01deec34b61c30d02533148e06a8d7b5b3e4885f1adfccdab08bba55e126b876a8b51edd4161f56dce308e90be6e02ef394c4f770d100b66ec36c77aea7a45247a9446efa3f00486854ebd614c69833fd
32 150 10 1 22 9056 :cad5646fdf75cf1dd3c4fbf3767c81f715f2d2624e946f88ffcd0e8993944cfffb2a7b4cb36de1251e8e470b2191713cb53861045b3111072e8d9c3965087fb8e268f7346b2329028692652b8b1fb63d6f856f3bc042848de746672bb751bfaf588a146fb53b4cec429924f1062898dfa7dbda445a20d9fef2f74ff55d313512e4f98ce9d00b499342202836ba9f52457fcc6e2934f3
32 151 10 1 22 9156 :2d8848b8e8c86f297c2810a9a6c19fb1e53498a4d02a453e591da5db99c0b0cc054342ad1c5cf179aa348acc4676c9e7bddb2a8c010d9d64be9a3e0ef4290821fa42d23ff02ce5a69fcc21646abb9b83057b5affba01c51ec21a9c59b40279dfca0cf6c267a207e5a86ed8d4ad8ccabc31d8e951df57be2a96f7a0b2669619b6d0111fe8b96ebc29941d340a69ac214fa3c9792ff0ec60
32 152 10 1 22 9056 :4d2362a877b59fbb60161598efd12e59f8e90cbc61f051e6eb03ff5ae4c3df2508f47745d3e7e4a93e9fb35dfc74f16a3ad181f89abc636c7cf816f8a1dbe1c52b1ba3d95150052462c8fcad72d7704b4155b9c07e9ae46a158f9bdfe72f21695b2cf22125f0aa071bdb9dbc2d753696a7bf5b3cdd57d1817ba40bf195a3a0fdd5f125c53fe4ea2894cba07e966f8e2cf87e3250b8724a41
32 153 10 1 22 9052 :fba1876d61de8abb685f3c2e5ce76e08bd75828c659e117af0d93d5ff95725f18db861f3be22478690a32f8c33298c1a48c3af368dced52b5534004ad181737252584d0036be5be85f67102046abb82bcad004e6781a715a8b0de07f34e0ccb3a5cfcec9f8b0d9e58166080d796ae3c815cc19b26c43d36921437a883e0e92a352355131b8320245c4b9962b743908859b95a3148a48d64a14
32 154 10 1 22 9112 :28da39db101e13df907f543a6b10bda511003480206d3006db2e2b92afdefef4f099be7341d88407a69f7e4b0c16b55d111f01656bb865e8f6a4a1cbfb773bb4329b4de08f2780cfc182accaf0331b3765564580ed87e1c89897dc67c33a00ea0f3a11355a3479f35e3ef428621390360c74a357cdb9fb76166c8b6236905151bad2d37b67ec8c3cdc38b6e5a0c6b4f5a3f8d00bcaea1163ac3b
32 155 10 1 22 9096 :c91f3996822e1241361e7a82f0552dcff401212ca4238b54686cf0e76c84e89dabb3e925e23fa0bbbcb0f3d935b6eca77b26bc946de45ed82e85e5df644a3ef7ccac37b102b7f530d7dc4f15f6794703071977c246a9a45d0cc5005c825c2bee3c082a5968b5f7243df1f39cb4252a9287b42dbbc49eb7dfa36ac9b75608372f9cd2dbcfd16faf266e3e9aea9190fa854eeaccf132dbb964ea30dc
32 156 10 1 22 9112 :2a94e76f02893ca7e3df3b26aa57961ac0440a95dace7ae2a4a3239b2b7e46daedae69f886a3ca568984a69208ea8dd0fac810d3110126519adb0b5c3bed29f1482ab2ea08fa45bc74f17d20e05df013a5c3ca2fd32ba8990218ce9ac7d2dd6f216a123e6860cbe238cafd1db72a471712879adb36480e62f04b0caf9799018fa404b01c1565d168f1b38be1cf7bcd7bc344ce37b220744125a0c091
32 157 10 1 22 9112 :ee12d1f3ab2a1dca8f9905211403d6e4375a9fc837a025ff2d17bff4b6e53a6b4716138a83b6c78dbb0e741e66101e86d6249fdc3d4739a8bcf563c4010e9097c635f4dc01ae12305492db4524783d094f7dd5e56f9d7318aca5c52e2a0689a2b37fc919fa9114c23edb19365aabca89daa75b1da220919d53527430a6d343764dd49b3e41adef373e0ed4d1232f1a696cd88054840eba6c4f296e1d17
32 158 10 1 22 9104 :f9758687c23407429b24410e6bb73de08de21e140be85d3016179ee90b4849bac645db9f1bf0e1afd813a4108d7af0c2ba645a16fa445177e476d55d09340ace2708e39102d5b25cd08c00b8336cb793759b06faf9d87a2057203cd975a7c34eabc4b32c0c62054fc87f5a89d11a2dcd4860ff492fc305b6862f2f1dd7fa3f864bc947f9ea70f5115b2f9c4d2903e32c7af86ff7200399e4da940155fc14
32 159 10 1 22 9088 :f144ec9f2f48d9b1967e65989dfb759b444f8dd4c12dc31f7c7cd6f2187791131a1a65a17edee7ca943ec0b239bc992c46639cd27b00eaa2e286b35eb4ba60efa821c5ffbc19997c4b7ad105d839473ac509453742f816d67eba59111623b0c41e822ac86c289dfdd1ff9eba6f834bfa56de7a9d4df8cff8c4b78efcb58bec778145bd98db291520a8da95a9a8e9fba56361ebe5d938700553055931b7a4a8
32 160 10 1 22 9076 :e6b7786c2468882695428854a623ab1d6b76cd4544bd3c58dd272b4a293743ff31de8734c9ccef729cf84e893568e1fb5fb581632511f4bfaab23e2d4d7e1704406d4a054013c5da8f5cd3d875afce52b6130a7886e4897036136f0c065abf05ef481308922944b9a80433c26963110fe94e5b92b663c250ddffe08ddf99174975b5aa26bd1800777fd03235c5bac20a4224b048aaf7ee1a776ff6e280eeb618
32 161 10 1 22 9120 :40ee91763aecfdefb9cf9b3b613cbeef1901a9a883db66450b496d5161a1935dd91f27448e00c278c5fe1239a1926ea41617fd50673a6610d6f20cef5c8a05340b2910f10d8eb028c360303adcdda897fd1c4bedf5bfa45815a773e7f935ab38ebef61cb123dedc09ac415b00f73b7e4bbb0448ec15960c0cbfda32e22dc12be023e41aa4e945831e04c926a00d96955563946f124b8593859edd20fca43837db5
32 162 10 1 22 9096 :f4bec8a6391a91d9db8dbff55e5ad86321072c2e62e61549ca4b93209844d303cdd2d7d5bdfbef82483281709d355dc81c4816e72ff0c02112ab20f8e59cb468c5149b3884a6a13b9a1245641f1ac0e3ddb287a836e4fe61fe0aad7186f3086b8dea5822f8c3aebb9a3bb069148f47d5bc6c104c5f55c10e78fc96cd00ae5b61f0e0b5d45a0ae7ea2e8aef00325735c41b07ee8ae94f734eb7c90801212d74ebfeea
32 163 10 1 22 9060 :22d029c9a39e2763caecebfd028421234304f03fff63256858885e655ae6e9688ca0b9f9ac89e7b666266c5a73b9cc9d6911c0279da5919f30b6a86e3103e85b074ddfdd019724af4aff644a9cce1bb5c395b80e59344ef4ffd2e18fdf5db49bcea53b585a1116d00434ddb22c501103d22fc3b2b4f17ec10fd8c7fd360669067075b820f5c7b0152e543ee259659025f6e44d592bce7328468bddbcdec907369e70cb
32 164 10 1 22 9120 :2b870fe882df9cdb536dc767371e0c0372a0ef0a257519172ec922d6903ed6e3f3f34872432ba0c719e3905f6bdea50a212cc6f3c78a055eb1637f31a94dbba8d8df8c587cb2655ba168f39319c8cfcc4a5e0bc78015d21b5725fc68b72281ce20805902538ac5fcebe668ffb97b4e819d74e2a66e44fd0c39f228531f4571c2e7c8cad74ca4ab86e77ecc85ed9e2e9cc3dac8dfe8fc13a0d39d4437b09d65d3056b19d4
32 165 10 1 22 9052 :7fe6e3076f50cd9ee7177a82bab1bb167ec849837d48d1b842419997cb3b0b1ce163253b03d57a257cd1f074a894b90f19d12a00ecd71839ccffab68fe884c2468b2449f3bd0f94ba56f522e4da7d9c5c9da9c7306929663318ea98c7965cdb5fd9e5dff64abb493f6ac88c0703b81466c7ad0ce4bdfa9dd0829cfa90a9bc17c3335045a17f30045cd3cf1b0fdda724602c331c633416730a1147fb71bb1713ea5fdfc6484
32 166 10 1 22 9100 :06b5229b5c523be669a3b9e472f43d6bd018152ec4adc4ca3cdd7c3fbe9181fd3f19a09229d5d89629bef1e06a2531b42096aebd5b66ca7bab1c86fb3b2d8bf83c856abd9c519fda107750cf7eb66307e5e41a3ee9cef491b71361c4a78578dadbb50127429ba1fe8cd84d2c17b98ca8d90c10d535ab513a0279da1fa7c832cad3b131559b93acaefd4466630da034e9723bc220f6389786dcee278b8a7107131ed3bd666cd1
32 167 10 1 22 9116 :2e86e1037e6c858641d324d8fee6d5f91eaeda4c469237eb60aea204fa907efe47be7b4c8ea0905de58f5b9fc6f57f87fd3fea1f1b8b3258d709386d9855dac6ee18efabf830fe12c135246ab9a86ff1d237793efc0265b0efd021f807f58249ea320e8fda7ba7bfc8934b124184970ef2b874637bb060a06ac9621a43799b37b21ac37012b268836e620095202ba67138e974c974c066fbeaeb25797ab2f57b23d5aad5ed3e79
32 168 10 1 22 9052 :09651bf998669bc657e8ae8bb644c55384fa23d00732bc3d7706c53c22717dcced094327e1c42afc69a5436f4cdc22fed36545d4d9a6ef8b2a620776fddc7131ebca4b5bbdbac23c401a5dad5c46882aa929aa1dc158e0ae3750f1ad142bdb3daf5f9d3f27d3bb1f19d07adb0f59f01688b9be0133343802a57fbb3efe41c25f8be67efe3efc0ecf480f596fb7395cb74d6a693cbd379b039721c4b8c37c2fbbeed035d691fa23a1
32 169 10 1 22 9056 :56bd3d7539a5d6761ed8508a3e8ad9682fe837b9ae73fc1e9c681283cdad7c183a9a90071ce5b9c21303f3f76aa91b52335a9cf9beb8a948628aa67f67540a8c8be3c9b3d4b75e8555c714995503706e796e0f6d7689538bedd5c9f1597651a44fa5eec1d240a5de7ffa95165f008e8ce10604a13e97102cf924a7578f199155b6961f99d3a8bb504fb519557f06726ffdb0bcac6232d621d62829038044b7d8be94ee3a0cf514050e
32 170 10 1 22 9056 :f83b478e8e366507ffb01c84391bd1453e7df338893e04f040dc217fcbd0b4c3a7ce58f0e6cf4b9eb8ca090f7e3f2cafb524bc6415dd3f78b53e77fe4615ec4c29ceb4bae0f0a983e4450a51da4c9f8aa656b993cd2da55649499ca0f6bab61097621efc44275a6faaafe13760fd8a75b54924211ddb736385d66b0d3856105fb35c241e92f7c3fd4c83aadd643785c645331c31a8dd666f97fa0f282d13427ae1209caf594bb989eca8
32 171 10 1 22 9056 :e548129f48a3657d7701c43daffaf3dc3c2f17f5cb5ee9e13c6c4e88d9c179fb110578368cae5843194644678a3d5ba88b1b70e2505c792ca2b3c6ecb0cc969cc7abb1fea8b43f36cce120f1ded891ba66b5a8d2bde7cbade98d9a88110a9cce73c762cceb6cd9bbaa6d5459dc44cbe2f6d6f4a71cc818602e99b25f3c2057bf2e4758b7de157b43c12e55496dd7dcd00c37f16bd404fa3a5e80245309d751c1700a32a4bc5fe24d533e05
32 172 10 1 22 9084 :66863e08e832a411167a09fa8d7896ac73745fcb096b9479580ebdee334dd3ca90b9768ce212958207410f439a55072706b692879ebb8f1be05fc22acb62a0524eebdd3f67f6d7a1664fab3e62dc236c3a60af61ca6182c256023606819140e1145a3b988f237a596f6355b9b3f01ce22bd567010c2140e5ef1cb540ffb11ec8116dd4f6926069ceadbacf2527ab1a2cdf7540f5d60639d10442d263d7b82c52715d93bf0b4f37c4c035d997
32 173 10 1 22 9116 :ad7518f39a469f3edb4321c5754f89c117d3269a42459b67a87265114e7bebb7e064e85ad1a974a2f6bf24b76c4f16d48a2a155a7e21292ca2515af5b217f9e1d34bf5a6ec696803a80e8c05ba6a6b3f3aa7fa924149e0d29a17275d5dc5e738b2d0c1bcb063bfc67173e4ffe85ba19a77ade8bfb77145a0ac8bc7dd8fb43eed7f2dfe5ba6fcb45bbc6fd99ef575cf3b094f583bcbc805ef58e2740c376960faeaf990931d8c60d121080d044c
32 174 10 1 22 9124 :6a5cb9d10b73b17da56726eba82a79495c31af6d6edf137e66a3703f0254c10537ae4417d5b2bb4a7b92cede2c627c0d1ec7706f356568b15bd39a50e1d7ccae46055f0cd7c11736a93131d736c09d7286a114f8335237dfc2c8387466a03fcb1ed7687ce64f572a2f7538bfae09992319ff3cf36446e57bbb66425295ef35e617867e096786e3d12443ada19f2097ca1c576457491f270f41c67e60a59bf96714dc98c96b3329946bd99b6e472f
32 175 10 1 22 9116 :9ecedd7e1c51958c6d9f444720104188a35157ed83af24b5996528ecf16c0fb1578a545433a7fb88aa418941d8e8871b4fb614aa80ea128cf22debd5853e09905eec404aaf1b89f2f5e5dd539f869456585131a921ae02c9b1ce9a5e0589fc6e5597c723ee35888eb31cca3f7f70e927bfe5b48e6a8c4607fd37cb8f9d7528b42f274849fdd7373f8dc211be4b0738345f5fdf3c4fd306c76ce5b5e02e004fc9279469ff532600af517e0479538967
32 176 10 1 22 9084 :974fe4ec5ed7e3bec47838b03c841c249cd13a3c5e8f13ef09d2a69dba62ddc048dde57c4a2bd63278759ffe9a1e3372d90a58977e0a15ec6f787bc12faa5eb86beab82e675fc21c974de4fadd9fff655fa6631cd937c212c7a8c848e93b2c161f774d2c24255e335739ee230dbae363a7cbb66dce991e75c297ab83413581c88875bdefbf4da9783b5a6ad9f52562f51d11452bcac9f729a4447f71192d9e82d77906130b9bc10840b4ba2a2922c94c
32 177 10 1 22 9092 :a99abe3b0b84aeb0ba360a22018c9a7b39017ebd6c00c00bb43cd5c6e44e4363ee9b6c211d0291b514f70da05a65d213244fcef3b7ba5371d30c88f90dce1c426ffc5f6db19515b2b05c3a3e6d08e2d57238ae2d96651c9a09ca7d47fbb551d887705eef676f22d457af403c0ee92a6f6cad161ba6b3ce2b8b268ea396f19897aa75aac8b7e9ff3a9badc7d5af361328d723de920a5d8c5cf90da6c35e50e98d60e0921e2b497a3971db2d8a332c2b0868
32 178 10 1 22 9112 :b4229937552380deb7d71e718f3a6f6186fca7b954d3bdae832da719e54b154cf5a0c2f1460e55ff8de7e5b21be6dcf7af27495f7b966d38279477ef7477ee2566294b70cafaa834c3f36dcb13eaad4761f335de38a7e6c897e36eb0988b55d2cf5c8525f6b9f8cbe2ce0547d31bea1248a492a4ba403082a31e5a1fb1a58a4faee502241d7672aba6bcb9b219446b9af5b573fdef555969b36a34ab7db4e120d12f643b2db9a190c4e5e8fa19247a671591
32 179 10 1 22 9084 :5c711b4c5a0f3e03bb9303155270a3a621a8a621c708763c550ed9f2204d9d3b2314451adac8129efb8f3dd8bc5932d2e7433e5b5bc01edb85451337a6d3c0b16d638c9a548a81acff3eb99343462e147ecc8cad1f236cbd6e177f347d946d76dd01f7582c517adce257ebadf78af207690de1fb52c4e0d6d7b0081e121c90218532cca6b1c1a62429f9578712a6113cf50b83e8acf43efe81c40b9e0d52f63d43f0d6f78c9f68b63e447314a9416230cdd532
32 180 10 1 22 9096 :32159909dd2d22e7b55dbbc2b22fcf194537497a072e5ea86d69a22c194ae3556d3af999e5c9e73e5c7c83d7bc888581abde98b6dfb01c3c39ea5ca75a4a3175720c7a5309c3d49123005afdedf2d7e5af428647cb43c9100572e3a35af97f8b95358a7d6333ca6d56ffe4924fe7976f5979f0bc3734de82f99e23f50220b640db35c572b538a2f2a9f7d62c4662f4da282e46ba85f14164c0ed5540db7b0755c8e5f62066dd838bb589a5ffa3ac79e5c3dc9388
32 181 10 1 23 9060 :a773de0fe4d63fc599558d87de873c34685e426cd060ae3eeb7c79728fccb111f6d1628a4a4eda9b92c52a11cb00d7549b20a848a9b42b49aa4099c59d59fe7a340c8e697cdf1dda7e0a7129b8d5bbf7eefcad3ea93e6416861d2ea452e14066c2ab09aeff9e0c8fcdeb219f006d7509f1e82afa6ae5b84adbb0f00f0d87cd17acac81b58a3923c8098874e24388c6297daa86537282e79a8d6850d750ec74e66cc2b07c8fb1d5617afecb3c6940200da8b7048125
32 182 10 1 22 9096 :9cc2b01bde8e0b5c6dacfbcf7a0f2ac3636b5e077e3e8bcac1561a1b735a59f13dc5101cdce3b502e3f927be7b291b9f0ae3126773dd1578eafaa6dbb1e879998126285f157c38e054ff48ba556b57a22d579135badd20d3fdfddf72fc6051db586208aae8a4e590b922999397edeb173e5b61ab8ac050fd28ef52a29a32d257c4a5ae945699594954d3db70ac35fcad7ff938a7eccf7a485509da06b9a8327afebc4e731fbffcd32688658576f8ee94b37c00253877
32 183 10 1 22 9112 :26e10adfb2647984e2b67e29b20ee9fcc09a3d05410a1e2ee73b6596326cfc185ea980e571aa9126d1576cf698503d1169e7bda90a2ce9f570d27dbcc8ee56cf4a7c38bcb473668d70727fd7eb79339eee500a958e37f2af39b19c430ca963628babb0e4eb82ca6704440d6465c0b3f71e2da8519950190f4a57c560d6f83038e40817d7a1b4b11e6013333d12859b6a2b4ee7350e9298993cb3dff0bcaa068ba7f2fef7fdb8df5c46f3d58e11056314d5076bab6e9729
32 184 10 1 22 9120 :fe3a9f740f73f9c61d61ef42112ac4fbfe532950f80c5813dfe542d32908991f048aaff9a118bb64772cea762fd2ac77dca8a5ff0ec9e24d4747f523939ace25a34145c21e82f5e4ca2583d11a8cce95e10417011fe989346f2ec9bc21d8a984cad9422745e14f91bf2bd2aea4a144a952ac5630908f6b423e79c540fd4dc9da11b0b890d5afd82614e691fc97fe62e2e5484482a6afc732554e3512f3d4f503d17632e4724f5825c1c8e18c551eaf9971570245e4514d11
32 185 10 1 22 9048 :d08c7ea4fccc50b5b8ac7a93a585b35cba595ca6de1018d69c2804614a389dc25988d170b34e1285781160dfd4ff960fa098fc510b591a7ca778a3764af6c25b3800ebed2510d6276b68b3473f633301999005f5ae5ce9ecd80847ef3dbea8eb02977ed48092ddf56ca818817697eea8ad18d6d215a6e3b8684722ea49d62d6784ec3cd8332853bd59db5ed3e783357cd463b9e7baf173fc7a8aed873d0853e3ccc76dd1615141052c148ce34b4423c773948ef8413770a876
32 186 10 1 22 9084 :6c10f861981b5d15527ad58113f2b76696be9ac15cd4240f52a46282f1007cce469eed3bf7675e2311e45934638a9b84ae2f5887087935a45f6529b70e8c09f3f983b2536a2a583e250af0e2f23238612f3dd282ff6547d0758be53b00bcd2d64cf89ca79f5fe3d8296028dafc8c3d61b4be72f44963ef5f08e9b1f6ea88c3d7b0df66a8789704ef66f8eb66210d289adc520c9cf3b475dceda2695a641b0400a4e0bd7730264766b52d1780d0a5602e3de38674a800f58e1cc4
32 187 10 1 22 9056 :225a4514569d315339b1918cc8c27e767a9aff2f1e58fef7208c3bd482f1cd9ad6533d85123c4d826a564d554cccbfaefc0a7a7fbc8225f5b69c4e5b6d90e2ea1d3878cf64fcc8f024a1050f5a6b18d9734ce28b34db9064db75b54b6d1e7a006d2a6ba8099208aff3f97ef8143651ef798d8e67eee9d2bb52d9a5acf8683b1d3bf3294bdc0ae7d25642cf908a595d0553c9be864338a9b9c6290b180953de36d2fcd247fcd943e031691130e04627377f1891ce75436125b48ad3
32 188 10 1 22 9056 :9098869859d5f8a1b922780c98f692f5900d872cc1e68520fc57028effb4392940af49d16f56e2fedc654c68a7c520fe5f1ca0c540e5a8ceec54bea38f3dc3dd981724c099802074c3e1ef27738e1d3411ce91e3fa4fded99920dd5a69a7ff4cc0db7b0f0e8b487234f4eaaddda085e994ffc89c05857d4302266682b4c8d2c8e850e4ac7eb1c547fa2a715eb19f5f017de5e7a47633631327c196ccb92e0031c6146833e2b9a96047597289cc7698c2d8bed8d62c8a0f1f86fce7be
32 189 10 1 22 9056 :101eab38fa7e1cd80645cf33484f650a647a227a9c4a007d106fac01c77ed7505656b00fa1fb88b19c503b1e5dd51930603e702e83594e98421f1b20cf27600bb0390c2e1ce3c71f90bfd557800098432b1f1b26b63526b0fe1da17ba591c72ef8aef6864bd9ca5d3cf5cde60cbdd476a0d356dc5dc9b83ae16c43feb7fbeb0628f16daa99ced0ff0ff81eaa9d78d8e873a727c4f99661e727f7711f91f7610ae7eec5620bb82356f8e8c23df41e620cd907f0a07f977819d43bdcd0b9
32 190 10 1 22 9116 :117c4a3817580bc3224b773d52b672bec2d0578829e44e7b9dcad0cadfaffe9c6a375d685fb7feaa7d5abc3d70f0248c43653a3148c5ec61454dde687311c8bcef7f4b8a878eca4731c64acf1f4e0b930888b76fb546bb6838d4300c701942434cc4cbc073f2ca414349ac6d1d845ab93f71e00fbc6f54245edff5d804a553284b6f63f6c963f18b3194de7338c4395b4e4bd73bb598cad8e319e87a67dc8f91de9198af9a115c9811c315dc93fe2862a25111ef2e9dd296dfd76282f84b
32 191 10 1 22 9064 :8ba61b0cfe3cdcd11eaaf3237aa6d85a6072a4cde8cfce4f8be8cad2d8345f74db64a4d956f05bd8c4d804ec7c3da35c501b17fa226e78a84da2518e5694731cbef274ef1b5777e2df4ffdda3d5ce92e94fabc998a6c89290f7d99afd7341eca6bd44ee0c16da85e27ffe02d548dc21ee4760f5895067679f5728537586bf5fcb036e3c17c02a9f7f271b4b0748a408c432cfd57f118c27b420fcd8ba8f313e72dfd2f5118416b4a8f2a15c8439ad110ac9542e2a38cf0a02bb429d512c9fd
32 192 10 1 22 9056 :fe6092dbe5d0300834e56b52eca423460cfc80a780ebeedcbaeb334e24d874d7e5985b0874f4d5269c9b5ea1b6fe32ecf709a26319d839b2fd2302ebcf2289c8213f980b77c933efa917530c509e7ee4ac9dfa641d5bf25ee2f44850e993aed05fb7830836a6cbf8beaf9cb914b286807175f7942782c68670ab96f568be73f5538a3a2902c7d1b8ffdfc7c0434e7f3fa49f328fdc6a55b1838534e6e7775499c9475d6d7485c32168da3d1601e4de962e9ecad85598bffbb28c9061fb5a3111
32 193 10 1 22 9124 :9dce936e4b6eb5280d3185b7e844da48572b2f739d56be17bea7ce22e730b90a7fb01daff58ef7d0f62faa4863d520eed1d58af25094868d3a4cde3f4b006aa5d3914ca204790b2efe533caea7d10c96ca65e1c8fb751907ad68b80d994d1f8ac2e0db4b9a410bc022b9b8d93d1387442060b73bf6356340f262e0d02cb8c7a6fbd5ed50d29a3523b4ba9b73df9675f7c1b67402bdb7f3ac5b53303019f21887630e9373e145430dd7dec7c4900194400e4c8603902aadd8a39fb56a3e28612a0b
32 194 10 1 22 9104 :bc4ccda1dbb719df509b91d0cef2b7d578448f4906206b2590b85814c8d771a7602436a45cbfb168a147ec39439fd19e19667857b2dc232a3e19406ce5dbe5ad55a15fb8d010d4ed5e47e0cee96febf5725cd1cbf91688e6bef9605d70dae2f7b15dd6ba0e581e8ca52f5d4226c3b45073584e8928b58fdc001521bb921b710b4132c2d447a09c55c8d1c4573876fe632ed7db05d7be29729633994b79d875331875258318f9cdf3ff06c4d51de40d10d607272bb1a52ba32fac7641c26c707ddb75
32 195 10 1 22 9084 :f12b96aef725369dc7179d8ad2fbccc0c52fc74705d7cafc2ceedafab91e9a30e7044bff5bfd369e2dc271497315028bd58afb8c1477de79bd0174c74d9582bafba81caad157d558dd6500d526e5191443c0cb43a157c19c2a1cbfe3d59ead13751113cba2cc91542b3844d051490c40c0a00e0b6ce40f51dd63c532285fbdf7358bc4595372168c8d31665f612e4da460b67ea023e70afa6c94254b046c522ffb46a13da1e0d1ef313307bfed9039947755dd8a9ab9415d7bce52847001e3cd00193e
32 196 10 1 22 9112 :14ebcb9165aae3bf0ad1757ad043529d7c70e9a1b40c70141ce99054f6d329e23f784f9c118855e9d86f1cd6c382b1ec215bed1c459cb2aefb4a80f3fffba24d65c0094274af59b0c03dc075d53ba3248247469e5aa569667a1062292d17fbbd0170d43ad25f944ab0be356bee65628fd3b34f4790fb770fa881b37ddee44fb3cc714f0cf8a8176e8149eefda3f87ec4daea20e26bd3b4f779db228192e1968b726ca6dc7d92b67127242a059798e86de23a1fc23074724ba97aa213f1a300bef94f7616
32 197 10 1 22 9052 :266de6fa1de6f6e7bf90fdfdc3cce3fd1f78b5fb19dd4d91c1db10e2312cf6a7d2aca9d57dff93061e477444e9038ba2c609d71b02c44b820fda929a8a4ff68b74dbcd356aba079ae89c1ea412c92362a7de4218170873dcb1f661fa783070dbbf4638bbb10371ce6139c7d2e86e03304e8f8a8acdbeacbe0d8c288cdff92c42adc2b75b476fd95bcd252c6a0461274e2750d27c526cf8be3e48e2ecf6d64a7f730c2b1514905da8d0f66f75839870242d0bd0cbf2040f2e04acc145d0d51d19f69bd2ea00
32 198 10 1 22 9084 :13a42d5a4e4dc76a3054d2bdd4ad4b8b6ed1c6ce58ac74e12dfb978f91d2f2e8506360ee0b770a2821087b415ef259be0e4564d0a63820eb0fa40f311b0087ad6db35c0ab507829bf338be0c80ae2699163f05b68234d79613967846884be3c4c2fec8869113a34b0890093b4790bcaf9684fb8ba836a89dffb5c729d55aca86f7edf01d99c6ca0a96d4feb70b211d7d47862ab1af42583a675cdef00ccf6b66a3f4a27728b34c472134b2aaef6cae249d6b600c9732e31081f2e878e0f58e3dad6d06465db3
32 199 10 1 25 9056 :022e889ee270d3bec104bc630f82f341eb6b770ccecbf2d9bf6b766635103b2359518d530a134bb0570c01bb55626035a0a6ad60aeb086d07bf39801b8188c486486aa8fc8bb29ed62f39d623dba2070308ccc604aa4ab127563ca8f6fdbd58445acf9ef4e57dcd305f95879c97193c37856eae26f0a4e44c3752b8ade4de7efc5229ccca98bd7626b4b3fc2777d929739020f9232e2eccaad0465b3865254b08e4ac4668a3c501d3fdd39e85a7ec90b8a7d722abff998830cd04f97b1d242151ee0c84f511aaa
32 200 10 1 24 9112 :d4688be2ab892954e658807ad59024196818b3d3d7a8b19a1f9b28e2fa935436d3be6e1d2c9879ffb9d9b80c711f30cca774ce956477bdf3e645c382b5fc36cae0066a1c3021462a6ff55bd0724c4f936de5b1e09e3749fa0c68ebcfafceb8257ddb6bdc39e6f5ba3898b3982d06fc36acdcafa76d78bd730f01ce58fe6c310099b06b7648f64c14f2efdaf32a019823b56c51f459a82ccff775459d0eb217e550f69a24e54ebde0933802c5e8dd360ceb978fc7ee841fa76cd51b670edf8bf1a36757d463c63036
32 201 10 1 22 9132 :b3eb5805070a77ea0107ae9a4bac9a130695be61b48fbda6a3446b1906ab88ad5d81213093d64b0ac2fa8c7415137966143d7c5648b29f07701be3581a14d87b90e2fb56b305cb655fdbce472ac864c5a3eb49526b7ae76875c72a3c8b463c15b15380ebf9cf43574b1543ca18c89d03b44c90ac02c60f68afc21611a392dab7b3b6bc8d58cccc8e24c420a4b0c1e39a6ef346334044f4538ef6e58a0374e80747ff8574bdac81b87a6165d01c6a9cae0e8f2d9026b7e92617164534029076d981d407fc72a5160e2c
32 202 10 1 22 9052 :251bed6d42bfdcf5930b74e833f26e28783860d815fffe303f2d23378b68528a3b29b57bbb9b4e7bd5164ec81c081353210cb68f691b545980a761efcdb29c2915e62bed8f25fcc78a07b96ebd8ffc4003065fae99c75e96cc074e234977974b2d8d2bc9527b2f45f1353ff50d8b6d1d4e9d94de862ed0efb777cb126a23e33a12d9ece4ba2473d38225a4ebd880200613f911ba58b7528030228002bffab9f534334476417f711faf58ff2475ba950fb0a476b4a72b00e885634179b52163496c03286c677293328d59
32 203 10 1 22 9128 :a4b6c4d401eb78967abf6f9a8f8b7ee8e08991e8dd356f30385851b080e1deba2a0b6e314da85cc2fc55241785a44d12007b306cd8726dfd80de9f2f8d40a772117e115ce993cf1c51dc46694ac89a03b4276f0920f1a70f1ca8e3ee7b16bf860dc7599acdd8b6109a3e71dfaf99870e4dbffcabc0125f42b0e0a0bff9b1bcaaf69974204cc8b653c936d430fd87623b4ebfc9ba01c949f4e46ba7602e4487ee9d4dde5d520e61cecd269a0795669e5abe2b83cb463ae2362765cd0b0fe60819a1fd82cda975f742a75bf9
32 204 10 1 22 9096 :e7d7047888a72f36b17dc95c611d7aaf436ac4757d728ed355db7dacc9f079f2879e6cea0524b43b9d278c3e83de9eaac0537e1d53bb795ed0028c745ed6ad36895026466f9d6c86a16a03c49c82f606f0f6923024ae99d6c03d0a3fe9045406e42120afb8994e45e763a64a9296309a8432ac2043f111c88bef10504298407341b442fe6bf89feea5a489ae34015ef0f3e79f6309c2e4d2d9ba9eea36458fdfe052fd3f3ca2682ac707977c4382bad2e119e1823c5f84ecb73e9e3c3ef5d24ae98b37755c99701e102dc6e8
32 205 10 1 22 9088 :c7c370bfa5e00eb6371839d7b1b7589f15eeb375eae3a557cec0a60a740907369fc78face9ce7997ff6b6993f6b5bf9bd2b51963146db07c6cdef37f061f48b53f0ff98e7364b58a0235cc7ad05928d44974c669a72a5296211cfb4d749f80045b1fb12462bdff393054d42529549eb196f4215fbc58bdb00aca58a3b46c0443436bd9daface329470a8d26dc1afccd5cd5d26c001d2e210cdececac0754ede08d56e2898789b4251403e6106842f634dc1eca49ec9b6be086f9fc38388c27d8b37281d246bfd5209b15c2e73c
32 206 10 1 22 9072 :fa51c0418bff0d7d1d977482d1061133f34c709a5f162d67dab8cdc9e7f0080b43704ccc50b1c9d5e47bc9d7ee66d2671de5b4b2a111d36d34f8641878462d560f8ea2969d2b945487a3a58a689f95ebf55ce7db0ac33806b613edb864da58f728a61e201fd0744495047688b90f3f195f36773c4f764ff8d9a16575237bf336f3e2bbeaa39557b0cf9459438ca6b3290c9ac64cbd93801d89c063fd42f106917d5e6fbe63288962b7711d3c7147f9049f5023f8edb636fe8c18c8353932c254c7593b3980a3a50954b786ee114f
32 207 10 1 22 9116 :840d5cafd18ff28d8779c93bc75e235e17aa3034dc0cd6e91a0a5c342572e14dd5d82991ed9246649c8584af2a515c23a5e162d0dcbb7ba01fa3fc55b2049b3bebdda2e370680ca2e16fb8cbd60c41d3194ebb55d2e73f5c1f1e43ab593e75b96158448b5be3e118eaccb47ca27d1fdc55ae44c5576afcba04e7566fca6487b7729316fb368ee20df9e3d76ec4dce6dd7f79749075e8e144ed3ec89613413eb49b91c7011dc0b997e20f4dda47f6a5be5f456f46b8b7cbbd03fd25fafc41faa33f26ba69391445e08b2bbecfe18358
32 208 10 1 22 9120 :63c1bb9f110660b4630eb05b958f6cb429c586630c4cd797d475ce8ceab160fa7397c661abc73a8f769de43f5de9fa4d11e665fb1fb64098b26daf94d0b4b69fc8992fcd467eac933e982e0987976149508097e36f9ddeda14df147913daec18426f5c805ea8eb190aa7b6f7da4128ffc6df28653473bae9cd4ea8d87c4f32b655af99e65e7e636b9f25c59461a5e937112c194919971ecbc8f6c86e082f5cc956610f478393dc187348f84956adb00421874cd1617329534798e9fc2c5e5ab22069b5ebc3bc03bba5bc0fc617100166
32 209 10 1 22 9116 :18f29bd73aa62b466785bb41f10e3f7d889230cdca50e8b40816ec57843420250d99acae9dec8a048a4d32c8939b334ff00b58f4994829ee7e1240f952d974891cfae1704e91b3d913370a48da6a5fdf69e23dfa1fc6e260a819de2f7ae5ba4ade342b7d6c0e9b055562907aa464b176c6a20a17bef19bb55e16ee963ace51969a963a7576fc648c2263636b23c5fd441f54ef2eeb4b78e0133ed6a4f039a8ed6e94504410580fd3ca483730143f4d4b3ce67c3e651e14d3497b70d16a511ddb88f4db49c9daecd35a696c87be963a059d
32 210 10 1 22 9120 :37d1fd26f1a4e50fb3c83993c3f37c7bbe92eccb5f41fedabef7b62e4d45bf44ccf78c0d0e50ff739f9360a600195f64df32d0336fcd8e566ce905854311ac5cef9602e4687af5acc69f420eb2df9ec0bb518f4d015d4626d48fb9d1d7e42ce49f7d302dc80f0a94f6555390088e06d13bfab4077cbcdd5bece6387d72de7d59e538ba0232b42594d9ea56947b00069a4a901b9750f9e4d5ebb679f8c31e186577289d9f40c29b540ec3f19a6a1847c581a61b4d33674fe751dadb0e72efd9ad3de5dd7181b82f95d5df785198ae27b6805e
32 211 10 1 22 9104 :c400dd13ae604da7a6320f829cb1dc3a63afd3e7e3336044a47c80d5a8918b94430602d8f61e574a76a793564ad292d9cdd02ea8d479c6cfd029eb2139072c3bbf0ead2644ca4689bb13b2c8dde26593680e3e9aa988dbbe274358396820e5ce90e41817c69c5ccd1f90bd3224f9fdde93b4239f7356b93b4194abb0c8602d1a49779145039699e8df3c93a1c93d4dfc436912456a6c2696908c67e3d2482d8e36f17a5ff3fd5a535d7f654fe4a5ac5bc3adb2f6b1df63fe73c9c0a155f92d7e29b29349c4b6a4bba49363dc3f38b853ebafae
32 212 10 1 22 9096 :8143ad7d784b244cdd30482cc70b68b7d4e61c0349ca218d9bf9db5ea3d4f0b72c80bd494d6077ab328a85b0964405070c85445c74d5ee0da05b59fe809a4383a32699103f78440879b7446b7b05e0c8b2ac7a9f27adb87eaf536e9eed94fb6894cd0831afeb2e437f50771ccdd9904863224ecd1cfc636c93bcb984f31c4ee419c6ee14203535d1a790baf4b4c175a5732a0afb0e894e12ae702697bc32c9350b66a9d7de4b6f8a7de05b68943ecffaf9ae4e1a86d1334d73adb228698ad06ebfe1158797f7c065d815afa4a2e7d8c238924c4f
32 213 10 1 22 9116 :2ba65f7fb1c379b54ba185776f6b955883a0ff604c0813a018a211731a5c63534a2d1510687658b68719064de3c126413a130b80fb5fa4c5e9d95bf67add3a18f848b814e261304a6adb2df2c95f5bdbe76f23fe753c7ef34423fa2a77df650cce9ba5925a0405abaa33a2a955a099861ec2526a4a1722077b30cd474fca84f2be7d4f4c9382759f418278d584115f4209211f090a2ce84d1543a0f346f5514b6dd717c03be5830cd424061339e5fd3b6e528fa785abc846207ae0d426bdce4e5a809ffb5a334dc660e87e443159e452fa7e71c772
32 214 10 1 22 9100 :d0ce9f588abb94b4c22926d02b645f26da8627650e4d11c04de5eaf26651662cc0534ffe217fbf6d9347ef33a0be5ce1c2860c4d935aad7c9c135034e5ae8ad03684b87393aa4b8612fb0c4b5ccf006fc3237fe06877e5b0bd3cea290ed104e18ab3640da9f686bc5b1b2e9566540616775877f6d2eaf258383ad71fbe3864c8e187efc8b2fa2330b1a67c441f11324e0eb93810893e90a6f6607aeef875a79d0cd4cd6d6d1894480c5acd9640c5c912c1752db4d4660fce92140a7c1b74f3294e1d0d4bdbdf87c8d3ba40e04afb5af8566e9ce20a3c
32 215 10 1 22 9060 :98fb01ddd5264d51c275aca6ff9b5a30175c9aa3b7824e84522ac99f2fc6bd33c9aeb758cce9d75954cd09028211a23cc2e9baba70d4d683fcc7a253ba29c2641757584a973b02a48231675939a91486b7c26c839284fffc1afcd66bbf9283a64e68ae1a20627ba1721851b170df2279988e699964bea6116ffb4a56c152936b4a982ca5e9e8522f9459e990de2a6267740a9e063517471311068697a7e427856f4fd89695826f30f08e7b4185d041e398c353b954db1a4956551a565e88aa85115a8944e9a69f941bc64ca4891e0e53c14372f7017256
32 216 10 1 22 9116 :02959da30b9b43938186be03012a112262b1f8e2ece518c7697c98b98136f263b625a079d69d3ec9b0174808677b24f1e48393f343a3ddbad690f4e104eb0431ff5a78be7572c721c449e3289a5be5beac341cab5d9fd6b32bf65abd68487800c066f136f1d6ca547b1c498bc298c6cd09c1d4c3f68fb68cf5b71c8fea71ab3d32bac7becf773f192f0c6ebd03bb6d65cf7363a5f9eda716d1e52f2c1da8d3c5e40a3b7867430549f4cfd6a18f3b6c385e0c0951b5261b4cc7b59423e3eed7d24dfbc4184c376ed62b5c839c6d06008d2a790ed80c11d45e
32 217 10 1 22 9132 :671e734b79adf6b0857a6ac261e8bcc9ce802088d0d8c084d4c341c8aeca1a10167a05adcddfab9e6952f512abed7ac5bf09874dc2732ad0ec52820429f1826fbaa71861f01287e9bdb5b35bd9db818dc941d8ecb6df53354feb5d9a382d2975debf9cb3cff99a8cc458cbb6130fbf608a7ab2d6c84e34f9505f256c161f220dcf9f32e03a3632820bc4d3562fb13650c986ee78b34a15fe8d845375460375cc7f93da6439612dd4046fe4bbc51022312aede4ee663fe1ab5a8b2baceedca951cf51dde56e661d5145ff649b893272bef41d84e474b972384e
32 218 10 1 22 9064 :70de1d949effd0f61e198ab3715381569277d67ef1b5fe5785f88246ce8c79250dfc7e431c4de2ec2b1131a7dbc71198329ef88316f867909c35ab4b6b5cbdd97663f275ff97b85d631f40628053137ff9e9b995495b41dedfd7ed2066bf889295eb9a6779d699af16c5ead1e3b8845a9eca09c82bb308a5fce94c4531fc1fa85480830938ab3d33da8aac2925a97b270038e503aaa98e97164f918f3195b50a1d7822ff1f02a24e4ed6e7a353ddc86bbdca9a82f18d6e61f06d42081ba9e66aa6c60a52ea47f94ae9213219f7df041a875008e62a1119e7fde3
32 219 10 1 22 9116 :8d45f060abbc77441415dd00a835d52a2748b3c2297a2dfc2ab56e1688a738571630b53020bc14dcc709b8cabf407e25cce0c797e257e644b1b6d0e1c5cdf158c26634f95886bf88cfb61743487f941494482389f8f90efd1c1dbbfa9c6f74d300b5c1101e69d5a215b84c4b93a185e068421aaa55e3cdfec22e5bb7c7f2c782051d4ac57b3205b7f3bcadb200f2d62a998dfd25c9f17c450d286a1ba30bd95d080ef03237d963f03492b45cb7303a709c7640597f6a13bbb0fb468f6987884adfa87f629e6bd2d01b782e23c7cc7ac716e62e4e45f573a99e7330
32 220 10 1 22 9052 :511ea59a996a4a850862fa83a6d32d1aef9beb76dd95e698b0ce24bad3e9bc905e3e1e38b4274d806ce9f16d1a6a5c3ee62171c9a67b4c6962955fcf9734184bc41ba4183241f1d61d4ade9a5846705f172217d464f0783128c9f05e645a46dccac8bae378d77dbdb762c2fe46152ac9d873ebcb7365f80dacdbd7c22dc3bd02a41929c827f5855ca17cfb99109217995aa3f55fcf3991bc880fe3377b97b2f6adb42d4290a8048dd993bcd83a43896bb40f35ab3c38a63871cdf23553753abd5d8a208c45e619a36b826ef75803aa89eba8304396c8ba62cd4eaf87
32 221 10 1 22 9052 :d435659b47040d8e731c69f69da90ce555962ea6dc25a64ece797063945ce74aa1647d31595c02a1d3f88ff606b8a2d466c6cd2f74be9c4b144d40a834e997477bf5a6b85770d6712ce68642bae17275f0e3517975f9fa907fd3ae7959c2a790ae4c569a6c414964aca68e7f1cfdf2bc1188273847b9ee44d9fcf642393c389674a160f38054dbd61584e5aa9b875faec9fcb814defd701904f468a2f9826eb68fbc0608155d9347e0bb17748ee5e06fd598f618722150e91cf7f6005b475384be912dfaf9074a7ff8ab2fd8614769dee7bade1f54f05448b611f6a4c5
32 222 10 1 22 9048 :f000fe30a7d5c8e8f363dff4700999bb16c5585b0b95df80945427f3d17f7ba8569e76c5dbf7047a876c42840adb34d3488fe2923d2d45cf3a7807686778eb7a47dfc29d74ec3686add306872043fab4cd3732c84973fc7a538fb003b86d7219f0783d7119fc9afce8a29d1af488bd5b161dbabb6c2a7385437cd3811c480c171f1e217d240e49f85adb19df7454a8ec3440e1b7691f297046cc9f7ad2c9375b0db656f30ac5b522c7f39fd274697781280a6b6c6a16646bf186c047a918f466a63eebe5da8e5a97a5cae2a7952fe0ac6ae16d712eea3f473ed9f0839e6a
32 223 10 1 22 9052 :42210baec6230505a54e02820be55a5b0050a9dbfb4f07267f957bc7cb3af3cbf9921798408d83db1310ba9a27dd71cddefe6286bcb9ca41fb1212df96c8518901d2dcb53ae09baca5c9a67c73420f2505e363e789f918e2c26b0b82a5303fcf7b632ef74c65dd331381007234ccc4a10d4d98320d8cce61d698175a278c4ba5f81250fca25a28d81ef57ae551085e7688b677644a3e8420935ac9a43824152c92ed814d1f3363ed46d29805296bad271d4a2c6224eab7679536b94b8314f7d7d0d32ca2962dd9b0794f81cffcfb15109bd19e001149600bb0c9607b0c26d3
32 224 10 1 22 9060 :2660b3060f9b42ea74e856e7fee1443c36a7c1d88126ac4423c839dfd700dc2975361c5ca5da95b9ac722374c2c4bf8b3bba0a273396a4ca76188d3d346619718b2fedbbcfb2caca583a8283c8e73e14fbff40ed231c3f89fad4f595b115979da740be654c03f476f0df5cf908da19bae9aa1da1c2335c514433c8fdf838ca319d25f963cf006fb824e75974348465c9965b6eb95c774b47623da1e4d078c2be1aeebbb156b87db688b92a5f3ee6c0ca7e2d4ea77889068e04e69f358610c0cb4fcea5e3200ee6ef64f5c3f094f88873afd007041fe9c46188eed60286c849f6
32 225 10 1 22 9104 :c58a069fc4605bf006b1c9c18b19d61662bce9d1b73df67c2eb78eab45219b6d6d5cfa78c1862c89b6867b871a0727496f9b0dcca1bdbd0e23e321a6ba808a37392294cbff3c94da514711afd8b09df88d9c824ab5340f6b8ca1ee526f5494b5767a5fde1019cd672188f6e84ef9f5523f67b3b22f8cdaef76b01404a9e858e12636eccd6353758c44b417aeb24de4ddcd391c6f068f7d50e62eb8f0e45ed97323e98588bb06428539102d753658cc333303226155393865a13eb5a4b9bbae41d200d62814a2c4dd8c83daedf0358d988cdd46b609ff1fa023b5c663c75f8e584e
32 226 10 1 22 9104 :a1dda0b56ca4f18dd3e2406aca6617f54b604243b5f377706ace663b33a1e3b08c9cd2a58ffae1de643738417dd08c218037088cbac852c836585282d954f3ccaf5821446d48e649eb93aeeca9b571b3cd761a3b942a7ab936235286dafe6eda3fa0d6db67ce1f5911cb4b8a5f357dc8d85fd2338aab42d944a043ac597b0566d224a813305b3ade711894070a66f22a481e7a106089c3658ea0b9bd617b9f7d10396c4377fc88494ad829aaa7d3c0c5314ee457e46554937cbe2238b1a2b9983fdae9353564d0dd4fcb61b1bc5517ad26af5824b45522339dfbaeaa424d5c68d802
32 227 10 1 22 9112 :cb6d10ce7dae858395f3f08c62e41a8916b5004172da5c144e0c13930b9008c9f18966a4105932e781676df205d72d428ec3b8bfe628d69345eb55ba4371a217d565a364e65ef66e0e2eb3f43d5cd48a28f62b2232fe40701f667195c10cd6a2fcc8ba8adfb238d05c8133173ea892edbaeacbf9a2b653194b2d112587859859d06cc9bf2ce4a3812c35a41730b73a1caf7dcef0c6facaae34410f90100a1ca040406b0bbaa9e0cd55a6f9b46509fe4f1c51c4fe630004a8d3c8f8bac60f3c9a61e10cad448bf976b78f4eec99437758af181cd5cf9e22168e4c06414538ed6453f2e0
32 228 10 1 22 9116 :7d4479bafecfecd9f08fcddd5a0a066f87b41d4fe0186e2afaf64b25cd99009b0f288165d7f752ec1f2f81492260c86f6246f631a91891e28e5c43844f51753541794d8020b52ffc6d4e4fccedd02b3a30e3acd0ca32d516f3bf634bab2447480a33907482c51eeadea9de6a1dac4d3ccf3dbe782f1a21235f8234910dc98e67824049120acaf5e972e5ed26358e804ce05ff2c1157f84614a193fed495eccfbf80ff64759c59277e3ce8bb32a593b58a3f75e9cd7c3f1ff0087f1771346faa7f7d30b69105e9b7f5c51cc6d2f0059fcbac62de70d7249de5b32100dd8aabc6bffd4a570
32 229 10 1 22 9056 :f43d5809ab52537923d6089f7ac251e314be06d4219b26ec1699a84a911464fb1edc962f74988b7d5f273d5b0fdbc2fad0835bc5175f315bef8c62c1dd3224aafff6c63034844e72cb434fa15ce8216622e79aba9bcbdbcdd402d2aac143bb400bf0bee2a4bd3e1d492cd22b7153e34a8e0a15534b5aad03fca61c801f5970b4814f376d90cfa9788b5151aea3c1d38826506c11fd251bbb91fa7562f09c58ea7566a36d83a2c6cbb18940540b8d45983887ee7e4a3ee0eb9fe1dd6bc4e01f72d9659990da0166a0209069cbeccb54b364d28d847544788f4bbc03e0cf5fc27c7c54e1d067
32 230 10 1 22 9116 :eda4bd0def9ac9188009497abddfdc45f6c0d0044df73b7acca42c76683d4d0310b5f5712e64a39b7e2bc3a09e4edea67c384e39393d4e828fc520f87d3bfa390173fcd5d05270514f20ee006230f45066e8e373983ea076c34c532ef5f3a88d67a70238f0668687d43076698d1c2a76e7f8fbe04b617c52bf8761748761b35d63e06dabfeb47300b48d58d78324d3060a810385f269ddc011e726281e3dd43c70611cea8a0d46d3ce0420ee90c14335597334e8b9478aedd2913ba57b94ac4e621c69ba329f2de1288449eb9c48d4d6c35f698341c290b1495ea898a6891d8df892a12f58bc
32 231 10 1 22 9120 :3bd89674f1f95cd77aab06d72634f66190008bf40c19639cbd0a343626fe5ca872f1a5f4d30125df7d3fe329a13c4de9eab5d7c17bba1ad5a168cb8294c19fd89f2f63ad453cb5acf5382b9dd3cdb766126597b9e847556d603feea8efadaf9d23cc20234884d33110d53a6bc0a5e28afb925fc956a5979d63ab55249270f13104653e577c7b943697d13ec8f7e6867849aeb62ca685e6c34fbbdca1187271aca6fedb542be19486332a5e2bee56cad6edefcbc5d17fe02e142bcf6c375d56a921adeafe0b7f4b6f016422aa28e98d3eeef6cee2b18e771d88db8b33c000f22b0c45324c59fed6
32 232 10 1 22 9116 :70c741c6793dc0c4d996d18a16ba8390638f47b80af75dcfda4595fd250989cd1c4f891f51f22cf9a74118679409c090447c29c2ce2c507dbbbaf14d9339ffa495f9ff08bd50bd69382d0b8fda23bd3162e98c8150341b4a8e1626971ee3a56c34e5e0b41bdad358f1cd5407ce62cce4287a64dd7f4a541b5e791df12794242c29b773e8000a729a11d0d2e46e3704284fc82d2a62572c50fa93d5e438a1555a3e6e4baa19e3ff70780ff97fc958d2219314440ebcf2c5db8ebb68aa2f511f8d6763a78c6f37f490aef29106665877bdcbaf24665ee5519078028f4bc37d7aef93a3c011da046061
32 233 10 1 22 9104 :aaf24c32fa9345fe5c240f0651783796bfcc7cd14383bf1c8833d4e3bf2a573f85d2331706b9489da4eb43a6177f57a1ea0ccf0177cf342d8559488cfdb40fb4b563982dd6f73aa5b5130ce7a6c4e0250bb123bd3d4e38bb2ee63b9c2935d88d47cf92361bb5e9686518a93775b955fdbbd8484268177d2a96e52ec7d4474b4c3bf0c249f4890687e537ee31feb5045bfee6eb0f3ab22f1192cca0b7f8004028fb2da042acf127c306705c27ea09e1d384f5c16ec9e26b4cff6e0c272d5468d06f7e57be9124ec527c98a135f279dcceac02f16f836ba81de5ce4832c1b979a44dff9605672ff46ae1
32 234 10 1 22 9052 :68c8eeeba356ab26092ccd6e9cf7d7abf9ff614a4bec48d0f85159e3b1231540d7926ec9ca4810ee8efe6792a40057476a0e7cf3fba031752f05b9091fcae7504693c3d49247e86045c3b66decafab3cb4968ed7f3f6bf0af581058f1a525a4a9ff4a78a7acf295958989c0ca48169825f236bcfec602b958016254542df1a2d6277fbb64c7cb87a42ebab89eaf6aa046f65f1946f827d27099a0225d39e9d2e4f39118578c7e81aee67c9cdf4aadee1e792ffc16f19ca811de9cf97af6022fda186f44d60ddd92c547aa03f251af296b2057f01266f5cfc9fd106b4e08a711da682bd32bebaaa3b0464
32 235 10 1 22 9120 :9793e53c54c1168be03d06e59f779965f336f4ff5b91da1a5989112462ae1e2a61909ffc6f9d0da8b37555441d614ccedbb87ec6ad1f22a69648e8da65a69e4f45da87b1467891f508012cc9bb29127dd28f5326b064953faecda30daa710b384ca727f6c77c9ff8515ddbaa3ff92378ca0271aa56e9d6c12b4630f9d83c77545e604fc1787a7e2e5a08cf13d0e0437f267df9461cec8e2133384033559efa0b0f56b9348bb4e38080063984cf1fef4195c3875a80280afa69edd734e23405be91287691a3e4d154bcf923d5296dab14286c442440973e05e61921108eb8e343f07b54f5c3f158377c1a84
32 236 10 1 22 9104 :7b27963df12662ba3680213398d03c4747ad66f99755e3dbb262bfd24b08d6e52f4cb8f3225e9ebfb91752233ff750882f4a4b7af31975142dfb95501255a801ea7f04a54c6d226186ef76b7daf5feb429130088b67ce346407d9a3f90666c7bb86fa86f925523b12da38a914519eab4a25ebe67db0d9db40c6a5074768448da11c240c2ba97db3fac4a04c907bd18226f87396b48c36ac1bdf5605c4fffd3b248555de98c73f46b03dac64deb77d3937c0d80a524a5663f4184a42a9250622d512a85f7e7c903423582b956ea8adf48a70e8381c359eda9e3fad22d74824f1253d339b14496eeab2b98643d
32 237 10 1 22 9124 :d4048c31f9a7686cc33caf67c7ab9923ace93743c84cdcc6c63dddc1246dc89de2ac4ec6ff1e7b2f53fdca40ce544d3187b2246f55b5bca1768bfaa4b29e926c29dceae6ee327cc181623e0b43a2cb1fd9523e376afcfc14ffb3f2ee179361b049bc2f755cf79ea037e2fa28ff2f59b9d6d962a4e9abe92892b60196d0fd3ad6aaadf224954b45d6d6ed33ad458e1e74135984bc7ffaf52c4a90a17d7604745c3eef1c3edb3817f51abb625483531922ddcc30697c11a0591603c8baf16074b03fbaddf5fbde2e1838d46f9ae269d1cb0b96d78fe21d5985004fbfebd75b0345d59d4cebfb9382ff5e805dc670
32 238 10 1 22 9048 :bc6ec4e75a356acc9e9c08d578fb411ecf22fb236a2dc46e45addb54ad68c55d45d4793ac0229ed2682067cc1adc67d0c0cb9062aa10fbcde2977084658cebe6045961ecd114045ea2c7bcd77bef92b18f0442a00e0c840f56e55d8022756d18371905d97987cfb39eb2d183795c6331d0878e7e3eec61dff1937fade81a75f3f1194ffdb5600aa79ba0c8fc8323e829c2e9a8d50a64f35c9d9714e8b790c2759f8890087a5020f620818c73c72508c113914bbf040eb8e908e0d75c7aecfa3dcf2ffe128777a5679f64ee95ba2df3305d5a3426e99b8cc56bdad0dd017bf41c55c342c3900f52a02c0c16f3ef2c
32 239 10 1 22 9112 :d458e73e864618ca6f3cdde4ec00966913f49a2c67826098a4a18e634e80619d71cf5fc2fee00a780d5ee438660f66c0eed010c5dea4d33c9f756b55ee6a1bfedb3c10c930ac2edf04458b00072093ab3e33c3f6d0738a63c9c163457291b93c6e5ad17d5ed5f67e7fb1f96253885b2392abc00665357d9d723044dee6d8be81b35c35d289b0dfea5c59ce8e82ba8630d2c8c0bb1d1826ccf45e004cb307a053826b7e1cb25bb66ff318f7f826d8c4740043106adede2a5b1385a2548898182d30c3803edbe300d72f49d2b6205bba3a7604b32a2719ed16f9848ed71156dc04ea0cb919d7a6d0ecbaf3dc8ede7764
32 240 10 1 22 9056 :6079e96073853f68f025cdcd30211ea68478ddc059535fe6625a8a9d348c90db337b3e8026bb953f635a571302aba4d237d47212499bcbb5662c5700de21f36546cbb980fcd6781deba4d2a68379d9dc86664c4f8234521b210d0278bdc3164f77053c5068473c5c371680c7b2eddae79a212d57fa32ca3c84ba370c5028e88e89d793927f075ac6f9d9203e7ac8818c89afd1ccdb18bf287a25b796df4967dc3b63e0b0332ca060b00e805736a200751e32a7bb27d296eb1db1a76868e5c31157e4ea136cba19c9195e2834ab09063a18ae3655bd6162b2f0cc52410c15fc8fc57f238a22577a5c5b6cf6db30bdd2e3
32 241 10 1 22 9108 :03cea575bdfa1c20041eb4143cbd5c16a339212efe309df14b3b96b72c1fe65a9ebc76f6d6b3c83652db7d8e395d01d0a59ba319b467d49428b2a2cefe7ed91c9d1dfb8fe8d2ab4ee770c2bb626cba6c74a2ae415443c6a0f1224e363f124dee4b5321eb22d508bd5fbbf2ac03c82ff86e341591470fe64404ad2985913858af70dd5823458452ed8f829777e0d27b96069c10ecdb442173181b5f7ab7a858496040282d1c7e8c25dc812c10f533a1547dde4a9b85488c3bdc4350c87a57a0b3fbc55f271b6721b0f1dff0848fbe453f0372e0db30ba74dcb655bf1b623c0a7a5e27b533c518798407773f7ce0feeca6b6
32 242 10 1 22 9056 :01b4e48385188d4f9108593411b24e5ddac07af4071350c1ab71104a543326ba0a1b5fddb0bd16a8a99be861d71ed67160887c0c3874508b2e137abb281cdf3ee98c0d13bd50c68eda9cd7d1ac7442fe151bcaa232092436a879cdb22ee099633da3e240759d8fcb9437abbb4cbc37f33687ec12d35dffeeafaa9319f13cf6583c4945963477655522ef2a4ee0e20c1d96bc2e5fa0424e6e600b8801d81b45e2b65cee40a32afce9ea5888b9c8ec240934a41fe2ba03b3dab0a3f6300d4f942041c1bb24811fb5148070c8d5d129af14b510c6201ffbf0d90edf89f4750f04469de33f902d14cfacd25ac6fcbb77bf6d0e2f
32 243 10 1 22 9120 :4f8c3f634e961222c1ec375d3477992932cbc695961e44df120e584e9a413befeeb9a9573dfa867c3631030cc7a8fbf93c0a8eace1d0ed907b55eae76ed31519e4bc7bf2f5c0e20cec59fd0aebf7007da532edb96ea53d97dcc344ce0b0643386e04807f458bb3b61e73f81fedea18e526ec4650fccfa6f48d0b42fc4cdc04332c320bf9b8385d3a4f598439d83f3a504e64c7d6e874eaf300d8159bdd946a3999685caf44cb487366c1370c8b0b8485ee1a7277258ad4a24b1d96544ef2381dc79941115b7f1adefbdc8a5308494cf193b677b60790db2775c3ed2ec547ac449ca9268a44e1842bc9607572b5bcfe66b6100d
32 244 10 1 22 9108 :1f98c067fecd105c8621a58973bee58f1a56da4f0fd04082ccc750d0c42fa18e91ab1c93b285b87f4fa1a14f26eb81ee81060923f00fd114d30ab965befef708bfa7873d4401b3b05e3f8d96a585d51c6f412d9f1d886e637fa2c5a87f122e5bd1d1fb5d0407e024cc5f84ed3d850d7557b54ac1071cef9029117a844f7e5dddcf7dd5ba49108492dacf3a6e2bbc420ef815428e570bdf0286689056e6575f2499c1c885638d3402a1da2f748679cd8e84f289a086bcce71e5904c90d755b00f15c3c02a977a67418b9e4a73b822775b829c244b74679ed91d595efd793a17c8d8361dd25fc635eb5bfc1efeb0461d317c5699ec
32 245 10 1 22 9064 :7a86244730928f8ce08247e9dfb8af486567cbcaf971fe749f0e363a6dff74281a01642fc1ab30ba573c154fbf26529b06ec5ac2c56e9c4a6bb56157520d40fe251d502ccc0036e8d8dc8d4ca0d33080386cd966269ab10dbb6cc172c40df8b2aaaf4767ea8f9b7e5588bbd6f6902e252def9f26c0367242d1bf782a89847ad998aa23ffe5d060dac655cff9bb1f295aa5a75e087a09dc0989a0eb01ff85492419be3b3dc36c51795831801e1064043b47cc37223f2b25738750b8a68f4ca5e4aa71c5f0553d89ca51b4d343e89a80fafac6467272b3812bee8f7103c5a899ae785c5fc94d95b30705f89081368897560ea5cc0428
32 246 10 1 22 9060 :2dc6d5fbdac35e908bac663f78e00967754e7f46516a3b72eb36e77092c3414b719ce5a45945428fc45291563f254f482e6d349ff615d3f0cd54384cb91a51e3b94dd686682c95abf2cac049ef222cefe8ef18a80f412dbf8c45b446aeb8889f552548abc85bb5de141b9153355f790f54350c714a267ce5ad163d6c5be93a99e1b6ee738b667f5e594f21b8314cf5b7923319abeffee1609a457112faa788192f5c09eb2a5bcfaf2fb8efb30c1da8b030cafea1e900e6d3536cfb72b33b86357ca2682ffb93e1639dc2d73dea15b6fda188deaa81b391d3adaecefd56d3ec5246761cb4124ac60ca33e132a95b7e994e7e150888abc
32 247 10 1 22 9052 :4adbd432bb8463d8e8b97acf9dd3b6907a16648279b6e40e79d71ef9159f61e1ed25a061e1d907664d1a061109f4f74656c756cd7a53a7067f0a2664881960b52f012699bc9695a412f9f0168f37c0c57b643f571e8ace91715d1058792f1806c13568700adc7db5d2e2d80a0161f1078a55b6ad202f6132b201d97b862d2beabbdc0fc4f39b1611f602b434517f0cd7c86f0d483b00b23d7b1cef722eb1aced9ff17e88b4b0290450a5aa67ff178b6a8268032e8901639a3c1ea3e28b99ee84b08add0ce752fa759fe65570f752991c10c265545d956b7f54eb53b01dbcf513c4bdcf0abaea61844da3dd9a07b822bed1857497eb9f65
32 248 10 1 22 9072 :3c601fcc52f148a2d24f80b3809758112ffdd78bab7e61ccac9c664445ccb2bb0a20b6b0c092ab09658fdb1bb9b9079ec94b8389f75bb1ea7a2b20a8df14317362258f56c59a1df271dec6c443f4f9a19daf895079f07e085d145e2e95e91808391577082ff0b1cbe6070850a6611d3442287af7c68ac271a272538a90d4a2a4bc108a7b12b8739de458f4d4e6291fc3b3969ef792d4d96e892c77ede274309f2ef401c8a23a18948563ca5c4ef5b30635cd3148fc2e73714b178d6c732f00e35b59f7775a2a77b77ff9ac08c54ddb85dcaf41febee5dd04a8219cd3b42998d889fd4d53ae5b45e2c6d025bfd61e695db7c402257b53b02d
32 249 10 1 22 9052 :25829d39658a913dec629a095ace15ea2ed4b0972a13f5c0259dfbd534e2b6e09ee38fe35330857257207d4b61fe2b8a5275a193ba412bdf758cf2695bb67ed15991e75eabaa7bee433a83df18fa73ee719eef7050850f73007283f009a7858d8fd0a7d43a1b7e80caa6214d45d2f50e5a993455291a536311e16980df3bf148e38ea963c444264bbf069e2e5c1229a58f0b0523085f761523eb702bb0aa7aea0459f4faed2b087867de013e7bd13a6fe309f77faaa1f8e03d2527e6da2d7ade77ed0ae4f1ad4f2ead9f2959c4db5a0e380a88777aedfeb4bc23a4b102e019ce92f5c5b54416222e000c976333f2e0ce22efa3d2a1dd414fbe
32 250 10 1 22 9084 :ec5bd740b7c89070cbf146dffdd8987c7a4616d63d87940c9091aa5ab064710a9113f4f7e6116d87f73bff9096b23c6e175fca6445f044ed9e905e4f25441517efd7507444d9158da36f01b099a17af1e8ed06bb85a57f76f570e0a368ec9047f66b8001c082aad3a4ee8711c4addb25b7bb96bddebd526241fdac6c6840942cde143ed2aaf38d6f4f29654244209a73238e8fa85ac927c14a70a56f900af99f43a803a92b09393e12ba0baf32dc4df48c8449b043f6b5405b78fa4cd62288a3476a0c9a619a19858f4ba75ae4432abca743edbe65562a15421656c10650d9e1edda9bd74c630e452bb3ec6c07a5602abc5e030e0cbda852020c
32 251 10 1 22 9072 :c8ca98c9e11496d4e2eecf9beae545c81c1e44576bf55f4900673c2feb9d82038b0f1b8b4cf9bfd77752fbe33d957cbc292583727d9e01f7bfb5872757cf8f16118f5ef49de35b447c7c97989d6a8991c6d4702bf8d1dc3c23d550cce084dfeb11be61b80f97c1b76707f614c34d5ef66f88907f1d29e8668c791ceef748835aa8dc9145cbd7557f59eb54bc80e38eb574c7617285ff3cc784f74c4422fb7d7d50f97bb3f0edbc6aca1e64620625601cd22d1a98df05fcec1482177084fd392144810bb990c64596b11770eb6fae4a04af420ac6c71f1641c6a25d8588e3884078c7b41bd6d4b6da88db97278014d06bfcfb4474f594f3a28c6830
32 252 10 1 22 9104 :4af172cd228283bf47097ee87ddbd4bcc90e67847a66c8175930af3f915518e9785e903af0012aacf5bb2d40456ee2d754891d13a4c342684ebad9e848cb5ceadbafd1ca23e7073006ddd8cc8270e12c5bdf2e0c581cb4475e23a22f8acead7ae77221e74be211ae837fa1f34c3a30cc9ef54ffa996a44969b4cbedcb649d3785ad68957f82f3bcd728becf49c8e8cb492d8cbfcf27f4f058982b6d101eef8749dbe5d9c6cc2a689baae4021dd2d1d2008924d27fa9c1d036c9739fbc717d157a66b2693d2e524e6f590d01bf0dd67d6152847fcaae3a5329447ac50fde01c9c01f7ffa93de43854089fdf0024d9d7db7a0bf76bbcdd0afd0c500d93
32 253 10 1 22 9052 :47710ac890fc7085b4f92f21ad28d7a8ccba55d26fdb7a0a2640aaae7b20c9314e54255a4ae173a73371d6fc3aed5f9c82c5242c9096ec15104f461f49201a23d48e8e82369b7cc99794429f73d88f4e7c5de4bbb5e137b342c93c0cb2750f4ac93dd30db0d516bad1c0d8a0911c41732a827a6a9d1336c6acf55403460143d5996ddc303465893aa806cd51e6cff3b43fd3b1152da78bef12c2b4644f3aff4f6f76c4542a74bdc626d4727cf3882543189a2d982986427c06daaa9c5e9b98ae5cef53440d6259f35653a6242b56475389bd3e86915bcd623c77620c4e5e1aeeae811c4194f832fd9d4ba76a80524f47ad196b3f79ba35e2babceb5900
32 254 10 1 22 9120 :2cd65fb47cf09e070d12c6e7a4f3cb11fcef7114fa113579f47f485d6d9230a0bdc4d8234924747a7ac75aac4bb4689dee34781777f4245753b8b2108254cbc484cdba000f5233fc287bd09d3caaf0875f1dffe2f67a7840d81e256bcfd484b9d536d9d0227c01fcab53e1f0c829d38be6b68740d13017d1c81f9952b4c9ebc142345c5e42c92fbc007353b0a0b1c3815fe76d5c626f0c7c3abe06461e894bdbbebdbfc51ed3c67ba40b0a33d3130572ac62e0792b1993998b266b992e52c530bb5c5967ceb97a84a44696718088ea7922bc596388ea9e6633ce11752081a7274cdefcbf6d93b4a27aaf325b45c139dd6876f30b1257ba3cf8d158b4f682
32 255 10 1 22 9048 :82b4f882e2ea7077bc3252a8e412cc3cfc4c67dc46d55be70e094e85b3331eab2b6cc6bf540b6c8d88053d4901ee3c3bd6a33594fa3601f9689f1da7b24bda6b97939f3c157d5ba570dbfea10ecb2bab34fa3859fac262e8a1afc19f81c3722483858a9854dc5471e89957047fb9c08d45f0b982656c63f00f24d0c5da46f550c7d1b92eb92aba98d704f97be5a9b4dc7e6b8e99a8e5ad260d2822b2e6d83d2ca6d991706ec936ac734aefcfcf1e1231146f11f79c350a5fe2b092d3312b1b35fcfb08132fbb7b7e7687d15fb9d23aaa835793db9d513d1876bccd43435839be5d4c70273cae739c71179cc8f262b26af4c796f6e17f0e2123b1dc4802eebd
32 256 10 1 22 9084 :9147dabbcbd54e3a90539cba2b1f496e467e19a578098901909a42ea20bb5951108188741a28563333aa2ba4481a385fb524d2ec2b06088f84c0eea2337ab034fe52cac9dbac7d3ea6607a0c48de210ad846cb868105c70c72285e15fbf968805af28e31b19bc36cfba2881ce8346d2f3e7e313a78102783e49863af2344360cca28a93822d031f3813b58ee0af6f2b4272d28081f3e93c824fe541bfed93f3a57c6d985766a3bc5af0674998e5c7747d79254601f8c84781befbf99b9cd5a9ea431ba59795b8d2493d8d24ef12fcc546a11ced76d652326e767be14ad46734a240873f48b6f572c00c7c7a9b3a4adc873150db9b41877c987a2870881017046
32 257 10 1 22 9056 :519c9272792896110b04cd8cdf511a691c92fc939339b75b1414ea7fad3ffadf64c8a6e6900996a913061b78bcf42260504fc6c589f86ac8127567e26a2c08f424cfd57ca5d639d899c6fd5addf46d23d5f89e2281b3152d9060ef8e180edd2b1695dc7f63576a90d25337ef4b682f9bf578db672663df6b783234820aef34945fa220c91df4132dc27fdf9f10beb7df70720fcb9d4faddba21d8292508ca79d696532ed01b4d737ee1656064833b498901de98e7e15443c9584bff0942468f7a9d1b770f41e6f6127f4c86f9809cc4882d17d3fae6d7bfddf2afccfcbedc182875a3e6fa4464f69502944cf6252cdb2c67df5c07dc695fa679cb72dc3929471c7
32 258 10 1 22 9112 :99fc7f0a1a5199a5138a6b2f576f6c28634faa084986e916aaff9b65e958fb240986748a3d5958fc5cbe2adb94e96bde06c067e7ed47fddb41b66e3f3242dfeb46556d33b8a1a46ef430c7fc554aa1c313e1405121c1eebcd689485f3cd93a26acbf6d9651a34bf05e9a09750555e69ea2f27aeba6766685258e7a23b60ec01a126e4f8bd7e89e378b1ab5b762c97d802a997feedf591d4878e50ab06eb6022bbeed1049ebad40e3a70f3ad38209c7adae45f2fcde8d832c4ef60d198f1e93e3e559d19e7286e14e3d5cf5b84e3f08fc9658e7052370debbd8b34286f555d6404f491a11b7172b2c9e8c0d52e7ca215afaa682bc6a8e254bbe6ff133615234e07a5f
32 259 10 1 22 9116 :010b66377eacfb62001854f755f6321d44c7529693dbe88da09600f7b62bcfad5b9b9655b81c0ad54f7d244d36b825f19f3ded328d8a3698eab6330694eaab2f9b7d52b1fb10153edbd45e716dfb0c20fcfba8b37c2e8a89b32b5614425880c1104bad6a284c490d83d48c89ac525a05f33e44be964cbbd88805f3ea2da50b71746955319d7427c0b4af3f9471029c3421b9fee610073ed54e9c18fb4798897dda45ee17dc86fcec43b5d345b3589a3f36e4fb373d6b3ece52a208b2a503f916db76903d15933d017574b2913ce88ca3ef8e4f3ec3dd26830db73f91100eac0c10cd837c1a402be838f2d4b7af867f020f10c873b14c52babb0ff9f0a35fe970f62ab8
32 260 10 1 22 9052 :f57308b2ba237c33a035b5f157392d3cba5c46819a921ce5542bef88d2d2873346cd1e426709fadc5376ddca679e45a8f6e68a3b9d3cd83faabfffbef6944457e3a28bcf43179b586bb67c105e6f5832b404520c3b0c3f7203bcd3f4e3d1a798743f24a3efab120086ca4232a2069a2579c2c8376bd6c7512998839ae81a366d101dd047014d53a2872b156b3550d7e0a177c03d3e7c70e605fadd0814579a051a287697789aa8666c56e87877e5309188cba6e96bc5dcb2841061b12713c41946d81383dcfcf775d75cea94db9175e54f0a2c753e641654d2f84a8332151cbfd73964171bf3a9e4b51d8afb02bc6254322bee0a8fbeba0a8ff0274b0bc2272c907ca01a
32 261 10 1 22 9088 :c5e5c46a4581b67c4a7602d30ba7eb54c10bf60fc028283252d19b6d2cd5e1b85d305141b9894066e8a6c9f26adcffd1f86a446fdc8cff0ff8e6f47d028f5a061402d3f13b90e599cf0283279ee8fa7c01eb610e7782b0411827df7284b7ca0390702905aaaebf032835b465a8ef416d90ba587701dfc9cc1e23740714473e573d051e358aaf39d7fb0971b5ffa66925a175bfc4f650092c4ea29cde5484d2a233323897afea381a1dfca92c29a0fd8deb913b93418f77b95687063334607b5b50adeabdcf43b634536e2b31e70edde3b877ee2554d1c3f8087e7c7aed8fde3b0ff0dcd1ccbbba51794161f2161b299a91314f830be46098d1b1548ac1e2bcd1b8bedec592
32 262 10 1 22 9112 :e94d47507104431933d069d048666618a9f8717f20c970588e26fe84258031cab13c6fe81d595b65006c2f2d639f4269ae0f5ee0151e1b2c0cc198a48817cecc88ba6b7b56d485e7e300c5ca7e5cdf673edb5f4d040a51d69078525a606d087f094fd91239c69c41ac7163afef191337ff9ed24065425b21703e2fc2a046f7e0718af0856673f0710ad2a0a06341bdaaaa6824c869fcd85e187a0460c44b671a4fe84f6b25e84b44fa11060526006b40b555f4e50fe6c2a4b24b9670a190a1bb0fe0b12a2cf170f7a94143bf6ee21425c73ef9202b3e09863366173fbc7e455b6ba660389fa43fd7263de8e1d2b19447296b61830f96c0481d89c01d0d7c26672a80b809a244
32 263 10 1 22 9116 :7fccffdb035f82226f195498ee05f6c3914e7b5b5d725e7574a02cb416cfcb679f382e3bee468b99f3840cec999d6307c24f75b9e2cb9fd2a127e3e0048329c725d1176ca035c27559e2e552c2da5e2e5c6d0d36a6d5a39be0b60302037f542f003a9dfff823f5dc3771e09608eb835b9d5f6b2509690e7e45310b83c57763dbd2caa4cf4a38263caa5d4407f6c07cee7fa547138ac0aed8102b1647e40da5dedfd75ec71eb9a896b23e95b0ee93c7f4b411f53aed915a4069cc6f780033f308ffc033173f10ec3477080adf97d8f0963b544f98a91038bc273fe6858f36df9b0491383b1e94024ed1c1bce91432484a6010294661f30c686ec20baa2f012b3eca5cd09a692a5c
32 264 10 1 22 9084 :f7428b973387b8e712362e1b85d99c37a728ec005a2fe383dcb27fa3e8e55dff9cf1030dadfa44f8e79e5a2680b68c6e30d192713e3a50f05c86523191b48e62d2610c1012f924073ab7c1e492bae6c0903444e3894c50a9789688b4e33c35e3ab69e3a253bd2a5e2333b35dddd05f030e0864f60fa119a7f49c3fd03340e73fb2910ec9f9000ea8f023d26fd895f231b90e146dc72291dd38f8f790e3e413133092f2b3616599dbaea4deb813b6f2d036d89170ebf31c770b351a09c03d7a46619f0426f2eb9a3b765554b9b1831a62a0da338ed7f15df30c9e5586e7b11835a06a9bad965d680e06805e1facee632c747424d8b12e923eeb0ac2fe89fa58ecbb0484a0f205e2f9
32 265 10 1 22 9060 :a3eb7c710a3ad264ab362e41b5b65148bf2502f22aa69496dd0be08d05b083a01d26b0e271315d442a5c4f0158c34c875ead88a39160d95c938b5be40a81f420e58e6de2751bdc58a472653bcb5e1bc661dba489bf805b58b4bd43605d0417931bcc2cc367f2323970b6931c8f646a8646c0f9242a68ecacb6032f4fd1f7b35f39dcba1aa35da5341805d857a869caa533f9fc603a8d8d574b9c1e219337eb0d0aad628466f9b57375c4aa04d3b3219aecc846c3bca8b2b6a6558b364d67e3983ec1f40fe40b9ac91b9fca3d0ba2c31ec866a050eda1f700e2b0d26911812050b5a043d4a18113e31b85b2e973532af6e127fdb5e4c177ea2d6ca59128c0072d6724a5dcadafa81d2b
32 266 10 1 22 9052 :c4baecb9e415a264f865a20b15459fd37e1165515ca0a73e25e61e02d7248881c109721fbd719fca409ddae17e44388c0bc88dfcafbfe9b019f0f84c3ea86b9105bb796396ee61787c3115dbbc7e0664a7879e38b089a7e4c0418be74fec822981a2bd62e175f8a512665806f943f4f8e1745958cdfcd95809e29e2a3734f11910000e335e4d3952373cfdbe07ae6ebe4c166a1f99e585d48819f6d55cefd6ed2795e32336e9a07d730318eb207961f2c7e18f956b86a348c2dd8e61031cb191152ad40772391276eb9c7ed2bda64dfffb2876f3129d521ecbf79f6afec6814fadbe4bcb893f364cad9760eadf39e681b009924368ca075f01265d0466c746080f8b2e705a7875207f5a
32 267 10 1 22 9096 :ac8aec3d285ee806cd0b824625f59a750d3f1e797875f3c23b326fa93dfdeb0f5a6b049e9267c9de1b493b2eff35533387b38c556699fb8332386a80c19d31fd630a928e7bce5570edc9e1105111af56a984e76bca416e9c73a34d3f1877bc1f35c97c3eb719e2c1d9169905c97c5144c0dea987d0399c2da0b2a60a15072817b128c02d793025831ba0cb0caed39807926a003f4e0ed0efb35dff3bc04f407aac33af3fe8d2c3fd994a19eedd888be8925518b8eb11225aef09da7074a13829ccf221d393cd110937af7c862f310f1c71bcad19de5b9c5b717d591de4b5fdd0968fb7c7585dd7e3755b616556402b15ad95ef0010548f6aa328681b693ba79d762f565350335034e1012c
32 268 10 1 22 9132 :6310e6bb1fd27c477ae12364fa184d001fd62c926b17189e351f4c1244f179b759ce1552f85eb496484004607fca5b05fd61efafcede3409ad2e9316d067a7f1c53eeaa32e715e419d979e9aedda33cad9b1ab54ee2a50da703bfc86d53ab0d26351782204c372c7e1dc219f0083cda20f358bdb55a47cef08d9b80f52136e578b0844bd9a617de16f61f5643dc1b6d7f42b5bd9f2ccaf9998b91fe2dc6897bb9e1c862908cb84a518175653660c8580686192b9577bccee8a875e4c8c20ad491c4bcdafab8aaecdf00d2c6dba63b260f2b0d0571cc2f462799b67d577dfba27f6d53728dc22941925429f7f2d300c37ef0d6dd94e7f46137e88db2173e97bba5fb61bdf2625c38e4f453e96
32 269 10 1 22 9084 :55ab347cbcd60df4e01f320d8e441c8b46e4b17ed028783c68eeb0a185ba2f4402851a135f02989814b6ab7c11b58c025a47709760ebd74d8e754bf82d2d848b7d79edc6a183870a753505616add84f5a094c7eee53d96ef44de686d61e55c2c15e1c7f94505a6c68bc48521e16d1577f4e526557ff882a0ef5d5a60e24ec3718948dea2ad34d7369e6e43c2acbcd61ebef1ead3c6a6a5bb9218c03d97a075d4cd8d8346f6b3b5f7958067334c7a8c2ddae296ba9a6025ef0452cf028fc050da2fc71c8598ac7bbec6102b04f03a81cb343b5c4054aaebe64a55105b4122bfad41d43f316e4cb8391221f5d2884aa0957a49a4546ea7900e6c66084793352229dce9ad2fcb98ac9c5d93aab3b8
32 270 10 1 22 9100 :3b380666d8ad5dae1a9b7fcc6b1f3e45e516ae30bacf28ad76c97da3faa295aee884d087f003fea76ca0a93600acad44c3c7e38ceb89ab5bdf74eead2ce0bf29c03c4adfbb9c5de578ad6e140e296af4ca0c69621893d7e37e3dc59e788d19153492d4e677aa735bb5e6f4fd800c746b643bcb076972a7cdbad51ebab803ae47373f781772f61f21b9ab13a2c7ffbf1976b60b6a64828b3cabafec1394f5ea7f93de2312a3c007f8a2faf4d229d3184aae4a1261d3c39f1e2747112481b9031c5f660386b56b2a12410cc9e32a5cd2b8f056bcad2d0be876824dda30625d9af9ec59a455040204e91c246643332d89ee34c69242b9988acfb19eba3a943c4294acacee303b27b460abf214d27e12
32 271 10 1 22 9084 :f6bcb21a17968b17ce9b18f1cb5ae1f1837808bfc31e6516ddac4321497ed6df15ffbbf5227c5da73eacd8a180e326cf44d200dec44a33668ee98aa563ff203aea017dca7faba6d2dc65377c4753a018ce83a90e2a10206b6aa6a494388fbd073ebc294549707f190b9790bfcae437064ea3ecd6ff2fc35661257d35abdcefb75bc741a647d03bfbb2e344a9f61f536dfd6b04441c00c2b9532bf71519bfc630c8d04afd7bc9cbd2c958b9af24425e5e3de04974110bbd5ef45e8c6918d56a10dfc6bb85a49ae8fe0889c571286f638d387abf895f8d383da8bae2d0b087bf5765fe0e2e8298de271677336fa659a48da660c34dba5a5c7fda05058081f197fd61fdbd53cc37fec41ed17f97cf25a6
32 272 10 1 22 9104 :46a05be8a573bbd15923fddd9756f8fa6105ce96eb4ad99074ae00c1c05cbd5ac3de3a7fada6633f58e336da9a2a36525669d715358613af0de4cd5f613bb3edf3472b0ab9acceb2f07af71bfaabf4693fcbaf6f65c1bc7ef6b77b0ac9c7d6d564390632df6c671860224b1903bf1bd4fa1947cef27f96ffa9ca371d6127f20e83c0216360a855aba7f798b2658a7c509176ed7d8b932ca9ceeab8094d0339b47ce72ca352fa7cbd0bf9c749bcef8d237a763c49cf902d200606b06fc79315eec5748abd24214a5fdb1dd9f9a8e13708394bc698cccddc3d6727aba48a0cf9a25a8528c55bf741b2456dfdc3144c8ff6c6aecf3bdeaf01fae24dfa2aade21421da4410594ab8d2c44285c54919aebedc
32 273 10 1 22 9072 :dc39e223ba3cd19bd4b70965c2d3575c86bf6916a59071265ecfe31a459cb4950f846029d57d879c1b37fb5154a4e0e4aefd958d018252726b6669017f183d29c8e3958bbd26a41d7aeef5e7dee862665a16a559b8deb5b2c04df86a6aa5c4c8d934be28a9c9c70ae9b14460853240af8ba61296d448dc401af686583f7226ab4ac42f81fa3d74cf405c98d623239fc0b21f25eab16eeab42c424d98e1653b5b82f127320dd4f8b9db75531fa39d6a4ba7079b55f84d08b3512d0a8b64058f9769cd5cd6c545a6310ffe8914cd711a3d81f60010c41beb9f63dc0458d13b9fd07bf2f7abed911891d5a2aaa94cfcc2bd9f4d920362eb2357fcc6fdc3db98e9412fefcfd9477e586da6f994b265f7139c67
32 274 10 1 22 9116 :727f02a86e49207c2b83ae9056f77d49ec824c3948cfa371e672970692508f8b549d35fe974ce0c5102da21ace718abe3f82362d63634943ae14518f4834eb5aae0ec02a0c79f62d2b122b1575b98fff007f0673bb86cff959954df727ae61ff736b9a89b64249d566fae831e571f230d79d90630adc5974871cd26fbf504b2a2bd065675a40cd803d5319277157ad419cb1f384a9ce8507893c79ddbe02336c0d1b3e06de060c251f5f778f207edd41278c97ebb22731c4f9b548f86cd5c50acecbd4dd667644c8e4fe746bbba704a2a75584c3417383f2ddf3180593b1b618f04df2a8a61289324150a89e6acd12b2f417603c18030302de67f4fe762f86e4384732af7a8d05399da5c655d13640269f8b
32 275 10 1 22 9052 :e2cfadddcf13e241fbcaac004ddf61a794cac541035b4b3589c0c33a06fd96a0c58fe2a120435e76fde0024ff6b8c601dc0ed422c2dfd010085de3668af107caa29431b1251be2d6a9b66ad57cf6f1bb788ebb555c909486550377bcac706ff15d96431ea261092fe8752c2316a901545cf2ebc4ebeff2caaf40c0a0e352c463ee93fab6e464a19ea1a4022a64c9e95439e3518f2a252fa640cde2795c50503c00deb8b809e0177f41ff5765510c4d611ef62aee9455aff244f1ce9456e9c79d9e7dfd43d224689ae660094c17286e696c0e9ce966e6dc71faffd8236cb405421e663e77c0bfda03be348d9a7ea066db1da216dd6b3743dc16a6a9b90e664b2ee938f527ad152fc8cfba165373a5816416554a
32 276 10 1 22 9120 :8412809d9478d03c28fbce1e322e09dec6c254c186d13587f9acda5d6ca87528c5b023babb8c88556d4dc8a7437c1e5a5c9bd74e8333aca6549a9e744fa325faf12fbdc4cb9a778e48fd2d006e63570c70a257f8ea3fa1d14e1be75011c06a1e2c3d4296e348010c7d10f6e5732e3d0f6c7c7e2a4945107716b6aeef196f1dc5b09f1201b8f17a056575dd3888bdc830d830f109b22f32218baea34080c69a6f24cc7c03e40bb6ea2d0fe4cea8d6385edd5199aabbe6aa61be5073e5258499db907278c939d787e8ba3832a2b6904ff1a79ea863cf457448798f8bc2cee79e115671d2ed89ab1ae4cc1700ead4697fec4e64425175fdd2f27b16721895a4777e4584a7401e67be512a95875d0acaff5d68225dfc
32 277 10 1 22 9140 :90f8b822a67199a14e8dd5e5557cb155ea1980391e8fd15513201091b1b89ab4e1cd772388fd8b052e6853aa6c5cbdf96d29451aec80475906a924a8250575ae24af9639d3a0c436009e7125ee5fb252e23eec9c7b52bde03b716d36185425af10ba6555de4872ed2e4860a818432df5e10a3222b6dcb9a84d64b61c9006b92e55c8bbe682d921b51e04b4e0535543a52105a54db529618f0ba50c297fd0283f6d4584b6be720de07c0d33324a02509f6ed66149b2b0da7375d505f27c802b2ab0ce816cf168f20a34cc04dc9606d400f47c815e6361f07e60cd83f4f48b05ec3e3099bc7dff8a33c5d78affb85f2eeed354cfdb985092b6bff44088110561834af43f135399809a34feb5967302198c72e4934554
32 278 10 1 22 9052 :2d3ad0ac57f2057a6d105916d36021699bd14e5dfd9be2500cfe69e7f05067f2068c2cd5678259de6290312d89a6776409351a8b477c6bdac54449134eeafdbce584daba7aa27ede0d949dc84105cc5258a3153171efda41d41168cb4e6036113ffac44a27d93d57289619573231c5b0e08db77175b1f4f28385dccf352d29699eb600dd9d6b80b2144d152c7ce49f08d920a6336660e47c17be86ff3f556803b81ba6fc1e8b34a8bd9258767b8adb4995f27b79cb81bf5ffe2b5a708289fc85208c8d94178db409b811435ec9602aada3005d7ed509c9b869bd9d418ba6fb07436a435f3f4b07e698c9ddb27c9ece99c46ddbd254f9d22870622003d00fb0ba088985b1bd1c4a80c558fb2bf03f793832102846ef14
32 279 10 1 22 9104 :c42bd5fb1871607046bf54bdbee6e4993b0949bf685dd50c5c1771653988fc3db4dcdfc8138d845ab83fa32503409d4dc895e9f80763eeae47813b593a8ceeb6bea3c629c8bab9722917647b82f150486c7014dbc1d8bcd818e952043b170312f8e44c78210712ba4a8e4c3fe619ca2e3a5bdffd8938621765711926648be18b77b6e5738334965fdca8bbac2c0aac3b422e9d182ed11ac553212b3ff0ebe9f35781cc769577d2e9215b606c0b8aa91c7a0841ecc17c96e3357ea2def85324cf38e2e35df6baa067f40204b84c343ef960617f40efb9929d254ff3808e7cdaac03ea89695102b471229fbad67d1282294f7c86fd2b6ee18c19b8d3842f91cfaa48243f744aea24581540dc684b6fe0640c6e0c03e784ce
32 280 10 1 22 9052 :92c87aeaf6beead41e665be074dd8b99c2607779cbb713a1fcf155c59de7ffaf13f51768d99674dca2e9359d5b43e18af34ad9dd067d3e1466f5b71d4d1bf4095d7601f3f3b96a236785df543b6fe4b1c9259f71e6b5c88a61e14431a5c13884a2454a048d5e0c275c2463d8088319c58f390403fbf047d595bc5485e452ab98bda1812c4956e30fbdff6ac301a183fac35e946a43ca9d5d4a66f21dcc0c66dafd9f97b03e7af7da4444c34c93d79c59a1c4345e9c7ca35a5642115f5e37eb09822cbacd2df2f7f137e3404c37efd58702a72f67296541b2df739700485fcfead86249b7967479368985b5dec05f64307d161a95db437dea25d847dd83a77d93fc6c090177d25f0e8671c0e778428f012834d0819db68d57
32 281 10 1 22 9052 :708473bd7a7dc88d3464e3c7b904d84969c60bc803c43f6794dc4e101adbd766fec06c7a3554c38660d058835826bffcd5b7f4306dbda02540fd803e97a59c37a7abcee5062e790d558a5524fe62bad3f6e70c25025cc914590852cc8d55befd91edf7cc14ab8ef32c09292a85750e066d8172b15841600b02a3d80b067b2f74866508f040797662f2d1f2c20f726955bdd7058c9144c35d3383a71c7f9ff968f84da534ef4f1988300767d797dc86fccf87ea60fad1ae06c7f524d5c03d3e8dc58e969f1ec9e8b48f41616b2d319934b01ee1f7f7324362194190867f5bcfc313a9b286ed829b1663aa91c1712d9405794412d95b5ac05065f17b5e20e88c71d5fec1b0be1e4fb273f83d0d02a4fcbb7664f4d8e2f2cc75f3
32 282 10 1 22 9056 :85f06485cb2f495ec00ad9ca412640fab808d03180bc4475fd2caea3c6dc81ba924a30a27176cf6d6b183ac5be1fc00422b35388d6cd639382e7fd738b329e48c1489e4230f52e5430d40f96de100d31c4ae3b61fec60325af462cb0de74b905761ae613ec86e03020711aca1684ee19e42758693b3bd2a1f8493e3e7b0c2bc8ec7f1d3574493016bd158b132a4228478a577e9fa49352a7c2e34835656aa9de2e30a93e3868d226096690031624fe0b440b6c2f678e8c5701e09740ab796ef1398d97eb3cb983bebeac065b4835bf1811c9e2a739dae81443f7024ffe18e81867aa23a981a5edc16a97988a2f2383217ead94394e930c8b625369135c303931c15f88e5e19599db1c17f3371f54ed1db8a979fe634840739b72
32 283 10 1 22 9112 :958d569da4adbaf20be740a5f7298814c3d2a4ccad252568e4656ad21c3db6c4aab5a3fd8466fe54acbdce932a0c3314293285a6a4e0f337d33959059c525946267b324538a8a67db66d9ed257515c2741c76dd9a7ed2bd3b525fec073bbaaa171ebb51768ea731b3a1b701845dc1cda1fec01601cc1b63dd769db488b6bcca3534b75c4961a1c3546e87ef38bcb2d8fbcb11e935621a3030d8e2a5e96077b33cff3143b2374b150008348387087a108e4efc758f27826c6268e6083f145a0746267b279802e478b4040b10f4d6b188dc095489858f5da3dd73e472c19b651fe848fb77def1a7b1ab0eb4a2da4c165afcd820e386a5f5b1b44743672cfd258377c3c218e237957c2ccbd742003139db29d1f54e365859d0285d89c
32 284 10 1 22 9116 :fa7c39d0db57828dd3217855392983167d68e8e292ed3f0f5fbf457ec81b415af0aba97166cd64083011490cc20d6cb65dae3349c2b7263ce49291e8232f20090591c16e0555d2309f9940932c73ecc8131d35954d9d0461c4ac08dc60d2169b57dee1feb42a4e8d8e156838a6267a655f84b4c83d930553310f5a1ff96777999738f662bf5493501e5c3ab4e7cf4bbd43e601fe4e9ffc79003c6f522a44fa01198118fbc89846f8254cccbf2348f676f85f116f832eda941c9b79ef807f43cdd4adccdfea9be9f41ffb230372aa7e66e35e6f4f2fb44f729317cc1904464e5b821a3c778db04276561bc27866031b219c3066e92dff4cef8ae65247ef55e3d99705061bf12fd6b328abd913c73898f2e74cdb2ca64b502c2f559d9b
32 285 10 1 22 9116 :47859b8b06b47f4d251d689022219114b562b187f57596c2d84bbac9904aeb6fceec7d5369b0eb26733df05f9b1966af62ad6511383a5a14a3a03cb2d8907eb962fd40a14f33a03d833f64016d342a33a307c11d5614b1dc1843f25fbbff38305d9cf171ac2066ea31ae8a300d2a92df4f103c404f53aabc8a416fe5410c9349b6f0dbab5efe36f300605789b7546cca9c47ad2367b19ea2daf419322840413e0f9f3b6c8330dc882b5db7a13374c76fdd5e0ed5870a6dcafada6804b5bfc0548636e6ae03993daddbe96757d7df8b35052835b100ec3343dff4f85bd2f7f749a4683c2588bf560f8491994255072060d996ea86f96300540b8ec2cafbf676824f7a27d42d7971e5325d23a9a832dfc4057d6a91b55ce8077f5c4fd991
32 286 10 1 22 9052 :a43d650df5593966420678d9f537d4cd9ac4b2a23236ae3f7561a1499dc2f2ed2d1d6f0a3daaa41ae809497aa7335a957d6f8266114bc36a3bda4b810ec0680016361d6a1e59a2c56b9e93a6a7b584ae14561739818ae0c3f9be1c21116b205efd40e2e3147d32317e018d104e2757d17263939ed44d11d517d31a243d69547abfb97b230042a14f16cfe7306aa68ec0fbe7f9ec2a1c888ad9c68d0f7bf70de3e02ddc45c63533035f065b9754d3901ce323c555d4685eae030ea7d169065d09e53b5036e7a1c45d8d31038eb25606bb184214f7e040bfd9716bdf8734aa89b653b656515406cd43c768dc2fc1196507775503d5252488f98603651dd187987a4f73b7a7da671e199e7d324798b5d0e00541b853dfda2b8e21de81ba5a9b
32 287 10 1 22 9116 :6ab2fe001da817cedbd5ae1021d2bdb9c0599a4d7c77f31d33f6c0c444a8043e09b5f4dd3635b2bddb16f0073d9a46ad9a4dfffbc676020985e457a7ff0e11742f89e6577225d0d7cc0dedf42d17e23b415f8ad73a826bfeb5d0ee39653af6aba37c3ec939582fb57b82844e9f4a6e6677026ed0997d47a7bbfc112290c773c196d83aff93cbf82e1058b6ec993bc890e9f9ba637c9e96c5a0123e38304314c74d217c107c7340a87f6aeb1165d751cab21e405976ad5ca0fc2b0339e1c1af2c015da72c48109c08efe548c400e20366c6d8e31f885597aa717c0ac51fe0ab374db3aed3c077a4bc9aaeeabf18af7ae67b8c50b167fa3e97cd72877b3f71c8f0a1b914772955dc32fede6d5a93bb722bec1c3968767d0f09fe06fbe3e0f6d8
32 288 10 1 22 9116 :b1edb1d47c22fd5d65dc6d6dee815436a9495f211a36103ea7e864a26ec74a0b0cf71a73e4043004ffb9a29c2ffb53daf15f5e8b5dc1bf576ffa07ad7f6b9237ba97c0688fe8133980e44be566d2b1d8269fc4173c7b37694ae14710daf9eedb425b7a74b8088d9d444655b2aa8cd90b3f15a857f15630f4f4a85c2d1bda96acb4aa3e8477aa97ff208b8f698a2a736c028a6770a6c90c723c2ae578eed5e553a1a8323e642be65de9df67b75762588a712d58d31711b76853851ba73d403c2328925562f674a431b3bba93b08fd95dd8fce9e0e963ffe877760e94b502f56b8f5f7b372eb5ab23f7f1541e4b4707b8786a7d0871910f8664b326f5fc7f3083fc6b8df842cc86c0b41febe138f7b76be98ef0efe1a702f39cd725e11c3dd4ce4
32 289 10 1 22 9116 :f2ff7db0a853fda8b3c0561dba27d9e43afbb474c8093986ce7fbcf4a8b394d602213849d6c006c469bfd5582ab7f8c36d4b6a4103ed2f566814d96b4e0daa8134f7f980910e5855fea810962c1c5d5cd6640c15c37a1e2fd7cd77444dbf2eb54b60a96537c9b163633fa4300ab9c4727427d253fced200b464d1f894ef2ebd2502bc35d4188c8ae6a3833eae5a1c7cbaa528f790a755fb67a86dc7058508da657e4611ec3da58cbe36fee0ad327652ae3fdab295654cfebfc0541811370e310af2ce995b316676faec39cff7da4b562f46c6eef93621dd5b941afaf59e629297e80bc33f43502d540e98b4b48b875a1191b80d0cd6657922c7d653c4319297e2b23699bcb9ff843da89e8bbfbf6d914cc84981dbeae30a730e4c698435bbab8ca
32 290 10 1 22 9048 :329e63011c0e7a689a4b11da43514dbe6770f53f2873f9f5e00d1ecff7bf2a28ce6ec67353c56cd1e13f8f580b3a48b1656d1d89adbde76e3fd1506cbe469b43dcb66e44b777ba676fdb86c9e4ec539d5af5a69b4a85866d1d9a2693e569873c3f59aef075d3b62897d23bafab94662e591609459907c6695d11470c6223d23e7d2430f750c4bc0733a232c96614ea873bf01c8b7546ec22a88f76bf32466839ed27237f58a0c9b518b20c864ea26f8dfd3ff7ee1675d5450c3e0952c4fa631866feb83f6aaa162608c5aa6548e4ca0d6c28a824900dff8022ee86e054446e73731bc5a25b87f58e72724c3f5e589361e1fe91352af6bd59a815a981441a5dedbd6243c0512d839ca2fbb7cdf042d72e59b2e28087247b66d268d76fd526710865a1
32 291 10 1 22 9116 :9bba06a61fccb958b9ad317638cbd73e80753011855f3ef84755bf16bdf14f4e5066f4fda35db71bc800012b1cdf95bcf1152331857d3c57f751ba9cc4bd66a0af6792daae976f93e5314502cd3949e2f90e34f9aaa7ad1a3f01e779e61249709658478af0cf15f717d40ce723cab25a25e900a3364075277df6ced69f3f6b42208e506ac9ee623d74da8ed9f4aa97eca16ca4299c2ca8d1a5fe9ac4c7f5db14405f1417e94fba8aa8de90f20c36ccee7c092431c6ba102717b91e953f40c270141288a7b532108a6c15256baf993f7dfa5c0e7bdce42f1c8918f22dbc7496c648950e3e0166da000d8e8ccfffbd269fe8dc362849858ecc06137615f1e410e21e78e1b1ac47177e69de0bed8a4d4600e7f02931040db0b66ababb61e6da06903e1ea2
32 292 10 1 22 9060 :99a32008334ed236958ecfe4c31b395fd5d592ba317935856edc4cca99f462fa23428f11f9d2704623181b2585c30ec612b18470a5c1250739821ee0bf1d1c9eb430f0c1c941d463b8987a8057c6eded1e9daba56dbd7b85ad24573c1461ae4ecbfa976e57d8e02bd77bdc25b911796bd4962f9701700dc151823028cdb5dcec49bb02842f439da6ce57f68179109f50491f8bd0455541d4733d9751f833a6197a0fd8a6684321e2a45c4d618faaa1ce17e2eafc7d35bfe5629877b75f281b0f9e052cadc41fbee7ab6ad0efa89131c80df87a2456cf27654054ca5458241ba074e5d9c5bde0fcf55fec482907a0084b18ab193bef9629116c3dd6f08a77e1cc08bbefb86edf8f1bd862fc9c3bb1521410e365ec1ab8b9038e54e11f6ebb2934eeee1208
32 293 10 1 22 9120 :0ee12baf077773e9029b6f29aa436f78f0cca2b267be087a7c5544868458ca1ae07125e014dc68649efce799f2116950b520561ca09c4a88b1b35b2fa7cbf56b7915fcfa8b0b162dafb33d000cb79c9d13b80de30bc9a12e74786fc4e68d6706df424ddb73738375fd621ddc7c1593716bc5d44ac78d922b51401968c2fb9af27e39aef9d0ad0fa04967bbfb8a9e1cb6c613150dfb2dd75cc84718e32f69a40f60d2cfbe53efcade46dbac8ee116083662dce4e2f0e0ba7098143b93ef82a0fc838fafe7a7400bf9fe45d83f967091a426712f94faaf5b785cdd66e537d1a00aee23317f4cdca20e279e016f38fb21c010e1094aa3d10eea126165af52021d7a0a1aea0badd0b8e61a8fe61507ed35b8be8ddf889eb4a9334ecdec59d74a4abc1f236f145b
32 294 10 1 22 9116 :371012881072ea43020038187746e456f74df5492a12219fbd8e1cc493c0707dbaf779c0355f3831612bbc38c91d3d47ca94062e2b26ac5371a9abb4c152e6d1be58cb534cc8a53135e27532594cd9fe0e014c5717186c0479e61c03cc157aa9b0803fafd876161f24442589172b329d2c7ffaf2f33a5fe5c159fc1e0f95b5387f0d417f0c648ddde8a1f4852f094ab1395dd50a1ced7e3b9052acd80120a7eba6a4a865301fc2f23db47ebb76f44547d190b136608ba2fc5d451bee27969229716a17911e1cb8b4dc3e3587aef5047816be100c8f9cb4ca680746850cbb8aeab35243488f0a4af789db564c3cd9555df2ae2ca9a7e7c4a525e7e3adb5416c50c5316c63fa4019cb8bb701a1c1756158a1d764908430dd2238805a0924b3d27291cadc80778d
32 295 10 1 22 9072 :f32f31496a9da37a131e164de30ff7e6516202d1c0aee2068bca4c200297028c3920e6d0f1a9600e469faceeac33827d9300f9a60356302a64b0036ff43f70085893c64482b67e41cd99b7333d51f8f4c1920d6b0bf2ec06a87d90db6f80e82449bc7c13eab989e1ec1b4c559d7b87a23014b168cfcd1052fc109cf8fbda28363c3f8604c001ab45c8dcfbc70cf4339442b651fd1a85ab5bb7ddcc6aa1443e756126b3452353491cf125e9926f487c11a90e30beb8d73a53de404069a94ed8187747aa6107894191e7e917e929459da1a902371e70b14ea196fa63633c04f8b1b59c15d662f6740a60169dea4ca8fedf64c50f3fbda5e7818f9cfc1978c66c8a13f41b32ea1009a9ed080ded4127811e1c46130be0a611aae7429004f50b5e64d40cc2e6bdd820
32 296 10 1 22 9072 :ce5df03e62a3f255d6e1e08ae2069186d5a06828486eb34016576392d58c94ac2330d9b0c2990b67c8b7ad9a587cfdec49de13305053bda298e76f6b455518861663dc596aadc0699dbc3d147dbf1ab331419f472bee2ae0b52ec6cd12e50671311d3078d21c7981f7eb3f87a29ad354da857d747c7d1557f4d1b425b5d62f37b258d3efdcdb630aefba432043733d6f0776129dfee1fe7cac1e43d8df6feaab639d2443634ab33e5a7a038f4510a32dd332691c6219c76dd7721d81c4f41449967d377df7d73e73b8e74251f43e9108538ba4dc1dd8e33c9ea52863a9caf77041b4629f0fb7fa3bf7216e5b483041e246d768270c88bd00a7ba9549880651f1d293dc9a26979aeef2d9ebc0af3ef23e78bca052a6c8c89ed27233f697b890275d291c184a6b9a04
32 297 10 1 22 9116 :d11d6fded3175aa49095106a22ef802a31156b1ac1c56b5edc99e04dff255a733d7e157283d051a4ac978497b881e8a436774c10c09e8679b1f4dc8dd7852884fd296b96a0a6f084d20599302f1bf9e8e01a5c789312093ddcb24630c4384280159aa593b9faa8fc46b4268ef3eaf9ee3d76f8ebe21edcfe9a7c090f30148f91209dea700d66782ed418db0af452f9f2afa49d0b4c2d74020dc63cf737820cfef7672092e1c915ef0cf35061395bdaa2cc0247212d8903202a8d2c37cfe8287389fe073f4c08c64a0de139a14a8444c0f938a77d320f441be9008c560ee46946035ef3d0ed9f9c5f7a60e8a9711a4b5e0bc5079a73ba8dc16349d2fac5fcd538d01dd6ddc246de552c6a05b7d7feae2efb5f6cbb9169a38ce619a7a147352838785efa6b0137170402
32 298 10 1 22 9136 :d6337e75b2948a2a642e6225c7a6d522506b841fca25b2207e551d77f7abfa137301299e65eae15ace737af4e78bfaafc59113a7efc087391c60a26b3d5c538f5620a79ec42d57ec65c97a5a19695e873c634f7059c0b1aacd90f1f8056463f0df09f6a57a5b9346d16856490aaad984646c53beeb5061cd824f3de776a6ff68bfad7ef480a4750d9a52877b1feebcc08021fb6f438e94d449e85b01d71bde72434126c6a7cff1d3ea1cb20fe094a0a9b56176c3891af503efe43d135680f6dd0a56ff263ecde27bbd46b91f699c280a8c793d98a511aaa40d558ffc8fbc13316c212257c1eb62371b77bab777c3a7280b3a3595c4f47efe11f5f008cfdb5f2537398fbac977ab791d9290327886d83aeb0b96b11bf2455ac0e9e3366cbcec978a3ab49311143fefda4b
32 299 10 1 22 9116 :a7bb705dae144dd6d37b425053513f56b7a995fe3eed10f2ea63551eb5915d35d225cec0fed476e35f98b06dce9019e3859753ad6c97fb5b8d3fd2d31294bb5cec7e2773075509ffa16ab2d817bc439c5f84f5d8ad9aa621bee60aa40236e29a99e85e978383f990170f6cbd0f71a862591041fd412194e0bb8a6c0f11c3939d626e9e0d179f401d39bf6593900d13e2f0d6964fcf593f83f87507994e6a846f9667480cfe7aa0547afc3d1652c867bd302225c3ef8c8ee7d7874de898aa1fc285bbf67c5cfcbd5bd3cdc1961d145515e1c368d7c6b17e8ec4496370ce56f3e3730b1b1c195b9d835804d6ccdd54d2ad2e960d7866c49a7dd02e55996bcf2029e7d9122abba83ebd34cf146bdebc4943558e7110bfe28540796b4be6cefde96922acb52eed38f304c32630
32 300 10 1 22 9072 :86e9841825a565218cd4c66daba5cb7d53638a9ac3449d5f0be83f383609081f5417b7c423ab4dd15af96418a5dc777d16585b3f361baeae09a1907a4f4f7ba518381d9a3837240417246ef35d3e21276cf4c3531aa1ba8104d4917de1ebb6033697235fda53dbd5889e24c418c942fccd808d63632cbe0aa007b27481fe145b8cf2d4d6b9ff05d3d7f4a1108fbd96513fd53022ffef76d4bba83cb42440c320c176faf93b67489307a9101a6a8f42c4177998911dafaf4f54e20a1501937a09522e2dca1008084af8fc6a79e850fb2ee8fefec90ac18c8af549cf4c3b8d38154b3a4acb010a97c3e420188d61c9d04c0a443f2dd1d65f676109249c60e37252a338050d0aa354c9d219b44cff00af2bbab305f499217c70b5112f2c90b3ba38fb2821ceb35f875b37bdb18d
