# in_len out_len m_cost t_cost time[ms] memory[kB]
1 32 0 1500 57 128 :b2cebd1d981ee710cf44fded118da9cdfef2c08844438cfcb24a7cbb729d28c3
2 32 0 1500 56 132 :a9b0d6720e109a648edecfa4b0addd55430fca28b339139b45190cf868aa9b62
3 32 0 1500 57 128 :d551bdab1eb0abecfbd5b2f543397e5c81121881fcf4918ec97c7d8a61c4f718
4 32 0 1500 46 64 :29bad0c86776f1329ded9d3d076d5780d54f086903c353c039f8858401ce473f
5 32 0 1500 45 128 :7391df968ef58d2307e7b559173ebc96b97f029926e9572fddae1409b5db0ecc
6 32 0 1500 57 64 :4f486b7bbeced3f719680d81ce4f8d2421a2adabeacd1f6c78ce47a4014e4413
7 32 0 1500 45 128 :29b7ed52c8fcd8a417088c40f14ae92d4ddf1b1c6549ca29a02bf08643738736
8 32 0 1500 50 132 :e1d75ce921550b7b7f62ae9edf4ec4665c9959be06ddf4acd05e21c257a7d827
9 32 0 1500 57 128 :ab1242827286e5144442887979c377b099abf0838aa055d3077f2864ab698460
10 32 0 1500 60 124 :704371ec47d29afa1517f0a2c333e33d88e63795c0d51e847c1983785a3561a7
11 32 0 1500 61 64 :e7b0e19bbbe725f3ecf41a5861b4904d82c0cbff39ab5f47cb0bec1a3bd5e036
12 32 0 1500 61 128 :81194eecee982aebfd2c72d8ca9b6f3d279e55dc31c27fc2cb4fca573885a8ab
13 32 0 1500 62 128 :61500d329339983771fcf70cb0dc59155186abba3290d4490115bcd6b2c6b5e5
14 32 0 1500 61 124 :71b00f544721f1db9e04974cf24e629e1ccf9c087f27541812fd86222b1533e5
15 32 0 1500 62 128 :4ea6c834a66fdc04399ed9c4284dc0afa9a8539432e58615d2add2347620e8e5
16 32 0 1500 54 128 :cbd9407372dd60695382901f58d83dd6ca0fd2ff219c8851fcebd0b682ed8272
17 32 0 1500 53 128 :d4a58b6d67d7b21fb44c01151871a9b19f0818a242732231a5cc467201e6324b
18 32 0 1500 53 124 :e6ee49547cc687fa877b51cb956ed7cff5409fe9cff83cf0bc3cdb88fcd1a6e0
19 32 0 1500 52 128 :0bd8d8f8e0fa723e6d1da0651828f430017f25e54749498a16552f82067cba72
20 32 0 1500 49 128 :0c2d359491dbc090f6370e6aa56b849452476486ad1d3948b7fa410c531790ba
21 32 0 1500 45 128 :77bc0213109ccf1cf5c448b9c5be2aea75a09fec6534088589ebc5232803e2d5
22 32 0 1500 58 128 :afbbc840d7b5606e864711f5c43ce761b75fbdb2f6b3691c08999b4b0f29747c
23 32 0 1500 52 64 :f14159afde8262f0f8716f857042ff0101ed177556dd34a8d82a4f7599b9a599
24 32 0 1500 47 128 :f101854e97bbf867c1322def2141740eab1c822633de56fc255ac8e27bc5a7bf
25 32 0 1500 50 128 :809ad61849f06fccddc3ae99ab6affdf155660d23d66e1b0a5287cf107066977
26 32 0 1500 61 128 :bcece57dba51f6be48d1e3df6d8611002b0f71c662fd0c26cce04246625af24d
27 32 0 1500 48 132 :265552019762f6c256385fc18ca0ad4693f14ff4b91c6b8918006078bb14d1ea
28 32 0 1500 49 128 :aa2f48fd900107fab371017ce841a546e4c6f4c6b6de86b3c3974a17f3775414
29 32 0 1500 47 128 :c3b71a655660759c1b0345bdfbaa00e61521abb9b632aa3e74405e44ff1e1777
30 32 0 1500 58 64 :5c60915af96c7c28dc1b0d1a9c2c7ff5d51316f9f195aed9d737b220283eb10a
31 32 0 1500 58 128 :162924d7dc94503a4b11c9539d0862403550baced4111f1c68670ee8f90f969e
32 32 0 1500 48 128 :cdf363ea4ee4eaad5b5c5860cc96ec45385703fddd63e454eebe66d48d36c5fd
33 32 0 1500 57 64 :642b126c44882c70f564b0ffe562d9711b9578ac2230432d7e2c13f76bb940fd
34 32 0 1500 50 128 :ac4064caf96e5eddfe1f940c292cf29b12feed15852c2cfbb1db919e8581a367
35 32 0 1500 44 128 :b819628a1b176f19b4f8800fabd8ed9e042c3e410736ef9ac8d14e6128e6bc19
36 32 0 1500 48 64 :14cf018b6e6a45ae8c7accbbf9cd3dfbc884614eac526d8f6bf1bca0ea92ff71
37 32 0 1500 54 64 :38a136ad75e8c7b072b49bba92768dcb1098d87ed448b81bb8fcc2db062f01b0
38 32 0 1500 55 128 :b2f464b4420d4f16cecb0e3a6ae30c56d7e11234c0a3094b694b5d1606eb6f60
39 32 0 1500 49 128 :5fc6a150b2fbe7a857d80b445482c981a300c61dc47b573f5aec09b2c307a65a
40 32 0 1500 53 128 :ac1b47f5a7da124edc79a64d15682b03901e0eee38a1945ecc713cad46ef5b7b
41 32 0 1500 50 64 :3daaddcdf4299ef981182bca0ee3f32b49d2e3011cbfdfc0adac5c97e1ac3b28
42 32 0 1500 56 64 :c289ea699d69c61d9a631c7ff591fe7f675d0d5a708f47101f6028940184aa5e
43 32 0 1500 48 128 :beb1f21cf020035831745630d0d262cb9a683810021ed8ef4b04112567f4f9e5
44 32 0 1500 45 128 :6bdde7aaec68bbe7c04d138928cfe2ca4ddfcebd64c948e129b57151d003c641
45 32 0 1500 45 128 :df7bc618ea9329428a90ecb03288c82037629c9316a4cfcbae6f96e1f337990d
46 32 0 1500 44 128 :4f17f423058648c10781f79d4f0a3b460ab972d190e7b6fbe1391c59270f2b68
47 32 0 1500 57 64 :e65eb2dcb14e099c7e65529571ee256d1847c2add3ddb2576572f9f0bdec6c6d
48 32 0 1500 57 124 :c832bdb1604aa6ed495a48e83e4de46ddedb380804e164da4e445866abd55747
49 32 0 1500 57 64 :69310aae97aac8a549872be4b9dc31cdafb3d823500f1234b40b620080940d66
50 32 0 1500 56 64 :03e4b3f5a173046a876235647ae324bfc7e33959fe99108e21ebdfd5ee79c938
51 32 0 1500 59 124 :c76fb9d733a9f8da108e9bbfe2392f70e20f33afad70dc56945086c55e54c27a
52 32 0 1500 56 64 :45f4b787d03dfed8177f0db38201703150509a694c166a4afa979509c39bae23
53 32 0 1500 52 64 :94154bb27e76b215d89c5103b78023b4d02d87905631ad9ad5f95bec76bb1634
54 32 0 1500 54 128 :ef36fde519bac099947d902fe640899285d5bdad839cad196834d23870250fec
55 32 0 1500 57 128 :1bdfc97695434420f79085de5682a6028cb0b1fe6818212a6eaa1eac3e19054f
56 32 0 1500 54 64 :95bb906f90e71a7d8ba73a0d1394a329596b97308f29e8aebc969697424c7c9a
57 32 0 1500 60 128 :0f764ebbcc7dab838858063a3ac93c1bd51d14ece5351b965e7828b4541742b3
58 32 0 1500 56 128 :1403c80948457ff4d3833740aed587a3feeebc508c3c6b1ca4a82ddbee997570
59 32 0 1500 59 128 :29e67a8c47637219fc9da676147e49c4791728e75ef90a2baf3d4531e60e74ca
60 32 0 1500 47 128 :4a133fd5d559c21f797e5a8cb6608e1ccc8d00fc5083e039abda2261b0ac1040
61 32 0 1500 45 128 :4077be4c511fef426fa405b00514ca82d3150216a5745d9bb25fa7b9b1dba654
62 32 0 1500 47 128 :1cacd2083e93139c8f96e013a9b7667b48637043dd43e767d00cda0bd3ffcb9e
63 32 0 1500 43 128 :0d048f27eb5e3ddd74a2baf51e27e915b7e1d183d7268c549f167c086cec98dd
64 32 0 1500 46 128 :766370ed85f2f1adb27d0135f0ed79da91fe0a24fd268949ce6211f6f7e8010b
65 32 0 1500 45 64 :dba229053622df16bfc694fd2b9ce2b1bb1650bf993f26da0b28a5a69f0c9929
66 32 0 1500 48 124 :de2b158840caecebb0b9e6e1ce8c5fa3698bf9bfd586330ff3f32a5986928716
67 32 0 1500 62 64 :f8814f3828f2d1d7613a4970a0da360268d32dff0d90441aac820cc9178d3894
68 32 0 1500 60 128 :52949a090205f0025e0783c3aa5c5279d0c36b54f65eab3572f82df0619263bc
69 32 0 1500 63 64 :9a77c3c21867688bb1b507019e8f0b77da080e65c0fe16c4bb83292930b56d25
70 32 0 1500 62 128 :564e90cad9b297287b7fdf052dbc71a0198de86866bc71de71265069de4dde81
71 32 0 1500 58 132 :ca496171d85f1dd2e8669fc5779f973c7b9e9c90de146c2b91582f81a941bab3
72 32 0 1500 58 128 :d1224efff396fb3211381eac6240bbb47568b092f6eb9f7dd41efc1f8233ac60
73 32 0 1500 60 128 :7fd1484ad996f4a5e35664066968d07c4e55a04a84f8a5c9b0d3370609f3da86
74 32 0 1500 56 128 :bb0a9343bb5596cccd840bd164d5615f1e215668f3fad9901b109b1c49e955b0
75 32 0 1500 47 128 :7cff0875e8867bc2bc2774b81c535f8632f1733c8c52bd65b83eb0bde8c8e37f
76 32 0 1500 49 132 :66016403dc4722b0f5e78fb0cf523f3b7aa6f5d8fbad67ff838e4cab352661b9
77 32 0 1500 46 128 :88184e3ae03f12d16cd09a6850e5caae04594eef7db5578509561029c4398ba5
78 32 0 1500 46 128 :b31dca4d9f922b69c4513e350c1e3384d0dc55de0da6ec558cb6b4ce5f1bfb97
79 32 0 1500 45 128 :6036e89ae88ef861f0760789c27b3fb1bb6815ff944e23208eebe1b9f4d495e9
80 32 0 1500 50 64 :b5a94dc255f5d41ae872d0c0ff0cdedb2e9c23ca4b5cedc3846ecfb31a3a9f3b
81 32 0 1500 47 128 :709015c93c181b233f95796234c8ffbc760f5047bf8281d9b87c946f46c0d889
82 32 0 1500 49 128 :a09298ed09d031be04f9c7c7de7e345ef536e4460407fc832c80ef571aac2ec7
83 32 0 1500 45 128 :6eab7060beab5d6ffba45d3a05be8a3ad5015a84e2fb4fe7f3d95fda443e75f0
84 32 0 1500 47 128 :d1755b02c2179bd460748f8f01a54aa9bffe1f4ea5755cdba83c8522bc0f0bd6
85 32 0 1500 45 132 :bb3014de3b82afae04c9a36b6f65cb071590f08fde1c5462aa8199e84021b3b7
86 32 0 1500 62 64 :9de2587dd3518e7d5f70c4f06133c6844cb987c4dfc2171c92a1a96010e091a4
87 32 0 1500 60 128 :ecca4d05c2d782295a0353402d886805307b38df6a566d6afd77b0127d8550f8
88 32 0 1500 62 128 :8ea9adf501cfb4db2570cca74ce415c68a6593a0aeb360cfddb4b41d85187cf4
89 32 0 1500 60 128 :0c731ff5b1fd16f50987a03484b58083272c20b0e7c329887f90cafeaf212dfe
90 32 0 1500 59 128 :df0fb3003c82ef71c58734ac8251f84a83d97b2880071f5cc7a6d5302c17c610
91 32 0 1500 58 64 :3ba42e882e3d49f16319598785ac7ce91fc26823a534f8a6044316a6356d1a69
92 32 0 1500 60 128 :41d43f3089469b038a0e60dda5c3421b009167a10c109da3802187f2ebcc8805
93 32 0 1500 61 64 :439b7c8f1451b178efd6c7b08126c5a0092b168441479c5f3d252e0136c237f9
94 32 0 1500 60 64 :c62aedd6f90a818b34912a5160d1c7259d05eb412c11431afe38a59b2f174156
95 32 0 1500 52 128 :b58e00b291535475a6d5e73f1027e737c89e8cd99b22c5c091c9823b6dd17c53
96 32 0 1500 48 132 :d3ef6cee62b69bcf853637b2714bd491412df6dd875cca21febbf1d4925c0b94
97 32 0 1500 53 128 :ad3a6a821b895fbe7bc7451edcc3b430d9e03fb212948925bec4adba44bc822b
98 32 0 1500 44 64 :1c00a24e6ec5fe6d4be771edeb22dfd3687b027083c7f27d342d72119149b490
99 32 0 1500 45 124 :79df0cfdc533ebd334b2a6bc8adc2d0d6e67ea46ea6271c9a138169e685755f2
100 32 0 1500 46 132 :74192258be2699f482cd2788781fcebade351c7e60325439b9d2c399e8209105
101 32 0 1500 50 124 :6e60b2087d8a02f2d230a0b29e185a903274dcb10a2c527977e2c800fd0478f3
102 32 0 1500 49 128 :0d824abde369a082338d14b02342777b4ce33a96c8f3b8047e0714e5215f74db
103 32 0 1500 50 64 :578c4d41d6c8e3d3cd04ebf95e7af031e4a978edef59fdfc8a4087aa8d3d82a1
104 32 0 1500 61 128 :b836bae113c6842746d7ab3bfb6be582acbf16a8d3c03b5bbc310c62d1459ad5
105 32 0 1500 62 64 :f985790ee66fc3fdfa30c151801f1ed353bc13101f50dbbc8a17624b62c4d913
106 32 0 1500 63 128 :cc8d3c866b080058b7bada977f6c55098860e11bb92d521689110634d1697b8c
107 32 0 1500 61 64 :8031c6af854ccf2aad82e99f01072256922719f90ddba0c16f0692dffafaf6fb
108 32 0 1500 62 64 :4741e8275064c5fb6704baf88ad8a1812970f2f3054df0337f7fd866d6d77e83
109 32 0 1500 55 128 :3c22244f96414092f8cb091f1ccc147c4fe25e81062c6f60367a02fac9c85c14
110 32 0 1500 51 124 :0c9c3cfbdb56466378ed6b61c81910b361cd7582e7d100ec8a59fbcb5e689434
111 32 0 1500 44 124 :26a298513bb0d2320450eca3a4787eb7cf74c6ace88e091e59482b4907a08501
112 32 0 1500 53 64 :ebf6d28a062831b736bd99d6bbaa0267b69c1660e5a85ded4dbccc5296ccd2e4
113 32 0 1500 47 128 :8d71ab4f38ad7927bd7c75087291a782745222c52e723dba81637b6e070998a0
114 32 0 1500 45 132 :5111aaf2cbb5a4b4dace0127e0c2b4304e6bc3845a5f24ec986b065e6e713743
115 32 0 1500 57 64 :5c64d937f970e8503e02a7b551207517fa5e574eb8307ac6d1255ca97db8d64c
116 32 0 1500 62 128 :f7fc1c1230944a9afb9bf0d03e94fd0d7e42f03728e9a0f57d42e49d5291144f
117 32 0 1500 62 128 :c185a82e83f622279c6f64dd2b48e164ce4ae4ec5b464e90cd19b5c3c769b654
118 32 0 1500 52 64 :53f71af58a67fe52835a4879cde0e3bfc4b47cca1cdcebf38a4a19fe955d5aa5
119 32 0 1500 54 64 :c8222d98aced029f46975996aec10c7567374363bb047890d06698e20af76d34
120 32 0 1500 54 64 :8302b04a972d202ade9f89653fc8a419e50ecae1a39219b13e2e7b1c15e607b8
121 32 0 1500 61 132 :a51b8f5a03e4fda53c50c26957cef177c4537b44e2b92982cebb06bc525c5fa9
122 32 0 1500 61 128 :dab3bfa5b0aa071e10336e9afcafb2d187b2ffdd5629f2b23907fadcf31749aa
123 32 0 1500 62 128 :cb025bd9620e6181325886a6185288baa918b80a8e1483d8b1be05f656fc0f67
124 32 0 1500 62 128 :e31ca58eb2d5d4f2752a50b2c8994cb2470008a1bbc3a2a75ad8c93af55791d0
125 32 0 1500 61 64 :35509424304324db88c785a5da8815b66d90393b381895c3d5252b19529ac4da
126 32 0 1500 58 64 :f8dfa6abfd80af5d461ebbd68e130c33b6a55eef7afe6de452de443228577823
127 32 0 1500 60 128 :ab71cf317d6db7e4d4eb4ae43849a26af81f672b4a3c645922b428c1415c79fa
128 32 0 1500 56 64 :2a724eb960dd3da29c7da5f0357a9efe50d36ebba250f52cf92f4bdfb82e8d0f
129 32 0 1500 54 128 :bf6a167683b3810af73bc4e273111fe86d300dd42bcfc6be858d99ded163adfd
130 32 0 1500 58 64 :3057d5c637817fffe21b4a80e3dac11c2bf9cee746c1d66a7c48ecef2aa51527
131 32 0 1500 57 124 :975029bf54310efe9dd061c1749f26c6420e352f2cdcd7e5a37605b90c7ee4b1
132 32 0 1500 54 128 :e9f6f1e0084b7fa7b26864d83afd7d300e8d154c5ebe87cb4e74e09a7d9f8a7f
133 32 0 1500 60 128 :21b1cdd0ee0da277ff0bbbfc0110af7ae29d7b3920e7c494c0494824260e1509
134 32 0 1500 62 128 :8bee7245ec3faf782b02ebcca978c33b6343dcb3378e56acbb4eadacc2448a3a
135 32 0 1500 61 128 :1be0994175ca8a643bac6cecd6ae5f03d8a1eb071487fc67fcb6c990353e6507
136 32 0 1500 63 124 :d33d00cbd0e1713fec5d028d8ec36a3031f65721d57dd771cf4ed5d7d0169f96
137 32 0 1500 58 128 :d79282483e4585dec9b2a912be5f4f7175ccd4a7b6409f4433d3891666de5cca
138 32 0 1500 60 128 :19c4685fd3a11ad2bc6f71c27c95e02eb4d58a7a4040c6a57bc2534a2900bf6b
139 32 0 1500 47 128 :74f6a639cbaa820866729548fcd5107fc8d3c2d63bd50de7c60fa0dba2f1aaf4
140 32 0 1500 54 64 :fd3798c678be4b3ccf41407e669c406cb09ede14494f21b809488bc9281284e1
141 32 0 1500 55 64 :3dd20fdedabc908fed9b1da3cb9de2ef53cb126bebc63b1f937d8741b99c1abf
142 32 0 1500 52 128 :415248919406ea05c77aa33f31b3ea79bc59b8f66c8e845ca2adc55a97a96b45
143 32 0 1500 60 124 :5aa8f0cb6f542f41ccc488ddc5f8734ea3e7c6a05d6d34d4063254e846c65b36
144 32 0 1500 53 128 :81c34b1907a43a4f725488df93058e5e3d8384b6d15dc3eb4894c6a12261b97d
145 32 0 1500 44 128 :5b287ee9e6a3a45d41fa5ad1b0ab57b8651d144bdaa6e27e533d217cc0b02f88
146 32 0 1500 51 128 :240f2e2f04f4d2ea6bb1ea8750abfe4a0faabb6a1ba7f7e3c5ced2d1811d74e0
147 32 0 1500 48 124 :7a4bf8234804893c5d9e5915a6a5cc1ea0d3212f6a0eee2b7d9f1561ec38c36c
148 32 0 1500 44 64 :0c0476ff9ff6ebc6e8dc99c6afd54ddd37c59c2ae0642e24f287a587e2d2e1cf
149 32 0 1500 46 64 :6467af2176d4b3f01e20ee413eaf55d365f5dc04fef9cb08d6d099d3b1e3dbf5
150 32 0 1500 52 124 :42d204f45bed34ac2096a2765a2ec14b48925d90447fcc64afcb45f093f53e7f
151 32 0 1500 51 64 :e2aef618bd6cf3989e2e7e75b200942f7f3039b8a246c44941845fd5eea99992
152 32 0 1500 59 128 :59d2748e0200a01c9cf5c87fc463d80ae9d269efa160e7395f3c93a308325ede
153 32 0 1500 62 128 :d3cdc59a083a5dbf0d50e30bd4e1e3ecbc2a3882604c9d3e9154161c7838c203
154 32 0 1500 60 128 :4e7c361e54a0a432daf358b3e9e3f8ce81d7e675ef64ab6c361d5b962a73a0b2
155 32 0 1500 62 124 :88f3f5a66b9fdbdf92c86d7f0087f78fc0843951d72802f2718d5b825bbeead6
156 32 0 1500 56 128 :2104d25adaaf5c2bde12304289db74b767545d177563672f845728a94e27a711
157 32 0 1500 54 128 :489d3006f39a2cb0a68f06fdbd9d97222eaa9b20b130ff81732198869bba913e
158 32 0 1500 56 128 :52fa644d6a657d7844b2b36356b8ac0a40150ce2502d021d4684bf80c4324998
159 32 0 1500 48 64 :c674b8e8134f18f1e70ffb1945210d1fdfb463d14e696b8d567dec74efef4d68
160 32 0 1500 44 128 :0b03a54f5fec4906c25a89b71e25c93ddd439788cb0482438a8191797b2b0359
161 32 0 1500 55 128 :20302410cc9098688e5aaca7fa76a5be48ebae31ba150b4731b303810ef1f434
162 32 0 1500 50 124 :82ef78e9f5d295cf07f8577b23dcbb68c2f99782324e77e4d060344bbfac4050
163 32 0 1500 57 128 :2a59c4801026f47520e02b241cee4cb994001d6149325336402b989fc4c03c6e
164 32 0 1500 60 128 :c058ed47b7b87f7bb06e8e975689f6cfb2f1244b2cc7df2dcc66b22c7c77decf
165 32 0 1500 48 128 :1d25fe0685a783903102a5be1cb3c5eef8979b7f39f2bc1f14e71e597ca353ab
166 32 0 1500 47 128 :c16a9b4fa675475486dceeffa2635260fefdad93af22ded2eab87133bda923c4
167 32 0 1500 50 64 :33b6a892dae5b09bba3f36582379f246bfd6b8fc93e41a951d0a85d4dba5d721
168 32 0 1500 58 128 :dd55593a4b0e18ae23dbf35bd396c5504d33add1d5cae6c3d887dd95a03b4907
169 32 0 1500 58 64 :fcb15b4c4b51481cc33c5caa0b1d0b911615014220c37e9b3f8e09afcb951cf4
170 32 0 1500 49 128 :0d50317d1b47d50d54ecb2179d234cad1b357bedd9eab4c3defadbae4b5059be
171 32 0 1500 47 64 :644041b8f6ed4002266264f1e77417326eca13e7c5ebb558dfba85582734fdc1
172 32 0 1500 50 128 :664ac730f2854550cceb5a6b9275d87f0e9cfbeb6769073f57c054d7d9953be8
173 32 0 1500 45 64 :d168efc358544728e1c8e1606417904efdd8708c759280229f101ebcb55308a3
174 32 0 1500 53 128 :3d65e0c6a55d5d0d28b884e61594a106697640dec6245e70e2e559f23f345beb
175 32 0 1500 45 64 :595bcc38c871f252f45eaa67c892caf63bb91589b0f91961ccb3720952073a4b
176 32 0 1500 47 128 :20bca2bc48529fd5b3a72db9ad8fb5e7922908a10b6604468a7823d4c65fb061
177 32 0 1500 49 128 :4fd8fc7d4c725e51bf20d266eb1a6a398a8f346af11aa6ad2b7d965f11dcded0
178 32 0 1500 46 64 :e3e275beb2dad2966613989b4fec71d6ede3debe6191d70ad2ee8cb3e212bd25
179 32 0 1500 44 128 :56a786177d090b6ffa46ff114bcb6b6d89637a193b667eec0c3c847256b8e5d8
180 32 0 1500 62 128 :4992fdd6d3110a98577993b5ebfef599ae15af486d802f2dc5cfce144a165994
181 32 0 1500 60 128 :bf829109f930236c67b4a62748128792dffb8e7e78d89bdc38a72ce43f095021
182 32 0 1500 52 124 :3c43fb97e55533c6bac00dcc79071ac28a51b4fa04c71147711c5aacc68e7bb4
183 32 0 1500 44 64 :1fc801cc3000eb180712e8bfde235243b8afc5dd26692cc7db2f255dd0577166
184 32 0 1500 44 64 :ef67aa93e322294f722d2f55b59a55395055c95dd14ab4fa8ea21ada04d5151b
185 32 0 1500 47 128 :6ba613b321f08c0d26e6d7c68c9b96f1e3298de758303b45503467a4a36a23f5
186 32 0 1500 43 128 :307d308f3c2257d72f0a3263550a907160c4224d2192080c5a8ab3c45627ab30
187 32 0 1500 52 128 :f827a0ddadbe8e1148e0948fd7db7de74d1374d701780a2f449fb61b03e73cdb
188 32 0 1500 44 124 :71a0093906d7ff978d1a6c452658383f325e6297476d4e36a70aac9752ec2f6e
189 32 0 1500 51 128 :30d11fb3c851663ab158304caadffc5f62c5498851bd8926d139c238f30c23f9
190 32 0 1500 61 128 :fec899d9f1481dd460f18844a1293718f78133fb03de26638d3bb55a42ced72b
191 32 0 1500 58 128 :5ab3f38e397398a0f6d2e3e668abc64f81c9b6bd2504f009e2ba822248b94cca
192 32 0 1500 61 128 :aed2d354a16f01108a8abb54e61be3730f5744115735b4a7cef1ae7dea407995
193 32 0 1500 52 128 :d74c28120a5ec1da14bd7ec7d1cca99905a45031e528fe589e45a856a30977b0
194 32 0 1500 60 128 :edb45619262bbb51d15a26ca7fe5e002023dc39b3dc9936207bbcfe1eac88ce6
195 32 0 1500 59 128 :54b62fe7824dd5ff4f5c02199a345cb2943a786f6e889d54fd31fb5979b990ec
196 32 0 1500 51 64 :d982d854cc6befc20ca315874409de71e0eff82899dbecaef51a9eebab0cdf5e
197 32 0 1500 52 124 :463fa29ab7484e8f8e405d4e74b6b86548c8ee80ed697693930d13bfffb41601
198 32 0 1500 57 128 :139a599101ebf0f809e657b71206d0a75df0ec9fdf316da8f615aecab29526ea
199 32 0 1500 57 128 :086cb69ca9edeac84f170c25edc19e58d570c55813063f019fcfb7af141d5363
200 32 0 1500 48 64 :cfcfa17d10164fdad6ee199546f3473838f95cf16686c77d8b9bb7f004138b07
201 32 0 1500 58 128 :54c21d5da4b5c4e9fab36943ba9c1be52a2ac9269a14196539e6c74865ee6e8e
202 32 0 1500 54 124 :d7b81a521c689bc96073cc1a2922c66cd06f18fe022465fc3d506ce915d99562
203 32 0 1500 45 128 :0ddbb4f7d59280f40495394c18cd60334019cabda81585f631037275af49040a
204 32 0 1500 46 64 :17c786c913a50b4c85cb747c929792948bc2a124dbdc45b7747a8ca950b3f645
205 32 0 1500 52 128 :0f2ad959d96a5713dd63c4842df46677c6ab2d9a6e88d5083bfd97ff2da5672b
206 32 0 1500 45 64 :a41245d929212d7a2042461f61f31c8aed718537cacc50283ae00a87388e4176
207 32 0 1500 51 132 :83b36bec2194b6f3699266cee5485b089bece2448ed7bb541c0cddbfd03f41a3
208 32 0 1500 48 128 :f61cac1aa3db8d6541d572028bd3fa98a590a237cb7edf90c1312b2492fbffc2
209 32 0 1500 53 128 :f04cba9ab221a6b2e0678ff5771ba4b155ab57e8299c6e50129e2a8a7592ba29
210 32 0 1500 46 128 :4650524b53852e6ee48686aa33e39a9325a6b31f9f2df0b6238a051edc96eb3d
211 32 0 1500 54 128 :ec2405f29697c620b0d00101799d217149593de229549c6a605ab3aaef329593
212 32 0 1500 49 128 :06041c556260883182a39da1e4ecd122bc7f1d2bedefb88d1c7a0544a45ba073
213 32 0 1500 56 64 :b34bb1f38ed2ab5761eb95d4535f4bb553ae86ac92913ed891fb9263c82c54ad
214 32 0 1500 59 128 :0a595802b6a66b948144b7307c295bd6849b33daa83283b85f03fd313e503bdf
215 32 0 1500 48 124 :8a9631dea9281223f85067a72a8fdb02af658f9521ac61ecc4af7415c4783674
216 32 0 1500 45 128 :e65cad1a3a47a33ca8adb28ba658b60785e3fabe0e09ff0f01db4326b2f8ed28
217 32 0 1500 45 128 :8553187ea45fd3a9b534f2fa6758eac12a377d5dec7fa3b1965d80bdc6762f11
218 32 0 1500 51 128 :7be219ef89043f205c40255fc1b82ffaa1cc52a75de15b342774e5f925d8a70f
219 32 0 1500 57 124 :19d8f87e5b049eafb3628b17368ebb935c681ea4f6f27cd4df92aa667e3906b5
220 32 0 1500 46 132 :3de48123bb781e5b2b0eb2ce344ef09ce7b7d1bba7725929ce40a8780ed3ae76
221 32 0 1500 48 128 :6d6ceaed873d497ae4113c2567a9a4c747404e6500e8618510ecd2f4238badd2
222 32 0 1500 48 128 :6504761afb464aacfb80a9220f6dd8de9df0b389b4a6075876372f7c5a74647d
223 32 0 1500 52 128 :be46e09f060daf21f6b0127c4c75361735c379c267669e729161e0e375475511
224 32 0 1500 49 64 :e90252d2bcee465fab3e8ed3a79eb08301f2f2b74a22a5baea6099007b137937
225 32 0 1500 45 64 :209fd5b82c82055dc6b91db371445574bf79ee3bef63b71bb101b7bb2b646d41
226 32 0 1500 58 128 :5c1866eb0c7211cebd2305a9762ef5233533a010c99295f6736e5b6abaf57903
227 32 0 1500 44 64 :658a6697518a8848c9ce311ff83b8df84c80220e6e8d3c84cf2027de4538e794
228 32 0 1500 44 128 :8cbd89b07e2fde5f7fd57ad0f961e7ba81760de338d82233968376fbdd0c8277
229 32 0 1500 47 124 :7190282e080d4b54c21280432395c84a28167cf9f3e2c1f82f7e779c4e21e617
230 32 0 1500 46 128 :abe128952b3aa00755fbd919bbd44f4c9082f53a3cfcbf07adf8d6397b05aa84
231 32 0 1500 51 128 :54dee4897d6a2c311bdc73851411d0bc00954acc148f5fe45539b00ab194ab7f
232 32 0 1500 53 128 :065aa8f068694591c445b83fa307b6783d5031aa6112a4936c1feab2f462e4a1
233 32 0 1500 49 128 :e043b8b1c2a9fd57112f8aa72e468934ae300db462bb2b814a15c02774c53c3a
234 32 0 1500 51 64 :1cfce42dffd6ec0930c2e74bf18877c32e422b939ceea9064da6b76a17520864
235 32 0 1500 61 132 :b29a7cffde9efb7d861311f3f6d437cf922d7a40e0546ab67ad8d3b49965b368
236 32 0 1500 61 64 :b95e34981487a64bf76729e98f3cd1b7fa605fb5d530668829cb7c8b2694264e
237 32 0 1500 60 64 :6fce40de25e845e925305a8668c301bc8454c06dccf83fbd5e7449f78c1eb4d5
238 32 0 1500 56 128 :f5c0a759652e3a0f990203d40ce001e90091157e1c1d88b8b1e0e53122d799c5
239 32 0 1500 55 128 :91f9639ba0c724af5671455d4beb5eba027fefe3bceeece85f89ecce476d9363
240 32 0 1500 58 128 :f79bb281304fe4d44cc560a44d17131c68d5841faa9902f6021317fb2f013ef6
241 32 0 1500 51 128 :f77cd074ff2809a2c4a11b62d9bafbb7a4c3313b1bd866fdab2ea4d635b61d98
242 32 0 1500 45 64 :45a1519ca6de580aecb2a5cb43711ba2fdbbbfcd2f64471175660365da025960
243 32 0 1500 57 124 :23fa88ae2eaf6c54d82d09642e6d5f77d86b15b2d8b41e71d287efe449bd3340
244 32 0 1500 53 128 :8bbcc69dc8d56aff144ad1fa1acbc2394ff80a4249347673a251129df4b98084
245 32 0 1500 47 128 :4e7089a48a9b3515e4292479a6c773e134ad08cda959f7dd13b137e678b76a51
246 32 0 1500 52 64 :40253cc76c8643ae4117853a54324d00b3411bfb8609b6250233ee78030b263d
247 32 0 1500 51 64 :47db2ea1df9c908d544cf729f519525074e00b0248cda295c2bcd96223993913
248 32 0 1500 48 124 :483847387ba822d90bed4643ee9a99461629fb3dda61e561ab25cfd97b960092
249 32 0 1500 45 128 :c6830aea839645ea8975f22595d0ae2babfaf684cd96ea62aec8363f26a18544
250 32 0 1500 45 128 :d504bec07b224e1331a3fb29e423e727e112a48171de28d429010e6cab1a68d5
251 32 0 1500 45 128 :fcba83cf7c05606ae792f2c8beb307bf89d82e1a8825f03966ad6f437fe99efe
252 32 0 1500 44 128 :ae34555fce2c5455cfec2fa91fffa449a56498e30e465fb0c8fb8add2111e752
253 32 0 1500 45 124 :43c98a1ee9b7de22750422d66f9b162705806e7dc116ed532222e3b3fcb4a969
254 32 0 1500 44 128 :a2ca9e4e5a200b357fd3702dad34e7645652df81ac7e39c26c5e71147d570fc3
255 32 0 1500 44 128 :3ea13afe22f69e7bf461793c92952bbeed8bb9dacb933b397663bd44bd994406
256 32 0 1500 45 128 :2a4668bc3606877293f623ba8e1880de1c83261a3881fdcd18c502793c906ec0
257 32 0 1500 45 128 :f0ad3e6c033dab190292d1c8e26eff9c512fe5279fee4b9733b6cb313904e824
258 32 0 1500 44 128 :38aca6905e20d0799b152b182d1ed63761159f73467d31b22cccae14643a527a
259 32 0 1500 47 128 :d6f28dfd2e9c1b46c8c64dba9fb0e2f6053f3e2b254bd65ae08a61460dc1c1d5
260 32 0 1500 48 64 :e25d6ad5ebf029d96b2f73575ba771685a2d9388e649b8bd72dc77d0ac173e8a
261 32 0 1500 50 128 :5e944e38a41fbfb39b5e668c12bc3d4e70a2efad8ab50bac44ebe1b369a58930
262 32 0 1500 57 128 :657d594ec86653fd9375382352ab1e161341ef08fe5b521b62fccf6545891568
263 32 0 1500 52 128 :3e94fda926cfb280a8055bcea830cf978cc8503733737174bf7464bb5a6bd941
264 32 0 1500 49 128 :d7003d8a3db9fadd9441771f3c44ee1765b7c3db944a5ce15b872fbdb815ae83
265 32 0 1500 44 128 :f75d40eeab6e8b4160612ff6b981811a09a0287e9ce7273081b9c260f860e440
266 32 0 1500 46 124 :3e998ea578b14f58a6f0204bd836a46d0a6202a109355ccb3c27cb0079abccde
267 32 0 1500 45 64 :12a2a414402a5c590fcd7d14018822cf0e4ec07b3b3286ecef780b135c15583a
268 32 0 1500 51 64 :c9846ff6f6b712710a54f7e6c5fc464fcb14b8e786a9213700bdb2c46e2e3616
269 32 0 1500 62 64 :6aa793c25c4ddf212fb4019c5391a2a121d9cdb74516d68f49926011f49e139a
270 32 0 1500 60 128 :85771b58ba996fa59b005bc96eabe5ab356b649fd0a96c4c852c7d916e55bfd1
271 32 0 1500 60 128 :c75556b22384437eab5c6b9621a5caa00bacf14c462a44eeecdf073263e2f1e2
272 32 0 1500 55 128 :468f4ca9f422097c423b1123971b6b4c11eb3d8f70c65e442ef459ae08a52a9d
273 32 0 1500 49 128 :3648413cbe4388b90af88d3bfb0f26fcc24006146c9e5bc9ff4bf175c838906b
274 32 0 1500 62 124 :e388bce0f325cbbf4ee5988ee55e778df177a86a71ef1fb128fe96d68ab47bee
275 32 0 1500 59 132 :f56055fa3e6969f5d5e27e348b1c0bc0dd756a3cb28e670e5db64b5f6e873330
276 32 0 1500 51 128 :40a9f31d5c4875c0f12eb52efcfdaa155aab81d778c3dde073d45348c08b6296
277 32 0 1500 63 132 :c358529a3cbd3f4e17a4112f3e0a3050d91dc5d2215f13d9fa79ddefcb87ad89
278 32 0 1500 60 128 :88a275d24047507cb0a68f56fd76afdd18163ad90a169b6ff3598a0d4d07817e
279 32 0 1500 57 64 :63d0d035bc5ea865e87f4b21fb4e27e35380c755045e71d5af37e776f7cb9af3
280 32 0 1500 58 64 :e84c53995aa42e66ad57ed76135e9bde151b41cc8a1e79ca3add6fd12f7c2c64
281 32 0 1500 44 64 :9762cdec3f9a9352a1158ba238edb602a960c195033739d953b4589c8887bd71
282 32 0 1500 53 128 :3599f91491aa5e02f62e62629ef9673788531f1ab0f380efd9b3bfcafa32ede7
283 32 0 1500 47 128 :6e615df801205400f75ff034cefbfab6d14aacdfcdfdf8068fdf3f1635b6280a
284 32 0 1500 49 64 :1c4c6cf604b6d6c7cd8d473a95d55e5dc685478022f9d502b5eef9d91acac6c5
285 32 0 1500 48 124 :fc52235c4356691a7834055b1b15feb0b401d878a81830388dbe7262fdca2a3b
286 32 0 1500 56 64 :7be0476dedb184812f454a4e8f373939441dbe5385f34d4b71938dd117310f15
287 32 0 1500 61 128 :3673041d6e291cc058ea22b597628ba4aba748a38b7ff677cfbb1473c4c02923
288 32 0 1500 58 124 :ebb78bee2c5aac25e6abc6e673e2adec2c00924ccbb129f5bfbba218ec602701
289 32 0 1500 61 64 :9e7cd0c88a1539c52d6b95c5e573e779b95509db53101dfe9da9ee5a5649ee0e
290 32 0 1500 62 128 :4437b5470e8f2b249f29e61fe5d5cf034824c91a0d4fd57a8837520bcbc68983
291 32 0 1500 54 64 :29bd2d0a13e0ce938d16f670b2cdfa89196ef406b18f3c34295bb50ead4936ef
292 32 0 1500 51 64 :c69cefe09768ad8197866df39b3dbc42b910e2bc39fb5b3c1088d644150d8fe5
293 32 0 1500 45 124 :8a878a219b58c72e3649f5bc48f86112293594a04b3953dfa8e12fc7663c948c
294 32 0 1500 53 124 :645021cc88ff2c0d51995e4548e26a58ee9209efbfef8a6716f5f3c499a3137a
295 32 0 1500 47 64 :dd351228879440ed70e36392d1fac929ff2cd5fa152dff8446a5d54f21418923
296 32 0 1500 45 128 :b749a4301fd4125e8ddbb43bc564e2e5538d4959524f92c08c02617b967e709f
297 32 0 1500 43 128 :6081b6a3b8c3eaad160fc284698d6f16522f4de2fdc83ecb25f53129eb20116f
298 32 0 1500 49 124 :5560500c8ee26b4274915fa27fb2faaa4ac268acc7063f81f28d8f0346e261d6
299 32 0 1500 51 128 :c177b7e24f755f8770a7ced96526437d033a07a2e6a62dc5903aa31f9a4cb3bf
300 32 0 1500 50 128 :8443c0694b8139ed16e5e644b44484295d81dd0de738f17296b7ae28766ca322
