# in_len out_len m_cost t_cost time[ms] memory[kB]
1 32 6 500 44 1204 :8dcb45e6d23143cb84c46865f597fb37b1e2fef7ebb9976ca5f102b76e76030b
2 32 6 500 44 1208 :4129503bcdefe7255b1dc3433c67d92d2fe00426c1631c8931b14d53c4445cd3
3 32 6 500 44 1224 :f24ed44b1923c279ccb92840e6140263c3be04c8b7a30efb20cfbdb49ab4aa6c
4 32 6 500 44 1208 :de9de55e39f0bd5a2116addd36345ebd7eb496d0a8524da2caa495e1351dc6b8
5 32 6 500 44 1216 :cd41567a85d78265f9fb50cfb508b2ad3b38f184f8ac1b93ab58194bdc78dd43
6 32 6 500 45 1244 :c484214334e3108591ed6d41d6ff259221a38676020f2f31b03d2e642d238dd1
7 32 6 500 44 1196 :6187772a6f69cd1c4dde482c26d2a48a22155cb4795528c6c8aa1507b85e7f31
8 32 6 500 44 1228 :44bade396866284cb72ff5146e982d56ba98168245d7de7f2eb9a3e266128a1e
9 32 6 500 44 1236 :c6ebb3e56b7f0f76eea92300e2ad3f8825ed7cb530498e08bec0340791e25708
10 32 6 500 44 1216 :8b7fbec24bfdecf8500d84e27a9b19021ef683bd089654b2491cde8139635dde
11 32 6 500 44 1256 :3a8470b0877b80ea2efdf1a71bd3a27b344e30383302aac08b4c5670580ae14e
12 32 6 500 44 1244 :b9bebcf12e32c1ebc146320374d5bed533ef1a5f6964be1afe89dddf95682275
13 32 6 500 44 1192 :2de3ed3fdd8f8111cf887e809444fc7b030d40a81dcdde5d0e83b675fec5652d
14 32 6 500 44 1252 :a27acfe881f59e894205d686ce19b9b311cb8f13cd53a0db2fc05f0e678bb6d6
15 32 6 500 44 1228 :f6ea945b7dbc2e5815265540f1a64e14372db74015d89df5d07ee5b41b0a179a
16 32 6 500 44 1252 :a61468b0553edc1a1018e8c7012440d687d35f0b47c93ec367fd2d2759f3e2dc
17 32 6 500 44 1252 :c6cafd374eaa478472150c2fa7a1f3642b5f5fcb749a2ce2f4cb882515f5a1f8
18 32 6 500 44 1252 :155a07f4eb6e80b6b95a304ebbafbb994df52b7498d7d40a3ae56c1075f83082
19 32 6 500 44 1224 :1aec3f581e5c52631d5038781e8870533927a00fc8f25eb9858d4cef409e58db
20 32 6 500 44 1228 :51691ba48981d348ee7bd9ad50e1f246d08fab71deac5cb32d0a4dc96b866ea9
21 32 6 500 45 1260 :825f7523e84018aefa3e799a8b96fd4df3f225e87eb25409329d192a54ca700e
22 32 6 500 47 1200 :6e4f41f5701362ff6305ac58be814ae9d6a8631f62f97234fd8a09fafb4b3ca4
23 32 6 500 44 1212 :292cc8e5638b1c12afec9e38b639bc6738e0efb751f305de2d48e9de5f0f34eb
24 32 6 500 44 1196 :94e7b4d9a356f07141cf1ef4569532ad7d859c692fa4bfce37631fe325176349
25 32 6 500 44 1228 :206746ec9cb96d057848bf7729f295825da0add804b7d903ee308d1a66437c39
26 32 6 500 44 1236 :659639e5eb0bd31383e38239c9d7b4b7fab4228555c14a7b0cb6d9fbd037bfd4
27 32 6 500 44 1192 :6b49f59fde89f9132f8f5c5a36ff097d3f849b13c92e5128da31ed35ca4cea23
28 32 6 500 44 1252 :ea60922337830a32b17cf223ba5988eaae1a494618065d7a32f2fb378bbf2ad5
29 32 6 500 44 1160 :0686f4f107be79f28516738b80cec9c974e3319573ccee08ca720ab14bbc4083
30 32 6 500 44 1200 :a8fc1e3066a77d70dc2dbf25c62d516626908ab7267c04f21b9d2e6d0c0ecc43
31 32 6 500 44 1260 :98076e7707a0c09f08750fea6d70aac8f20b779f73b2c6e186fcda9c1a6c0f4b
32 32 6 500 44 1248 :5ec2dc0dd176e9e194739b78c26e968dfbd5b919b03fab911641fcb17995ae42
33 32 6 500 44 1196 :69a0d49ef0ac2176b65d289b6531dad855e83e7f6476762bbc74ae8a462ec6cd
34 32 6 500 44 1252 :191fe86a8d309b5f939c683248630f9fcbd56786d3546bcb90d642134da1cd50
35 32 6 500 44 1252 :5387cd939a07e8a842b274c4606c8435afdfc49b16bb8b74618087dad10837cd
36 32 6 500 44 1200 :711438c8e11189cc44f9b4f6ed39b04b1af67e93bdc1017c0893be9bd51723b2
37 32 6 500 45 1256 :83bcdbd92b85e2815ece1a6ac717278d4023926949c38bacf4895aae748886da
38 32 6 500 44 1256 :1d387fdee6350036e96f2865681ae5a3c49eb37f35d5bcefa9038b9b5aa24762
39 32 6 500 44 1196 :31d43d2552ebd7606ba56e7605905b6d490f08f1a7dc9ced9783209dabe818a7
40 32 6 500 44 1188 :e675a673081d8818def146c678b272ff818f1752a2d235e42a8800e8e577053b
41 32 6 500 44 1240 :a2ae1efe66b862a5e547436c4039c1dbd6ee1140cf64e4b9a9615e45ea6d8185
42 32 6 500 44 1204 :41043069a41760afc815dd9d752b7bbc6d065b2f1c2d8678484fa9495f1d7b37
43 32 6 500 44 1188 :9973b2bb2d2b57b66e1ca3395cba02d590ee47e4d32381321f091e107cfc4578
44 32 6 500 44 1260 :d6f81ae469ff770d44475a8072c2944b6115337450c90c6ca220f01875c57d4a
45 32 6 500 44 1204 :1bf9638fbd894c10047cc3d11363de03f3c4e6f0e41ce960876866915c358ffe
46 32 6 500 44 1208 :4bd233630a067273c2889e0abd729e1afdf9e51dfa97e2ae0378927728f4d2e6
47 32 6 500 44 1256 :739239f61c2bd1b6ac579d4d3a77ee132dee311beb148a5be7d93580542dbf81
48 32 6 500 44 1240 :bd47e791345c8808bbeb2ebb16c40a8500966aadcdbc44af2ab64e74d7d83b9b
49 32 6 500 44 1228 :7408005e9fa7dccad06b078d16975e81c931eca96596ceb51e2e97dc3ff28523
50 32 6 500 44 1240 :e9225ca87775e5bb59708265dc927f312b4322b658989526db7f1aa9042a9c8e
51 32 6 500 44 1208 :ca29c977993b628df00d0f4b6d5f56eaa3a682d42cfd8cd84fa29672cf80670e
52 32 6 500 44 1224 :2e9da8abe5b4956e41df96e792e13e6e4439d32951e5143ef42d7b6d8a35d854
53 32 6 500 44 1252 :3a9fdf8759865449cb91362d7c367dd35b2763602125920fde820a8255774f57
54 32 6 500 44 1256 :67d4550857ad4a1e458414e7078644f04f7a50e66929394c0751cde722650f0e
55 32 6 500 44 1240 :a41a71603472adf7ef9f8412ce7470523d0ecc8737b765669fab21b941fba158
56 32 6 500 44 1196 :a3adf5c9f83ada454bcd35e8d2465503ab3f390429cfdb71c3ba3e0547539572
57 32 6 500 46 1200 :3ea13b494ffb62f4ef0782a0ed7689a8c259ef27b6a078085e6c084a00ed30d0
58 32 6 500 44 1252 :10078af1ae95efe926c8efe833c7f606618e72877b0ab0f98af0ce1f96b126aa
59 32 6 500 44 1208 :38395cd3c7c469c4ecfb9c785646f800b2e061ee234cc3fb108c3737123e5b69
60 32 6 500 44 1196 :4e14a943321a62417c08b13cf992e8ac26a378470a98c25876bda9dd5889b716
61 32 6 500 44 1260 :56980a6770f40a28918c430f2599f0ad8c4e6b16738cd84ff7b7dcb18c4bff4d
62 32 6 500 44 1252 :9b95433f796471763ae7a7110d7a4744dbcb03dd03c3fa7738da4f357698691b
63 32 6 500 45 1252 :87f98bd039ec2b5305236e411192e3731513f7620b6d126d0d86429117defae6
64 32 6 500 44 1200 :b9ad9a3746177afce1c0ad3e33725a00efdc1a86cc44e3efaf46e55aa5f1f0a4
65 32 6 500 44 1220 :6c400a1b0846e888350672dc1e9282eb982c2121dd24e9dbbaf6b3b854574c09
66 32 6 500 45 1192 :584fdeee94d99f6d478a88de10dd30f501026d9a80853c2f93112580c1c2193b
67 32 6 500 45 1196 :cb316e8581d820c9de04878fb80776891f44a77e9890f7620b2d520a2e21e2a3
68 32 6 500 44 1220 :e37993a6693109104e4eff51819af6c453d53029a0e688aaeeb51b20e5de7c01
69 32 6 500 44 1252 :9d0e7ce90e9964eb08ab19e11c2d9fb1a08cfb94940de40e3264a6b37f9d022c
70 32 6 500 44 1192 :a2c38d4da1f0b3f5202bfc3cf79d13c730e68c479efa754ed9c7c24502d03d44
71 32 6 500 44 1200 :14b1bd45413c6bd1879c8d94187adfdbcf0d6ba17f75e0d78cf67c0b095cf345
72 32 6 500 44 1256 :80507aebbb120f1a1b148f41c044c9f56f71c5434a955e5a7f02b52a629157a1
73 32 6 500 44 1188 :c118eeb4397572c43c3f7c032e24dfa47e1268bebf2d7f506d7af2d6282ea120
74 32 6 500 44 1220 :862cf6c40fc498f00e8fb8a904e4f3f2d9815dbc96a9dad26cf381bfbe777684
75 32 6 500 44 1188 :bb1f17085cb29a3636883ca55f51f862fafbe8eab977a5a98e2b29e358dbe8e4
76 32 6 500 44 1192 :a677c3b8fc44a1f77ce41a50bdd6e8f9aec0491e96cbdbc62d907795242cc214
77 32 6 500 44 1216 :f90d2421342af186685d4fdb02312b53318fd63f5bd68452a39293adf56438d4
78 32 6 500 44 1224 :ccd7a8891b4eecff42e8e660be5e2c11a16052745b73bc3af1143e18926adf3a
79 32 6 500 44 1236 :bf7923e20cfc7600fbab9805f3e4caf398b887ab8412356628b4a90af8b688e6
80 32 6 500 44 1200 :2fd7686c818d8b477e8922244d3ad1bcd7154322f70b9212d1c42dda803b140b
81 32 6 500 44 1208 :dc358491079df6327704ad790fa8d594e99537459caf858ad64e57c6eade9746
82 32 6 500 44 1252 :0cfa9a69ab83b30ac3fc9aeb15b0e087f1677ce75f4a89e92024b76c4f650be2
83 32 6 500 44 1200 :fd2cde6587a5bb5931457b701da76a12af64a17caff0c1f1b0b742541f98e275
84 32 6 500 44 1252 :ad8d7d0df1cc44a629bafd62551111f360135070f3a77123327ecccba430a23e
85 32 6 500 44 1192 :ad33652014eded11ba71c834d2e70efb0a98e656d32087761473ea3432b27599
86 32 6 500 44 1260 :41225851c7aa1948a084204d7b520711cfef72b1834ad89c8c6b234fd52347d4
87 32 6 500 45 1252 :6f5be41acef5ff85d675fc7a2d28869a5ef87a2ce6552e1e7fae6e8d83869f98
88 32 6 500 45 1256 :6cc085cee5723b513e8371030c4b6c842102bab1bf82a2e2ac095b6aa1c90570
89 32 6 500 44 1212 :513ac94eae372f0f43f9a55ad54ae228a58790c583ebad1768f0f1e527303fda
90 32 6 500 44 1256 :e9cca3934592a4cbfc959394bc6a1d360c9de03446fe92a103f1165d93f27c5b
91 32 6 500 44 1256 :9519210c5702c949d2d5d1bba9ebd80d61dbb2f2c99758bbaa31a95e91402a6b
92 32 6 500 44 1200 :29f3f24cbcfdfd4c3326ea8aca513f7aed020186a6acf074230e5b1c687d702c
93 32 6 500 44 1196 :a8365637a72c40683d2a921d45e12e40ef30aea20d144173c9cac90c0ac7c91f
94 32 6 500 44 1200 :d87c067b4fb3bb8dd63f9ac473bd1e87a6eb87d2d56770d4b4b3f01d7ba487c7
95 32 6 500 44 1252 :d1d462cf3c18a2ddd539f719274cc01bf399dbddde4d2df1724a08098a5cf2a5
96 32 6 500 45 1196 :9b33056f18170e068e8979cdff16c0cfec4478176a2c827de774f9e949738ad4
97 32 6 500 44 1252 :ccc49caf9adb5704292583ca558d2646642e7a164eda485a7cc9d845841e4c2d
98 32 6 500 44 1256 :ca40dad8800f7e9d459a24f9f8d7870dd3d6ad220d124e07f6d1cfaffbdcf880
99 32 6 500 44 1200 :37c29fbaf6d044b244a581d8e3cecb849ae6015e3d4cc8f383574c5aac63bc46
100 32 6 500 44 1192 :df45d71f293b7ac6ef986495d7dd7f11cc63f0781fcbdec87e746a273119589b
101 32 6 500 44 1252 :89c06fcb07cdc82af0433ae9a13c4f7d3b2463a3026a8447cb308dfd565ad93c
102 32 6 500 44 1200 :13011177fb02fa4f40006ed9d55668503e37f9ef6c2176b1549bc49a976d4e04
103 32 6 500 44 1212 :877afe49c351019783e75c3f604d99eb4abdf672a209f9844c7c79ce438498e8
104 32 6 500 44 1196 :2f95e63d50d18675f12a8d0b2178812a9c2a6953133c4a96fa9966493f2df74c
105 32 6 500 44 1212 :59976f1e38aa241c9e39df745f47dd0060eb8e41b26080c7a6c02540debd29fd
106 32 6 500 44 1236 :e67d0e8ea5cd5989d36ee2a8f35f04c2cea84a95cf22def4bc4bc825861fcc1e
107 32 6 500 44 1244 :cb71724bc23757ca5cbadef699daca0c9c284089dd6a5fa2071b9a1111170c8a
108 32 6 500 45 1192 :395f16c2d59dd522757f42c95af6f6d7bc4cd1c7c73273f776f819b90e8dfa40
109 32 6 500 44 1200 :b8b94a3b8c3f6b8c21a2656834443366a63b0c2f89294328f6c31d70883dc064
110 32 6 500 44 1256 :8f4eca8b6b3b9f2b97bc785965d9b25281529dced95255472a40c9b4e551db0d
111 32 6 500 44 1196 :b55b711eab3971d358d1158b90653754f78c76735ac270862ce0e56179107b7a
112 32 6 500 44 1216 :535aa9ce76c9074fdf18ebc86a3a8bcf2dac9e904defab757669599f920b49a1
113 32 6 500 44 1236 :a60ad140714c3d4405ac6609c5de7b26e8ed7e3581fd8b90ddff14f05bbdeffc
114 32 6 500 44 1224 :76b4d0a0e7b18f4d86035e452c5c380b85ba611a2332cd1d320ba119a427009b
115 32 6 500 44 1240 :73661bdb83dde7c6c1503d28e3d7c0ea9c3885963fe4d07ab205241a73152fce
116 32 6 500 44 1220 :66d69e7843e9adb3daf5174a5a7b7ee3e49993226bf47169eeaddd29d3642ded
117 32 6 500 44 1256 :2e33380e09b284cc9ab15b7401794cd060532dc905324ff3ee525a87bdbe5f31
118 32 6 500 44 1196 :6333c280c32541e0637ca60bda13f71ad820410e5478069aaf3dc6fb2c174b79
119 32 6 500 44 1256 :5807ffdf5ebd7f88ddb398b13bbdf0c270f34c3f22984156ee2426d5f189f274
120 32 6 500 44 1200 :44c5aac4fce3b8bc2c6615d53f8c80a676159800ad94710d1d8e2c572e371aa8
121 32 6 500 44 1256 :1b286c95faed63dc902746ca3dffb63f41790e3b20ae71726f5beda963204104
122 32 6 500 44 1196 :3232510bb9354c922e8a6069d86cb8b8ee3b0c4307761e963c884f17f3f053dc
123 32 6 500 44 1260 :2b46a63751c7eb1e21d01cce3ebaa134ca1cdd9bf16ca4d4ecffbabec03edd90
124 32 6 500 44 1192 :1e4b020ccfd72b85954050700ea059922b4f10b65b9b32947cb1e7361e058afe
125 32 6 500 44 1204 :b5a0bdeed4eede86b733f4465e3a83292f569f259f6c09b93ea954cd2aafb5dd
126 32 6 500 45 1212 :bbad1ad564178644e625c2c92745d12b119e7968703bce0c576f1a8bf83bee70
127 32 6 500 44 1228 :06652ab502c94efd14841c6aad6a4b7a407eec3ae02cc3a28f1cfc97264a4785
128 32 6 500 61 1192 :181d1eeda772b4bf226a0bf4785793f081957a143f720327586513539758b4e4
129 32 6 500 54 1196 :1b79f8b2ef0e0e7fa1c61ced809153eeaa1084ed71e0bf37f2448f92555f470c
130 32 6 500 45 1212 :b2304acd57b11701f84e8f462e92ed0e04b5f8e44d0b2a38e904abbbb75307a8
131 32 6 500 44 1228 :9549be90e1213a2f537f07c4102ca977b1d9cbc29d3b1b9f36ef88ab8f45632f
132 32 6 500 44 1236 :a554f9eb004692cf0c6ea8c010a807cb78b41b2da27d25ac3499b3d9ab637693
133 32 6 500 44 1200 :7ed0d503caaed65c15e29478a12c765d0efa947d660cfb52956f64bd16dfb59a
134 32 6 500 44 1216 :dd29dba5a2e296c8fcbc76b5e819defe45609fd588a61e1b2c1471f8a51d2bf0
135 32 6 500 44 1220 :72c9a046d7b04686d4663ffc44ab58f7f00ef28436f3cd239ff0464f2d4c46bb
136 32 6 500 45 1192 :41c4d519d281ed68fc86763616e994bad763f85cbc7b04db74fac56800a36190
137 32 6 500 44 1192 :bb2eb67952c8311824aa0ffe78052636b5af133dddab5e0d8888617c9f5a3618
138 32 6 500 44 1188 :31648f3c88da033774a7f265d9951ebdf20523d5039766856c6f4d075f5f6bb0
139 32 6 500 44 1208 :56dbc29be0e72be3b268c5cbe09a16d79225fcebe8cc24e1d64521e233db493c
140 32 6 500 44 1200 :118baf0bd0ec0485942e04e4294d5a752acd8da8406ec6e5d4cc1bd99a7a1a8e
141 32 6 500 44 1224 :843e1abc180095dddd2052d60992db0d2fea0f930ba6bbc157e575212ee9b1f0
142 32 6 500 51 1192 :1cc7334da8afea1e8fbda7b3af566e0c14664246faa35e0a9f2c1f75f845b0c5
143 32 6 500 44 1232 :22b5f8375ebdf9030b6bbc55488f1a2a371d4142e16fa3e4ccf4e2afe58185d8
144 32 6 500 44 1196 :041afa6d27c822bdf84610dfa789dbdd8e362481df10e3feca005f9078187309
145 32 6 500 44 1136 :07ef5637aa7c6f20655fbd1405c65d5c4f03439daa136f6fc1caeccc6d02c803
146 32 6 500 44 1248 :3190ae55f85cfb0818f6ea1ec4de6ac1054d365fd10ec42f9d01e181f8778f3a
147 32 6 500 44 1196 :913b6f06d2ba8d48d75d613b0c54c28ba8aa5ede5d9315866911a9e560505bc8
148 32 6 500 44 1216 :72177ed87cde6e7da99390e638dd89c50f4ea5361da7a71d5d3da558db266a1e
149 32 6 500 44 1196 :06fd8e4369a2a0d769d3f9ce88487082eb442c8429eacccebddb58a7b56f46cc
150 32 6 500 44 1204 :747c3eb8c2a8d22a36bc2aad5cd155a59b695db4e95a27e7067bf9e4c1ab9315
151 32 6 500 44 1252 :c126867aa6ab96a9a1c72bd625852728d09c1788e83424a59bbe57c5806b3c95
152 32 6 500 44 1220 :4aa0195fdb2e723e6698ae71d5fd3b3420bf780a71495138c24dc88a334c7de9
153 32 6 500 44 1256 :ddc6a5f12aaab41cd539a9489b6f2e596fc114b0f4e8a78914390c8ed4686d46
154 32 6 500 44 1252 :917d91581da190a85f562463ea9fe1fc01ad324e19050a8551286e14e8dd3946
155 32 6 500 44 1212 :effd782cc89f00269676544471ae25dba213c172012eb87abf3e945df5431466
156 32 6 500 44 1220 :fbede5968ffd3dac23778a9e14c64eb67c7e94924c60833995dfb9c10c7797bf
157 32 6 500 45 1200 :eeff10462029ac3382370e5a85c1172fd3f35e29ee939aaaf0c64dcdecd0a8b0
158 32 6 500 44 1196 :9b40c61b4e2fa67bee475616a5ff0eeea5424bad4a673c785ee523cec7386273
159 32 6 500 44 1200 :f45d467d7e7b0630041bf0636a75ca6eba712a2033516a5b36471023c50cc1eb
160 32 6 500 45 1200 :1b22455ebc341af8f22eae6371c060623bc358659a79e3d03d3b1442fa52de55
161 32 6 500 44 1220 :43f6508d0c15e53e5504df90aaeec2d7de86e5bf942f830353cd6f24d0ccd21f
162 32 6 500 44 1200 :a80d498956f575f11fd473f88b183a4de81e1966a477384216429fdd9169f98c
163 32 6 500 44 1200 :95934d5a25b5b72fd979dd0620fe4e681bc5041e068bf14f05dd22a9aa8c03e6
164 32 6 500 44 1200 :aa5e555889125c7166ca855c464d6dad2b20f92df1a610091476497ea1b94f33
165 32 6 500 44 1200 :ab98fc95d7eae403ef47ae4946cbba52e0b22631e00245bc41e8561d771273d5
166 32 6 500 44 1220 :c609fdfd6fa46fce6d2ac0d1217d2390aa28587cdd061d299712722a87ee2a42
167 32 6 500 44 1260 :de138a20b7dbc2d7cbab45cbbb5a4a7ca4461fda6b844e0cb8003906aae6a4d1
168 32 6 500 44 1188 :7e0d7cbef2cb306fcef25d7094c52caeb42bc5c5f04e0876a9f50d0680068a9c
169 32 6 500 44 1192 :a85425c4e2e3f3971668379a147df99ec4f5abd6fb288703faff1bc8d0761a61
170 32 6 500 44 1208 :a2dd8f1b9db8b4abcac715e1fe2a4a430c3c5d17cb9d38552743065b9aa77c27
171 32 6 500 44 1196 :fc55955ed71e5add17e0d2d210d81396ae107324b951b0c44c4141840027ce64
172 32 6 500 44 1228 :0df4321ab5eb5d22d713f86426456d233389adc78e9959b3d604946230676ef0
173 32 6 500 44 1192 :51ca9513544d56b50c35946fcfdfda4d8974e19f5994c2ad58340c3b827e59e3
174 32 6 500 44 1220 :e81aed310a1202052cc70ce8eb35994a6910dbe462307041c0d5e09a0973e5f3
175 32 6 500 44 1224 :d3efe64222fd83e3690cac18b051d91b9cc41ddcca136bb4dc2e967531c6d737
176 32 6 500 44 1224 :9c30fc9d6f075d908b795e7e446c75ef62f4bae4e1e3ce0f655877e2661e8976
177 32 6 500 44 1252 :0c2405d1d97ded9d135b967303f91a7914bc4d53c6682386ad700ee19c9a80db
178 32 6 500 44 1192 :80cd82a79bc93319aab26bbc292430d40dd974012f0f7f4c85a44e3eb1be8136
179 32 6 500 44 1216 :da83b78679021e6f112be27213aaad3f2220a7c0e2636f6f3f090c43bae79fa1
180 32 6 500 44 1196 :69d9dea70b8f9c005c2fbcae31e46c360d83c054752b4a6906f74f02b1aa75d1
181 32 6 500 44 1192 :18c18a03439702961d9c939fc25fac8368f936fa3495edcd0c61b0cde6ee08ea
182 32 6 500 44 1196 :62c08487054fab52b04a8b35964717e7ceb5479b0310aeb9f596f8c1d949fab7
183 32 6 500 44 1204 :dbe51656fafb601567e7a5411553df609ab07084ea80621943c6a3128051299d
184 32 6 500 45 1256 :4a5c78d560513d291f1643c688336a8521dd9dbc8e16593039cf3206e100e06b
185 32 6 500 44 1196 :3492b2ae0dfcb46264ee26231dd7b9086b7c6ef901de7ac74073deaee82fae2d
186 32 6 500 45 1188 :17fa6782df4152d372dd8190cae18efca1b379fc2d2857e59cc7b9403dcb8278
187 32 6 500 44 1248 :83d9c15ef68c51121e7d4d36a0e7d8805776bbd239135eae09f548942dea9c30
188 32 6 500 45 1224 :eb69a94fec4d66470c0805a23696c5d699a165f84064f7f7324430414a452b2e
189 32 6 500 44 1216 :963d9d45d0cb3c8bd51af30f318491e3f6caf28b0c9cc88b43bdb89f7faf539b
190 32 6 500 45 1256 :9cd3c0b212bc0a00c60f9c36b1d5a7cf0ecbc9f961d0b36161d3d1dc7ed13ece
191 32 6 500 44 1264 :aac3a5ac11107cfe0c3e40bd7ca8efa0e3f12b052cb7966cdcb7d79845033485
192 32 6 500 45 1200 :e5cf64b301439f39201fb36e332067c6f77c5129186463626e53e8bfc13e8d11
193 32 6 500 44 1256 :46449cb85beb8c970abe92475fcbfa38c32ff449de4418406e8db6f1ccffe04d
194 32 6 500 44 1196 :b59e4a4ce8db61a4e2569caeb799d00a3acf6bee956917baf3e7438c2bfeea43
195 32 6 500 60 1200 :b5202a22ded612de00f2affbf6b240ae4c7eb8ce2c4c8ea60eb26d065bf0b47a
196 32 6 500 55 1196 :2049d80719772e41e9df212224d7a73c7840a46c2c4a9b51a81ce32ce0e283bd
197 32 6 500 45 1248 :484a9e469c4a4096727c78ff0a81864972766bb8bb7ce707eec54207758f9b6f
198 32 6 500 45 1252 :715f33f2cb96e4352b3da9b132b8bba5b6df12ad254076443d9d43169968c6cd
199 32 6 500 45 1212 :c67dc3292c797751f4f0bc4d883dda7efea4d961d8f865dd81f1b7620ebfedc5
200 32 6 500 45 1248 :d563248188e0349507f76c68ee91c1358885f87af97fe011ae578ce5d67617c1
201 32 6 500 45 1228 :5b39dec5272e5e43cecd56ac69c8cdaf2308e3a47d5b315fecf46ff204f8a91e
202 32 6 500 45 1256 :f11934e5af4c275902fba08bca5352f203d8246f3a9518580eafc88fa2c6bd2e
203 32 6 500 45 1228 :a9f06491c99fb839fbfbb7d84952760911c064abc476df1d18b9162286d84919
204 32 6 500 44 1188 :61850c7c1dcd5b18fc0906436d3ecb8478b1b35ef4fdd7da58d8f5df8d7c94eb
205 32 6 500 47 1252 :bdb810e72816da4101f6fe7fb73c15c2fcd5f52d082d20a2f9c70dbe56ba6f4b
206 32 6 500 65 1232 :c14684242292c4b83f66db5d8355ee950dbf0c2c7c81f5e7df8266c948030343
207 32 6 500 65 1252 :20d0bedcd578518c84025a65122b17f1f00a78e0c4a90dd985c7dede71af31c3
208 32 6 500 44 1188 :8fe4ace9481f1649608388d06d668ec2d82129b53cdd6ce1bf1e2ef39e46da54
209 32 6 500 45 1216 :8484ce9cd4d79a44fbf24d562727cf8b4428af5f99b63d3ed3aafd013d4e8868
210 32 6 500 44 1200 :0a069c67534decaa0f8ece1c09261cefb0a5456beafbb2d2ef965659082ed269
211 32 6 500 44 1256 :8f8d62328c344c1d05151b1dc45a6f7b3c5d8ff92498b0831654bce8c5edcf0f
212 32 6 500 44 1208 :a3e60b92811f7c4f5618fd1a57d1289166dc07db52bace407762fd3f3c30d6cc
213 32 6 500 44 1236 :f51c0073227ac217015d1ae6c66c0c6763af1be8c3903ac2f7e901ce9e27a06b
214 32 6 500 44 1196 :9a8d46ce1ec88f6426992146c6df2239b777a1dbb66b263fd8e40c120c3dd546
215 32 6 500 44 1252 :c47e281601340ad0278d682330e375eaed016f523b58a0c1ff1c4550d881954b
216 32 6 500 44 1236 :69606844f84c3e7d0ed4b39d96c1ec2574e518008792dd3e3621b32a30eec65a
217 32 6 500 44 1200 :722c92900632a1df87b128df52d2b9a3cb58e3669105135661f10ead916b74db
218 32 6 500 44 1196 :1d8b24afac1391ac85d09e94b389be502d8892ece4140b4cc8b796c4625909ac
219 32 6 500 44 1196 :d13151dc801985f434a0fc128e78a43a866784fbb9083836357926d426e4601d
220 32 6 500 44 1236 :78a2ca28b3e9c01131f17ae38d37695d6e2e8f42d67a8ca068105ecd8bca8123
221 32 6 500 44 1196 :6c469f9b1d4a1ea33bdd3fa1144f2ebd5b26879f63cbe5bb67fab072beea1bb9
222 32 6 500 44 1196 :b3d9bb2dfac5e025ae87ccc24c9c3207b79bc809c9adb8dbe02ce72b70b32a18
223 32 6 500 44 1212 :fddf8c1e96aa577c4393a2fef0c47ac595ac149b676cbd6d61443a3b92afb648
224 32 6 500 44 1248 :66af2f378ffaa675d2a581759a41bc557f654c4469b76165031f1bb12c14bafe
225 32 6 500 44 1220 :49e991e6c919810a7325f64f816bf0889e72a127079090e70478ce6f9fb2fcc9
226 32 6 500 44 1204 :9f11ff59c29d45f2e6a7ac5681cfab85a8b2df8c22c88032224ba10ea5b646cc
227 32 6 500 44 1216 :9f4358f5f0aa431e38808b601394af6ac0ba37b1f3cc97da66764d61bc220bde
228 32 6 500 44 1216 :c93d3dddcfc3049981db787f1952386df333cbc3f97e03c47f779f1599c847bb
229 32 6 500 44 1196 :25be170505cd144caf312ccf1d81235f5aa684806d568664703fff64063413ef
230 32 6 500 44 1196 :2f379cda077304c82048b6aef93ba405cd830ee1d54cb80130a3ffe8581b10a3
231 32 6 500 44 1212 :254898bbe4e2eaf6267d6e8d26bbec2f73d469ef999b5a9360f77a8bb4d7c2a1
232 32 6 500 44 1256 :474ee9cf5fe2b58aee1b563b9a8c9b29aab2af945aead22a96e1b2b36918b68f
233 32 6 500 44 1204 :eba966352dfda47873cab853e28d0f44cde1a62ff55d9e2578cb34c20e2fbd32
234 32 6 500 44 1220 :fb8199f673454ece8343caf1ebf50be2d7344d31a77bc18f9008b215a1c634c3
235 32 6 500 44 1228 :4fef95f0c32ff45c0155310b2b46858a0d617cd0eb2b3debd571dd4beae316e4
236 32 6 500 44 1196 :55624e6622ad59699c82d522078477c97004604396f92b735289388fa29638b8
237 32 6 500 44 1200 :d5e056cac088e00262db6443a6abdc545917881e82355b9cc7ab265bb33384fa
238 32 6 500 44 1232 :25c79f8470e50078b3f3088abd87adb5d953e0de3d054f6158b8ba3d62df9f32
239 32 6 500 44 1200 :143e9dbb2cda6506a6012246eb58c7acdfc32d677c4ae454c9402bd6e60820a6
240 32 6 500 44 1192 :6acca96f2c64136971aaaeb5cd8e46d92faa3a0824f9a5e5b294c1ff447e0d89
241 32 6 500 44 1252 :74c106607ed0c616311a1e6461af0097eecb7bfe3b5f54abaf9353aef0e36ac7
242 32 6 500 44 1228 :fef91fe483d70b280eeda1557468d87711f1a4fd6e0668720b81351f0fd6be02
243 32 6 500 44 1192 :a042e0376df7268ae1b9b00bb7cf32978767b85e475273afa700b4e77aad25c0
244 32 6 500 44 1196 :63cb547f6480b54e9b705c515955667ee75a1dcde841f9dc1486d216c6346a7a
245 32 6 500 44 1196 :92268c85688b71b450c49e5251aeabcba52ad6e57facda27cd316d2d4c7eeb4d
246 32 6 500 44 1240 :542c22a53c3e26e97e8d9629288d05f7b86f703c3cf3267cbfd375f5f902d839
247 32 6 500 44 1212 :b14ab01e219f55d1d6c6af86ce0fd12af5d4848592b9e0d4e46a7291d5a5f31f
248 32 6 500 44 1220 :2cdd14de41e823cbf67966790ceb39a35fd3947766e0dc462a1d3e9223e63f29
249 32 6 500 44 1200 :53bbeb77f411b95ab3cde5cfc0e733149bb4e220198c7141f2269debda7d65eb
250 32 6 500 44 1252 :da524138e1518cc36f7927af2ea7a6ba75deb08cde66737f23b6f685c2e9c656
251 32 6 500 44 1252 :2308609bc7e6d2a9b663592ee437073ae210dd25743acb17066f92ab5d4d85b6
252 32 6 500 44 1216 :9e55d1f618481543e4989bcf862cbed6c2320e409f75673edb9a680476f1be29
253 32 6 500 44 1244 :5e43a4db97ad09586bc6989303df5775ad342c37c50003fb14dd0a7be71be248
254 32 6 500 44 1224 :0f8110d1360539b5d27c06fa20dab6b802c6952b3736526f70b9da6b4098a218
255 32 6 500 44 1256 :785b54b109d9d80907221823a0044c450a8c19c79f5b1aca7d4016d8c4d377aa
256 32 6 500 44 1200 :809bdd56205c273299e542ddb18d1ab2f0440303ce7d83b87860f31bab2bf03b
257 32 6 500 44 1220 :3c783fe1bb4e298f09824f5dae537ac57655b5245ca0ea92c6a03832770de952
258 32 6 500 45 1200 :0818e804d4dd4ffff1a05e07b81cc81e600e840c360485bea8681f4333c6128e
259 32 6 500 44 1252 :9afefc6f1456578c1025596c9dad1767eaa853076e048b006f6267d7d7d6eb72
260 32 6 500 44 1200 :0c4e1d99dbdd14b8a6d4a1a748a7c28f3516797b900a893310542c81a59053c5
261 32 6 500 45 1232 :f77248bc70ebefb1e16fdc8678c83ec53bead0f76fedc1146f7697a1c8918ba9
262 32 6 500 44 1196 :f397263fc58da6ac955f85c4b920f0fd71f5a66b9646f026f62f41f49c2f458e
263 32 6 500 44 1224 :1f75326524fe22ebbc09352a9d4b7c847d4ad71749449f6aef76a9398cd5abce
264 32 6 500 45 1204 :447c462ec026845fb85202c1521f300bd1a77562df089a39841d0cb66f3dd496
265 32 6 500 45 1192 :33456ae2f53f20d96b5a4640377273a8de42028cdd272bce0278a6a00f572132
266 32 6 500 44 1252 :2530aa34582c5161b008a2332742be693b475d87a7a9bad01296feb167ad6264
267 32 6 500 45 1196 :61eb84337c7cf424b7d8c680b37f307ddd8ad261c68f17f0582692b022fff6e4
268 32 6 500 44 1196 :ccd5545ddcd8b83016a768c41ea9bf8125033cd5203848ccfdedda2351d1063f
269 32 6 500 45 1236 :421cbb41b6a9b105a75085197fc79c73b59128cac4dea8ce62e12c113fc26214
270 32 6 500 44 1192 :55d609501050be4db01800ded92c694b287826d91d3dcd38bd7106cd792d2920
271 32 6 500 43 1216 :956ba00a186e824985822634482b5309af12103e1ccb03b209080e7e8b964dae
272 32 6 500 44 1192 :52aac57b41f8d1c9c7b31577f07055ab62f31d1b5446a5eb517e96cf9d096931
273 32 6 500 44 1196 :94957a5b418701bd24f79faffe5f3a69fb4888b1f374bb72afee5315e66b4c07
274 32 6 500 44 1196 :f17eaaa790dc76be4a56fcf767e3a759744770e497423a6449faa5580bee4e3b
275 32 6 500 44 1196 :6cdc192b394f82d1bc6ba3f3b87d031a069899ca5d4cbb9f1ffc38e065d44239
276 32 6 500 45 1252 :f304d1efcbc294c9f2928bc05b2c606248a0f934f824c85b0085595481da5b1f
277 32 6 500 44 1196 :72f0a4f97ef721650e95e54029207e17fcc69fa7ccd0cce49729eba58bf77594
278 32 6 500 44 1196 :1ffd30bdedefc48c4c6dced8e9e48e626cbf1c893f2493a76527bb75f9f49cb6
279 32 6 500 44 1212 :1080f0a83d784af6935c901e423544238b4236000542fab27457212a7344f983
280 32 6 500 44 1224 :8bbd8e5f657ce80dd213f93631f1498e7e1a60fd186fb19fa200ff7deb0a53b2
281 32 6 500 45 1204 :a07c6bbf3af99c326ac851a16cb741f754a96baad796e364a781a5600b3efadd
282 32 6 500 45 1228 :fee862bdaecc1f052de86e413df2acf25fb700a0e3319ba5f32c6ab9125d984d
283 32 6 500 44 1256 :14eff7575a78a67444d494a6b21903d56645402f0c41645f9babb99fdd3d87e9
284 32 6 500 44 1252 :231ef80d3ebb75c92bd430744dd464f2ba6923ddfe342b32e04cd475deaee953
285 32 6 500 44 1188 :4a25d5f10c565790a6f3fd35c4685323d70885400a19e0bb21eb7699772359ad
286 32 6 500 44 1252 :cede22178678868368004c41a54a4552161c11c5943edc4cc749606a8fa7692d
287 32 6 500 44 1188 :ef0d6d31547dcb9788cc0e3bcebf50573385ca8a25356b05276ad5dc95e1520d
288 32 6 500 45 1196 :653a7793996a431846b85b769197e360f002cc2501ab1a6cd1319522a077c9ac
289 32 6 500 44 1216 :a08ce3fff707b728721abea9a38c44081be3bcaaf23c88233e09820f3246b1df
290 32 6 500 44 1188 :edba5b68585fcda31f8ca1986e7b0a6580070fd2c67b4ac5cdde273662251257
291 32 6 500 45 1192 :5a1f4edf6124147092b3c8e375d46deb1b0f986ac0b7f3132e35fcb3391d561f
292 32 6 500 44 1192 :4a5a7f007b826cd1e34d7e8cd45a42627e689546c76793856a738f05f2158b18
293 32 6 500 44 1244 :45f8932116221ee55c261fff300c0c7b416a6e1823df9bf836e87d974cac9912
294 32 6 500 45 1256 :6268c17f5bd6465e0019ff0e07d23d98984ba105c88b2818311961381d4aa8d0
295 32 6 500 44 1252 :8ee8a7b64cfedbe9c3ea56e20adeafdb3e1894272e9f5af0509471fa14accaf7
296 32 6 500 44 1240 :e28e66d249bcb38d4f66934ddacb7ef0b6151dedb3132130af45efc4c178353c
297 32 6 500 45 1188 :c813785d544b8ffa4695b7ca7cd8f32e3b25f5169a441299980def660087c2ae
298 32 6 500 44 1228 :f6d2a95b999cff3592045451dd8441202c01731b8187082da258a21b505e2014
299 32 6 500 45 1200 :3e6a240c3226a974ee7eb626a3941fe19233d116acd0c35a521e3225a6fff016
300 32 6 500 44 1200 :2a89becbe487bdcd8b9b8ad22f576b13bf66f929fa158a74deb6733ebd79aaf1
