# in_len out_len m_cost t_cost time[ms] memory[kB]
1 32 10 60 62 1 :23df3ebe2c74004f17bf7fdfece8fe9b7360e635c4bcc0d695fcfbd11bcba540
2 32 10 60 76 1 :6a0764f62485221df26329b3f5fc44a02145b29ce61c4ba491340408869c2d49
3 32 10 60 49 1 :bfe587f22c8bca2e6b576be343009239bb3887417c4c6d341013dea128928ae7
4 32 10 60 50 1 :72c42316ec945b30fcd0dcdc16b95355e37134cf7f8e328f36753bb7ccb68c8f
5 32 10 60 49 1 :362f3332cca136b7489eb8f2095064a45ab6697f87e937c3deace0e6a745da37
6 32 10 60 68 1 :d423ef196f79100142b61aa8554960b5bdd86cc2ea61d9c021198658b7037963
7 32 10 60 72 1 :d27c1751a128929cd6ed6cd3dc2f0d71d451d9133fcf0098872cbb2fff5f38bc
8 32 10 60 49 1 :46493a4ced4c2bf7474d8fb9dabac3f9be7d6991fa0994c7c63307a27dd992ab
9 32 10 60 49 1 :c7f12d75f611b0a602c6c83d710c9d73907d7bcb9b61f0a75cd5df38b5b5d96f
10 32 10 60 49 1 :be7c2593ec723fda10df7b869db7c50615c340e9509bb34764161a8cd801fe74
11 32 10 60 49 1 :65ce8b439ecfb122b9c6137234a652234d4f9dabc4a7e0532603b1295af21231
12 32 10 60 49 1 :dda797082735b60c6dc66bab15675eba5a8c286b7f3ce26051e66af8a0983aaf
13 32 10 60 51 1 :d798d0a7ab1711eb9072d30a8a51795efd8b81c8ed67b01619289154fbe65d49
14 32 10 60 77 1 :6821c7f259c6ea02ab6b7eb0c5e3984f788fb2d3aeec0014aa07f82de91f984a
15 32 10 60 77 1 :aa0a21aab0fb0a18d327403de845c71bbbe39b88e4757769eceeca4e0f004028
16 32 10 60 49 1 :f833ff53ce3e56a07eae4c48a5352922a826dffb03b344b6e9f22a7b37203d4c
17 32 10 60 49 1 :a6f8e961ee67e70b72ada7629373fdc411e52a20cfe260b2cefd72342a671e02
18 32 10 60 49 1 :d320e074f0489c1e8c216a4cb233139db69a0d515dfe31869b7bc489cba583ff
19 32 10 60 49 1 :2f60bc7f5f4039f0aa3c434d250f80670c14cc9132f599710c3a3eca14d25b05
20 32 10 60 49 1 :1d70bb4e039f3cca5796f9f9f89215f3a42790ec8924227f3f015211ab4c32c9
21 32 10 60 49 1 :f2fa9b1097a73255ad3ded09768d241636895a88e279f5cec83ef42ab97d3fb7
22 32 10 60 49 1 :5ec110b2ce6fbcb0e063df4adc88247eb5a3e2faeee35238d8e7d56726dd2fb7
23 32 10 60 49 1 :7bc2f000230d7302717ec3ccc0cbb10e33ad16f93a9da6b49297dca857819817
24 32 10 60 77 1 :294d12d8daa0d08c90f3ab278d86da2af2622311804ecf84dafb724eb8f1e5ac
25 32 10 60 77 1 :2b1839c335900f6e379c66121e25fe85b29249af1df929def9d7309adfc2b097
26 32 10 60 49 1 :4ad1cc8211a1dc73986f78fef4fb5b809419c3286cf506d50a73c1dd4d943ff8
27 32 10 60 49 1 :3be21421ad24150870985d2cc1f9838c2dcb3ea11662ddd1c0061167bd6a0cf4
28 32 10 60 49 1 :1816785e24738fc2fdedc5fb73f163f966b5e5680b071321fe06f0b01c5c012c
29 32 10 60 49 1 :345214b91c796081227a15431abc5dd0d5ce5e8ad1018bf48ca00e106513d89d
30 32 10 60 49 1 :514fc4788ef182105192d596dd1884491e57609274e37d2fe106a30a7b0a144d
31 32 10 60 49 1 :a731a0926e49b9ea4cc5ee70051364221fc5cfaedf03349b36212557ced04d61
32 32 10 60 49 1 :c8c8e00f38fc87d79bdea21b29f085855b4966a8d2f82879cd6f4440b9699691
33 32 10 60 49 1 :c214bc904c3fc5dfcdaae5f5f0e08b8928a2d9bc303ad86c65a61fa4d6ba786c
34 32 10 60 50 1 :e9f9faed7ed09c860db864001de779e03f5cd55399167c490de2e26915778a8f
35 32 10 60 49 1 :b62dc22e503dca6e0db3bb0dadf9c96a7faae35b53d20c52b4ede944e3d1c1e1
36 32 10 60 49 1 :3dafb598d71cfc560f2db33136fe96a9c55da81c3deb4b36863e8edc53d4aa58
37 32 10 60 49 1 :0a283f12ffa879569829db9888347dfc83b39d45b0407b0bdd58799c23bc1db4
38 32 10 60 77 1 :80a1cbe3a4c40e8c8cfe459d4d4d75fad8841ee0e2a0c0bba01492715fe45880
39 32 10 60 76 1 :fd39d6a5f29756e6297456b5d396688e7ffded6b42fa405e0d9a114bf23ace4a
40 32 10 60 49 1 :d92e99a9e9ff6dd18b3ff19a74b671e3a6ba20c128e87ab851414087b835e0c4
41 32 10 60 49 1 :980d9b91e384761e930eabdd4e85e3270fd08606426a6a7d64dd150733daead4
42 32 10 60 49 1 :e980cb88ae51e7e8246094434aaafc51640f0fefec8cbfae3465485530dc58bd
43 32 10 60 49 1 :e1f49c31ded66ca7a7f4a0e6171ae818df93b2a82272bef39fdd7e28e18f9d3e
44 32 10 60 49 1 :84dbdef5a2ef334a74f4aef871015a808c3ea364ddc8c2d908f0d46fb5cfdbfe
45 32 10 60 49 1 :6292782f6ae824bc2f1e7f33d259293792a76688ccb3c0b96538b949060d5431
46 32 10 60 49 1 :8a8c36ce61b288828cfda14b9693b02ee3a8a649d1896c0de3d42bf63256f085
47 32 10 60 77 1 :89d93eebc31f0f56312a8d4b8c224307cfcebd9d74307d5db973a25c4462ac5d
48 32 10 60 67 1 :f157645e9d3492f03f12910a1111179bea78d1d70051d6084531f5d9d0cf8cf9
49 32 10 60 49 1 :efca9954898c0bb2ce7eddcf31c18d62db3c80117eaafa60345be848282cb0f6
50 32 10 60 51 1 :d2225adc0449334e58c9a442da27ac24c72a79ea0685f71d02aba0d81cd601f5
51 32 10 60 49 1 :dfd764ffbabf98cd388368c8a86b9e873760065a8842f041da0d6a4289c0ad41
52 32 10 60 49 1 :a568343f4eae8706f3c4fbc58967a67501742420331e3f1f5e4d6b100585513b
53 32 10 60 49 1 :fffe9b5bf676fd24a9a078a874b4e73b88d3b9c654095142bc93aff8aa4fe6de
54 32 10 60 49 1 :538d5dfba19ec4266476fe4dc588b61bfd84904903233c2c7899591a297aa59f
55 32 10 60 49 1 :f6e84bd070597cbeec478db84fc7d67eaf794f3f8d579d6053594a6318b68c45
56 32 10 60 49 1 :60f749f2b6a5af6b54cc15c07063e45bd463e6ca7880e8e08ecbe0564404c448
57 32 10 60 55 1 :61173d2eca9faf7896de3d3334eb487019a78760de26e612bb6eb786a9268f70
58 32 10 60 49 1 :1b6728543e86df759401292d686771c08ab74549baf3faa3a7125cde4dd9f83b
59 32 10 60 49 1 :5304dd3cd2445b79ba1f6d34b64d9058af8570b58a59636f14887a2496bcf2ff
60 32 10 60 49 1 :faba20942bcce48a876d21df3377fbab3edfaaea47c3ecae23415f9e665ab951
61 32 10 60 49 1 :616799cdd947b7bb33a67f48da2e807f97719d6ed553281236a6c34594e01e22
62 32 10 60 50 1 :3a26ecabb6a70282cc047390e424048fe459f7caa29ca47bfc8f0419cb71c31a
63 32 10 60 49 1 :40527b812edad8f1da515c2546a35f5a7834db5d18b0a7ef1c4bf6289b3c3b2e
64 32 10 60 50 1 :09e5dd656889d2e7914d22c2d6fdbc59cb831b4cfd1ed540f2e9b9a73eaccce7
65 32 10 60 51 1 :2091ba3d8dbac235b96ba7378ef6d1c0fdf2635c9888bbce714416e88885ee32
66 32 10 60 50 1 :c1bbbc1d90335ade0f142d69de91ac08948c1bca2d50744a5e308d779f2f87ab
67 32 10 60 76 1 :81d910f7e91dfa20fd3765623b82c590a4de377a06a346b1ab86a02ad7501670
68 32 10 60 50 1 :032010a6e2eb7a4127db4b60776db6fc1ad5d524fadcf63d8bcf90fd4d90668c
69 32 10 60 49 1 :970138db2c565960716eb5dd4dca8a6e56b0718b34ed3dfe57f4654e89109922
70 32 10 60 49 1 :0632c6e85cd277d28ae80ef4b04317d3352a233a97dae777ba50c1634f145472
71 32 10 60 50 1 :fc2e3374c9e60f4c66fc42385881f80b55a7a8a13f73439086238e245e6bb21e
72 32 10 60 49 1 :70908a4ddc8932637d39a47c8f04321112445598e21eb4597dc3be1c1159b087
73 32 10 60 49 1 :0aed2b75af3c133ed33a8f29d5d69b40996a6ac1f1f372522a72ddf3ff5a262e
74 32 10 60 49 1 :2aa9f434c06ee9a940daf4e0f09303f9a1e1791501a7be91d0428b40474e3506
75 32 10 60 50 1 :acdb69b36a1d3e086df80e8bbfeaac4163f9987dc8826e5f0648a567e863b9f1
76 32 10 60 49 1 :a4955d589225a06922bfdaae571e69202fa024035c3d69ec360918ee1c1a8d70
77 32 10 60 49 1 :8eac937178da3caf247f76fbcd15d36cd0b86e6a2e41ab27469cf20908c67733
78 32 10 60 77 1 :1604807793d5c2723edffc940c17c2edcb0a5ebaf4e70321d225024e2b7b9840
79 32 10 60 49 1 :6ba09302b03c4ed286caf977a068ecd7196128470949436299b254cb95c62fff
80 32 10 60 50 1 :2e9a8984c9efe7775eb599fbc9cc0e9f1d6dd7c7fc01ea810ba9ef0c0494460c
81 32 10 60 49 1 :f782ea1ac9de3caf5e5d619cc8df136be46d15ed4ed2b0c01b15b7163c10f5d4
82 32 10 60 49 1 :760482beb2e3561ca07844c0adfd31401d14e2ab6f1f60dd89ebf24ff84a04b4
83 32 10 60 49 1 :51baeec7ef2ccd5ecbacce49ac1b6f76965c4b3a7429cb6f30e7220cb8e319d4
84 32 10 60 49 1 :8d01a0997f1d1039f0298c29d7f3dae35a083f9056861a3276520ddd43b41871
85 32 10 60 49 1 :1bc8230d2a57b253852731dd9cb118c2ba6db36b886845475fc41b78d84962bc
86 32 10 60 49 1 :d8679c1fd936c3fe8546ce5da9bdd28b8d773cbd87495bd1b74d1a99b3b2c9c5
87 32 10 60 49 1 :495a8d53002b5327a3300f259d256fca80fcadd6c901609ef6f0f0ca5220bc38
88 32 10 60 49 1 :96862693aca63a463670840442bb62913410c9ec5488cb54c8211ab6e1ac1538
89 32 10 60 52 1 :510289522b20d0bf9ff7323146f1022e5917dcb265bf516cf0990f83a305bbf2
90 32 10 60 77 1 :0c1dcb8184d30c6ec81d294fef1c93579a21e05448ded59e1bce4d815762476f
91 32 10 60 50 1 :cf726ba0335b11c00ae24ab4497b3965a746f92373025b6a8a276d0b5bc55997
92 32 10 60 49 1 :5d3d94af253d79be0125c14420559a9a0f79acb71260ee93b9f81d734ac37197
93 32 10 60 49 1 :9eb4d344829a500626019b705dd9ca0e245f93ee5d5f67b480c15aa65be28602
94 32 10 60 49 1 :46e9baaeae304c35c57cf0831ce9b91c497bb0e86c230ba36968cfcec30277e4
95 32 10 60 49 1 :b7e9523b56b9ba72e434575cd9d0fcbf076ea8e266f3db44c2aca3dded65efe8
96 32 10 60 49 1 :76e925e0406be45c4f52e077c7cb25f3d8c2dea34e266c764bed8526dc51ef9e
97 32 10 60 49 1 :00256600826a75215c3a3f91d5479dfee5343a43b15f2c2f2290d9e568c04c33
98 32 10 60 49 1 :4f3edd607b1677117ad1874dc82a6d70826f8c53488879335b1fe1a350837edd
99 32 10 60 49 1 :cdd914c62adb6303ba3eebf1acf007b93d851f655e25080467c2fac3206610d6
100 32 10 60 49 1 :7fb5dead479ddfa3e024914699e7cc01f53ba484673e410153dbfb6fe92c0ed3
101 32 10 60 49 1 :8ca3e4781ffbbdd7dc51970ef787f5a7b052aa3072c2aeaa578f1953d81c7391
102 32 10 60 49 1 :567dcd55bc8c247856ebfd43e408405bd7b44477764ab35dcf476d6327a834bf
103 32 10 60 49 1 :feee99f5179762dd45119e71bf33fdf75657c11c09d0726834d972efc4370de3
104 32 10 60 49 1 :5471e39289b9224c3d86572202124a041ddb30f78407762fab7cff2fd844fade
105 32 10 60 77 1 :d695f637907b2036483e139c1352bf0237c6b529f42c6e3af9013c2f9383a8c6
106 32 10 60 77 1 :4238b16119730b2bf098a5c59d859edc2c60897e605aff83997e34ee7b5591b7
107 32 10 60 50 1 :65c09082d9860a7125ec59518a48c96cf4518b7d9867155e7d65a204fe81c509
108 32 10 60 49 1 :a351967c0edd46fc4f4ba3aa4174a2e3189d8ec59158ef1b248b28b1b3ffe8d3
109 32 10 60 49 1 :18b74283357f1d6e0f37a2e2783adc589e6cc0abb23e2f7459dcbd1719644e12
110 32 10 60 49 1 :7bba0289ecede0e1cc03050abc6611ef4843585e2fae294ddff4d7e9907378ef
111 32 10 60 49 1 :c1235c15074550dd225e463fab532118cb344055217960ee5cc5dc22cd42573e
112 32 10 60 69 1 :02b66d7f446d5a21b51bec8f19bffcd01672704daeadf3a0e8fa413425d548c3
113 32 10 60 49 1 :852c7c3ecc1f63cb93006beb1e5332986daaf9aa7e70638e2e1924276bb13b80
114 32 10 60 49 1 :f8ab705c52da8a54220db4ffa511b5929900de4e26912d35537cf3a02f9f992b
115 32 10 60 76 1 :60c36febe44e2f57a380d2617038979962033f192c427a84f8852ae1bca7ff6d
116 32 10 60 77 1 :fe2aca3ea9361cb8d5524ce9e634c2e2d818bd745609c2d1af55428dd6b12aa3
117 32 10 60 49 1 :f81df5159942f03ae0d9b02df980dcff7cdf22d269aa72c1b8295a5f5c9c4b86
118 32 10 60 49 1 :9e3385f691561d95849e5d42d40953a77ed4aefe9748aeed0fd1da3c3e4dac1e
119 32 10 60 49 1 :df27cb73ee242aa2082d8fa6b45ddc415e4122747d57d6734017d81988c156fa
120 32 10 60 49 1 :a9d6c7ef90b370d967b6918155c1430554a18a621949c191da102f0b27cb7726
121 32 10 60 49 1 :3a6802a6779057aee9a46b78b821fe852442cc744a41f3b0bdfb6ff12a550212
122 32 10 60 49 1 :7e1c21bbcc6cfdc44ba02e9661bc381525593f181f5ed19b9bee98a9a34ce97f
123 32 10 60 49 1 :a9ab6c331990ca64c15412ada03521926a4e3a6af15097fe9ae9f68919f4f12b
124 32 10 60 49 1 :c11a92c4f818bb4ba3d43077829c3faacf4a6ded3a48b0405ef753989ff358a0
125 32 10 60 71 1 :8977c260ef7d6307b7311eb411ba063eb0681ddf32fc22cf6fbed1d22e2c6f7e
126 32 10 60 74 1 :8b1667f3724fa3ab7fc365dcd84f286f3862d13371d5545cc44f470b2f80e1ff
127 32 10 60 49 1 :ff87ffb7dea23b828e2a7c44be449b8e9aba8206df26eb2c78ccd3325dfad011
128 32 10 60 49 1 :64f502f1ae428f27358128d704c8030409decf31406dba247ad3ae4d1551e2ca
129 32 10 60 49 1 :ee587fd129e6e54d75cc54603c3fe5b966bb71aa8bb76ed33ca9738afee63e25
130 32 10 60 49 1 :40a7f96d9bd940afc86196507de85c4600630d4453802f0ab13a3f024dc727ad
131 32 10 60 49 1 :553c810170893d7e0d72908af31f4b0463bdb37084406dbd34395d2704bd56e8
132 32 10 60 49 1 :5d14b0b9a9b51b1e4af46612120472a56f689349d93be819d796e11a93eb9faf
133 32 10 60 49 1 :dd3fe86104c4e1962082ba4fe3ba4e844fe9c4009b8155cc2c7ab5e71555a8ba
134 32 10 60 49 1 :7c335f869f32a0579ba9db15bfed8210fd16929f2d657c40e4735a04a9797a68
135 32 10 60 49 1 :e30556346a577a4dc28c55b9e3077a6460bb741f907cc24b0d434fed683cdd32
136 32 10 60 49 1 :9c58a1954268198aa5b9b277d380f7dceb6672ea07419e794b7756ea089b66d6
137 32 10 60 49 1 :b2d75305731aaba4529c3df967cc2f34e68f64a7eacec47520d8a02198da4ae7
138 32 10 60 78 1 :5624b14e79c7408f4827667feb2f79705184004f13062bc8a93be66348d7f78e
139 32 10 60 77 1 :7015d76156377a18ab0f26e30fce70746e1e7ccecbf24ab8e4f339745109b062
140 32 10 60 50 1 :a22f7b95ee6a057bdf79e675b57512b5ef9a24151be09640aa264b7d4b68b154
141 32 10 60 49 1 :ad3f3b4ea528d42d407b448a099d6ae9135dec56244fc01b8eb2047ae4f4b942
142 32 10 60 49 1 :405b7f1211eca1aa734f3d3d580e702342ddfc4e04534d1479f77e50c9a3e5fa
143 32 10 60 49 1 :d8b9f45084f6ede4b609153c29616bf5b138803b41bb7b66b1f37e83ec42a6c3
144 32 10 60 49 1 :fe04459ce6e6ed6581701d8c0d81b97bebeca07503043193d95471d9d0d4bf3c
145 32 10 60 49 1 :1ac2d6fe0b716a2da6e4ce041a6983e5b739f88e0d22fc5dc12db21021a45cf5
146 32 10 60 50 1 :70c9666f68de1b13505464bf9e1deede09694fc0831740d4e129e44dcb491145
147 32 10 60 49 1 :6cbd8f5e0b51c7111faf26980549a0b674e723fa8ca7d604b9374053e74d1db5
148 32 10 60 49 1 :485798f01e8274e95e6f925b0479c8cd8487ba47edb8b6b0d225c4d38dc5f725
149 32 10 60 76 1 :8582fcf3e9dc26cb7f38dd6f2e68fed8f1226f3f36a25bd89111c7bad33c0b17
150 32 10 60 76 1 :ed588750d9c153251be033299463da1e8dd84f3e5b21ecd66d60acdc899f545a
151 32 10 60 49 1 :35b1b8adb6e12745caefcf02f83f8943b68df043bdc399bde0001c8128087411
152 32 10 60 49 1 :c0054c400f18c310480a08a2172841bab822a171816a44d5b25e9e78c23001a2
153 32 10 60 49 1 :3364a0847bff68ca8ffa03b6622e0ee446290b2f6283cf164bd53e196c8f60f5
154 32 10 60 49 1 :a89740f4a1a516467f76fea1fe07a105f4422a327ff80a229548eb7753ea6ce5
155 32 10 60 49 1 :c7073d173e34977caebd1f179678c6ed2fea9b28dead3ee074af760da93ec80f
156 32 10 60 49 1 :cff115f5c480bdba34e2aab5a3187664a9ededd5aa9142b99c92611767755872
157 32 10 60 49 1 :dcacadb3083604aa9881e193fc96df9d432efd554d0dc91b45e53945eea060d3
158 32 10 60 49 1 :2bddc5549949e250762922539973b236aa4cc2ca5c740750908123765e868763
159 32 10 60 72 1 :caa3333e9c1fd1b5a0b23bd8fc716387c127fa76f269249b12a641d9c2a2c797
160 32 10 60 76 1 :02ef37c703a1c696a81be7f88389870f9e82721468612cd0df914dc7c4a2b421
161 32 10 60 50 1 :e4cfcdb208fbd7af2f4ee7aa36f65d0c5ab882adf7be9296e3ceb3f8240ae58f
162 32 10 60 49 1 :4f6b2d038eed0b1a0028adc397a016938fdc7a90b16dcef6e12ce17490558609
163 32 10 60 50 1 :d06b50be83d90d5bf0b17dee460e0f695cea9e23a16bc750d52e041a0daf3271
164 32 10 60 49 1 :62acf7ad0a57fa2f10294fba323419f88e7a44e7fa59340f3853e6d7f99d7095
165 32 10 60 49 1 :2a8368802a2d632f191b1dd36aaa45a8b4a78f9bb55ae31ceea94b73465251b7
166 32 10 60 49 1 :d12d5331dad7783d07e781b3cb34c8097ca23bfa5fc8a9022f6bea00a58b7168
167 32 10 60 49 1 :0e4031481499ca505e25a5360d7d89cb579a06443a204f31d31d7343d73058b3
168 32 10 60 49 1 :769c921a55981a653d390d5290b0d62ab192e5c34720308c84d052984161ba08
169 32 10 60 49 1 :f4980dac2d4e84e081ab1239c648d195b77ea8aaf08821cea54f905c90b15ec6
170 32 10 60 49 1 :ce876cc042a2a1280fb56f7c960d21fae2106c9bf53fdf31357fc120e330a5a7
171 32 10 60 71 1 :36f745c424947f6090fc942dea43375b7bb6931479f44c7cec3d643e331b2fcd
172 32 10 60 78 1 :15303f1831a4e2175650833d0997f6e0212eeca78bff51905ce59736d1ee4a2e
173 32 10 60 49 1 :0eaf5200bb455eb17b0ab11cdf2b305e20bb89e1cbcb496a33831b09f9491f7d
174 32 10 60 49 1 :d7439fd8c121bd275b06587003fae822f9789e20e7c063e2f4d86ff28e6629bd
175 32 10 60 49 1 :6a0ff963681f5c41f0237bd9ae9b0f4ffcbba7acdc8cece2ca698d19aa3eed23
176 32 10 60 49 1 :6ee6b9dc392b5c6de2612931b5d9abce8328a506b5dde22c02b1c2994bfc28cc
177 32 10 60 49 1 :355f9150146849038c12a5bfa7ea6a6173af22d75c0bcaa4363db92f27356ce1
178 32 10 60 49 1 :6a6bb6510c2c02be744dd09bc131509f3681d265c0c07e8297b48741c1f88f1c
179 32 10 60 49 1 :dace789765b4bf910e3506069363fb1db6a986dbfaf946ba87bfbd292494e4a2
180 32 10 60 49 1 :2e83d8d5a08b0b590990b79ee576ccf57459f2ccbed954c64bfa20c45669f63a
181 32 10 60 68 1 :8937e96767cb9d4f904718415902b9f74f660940cad99c91782d90a171bbd6b1
182 32 10 60 77 1 :005a451a3c7ad02c11ca87d631d9ae78bc85f6bbc440e19595bd33e359050da5
183 32 10 60 49 1 :a93d6c8decd86093f1274fad6237f1f01e4e4b6203abcbf5e9694f88d7cc1d7f
184 32 10 60 73 1 :87044fbaa8b1ecfdfc375363be003364870e2efeb6b2b4590dac532e6b95b270
185 32 10 60 49 1 :f93639a0d45e9f4cee88d30fcdfc811586f04fa5951965c2854d182fb1406007
186 32 10 60 49 1 :a6d85f61b7b5424174e3efc83c7e7f9726266d635ca8c21e1e4725f444b12cd3
187 32 10 60 49 1 :3a6b0224dfb0fe3b024ac3908b2e755703965869cc3c9c8fddc65eb48511a810
188 32 10 60 49 1 :c870f8a58ab3d7918b4676a95f69113927519e7dfe5a9af19dfbb4d97c069abf
189 32 10 60 51 1 :238f6edec160d35a143e37bf8f9f8ddb73dc9b7aedafd2caf6c6db5d5fe53ca9
190 32 10 60 49 1 :0261bd14aad8d680d4a90a0576c32d72079f01193fe04baa761c66a9cdef9af4
191 32 10 60 49 1 :b6ea191734fc49c602c8fe5b7c5a1435e8f0473c7cd427155552976108a43ce8
192 32 10 60 49 1 :88badfe0160f8913684828728b14f16f756326f9b81bfeaebcb41611bd0cb2c1
193 32 10 60 76 1 :3a335a33bdc1066e08d04c6dd94a06db809a873ad50ad0d12c3d65ba4174c041
194 32 10 60 77 1 :847be780720b6b1f27bbfdb4013ec95e2be9cb926eee262c22ffb07ba1a7fea6
195 32 10 60 50 1 :dd5a7b1b1958d1c2e84de1563ddc4c00ade685abf94c603b7ac8bbb5ef31e30d
196 32 10 60 49 1 :79673a2d1583297467d9b13ee12d203c7ab1002179e4f4ca62108300fc42992f
197 32 10 60 49 1 :2cea85e1c3714f9ff824e0c39de3eafe71c2ab284ec39990a1b93ca2df1340d1
198 32 10 60 49 1 :416a145eca79679c0a52eb8432014c1ebdd234a9a710cacf1e7fc7831a285c9f
199 32 10 60 49 1 :75ec6b4c05e9ff014ad817f007c4806742025d8abe0b79d5baca9501735aa0b1
200 32 10 60 49 1 :2ff8a08f793c8a117cdce3363d6956ac96833ad98a498e336db98d9a12ecd9a4
201 32 10 60 49 1 :256a07e5a16a404d927a92be42e43b89e2a274a37a49cd735bc8f437698d60e5
202 32 10 60 49 1 :554663ac43c4af28df76a2f99ba0c4413fbcfcd0ebd56ae3bfb3090614136eee
203 32 10 60 49 1 :e70a70c22c79c341200d0d9b81dcf5c3cab8b28810a22e7ee82feed65af5f518
204 32 10 60 49 1 :84a8a4c653287e142ebfbae154f24a3250b4aeab4a61fef33fb18190c6c27043
205 32 10 60 49 1 :6b8198715da15e17b841f0d8362e9b57c92f298f6f3124fec39e9641fc8f3679
206 32 10 60 50 1 :da28b32c64a9d3c71d67772322038f612f624bac3ec1c188a022caf30b8a58e7
207 32 10 60 69 1 :3a2b1f3d95a35de8216079107c610acb547bd3a7b0b33ad2f442aaabe50f0ea4
208 32 10 60 77 1 :6628c71e1ea1b1ff79b740948378548d0600c38cb39ed66fdde004b3934aa123
209 32 10 60 50 1 :0f24572ad92e8a38549a695fef1edeed8f3f68c9c5ecb9f18d673bb7ce99c1c8
210 32 10 60 49 1 :ac4f8ab1d5514a146eaa6eda770ec25e0a1750e7934a7ab80c5a4f2280174fc1
211 32 10 60 49 1 :19b5b5a2561aebcad1a53419f53649b3f06973de1e60cd4be1736451efa1a5e0
212 32 10 60 49 1 :69fb0257eddca4a0fadab0ae6902ab1ddb492adaf9a1e80459791696b2ed6740
213 32 10 60 49 1 :e6fdb7ed2c62e83154fa5ab7255f7872cf6b5a30bae7c094edb58566d2997d50
214 32 10 60 49 1 :00afe4256c83f8e150f20933a4d6a1721a9b8722fb15a82e3dc913d24e6b7d7d
215 32 10 60 49 1 :d69603b9aedf093e2faffb0cf2c68ebfbf2f931d0605612c0a6fd211c1cfb7d6
216 32 10 60 49 1 :642ee4c4a51ef35b63ec0c9fe1075a57cd185b2c0aba5274354f59ad16cb1de7
217 32 10 60 49 1 :fb7541a72d22110cf19d1859fcb5e4108eefdb0ea275e4c0d1b619a74cffd2cf
218 32 10 60 49 1 :368bc800148611ae372878290eb1282f3052f7559f08c54b1ab9e3337ccd6b13
219 32 10 60 49 1 :7b9ec09d6a70deaae1525def45fafd5dea0ace13c6c054468a83cb4914cedd78
220 32 10 60 49 1 :1f91e034408363f04873ecb3229a6a04a6499e7b59a97ff98120292e10744076
221 32 10 60 49 1 :43aca57fa10b066bf58b24b6d59c2d833f29c8c20084155fa087b6e482a23487
222 32 10 60 76 1 :7d839b5065f05da849e002e21d7fd6ec5a52977403aa5ed1554f41997ffe9f63
223 32 10 60 76 1 :69e6461c1941b05117631d51df081c2e114f1e5ccbd4fe1124ab9223fcc20c92
224 32 10 60 50 1 :3dcfdf37de648d1af8244a9f86ef4318e54d37b348441bc00e1cfa2a2e30e105
225 32 10 60 49 1 :e4f8fef9e6d4d128c6b3ac34ae765ea2c2bc0d5e4be4dfa3020515ac3ad0600c
226 32 10 60 49 1 :2d322cf338deb485d2d2216d037de6808c6bf434200faaef7ff83248f3570d92
227 32 10 60 49 1 :b862f78ce6323d001623dce92502627db294f683f5210efd5630461b50df88cd
228 32 10 60 49 1 :4e4fc26296484d99276e4cedc9f4a89dcd7a2aa3ce5bdae457eb58bdf28956b0
229 32 10 60 49 1 :13c9a50ae8c573bae690839b6425c0e781de5ea0ed2d0cc3fd2a67b025f20430
230 32 10 60 49 1 :d4d852ea84e95cfcfb0b2f776230aed15740cd625e5d6fe0cbdc5db9029de8a1
231 32 10 60 49 1 :62113b713e8a72d9353618a6d2cb69254fe4194f753defb478d0321a011fb922
232 32 10 60 69 1 :3c1b3f2b7b6eecc3438ca4595af52373819b41a1845603c836ebcdddf15e7927
233 32 10 60 49 1 :fe70afd188d730d162a7894f0d0f9e5d7a522a7148e6fb0f7d44d5b83677c826
234 32 10 60 50 1 :3f5f611482d5bc8a02f5d7cb9ca336b8df7ccec94b07984107eefe43e6d0f658
235 32 10 60 49 1 :bf0e860e188f87a84331d1eeee888c7463d5fb8f21f39bd022ceb081c2fe0b10
236 32 10 60 49 1 :556c33ab093b182eac992e20c7746d6d607b92527177b463365688591ba0a23f
237 32 10 60 49 1 :f793326c1ae1842a43e30b9f7535202e4a4509da3a2d1bebaa23ae7b80e9ede8
238 32 10 60 49 1 :1b0e1fa602d641355a9410333096f950e6e47ad62eae0d93ec562d66d6a53791
239 32 10 60 71 1 :f38715de94f05509eb06c630883d16244708b67200b2985fd5daccf18e34e32f
240 32 10 60 49 1 :97d495d5265792a99b3fe8d40eb927a5784bdad39c68a5eca3247d46882e1f19
241 32 10 60 51 1 :88109bb896aa04d455a1201eb01f4f44244095bcad7b403c2ada2883ed2ed2b9
242 32 10 60 49 1 :e54d09a924a589dfd14a58508b4c372d21e55ffbf67f0de1ebbd537c7a4b5e31
243 32 10 60 49 1 :094b9eb7f5c3f279b007e6129c8c1e98cf3cd11bfce16da78f399f10f77a9ea6
244 32 10 60 49 1 :12a5dafcb83f9f2fc39b8cac2d43e5165ef15a02071b40b1d4125658f5ba5b21
245 32 10 60 49 1 :ecc5d32371fe462970875f2b853b4f8470943793f5f69b7e5f24416222921250
246 32 10 60 49 1 :4701c5637a4b5403b538660bd880457c32c641be14c1263a85bf0385f1e22f90
247 32 10 60 49 1 :1dae181c3aff74b7aeca9b1b06b03546a8562addeed080760e73ee6a76508038
248 32 10 60 49 1 :060a1a5a2780d8ad816ba8a8c3b9a139631938fb3df8adb6e035d2cdda62d306
249 32 10 60 50 1 :b1bb64b1f0127fc02c2a49112a75f95d1b66dbabc637c9d6141cf57447bee0fc
250 32 10 60 49 1 :1b5f0ed01dcaf53f7af5134783cb9fae1c4b1dfbfb5ea0ed26f02c0cf76c7591
251 32 10 60 76 1 :731b591be62351f60bffb1d499fec468d6f1f17720e88fa4a462c6dac90512a6
252 32 10 60 49 1 :d2feabd930b39d0e906d42041556483005ed3a5d4caba475873be01e833704ea
253 32 10 60 49 1 :438691dbadbe5024c91a5fb013ed87f02c7d1bd81206481c93245463be1653ee
254 32 10 60 49 1 :4707aa727b412d6d757c39cc8d21f689cba0119e251bdb29fe76150ae9a164e9
255 32 10 60 49 1 :08702b6bf4889fad5415ea96faec2e739dd08d6e90ea019e682201613b33ccfb
256 32 10 60 49 1 :5023c55d5b407e44edc661378322596cb4c54ca9f76da117334c646b72c2cf22
257 32 10 60 49 1 :23df3ebe2c74004f17bf7fdfece8fe9b7360e635c4bcc0d695fcfbd11bcba540
258 32 10 60 49 1 :6a0764f62485221df26329b3f5fc44a02145b29ce61c4ba491340408869c2d49
259 32 10 60 49 1 :bfe587f22c8bca2e6b576be343009239bb3887417c4c6d341013dea128928ae7
260 32 10 60 49 1 :72c42316ec945b30fcd0dcdc16b95355e37134cf7f8e328f36753bb7ccb68c8f
261 32 10 60 49 1 :362f3332cca136b7489eb8f2095064a45ab6697f87e937c3deace0e6a745da37
262 32 10 60 72 1 :d423ef196f79100142b61aa8554960b5bdd86cc2ea61d9c021198658b7037963
263 32 10 60 49 1 :d27c1751a128929cd6ed6cd3dc2f0d71d451d9133fcf0098872cbb2fff5f38bc
264 32 10 60 49 1 :46493a4ced4c2bf7474d8fb9dabac3f9be7d6991fa0994c7c63307a27dd992ab
265 32 10 60 49 1 :c7f12d75f611b0a602c6c83d710c9d73907d7bcb9b61f0a75cd5df38b5b5d96f
266 32 10 60 49 1 :be7c2593ec723fda10df7b869db7c50615c340e9509bb34764161a8cd801fe74
267 32 10 60 49 1 :65ce8b439ecfb122b9c6137234a652234d4f9dabc4a7e0532603b1295af21231
268 32 10 60 50 1 :dda797082735b60c6dc66bab15675eba5a8c286b7f3ce26051e66af8a0983aaf
269 32 10 60 49 1 :d798d0a7ab1711eb9072d30a8a51795efd8b81c8ed67b01619289154fbe65d49
270 32 10 60 49 1 :6821c7f259c6ea02ab6b7eb0c5e3984f788fb2d3aeec0014aa07f82de91f984a
271 32 10 60 49 1 :aa0a21aab0fb0a18d327403de845c71bbbe39b88e4757769eceeca4e0f004028
272 32 10 60 49 1 :f833ff53ce3e56a07eae4c48a5352922a826dffb03b344b6e9f22a7b37203d4c
273 32 10 60 50 1 :a6f8e961ee67e70b72ada7629373fdc411e52a20cfe260b2cefd72342a671e02
274 32 10 60 49 1 :d320e074f0489c1e8c216a4cb233139db69a0d515dfe31869b7bc489cba583ff
275 32 10 60 49 1 :2f60bc7f5f4039f0aa3c434d250f80670c14cc9132f599710c3a3eca14d25b05
276 32 10 60 89 1 :1d70bb4e039f3cca5796f9f9f89215f3a42790ec8924227f3f015211ab4c32c9
277 32 10 60 77 1 :f2fa9b1097a73255ad3ded09768d241636895a88e279f5cec83ef42ab97d3fb7
278 32 10 60 49 1 :5ec110b2ce6fbcb0e063df4adc88247eb5a3e2faeee35238d8e7d56726dd2fb7
279 32 10 60 49 1 :7bc2f000230d7302717ec3ccc0cbb10e33ad16f93a9da6b49297dca857819817
280 32 10 60 49 1 :294d12d8daa0d08c90f3ab278d86da2af2622311804ecf84dafb724eb8f1e5ac
281 32 10 60 49 1 :2b1839c335900f6e379c66121e25fe85b29249af1df929def9d7309adfc2b097
282 32 10 60 49 1 :4ad1cc8211a1dc73986f78fef4fb5b809419c3286cf506d50a73c1dd4d943ff8
283 32 10 60 49 1 :3be21421ad24150870985d2cc1f9838c2dcb3ea11662ddd1c0061167bd6a0cf4
284 32 10 60 50 1 :1816785e24738fc2fdedc5fb73f163f966b5e5680b071321fe06f0b01c5c012c
285 32 10 60 49 1 :345214b91c796081227a15431abc5dd0d5ce5e8ad1018bf48ca00e106513d89d
286 32 10 60 49 1 :514fc4788ef182105192d596dd1884491e57609274e37d2fe106a30a7b0a144d
287 32 10 60 49 1 :a731a0926e49b9ea4cc5ee70051364221fc5cfaedf03349b36212557ced04d61
288 32 10 60 49 1 :c8c8e00f38fc87d79bdea21b29f085855b4966a8d2f82879cd6f4440b9699691
289 32 10 60 49 1 :c214bc904c3fc5dfcdaae5f5f0e08b8928a2d9bc303ad86c65a61fa4d6ba786c
290 32 10 60 77 1 :e9f9faed7ed09c860db864001de779e03f5cd55399167c490de2e26915778a8f
291 32 10 60 77 1 :b62dc22e503dca6e0db3bb0dadf9c96a7faae35b53d20c52b4ede944e3d1c1e1
292 32 10 60 51 1 :3dafb598d71cfc560f2db33136fe96a9c55da81c3deb4b36863e8edc53d4aa58
293 32 10 60 49 1 :0a283f12ffa879569829db9888347dfc83b39d45b0407b0bdd58799c23bc1db4
294 32 10 60 49 1 :80a1cbe3a4c40e8c8cfe459d4d4d75fad8841ee0e2a0c0bba01492715fe45880
295 32 10 60 77 1 :fd39d6a5f29756e6297456b5d396688e7ffded6b42fa405e0d9a114bf23ace4a
296 32 10 60 77 1 :d92e99a9e9ff6dd18b3ff19a74b671e3a6ba20c128e87ab851414087b835e0c4
297 32 10 60 50 1 :980d9b91e384761e930eabdd4e85e3270fd08606426a6a7d64dd150733daead4
298 32 10 60 49 1 :e980cb88ae51e7e8246094434aaafc51640f0fefec8cbfae3465485530dc58bd
299 32 10 60 49 1 :e1f49c31ded66ca7a7f4a0e6171ae818df93b2a82272bef39fdd7e28e18f9d3e
300 32 10 60 49 1 :84dbdef5a2ef334a74f4aef871015a808c3ea364ddc8c2d908f0d46fb5cfdbfe
