1 32 6 3000 60 1 :a6bbec205d9a246ff6a6f87edcc0c78ee203c98d5ea49354f46506846c8034f7
2 32 6 3000 60 1 :3d6940a913f173590d65ffaf653909db367b0e1a62aeb89f87cb775c17519524
3 32 6 3000 60 1 :568804f21f98dab4811448a0b2986977b5876aea5cf1e2117c03dc7592145943
4 32 6 3000 60 1 :48a6b47c9159bd05d474d9c6a7128eff032e5daf6e82023c9c7dc9d778b40abc
5 32 6 3000 60 1 :1bddb7ef2e00196e7749202020731a8cb523bcac5b0b8dcbd4c2d9eaf3ef37cb
6 32 6 3000 60 1 :a03f08b9ee0a6f0f093441487f7bcc772b9575d5e253135e66f61319d90d86c2
7 32 6 3000 60 1 :f1441911daba0706b1e90d371462bea558a985980fd3d00a03ac0893fc2f3691
8 32 6 3000 60 1 :ec1648841a7dd60ea9bc7dc2d80aa2172c54eb52fa232ae3ee2f6fa6f8e1cdc4
9 32 6 3000 79 1 :85e5c983e29d249ef63c4354f5e842fd93fcfd4a896aca2d3d74fe86ae653cea
10 32 6 3000 60 1 :f60426be8e081a99939254c47b38fc691b65895df99c15200a8a1771600856a1
11 32 6 3000 60 1 :713e791f704456dedcdb6475b18bce28e467ca8cba4d5988a77e09c802ae78e1
12 32 6 3000 60 1 :20cd57c5a5d52f49e13361b3bacbdd6f2f08d4d6be8fd4974453915a26f04778
13 32 6 3000 60 1 :2c6507fbfadce0b17209d18c5c3b9ae5863275c5b6527b040d1000eec3cd1580
14 32 6 3000 60 1 :e692ccac3e7436b6bd80f47fd5a70293b2a99eab9f91b6edc3d73ac0e4f75acf
15 32 6 3000 60 1 :f30ab14c47b71a48a558903f2a9dc2e20a7f2513034e0e35f4091acbf2c1fcaa
16 32 6 3000 60 1 :ed751586f5f2b873bb12fe3af04d10648a22deb0e783803cb29103c3c6f51713
17 32 6 3000 60 1 :08dd8c9e218e36420e5c94c377bf5ea901c1cd325a705ac8df90fb68638cf472
18 32 6 3000 60 1 :b314bc775a4b5e365c4cf1d7406cfb567c7c970e25d4ad94e8138ac53d80948d
19 32 6 3000 60 1 :893197180a8022403f392ede692a21586bc14c98cb5fbca0ad3b1d4c06a20b63
20 32 6 3000 60 1 :d042542aad1121cd3410076b3f2da5e573d6e870f4fe90bce68ed36901c3f33b
21 32 6 3000 78 1 :31522ec76cd8cc14df609ed24059e907d707037d5923e64e82f3a9a61ab827fd
22 32 6 3000 60 1 :5d42810b3e98ded199dc2b83777a82ee5b44c0a48008a01a09caeecd69af2af9
23 32 6 3000 60 1 :ab68a0b5350248ca7d5af67140f7e98efa573e583f9250d7ef9f471549a8566f
24 32 6 3000 60 1 :be44713f27502fd44f9ff071db1b49ea4e7a5555069819a59f2fc8863cda506d
25 32 6 3000 60 1 :120df532f895ca904802f538320256e1672c926ff7a8fcc85bd8f3cd649058d0
26 32 6 3000 60 1 :b743a9d2413e49d50556a6e3b9bf4c8786d5bbfba38ddee2f854ea59a994531b
27 32 6 3000 60 1 :6cb898fce883f2629d2d7717c233f0148bcace4918787236ea18ba2f1c68c4e1
28 32 6 3000 60 1 :1e8eabd84f62d60912a28d321be9fdbab83a5747928ae2d381439fc2157c3b78
29 32 6 3000 60 1 :f3ea64208c8f5b9145579a57911b699e0d710bb697363d075135ae8f7d8d2129
30 32 6 3000 60 1 :f19393adca78eb37ee56039010a75b4b52feb4b4263612cacea2addd356c47e6
31 32 6 3000 60 1 :84794499b55e5f3ec6c4d9afe637adb4eee538785fcc841cc13b2f543ce54630
32 32 6 3000 60 1 :e7337191af17e97d80fd0f6c4b275bda1a92e269d0f5f59be0c5f5d7b3f13855
33 32 6 3000 60 1 :d1ef297e2fd730a8d6a00bbfce962a247336b1d8aa366d5f305b2a085f3d8c4c
34 32 6 3000 60 1 :1c043c909564c44868b468b1f33878485005e6462c69a8c5d7e1a75d76819aac
35 32 6 3000 60 1 :20bc0785a99e283ad03d1b196dbd2a9bf353c4da7811b17dcd460f870bc47b41
36 32 6 3000 84 1 :63eba856b735f8a75a9a8a143195ec0b8d9ae3e638ea11199d1435d00942a317
37 32 6 3000 60 1 :7441c961721725848233345bb44519cf0a7a922e13dcc4dfd18994e40ef05bc3
38 32 6 3000 74 1 :f4c9102785e001ead7556d0b6afb2be4b0d6909dec0c4dff50ba4758b3c2ac43
39 32 6 3000 60 1 :8fda3dd5ac80fe46d54a2e30c31d693bb8fcdc42641b3af4d3af6fe380d3f48c
40 32 6 3000 60 1 :32324e9b63a00af8b3c0a596d7ad1cf5fa7d095ba3bde805801f93be9a659491
41 32 6 3000 60 1 :e59817f897029f0e31edfc7e08725854fd209f3bee14df4a79a9b6830213075a
42 32 6 3000 60 1 :b349400ca3bc18dbcb38658c84592b9d16e69e6a9bd69e9faeb6cd05d3c79aa2
43 32 6 3000 72 1 :80c52823680d910daa52da2e79ef6b8f072106bc95e1575414460015b7d0dce3
44 32 6 3000 60 1 :1a59dd72784d1364ae2e8a7a8ca79486c88c6fea61b43c9fabe014a935bfc0ec
45 32 6 3000 60 1 :4ccaa7075ba5ffa6f2767794bcd5c0532116e7751d404c757e5c65618f057770
46 32 6 3000 60 1 :c81b38085667c62318a8d8c9110a0d1f016aa14e16682dfbe1b3bfa9698c7977
47 32 6 3000 60 1 :cefbea7bce819c0df2ea8438399540ad361bbc972121f89d93e8a2e148b2bca9
48 32 6 3000 60 1 :929d2a66e78a00348a3026c93e56ef11bef55d0ca0493e9a1660cc5f013dfe9b
49 32 6 3000 60 1 :7c02001d07386abc5172a89758925a4e72bd85ee30da8e7526e4d6f8425e9f23
50 32 6 3000 60 1 :440d10c2b46c4b82a2e92f1f41afeb32e9ac125553ffae4aed2d28781349c6c6
51 32 6 3000 60 1 :24d4b73d408d4169c5f90d6a172835bca0f614f50b526b5bdf12bb4cce59fb4e
52 32 6 3000 60 1 :9eb8c962d83a2420f18dd8c847d8f42356721468e66b7f3c407ce501270e60da
53 32 6 3000 60 1 :f661bc4a149f504cbfd75cda0ea9c05f1413aa7e8d527e2fe7d9c67826c430e0
54 32 6 3000 60 1 :32b8a21e6cbe90958a035bd0c7ae2a1318fcbb09262a2dcf57d56a883f428d95
55 32 6 3000 60 1 :9aa235ac920057ff444caaf97b55da82f9930a2370efca4abdda8c185b9ec7cb
56 32 6 3000 60 1 :bd71393e0910afa02c624e9ce13501571e7bd809b27c7088cdc5d949c875c1a8
57 32 6 3000 60 1 :c5f50e755a8e1f22706d25fb10179b5dcaff21311580a7d5b1f253695dd8da52
58 32 6 3000 60 1 :df2dd7d70fa5e57e8d011d70caa0de09c684608494973d36c80df0c9aae89433
59 32 6 3000 74 1 :7e771f3cfe513557efd55583ed248983528badfe1cb113b0f8bdaf2bc4ea4425
60 32 6 3000 60 1 :2dea74a4155eb94c7c3575bb8b2527c0eb3e7a656280fa11accb2f2e5984edd2
61 32 6 3000 68 1 :5fe74276a9062ae21aff92b057967ddb7614b1ffb3eeb33eeca2f6fb0d319118
62 32 6 3000 60 1 :936265c1283c2808f147b380171c0686d77957006ded333e1f06da3639e4f696
63 32 6 3000 60 1 :2e0830a6873e670ef7a42b4af49486c5dc722d504bfbadd56b95b182d9530ce8
64 32 6 3000 60 1 :48718252e9a9eb6b178e2a40002dc060a69ac98989d03f417defc956ccbdf113
65 32 6 3000 60 1 :642d5ff6b61f46d21f0794735d3a6c69fc94c7491cc345b9b68b59ae42ff9bc3
66 32 6 3000 60 1 :4a10a9bd66fc855b7ab19cc73d69f9a25df5690081dde480e8f5570db2759673
67 32 6 3000 60 1 :0719ee3385eefe3a46a8815f7215ea0a112c0b771a2170aacac9d962f550f4c4
68 32 6 3000 60 1 :27ea8c49abf03e7844e26f4568359d0ca2d1b379885712e4114d4f30f71d1d88
69 32 6 3000 60 1 :d3aef61210607357a0873df8cf5db26ff3290ed4cf0ca381a51a3586c3feca3b
70 32 6 3000 60 1 :a5de65b3e05506b2568b9df7a6b14cc94cb413969f9b899ec438ebf4296e2398
71 32 6 3000 79 1 :c45103df44e5c31f8d1979c06e6a82e324255b1ef1256d6cb6b55cce8680c09e
72 32 6 3000 60 1 :b22af58cbc86be7c1bfddfa432ad6646197e4b94d1748ef6467aa91f0bb2538a
73 32 6 3000 60 1 :9ff06ea1a33ce09b4a80183697a7bd3717981dbc7931ae9cd7a90eaa3abaf08b
74 32 6 3000 60 1 :73d6eb659a3d40a94df33afba51e7bf58997439c38fe8c945bc4117416cfcd23
75 32 6 3000 60 1 :c5aecd502616524d18ebf67c3ff24c548081a46a4ce3a1e4bdcaea9eb81ca716
76 32 6 3000 78 1 :ccf082ecb4257ee651567ab7ab59fde00c3189077f107e5b736003ce4c9f724f
77 32 6 3000 60 1 :d9b34de63995c4171f7d27f50409d2d96ea47d988829f832c3dde707d61f7020
78 32 6 3000 60 1 :50cb09d07dce52fb31df0e17412d5f422e058d9a9270a0e569e757c34c3d4b40
79 32 6 3000 60 1 :c9da7e5539d4d898e232740687232e84c2191c03e28a82d8f5727292caad275a
80 32 6 3000 60 1 :79543adbe0e8fe0a4aae135d810113dd6fd654452dac7fb47818bb5dd2a5565a
81 32 6 3000 60 1 :c3492bfc8d92151a97afb76782915ecc1feef87093c1f1d504116c80068a8342
82 32 6 3000 60 1 :e1cc6f1e3da4cc8d477ce79581ee4bca56b057bf8c85df51ba196612cde2c350
83 32 6 3000 60 1 :74295de46883d3e84c4a36b3eaa7ad72d8780250468016dd3c6d93fa5b0f1d4f
84 32 6 3000 60 1 :22e2430552e169e3a1c7c5c36b207c930c98caefc534d6c1eacee698945c5f7c
85 32 6 3000 60 1 :8fd8dd87772b9cb34dd070517b4d8f96c97e48882e20d69f22b17f349227f1a1
86 32 6 3000 60 1 :092ee686b00f43f3e9e81d006dc66ee623763ec43d49e10f29ef6e7eb8dfeeac
87 32 6 3000 77 1 :1d886991706e9958aef30d4304b033e03b31658904d7d098a0a2dc417ac2d378
88 32 6 3000 60 1 :3c4155e1a31c1ddf83555f2351997800c4acfb3ca2e569ecf253b47f617f740a
89 32 6 3000 60 1 :246add3a56f4d5b3d1d19ec61420eb5d67f30bffc215a59d1b6eacc25c378ffe
90 32 6 3000 60 1 :274ef25562070b52051c29762f3c88a0885e7a5ca30d9077f1d744ecf2d57b4d
91 32 6 3000 60 1 :3ee97a88b1fc38fc2d3370f21f20d6d778710643b14f5a49013d1aa40d7723f6
92 32 6 3000 60 1 :d10eaf4e5b600566d03e0889796b06a0d0ab58e2530ee71da73eef8ccd16e15e
93 32 6 3000 60 1 :1d8d55649dff50ce5c16023e28f368a39e73fbdf86804f97d26fb35f0d625ce5
94 32 6 3000 60 1 :017e85586c4754b0dc8012c9194a165b06fa78531bf3702c9145f130ff04e063
95 32 6 3000 60 1 :3520219858c5aef561d34082135b742233a3789ad23e95b2656c31d302c013ed
96 32 6 3000 60 1 :fc6487c7d627369dc97cf93126654e726ef05a93c7157932af46d2449c452d13
97 32 6 3000 60 1 :9b744897e778633aa214136a7483f8e956dada51ea91eae3084f84e7fa2123c0
98 32 6 3000 60 1 :d17fa388d0ee11d8732845722d7237266f18286a72353f0345eaad5bb6adcb6a
99 32 6 3000 60 1 :a906192db6f7980cdc05f7ad89f1c09cfa4375342b77528214b0a22068c1a7f4
100 32 6 3000 60 1 :5287661c748b5634d5af3ca2693dfc5728d1196c1dd1a4f953e37558957ed461
101 32 6 3000 60 1 :1453d0e2122d87d27fd897a103ba0d395a80e1fdbd821c08123d906de6fe208c
102 32 6 3000 60 1 :681d82fddfe2f8fc2bec1d3a6515d60aa6e6d8a86b6baf2a1e8091800e0fbafa
103 32 6 3000 60 1 :14ea9fc6ddad107cd7210e6b02facd98029f715a3495c290e3dc2ff7a1f4c8d5
104 32 6 3000 60 1 :ff04acd6c1ae2cf5b2937820ddfffd8d42253efd448e59246bd4cf3ca0ace014
105 32 6 3000 60 1 :ad2f932ed6893013cc15335561d0bd969827dd55fa9585475b6a209bb9f328fb
106 32 6 3000 60 1 :8be268757273a037b821f1ab2a6a2b68773d13823cfff744845638ccc5abafad
107 32 6 3000 60 1 :560769a094d046d7319264b195bd0737202400b5b45b32cb1dfb6da72e64f710
108 32 6 3000 60 1 :d78212e184615f23e87c223d98814b42e6092d28474b7b4e0fcd1a118c3bb8d2
109 32 6 3000 60 1 :f65730668d8b6bd090266e5d4298f312f37171bb5c0925eabd033828c85e9dfe
110 32 6 3000 60 1 :9c80e553f39ecc0afe9354e5a1f05f1a580914dbeb997ee24edddf4c0c8141ff
111 32 6 3000 85 1 :5d76078231214167bf50146d07d48a05fff97dc58300718accbc0d9153304771
112 32 6 3000 60 1 :83d67093a1ff317de6ff3ccbcda11f148678622b63b24ba0ee3dc50be5de6f60
113 32 6 3000 60 1 :f2c0604cce59b24bde9e9b0a489364432ba66b52970b519b5895cdf7f04690ea
114 32 6 3000 60 1 :b2be41b0dcadd9ad935886117279ee5ec4e2f14be3b2d4eccd30403aaaaa1933
115 32 6 3000 60 1 :5630228168a39faf78afe94e33e48758f2ecdf164b71240c3cfd798484f0bf7d
116 32 6 3000 60 1 :4d917007edc643203679d30b43f3fdd4b0362a2dfe69da185d8ae095faf2777f
117 32 6 3000 60 1 :e70541da4d44302b550f302b45e88ad02d1dc3d567f6467088ffeeb3ee72941c
118 32 6 3000 60 1 :7b41e15482ef2b6cd2bb1a6c35f1ea7b51d6bf467b6c69985e5070c8a2e0391b
119 32 6 3000 60 1 :8d2675c6cb666594a572535bdc880ffd719cf1dff4ffa493c192e38abcbf2007
120 32 6 3000 60 1 :84c2b70c1fbbb586883242c7ce4fddc2c9ad514fa56dc21506a166ee6714fee2
121 32 6 3000 60 1 :272d4eabcea0b358c7eabaffa1d5fc3bb89045a8e1a1600ed754d317110cb90b
122 32 6 3000 60 1 :fba83060d0784d44227070074c0480a7090809bcd3a65ca6393f78c99f791fd7
123 32 6 3000 77 1 :19ee3cf6adcc6573b885955910bd3a8af639767563360389a6b67fa09c0f15cd
124 32 6 3000 60 1 :6c23a59b9645375f26b89619616c4d9c078f242fe897afb620823f10e0b7e7ec
125 32 6 3000 60 1 :cee1f56fb172c71a2b75977e60dac4929af25a1b96a4b49fff6cf31c5f326417
126 32 6 3000 60 1 :8f35f19f0e5a7093ebdc8d0531dbe3a4a5d3cd0aea8381689eb3b8d9c80ededf
127 32 6 3000 79 1 :af27d7aa4e504b1972e03982bc74d6c8e9cbbdb2b4f26eeb08adedc17b37786d
128 32 6 3000 60 1 :a321bf66c17d8f5639baec524c3652b13342f81e34be3a981a96cffd0f91132d
129 32 6 3000 60 1 :d6532e9b65014feaf3936a45fa8f02ab64bcf0c499b06c3b5688b9de168cf9ba
130 32 6 3000 60 1 :088aa132ca3996a2bb80660dc4753f9557f048ff11f1a7b5f7f907bf38302fef
131 32 6 3000 60 1 :18860d1d9c6abf912630c8d80ddf4a8d9dacf5ab8f5302ffdacb1842ec77c76d
132 32 6 3000 60 1 :dafbedeb2d3ab60cdbb7562c2af86d9a95e2f38016cf6092707ae33acdc4729c
133 32 6 3000 60 1 :3f03976c378434d24dbbe2f14d081975de51e4db2918dc0eda6951abd9b13fed
134 32 6 3000 60 1 :da5b23581f5eb130cee77540e69bd7d6536f86465a21b7e0001300a87945b84e
135 32 6 3000 60 1 :351b014e9cf3ec25dea9edaba9c1a10bd4777e72231ac2693f9a406f8135d593
136 32 6 3000 60 1 :24d76cd9c99b3f59080826d4fba039463207057101902927c2be24e519bb1bbf
137 32 6 3000 60 1 :149bb82701026220b142d48b6e523f59ec3ca50ff47281777678f8e4957d11e6
138 32 6 3000 60 1 :0db7f19a7b61951a77fa1c64943a71e5896a91ebbc86e4fd26da896a1b53f33e
139 32 6 3000 79 1 :4543b2d1941eaffed3a7c7d6a090c52d87a67c1e9a28abbffa7b91f49f90e6e2
140 32 6 3000 60 1 :49e7fb68b5e4a96cd4e6cf9972b19ba05be8f2434bd25ea62840ff82f749a28c
141 32 6 3000 60 1 :fc711f112e486fc24b4b87e2c2aabd34201aecc36bac6f67cf49a277d4456dae
142 32 6 3000 60 1 :7e0646f4639bbd43d9ddea425fbbdf8f73f637b6f54deb50e2682b2903ffd58a
143 32 6 3000 60 1 :3616ebfd78e8505a7f4c70e8c0febeec41a0ca505162c2eefdcfd28682cfff39
144 32 6 3000 60 1 :d47ded594219f520edcb3d9c5fa5394ca0199b2be8e08a7107f54f11d98e40af
145 32 6 3000 60 1 :8719fa8b8c9a83a2bb206e95cf657c6b26ea8a563ded04d7034ebfb97c695287
146 32 6 3000 68 1 :61a41bf5cae3432df44fc0da2286754831bc8357d049cd7209993e9daf422358
147 32 6 3000 60 1 :b559a950fcd6ad6c0610f9b678061df10c2c9420fb9c373b86beac2994038b2a
148 32 6 3000 60 1 :8c3e21d9a5d2dd4ea330e981c31f88c8e1cc6712cf67fd7b19935e909f8f813b
149 32 6 3000 60 1 :9ed99160c0767a3868ef5ad85611dd4cffc5af7c5eca9274dd769d7f09259839
150 32 6 3000 67 1 :588c47d05271239ce107ac3de85796b405bd7f93da81e72c84da6fe45bbef547
151 32 6 3000 60 1 :c3986c2c4f6a928dae58cbf391362f2ea4cbefe926bcc747388f4d1e36cbc89d
152 32 6 3000 60 1 :92db0f0e072ff7ad669c5aef9c7614f04415a2d4cfaf597236319b532f8639d5
153 32 6 3000 60 1 :5ae09b5f75216078ac249949548225beecebbe65eccb7c3177309ad0cd9fedc6
154 32 6 3000 60 1 :32b4c18b2393ead6e6394c3f9d149ef386b9916a6356cdcec886cb61e2c216ab
155 32 6 3000 60 1 :3ecd5c4521f42505278247654788f682c05589f67a80e33c3ab6421d47a85abb
156 32 6 3000 60 1 :a97ccf8f53894da9e92b47ff60deb0992992a31c495d13ddfc43a034b2f32a25
157 32 6 3000 60 1 :4e2f6359c3ebe211d74398ddb33b90b3c118f972d1332637fd899a626ce9ba20
158 32 6 3000 60 1 :af72019de9676d220891dd186cccaeb2065c6717f8cfb8c59a7687cea450865d
159 32 6 3000 60 1 :c04ff7aabfcf3140255f94f3420221a1bee3338601a07559a742fa1a2f316150
160 32 6 3000 77 1 :1ca1ffc5ceb71146e361379659c40dbdac41f914b916f78fda26a4324ff36b21
161 32 6 3000 60 1 :eb09720ba3acef9d42796d4391220efed6eee208d1cb7baf74dc4944d75c43fc
162 32 6 3000 77 1 :e26b80190efe2dc0870b02b637c899f054de6a737d2d295bec8ba8807779dd1a
163 32 6 3000 60 1 :5837a64008ebe75a18a579512faec99682b85b3e58b4b10bcb74af40fedb6f04
164 32 6 3000 60 1 :8b5599d3a034df658d2d6c643093500dd6e866b68a60fe5f3bf749c3adf46062
165 32 6 3000 60 1 :9cd493d0e0037b58ab7321d52d0413f9ab3a23bf30543078d64ec1090ee79b13
166 32 6 3000 60 1 :1c33e341c864fd4a0500055b6decb30fbd65c99b1871558518c526238f7ff24f
167 32 6 3000 60 1 :6575f80c8a9827c655b1d6cdbaa1399c757251d346ca267d0f3ad5442f53f29a
168 32 6 3000 60 1 :3b5576ae09c7631f6f7325a4b522ca7bb6102d6c817e7396fddd72b37c447b54
169 32 6 3000 60 1 :01a6130752e82b6e1047045cdd5f557c59b333cbb46f254b8c6e16bae7791df0
170 32 6 3000 79 1 :9fd0be2632a0eba9ed9e5f1e4c17f64e0fbbdfec4897688753f3ccc3404f4c40
171 32 6 3000 60 1 :3c883415b2c4ff663a01e845d97fb2604fb15c8d8991a99666943565693327ea
172 32 6 3000 60 1 :949eb5fb094ebffb8009da7046497c3e3303201a1aae86f73b5d3d1d9de9033b
173 32 6 3000 60 1 :4a80ed18cee6a745728378cf901b4c0a22f3092917ea7c99ea798af522391acb
174 32 6 3000 60 1 :c81109ede3b9f1d4f4b58c6b3b5497464ae4c6300c7a8e3167af0c5a55ec0d4c
175 32 6 3000 60 1 :07910fcacede677dbe654520540aee7702a7da8b2b6a7c0d11d0b4eb9cc74203
176 32 6 3000 60 1 :0911951b2b6ee87d88b6c81d5c3f198f748c971ec12d0c8aba9e2376901f288e
177 32 6 3000 60 1 :56c7ad1d74fd7e76cf9eb98cf24e956a5f7f76fab78e35b7a4cebeb6c654367c
178 32 6 3000 77 1 :02d47496008294b5ecba6c5516061bd07ececdba08d579c1e4eff382208e6f4f
179 32 6 3000 60 1 :d78a8344df3ced19f6d3e187b049ff56eaf3200faaf735502ac98f628d090a8e
180 32 6 3000 77 1 :029ad8c84b088f5e8d67d0991a804b3fadbc37b5f8a7334e77cda0d72ad36c4b
181 32 6 3000 60 1 :3bbc4d4dcf2fd23620c59289a42dec2e5edb5cbff0006b19f1cea06b2fdff1e3
182 32 6 3000 60 1 :1b1316ec30e7569d0b6c3d73ec3a311f83ddbdd02ed9c072d64914da0921d495
183 32 6 3000 60 1 :63c9f2024b8f60a4dd8bc5f1b169520f2aa9b9f4b5096eb19d1634ea882a41a5
184 32 6 3000 60 1 :623f4101d7ad233ed6f0031171a0bdcdd1d87a9728a828bfe70613bd77687eaf
185 32 6 3000 60 1 :cd491776b6e8ca452333b3c9db77385030ccc4c311696e1b9ad3410751ed961c
186 32 6 3000 60 1 :b9b05850e2363d82fbc30402cabc448a5e4f695fbc4999467679616d532ce517
187 32 6 3000 60 1 :e2ad0a5bde9ef06e8aec2f2d63f55e50831400f64d2570bf80e126afe8b5f95b
188 32 6 3000 60 1 :03426d75246114286642b5b490b9b1d26d74631a35a2837cb228a8cf5accf106
189 32 6 3000 60 1 :6d9f2eb5b1e1435c98e129a2ed67c5544ce2b1b747c1a2f68beec2032156ff0e
190 32 6 3000 60 1 :b953813d414592a64d23a5273d08c3b284e7669b72fcdceec53d55940a9dba19
191 32 6 3000 60 1 :2d93edbb8f54cc72e68bde59a3b3eb0b103fcf3786ecc8d9e25c238e30c2e87f
192 32 6 3000 60 1 :7bfa3877b9e9821f3fcea66450cd09abbc0849c6eb5fd61fab02c7d63e53c4c1
193 32 6 3000 60 1 :3d9fdd7dabe81f84b852d677bba44a9cfd6b5f7e2dddac8b6812d87362a8593c
194 32 6 3000 60 1 :68c562e1b8243bbc92d7fa6067fc0ae94ec7bbc1b6aeb2ad097f438f35216c2e
195 32 6 3000 60 1 :b8d9523e35fb04107e5934e1a5f0cf09b989e76e9c7ad06e9f8e55bae8151815
196 32 6 3000 77 1 :d97afdc5519d6187dd22451977ae699018b23c967c71117a478ae32c4a7ed419
197 32 6 3000 60 1 :cef48163386e318e82c31af77ab042bae623178fc75f02e0d07ab9846a723ba7
198 32 6 3000 77 1 :3500e5c122173ef5e18c3893efd78e0f768d7f1ea63df050e34c3031f93860d0
199 32 6 3000 60 1 :43bc3e7dbe061db403affe386fd58c2002cd5a49302aee86eb2e19713c6a5d7b
200 32 6 3000 60 1 :b3219c2890f65bd2a56899a1c8147c85c73d3bb0cceaec475c767043634d20cb
201 32 6 3000 60 1 :1cd19cb5594a9177a3bcc1610f07950af6388d30457173ad7fc759897dfd58ba
202 32 6 3000 60 1 :70dd53714cd11e59ac58952362ffa0729b0bf7ffc50c1f830597d872cd3b4282
203 32 6 3000 60 1 :a442d2d43eb1959698ba1f4e84b8331f8944b94f01320c19dbfc9c372e49a122
204 32 6 3000 60 1 :8c86702f316a5bfd0f77b9adf5ada034b0dd1bad89774e03963e1fe10da36695
205 32 6 3000 60 1 :bcef98111adcc2eec9a0140bbe20456b9d722de4b4ef1a12d6cb2070d09f5bc8
206 32 6 3000 77 1 :8ac95a235f364c6b4968c33c84d650f96e6abfd4fcee59706b69ddc894337c4e
207 32 6 3000 60 1 :89d6fafe5ec950fb1f67d884426488bd4d8c9de1f6dc8eb20a926ae487799bf6
208 32 6 3000 77 1 :046cd8096f84881c84d19cf399cf311a84e3b8e7c032f87a1ddfadfcea0c1e1a
209 32 6 3000 60 1 :dff08ed835245227b9a570776a68018fe1b89400de846b01458dd90a1c8c275b
210 32 6 3000 60 1 :44a42ed4225703a87c4e5060753ef9c0588e1b6155a0291acf105c8763802010
211 32 6 3000 60 1 :b87b37dd655193012fa5062b40fc425c1d14aa225a379ab8231dec310ce7be1a
212 32 6 3000 60 1 :f69ff782398e9c8496a865d729aa3ff0360056da50d5be14eca46b6bb31c421f
213 32 6 3000 60 1 :43cbad4d25dfed33399e0003cec40ece198e5e4fb0f5985be4b324233cdfc733
214 32 6 3000 60 1 :9494dacd37e01d2a572dcf3adef2ed65f98d0a4812b0b1c51c8cee87b09e8d44
215 32 6 3000 60 1 :97d6164aeb179e935d8536e6d8f5c9b0c3fb42d12bf9a7bcf17cc9990badb739
216 32 6 3000 82 1 :2c6f4c15e7f5cf58e7a68c18a25f0c067bf1dc9624dddb58206e3ad5e094519a
217 32 6 3000 60 1 :4d968c659cc116c85ac7be1ac1f73ede7f70202f99083d4f4f4528aa1ebe1a34
218 32 6 3000 60 1 :f1b9c599deff835abd5ea1f856dc8bd944e02a815b0dd3c67a8bdc52a3a302f1
219 32 6 3000 60 1 :115283ed086176266d3f1f9282581a5f0a11401b93bfd217c8034bc79b87768e
220 32 6 3000 82 1 :b10c16669079d46a0a41163089734932a99323a34d4efe622254bccd61b9d781
221 32 6 3000 60 1 :941d05fc424e39dfef6b41084ca64ef4a513d2ac5562c9bbfac164a05c2efee0
222 32 6 3000 60 1 :c31e424dc5c7a08cf8d5c402546feaa22d4c7afcd813985fca495da0353f0721
223 32 6 3000 60 1 :f8bccc68db980bdc316b6d583a1573783f38e783a8032f20c796d41f51e9dfb4
224 32 6 3000 60 1 :8e0d3f046d4aa18f3311b5ee132e3b8a902dc20976a178499b66337c3d07c1ee
225 32 6 3000 60 1 :de44947e39ad1387e22a4ddaa214c901cdcbb9d2f581b87f678a03fd1f7e57f5
226 32 6 3000 85 1 :dd2a9dfc14687d6d9ec3441ceab39fed42328b5def77d82004d7154df0bed45d
227 32 6 3000 60 1 :af094a1f789afb9572d38450d5d870b269b393e372c4da664ba15173a3344def
228 32 6 3000 60 1 :85fa3d76c53112ffca8886280d17300f046d74171e6d88a3047637f91d41a89e
229 32 6 3000 60 1 :ea96afc7e0463ca6cd39e1614a709fab529f88cd565ac4ada61d73dac279b006
230 32 6 3000 60 1 :f700aac8725a7daff55cad7295d6dd9f35717f9b73b95d25c5913e6b5ceb0dba
231 32 6 3000 60 1 :4bdbfc8aa9c878778c4a04e3cbfd5ceafbe3bf697a85e8afa0d47293dc7697d0
232 32 6 3000 60 1 :e6c7b5994790671b1aa79317b10c8b2f64847d22954c57a6c88613e01089d7ef
233 32 6 3000 68 1 :6761a4cc551ec0a1b2714614f392627bac53e0eabc1f2a508dea07ae5f3d7cfb
234 32 6 3000 60 1 :15a0315e4b6311d751642b8814653d109d687a1bf30af9d940f57f45690a0583
235 32 6 3000 60 1 :1c35317f1b4c423750f6d842169445e12ed28dfa73aff957f11006b4a7369755
236 32 6 3000 60 1 :92ce613bc43901d62231ed509a91d0947d86e960759b29713b1c95b09043e346
237 32 6 3000 60 1 :f0e5375630feca3a09b5bfdfb761007137dcdfaa3dc5e790ad7f35f94755a62e
238 32 6 3000 60 1 :6cb9be59ec3026e6e8480420a53ceff85223acbc5d5880a79d1890d5f4ac656d
239 32 6 3000 60 1 :10aa31f2ae81e1411fd0f5d713edc86489301998cc751575f4adc3303efcf8e2
240 32 6 3000 60 1 :aa531babf3888b641754bee301916a6c11c0787f702c7ef300939ac261871da7
241 32 6 3000 60 1 :aa9dd7a1bcd29a174a2afc3aeeff095c1e1fc868bb19ebc01eff6629e0e36a04
242 32 6 3000 60 1 :69891c8c227399511c45ec477822490f7db3a03f5a53072c4c9918f8d4a9c12d
243 32 6 3000 60 1 :68a7896760070fd774baffed66f3dcd7dfd0d791e702b32b8eae3bc1e02477ce
244 32 6 3000 60 1 :88b499f762eb1289ef8952a66e57126fe6cfaf8c2f2756f4044c9b014c9cca7d
245 32 6 3000 60 1 :2879a34f9df351e68df2670e0d1c8cc4cc9f56c9328bec0cb9234f80c26b46b4
246 32 6 3000 70 1 :8cfa71cef5a14807be263a0b287f9debd262141a46f2d6267bcb7ad2dc70a8bb
247 32 6 3000 60 1 :d4935a02c3410780fdd0507d1aae8cf3f7239ff6adf0765a57470e7b0b5f0540
248 32 6 3000 60 1 :a54c2086e2373ebb2a103296bbbddb40f6320a1933cc693ebf20af4aba4dc906
249 32 6 3000 60 1 :6b8d76e80445e366f5b40333c1db451c957b0c04e9ddd11071b82855390f9824
250 32 6 3000 60 1 :aadd15db2f7a7265375b96268f13e4b2e8306a921f9ddc758ef87341fe64dea0
251 32 6 3000 60 1 :fcf49119bc58bf6de34007b0b34ae00544f9942b4b1213ce24689ec8efcf4ed6
252 32 6 3000 60 1 :596ee102e98743710cbcf49829179303fe3a0a8d7282c4340d268df4202a1a9b
253 32 6 3000 60 1 :114c2a92c1b82c8fa46c11fda3553052081b089f3e8cd5609e798ac94b293895
254 32 6 3000 60 1 :94d87f02eaf81295ec235f3bba74b264b8ddf8fdd3835e50600575122fd54852
255 32 6 3000 60 1 :257fdbd12865a6cd8aae6351ad3c6655dc3c729390946cc69c7abd5008cc0b94
256 32 6 3000 60 1 :c4fd1297072d3e96496f265f0aef90b20f5922103d9eb06efc91245e92a2fbbd
257 32 6 3000 60 1 :5bad3a6b1028e918a2575a54f364959f6049215a5a895610c8c95c625c96f312
258 32 6 3000 84 1 :b11ab5d0cba4a6b4b4a942dc93d8a6b9201f6c96734039dda2ed45da3914557c
259 32 6 3000 60 1 :fca7971690a4a24dcf14c2dd0fdf89640745ce5845dcf69ade23cb035410c743
260 32 6 3000 60 1 :1c00f26f1cf569ad469e0e868811dd3ee9b53ff7e169a3ff2aed6de57536e99b
261 32 6 3000 60 1 :20cd13c6bf59ab0c0edd84929940a0e5a7598d3c03a05ab495c2ad4f0d849cb4
262 32 6 3000 60 1 :2446205659b45b4bc5ed9a27d443e605197a7db9e992844739b1fbeb73d48e50
263 32 6 3000 60 1 :4e27b2395bdb6bb99375edb53d000d6192fdf0253069ffde620db97faaab3e04
264 32 6 3000 60 1 :473d9dd1f44f48f77effc0adc5faad3406b12789b57b43e0ab7946caee650491
265 32 6 3000 60 1 :b074b218866ec65eba8b6937e9e6884a3643c97b2db701fc106d11e0bb0f62b6
266 32 6 3000 60 1 :e39fb4e117b4dd05ca464fca0e09c0d4356854a1504af8d3c4ff58649fd33d32
267 32 6 3000 60 1 :4f05555d2ff4742eab7a82f36194c778f328d9146924e0481e7fffeff6ccc379
268 32 6 3000 60 1 :9d75ba86a182d1ea5a92ee95992029ce53e5eea8f60b44b6a5867721a6047001
269 32 6 3000 64 1 :a3ec90ab4fda9ec13c1362022721463b8ad482b697ec2d0f721c668948483858
270 32 6 3000 60 1 :afea46d598ad964bf51eecde883b9734ec78124b2080fe482170bdbc80196ff5
271 32 6 3000 60 1 :d1512266cc5571abf916a1587ed377203439701c2a4302ddcbcf1d1b66da1820
272 32 6 3000 60 1 :3fd920fa1070c8438cda275c1eda602281311e7fb4b79ecc9933988369a8981d
273 32 6 3000 65 1 :6b31916da49750a47f59e76142b9b86173721f89eb9d6aadd1b1fd77bafd9151
274 32 6 3000 60 1 :8feb1a68419276bbad9d8e3ec85c4c32c9a5370ee531d302a97310b4d4dcbdaa
275 32 6 3000 60 1 :77a13bd3352305a80fc6d8b8fd41a7045fea57a8b19bb12faafa9cb82859f005
276 32 6 3000 77 1 :d5b5411fc62e06868a280deda931efa6851b4d395cfc9cb26e48cd5db5bf3d88
277 32 6 3000 60 1 :f5132d70883f94f6c90299eaaa97ae2d4d7912f67d8036c3244a39feed56f48d
278 32 6 3000 60 1 :b00d6f93d2740421fb50152caea86cc06e8a0f431a789d7c9c2082b6ab684bb8
279 32 6 3000 60 1 :9fef37ec85061e333a3c6c83b5db96a8315f48d9bd7700621aa0685f1337c582
280 32 6 3000 60 1 :cd26474c25a99ef8e6c6862c29b79262f0e13ca53cb8e6ad807aacfeea39971e
281 32 6 3000 60 1 :801bc2f882d42786d279028de86b2396b91646ab76ca995960e25314bb5d76e1
282 32 6 3000 60 1 :61302c7737018449326d0a8eb954df9a67a448c497d1563bd6048c2282a04b7a
283 32 6 3000 60 1 :ac76fa1aefd0d89bfe03e8fde3c099e087b85af78abd5e3ec0ed38cbf56bfbd7
284 32 6 3000 60 1 :a1ad0516c0b624748b32b1a9a07e53fe162530ec424db8f4e23944488b179b4b
285 32 6 3000 60 1 :4a02cc57c75d9a3b4861e4f8e57a772d9bbf54a4e45c5e0d49396947b3fd04d3
286 32 6 3000 60 1 :166094c3905461267eac3756b2e16f5acb3f8172d73949f2936ae5b6f2d85cdc
287 32 6 3000 60 1 :cbc229b9dff8d652fee2105dffda6f927f707d864506acdb5aedaf2c2fcbe1c5
288 32 6 3000 60 1 :f722905e86f26d2e58ac980daaf80cd84db5a4e223a56290beb4b47774960811
289 32 6 3000 60 1 :112075f90072dc23d4fe76ef78de9efbb4992e9ba6da2bc2eacb20f1a1d2bd2d
290 32 6 3000 60 1 :27eb4a644b86ff90587afa6b41221ab44eb38f785a9cbec8552e062bd75434ae
291 32 6 3000 60 1 :d3d26b6b252dece6e30b295ad3a1f2570a9824b794f9bc39617abc684f7c8f01
292 32 6 3000 60 1 :b3814f84ff3e0f97e3e71f249b48fc0eb0545ede5679ceda6596e2075144ceb4
293 32 6 3000 60 1 :658a4b419dfdd8ac0d040d5fed8986878256da5c6f03253e47c1d2e9d7b7f1b3
294 32 6 3000 60 1 :7193c0ed026e6a683ab276192d4f57004667547609ab21fe8ad4537049488ed8
295 32 6 3000 60 1 :74a5c561504c39a471be215e8d9d42ea885665a2435e77685f895304b8499314
296 32 6 3000 60 1 :64f7ad9727d0ae10b54bfc33e5e70d686577d82b76a968a16ce53398f5340a57
297 32 6 3000 60 1 :1d190aafb61fb4dbb088997b7138c21705f781149108acf73369f10e4042f142
298 32 6 3000 60 1 :b4ced18af39fec2baae61b2aed927f46c175c16d1c0d40f58b13797b402b72e9
299 32 6 3000 60 1 :6cd4d6147e42d4181ee2e54585af5070b60aa9e368ee4d36b1b5221de11bae59
300 32 6 3000 60 1 :c44891bb26876898786fbaa0982b5dc93911e48c65a58be91ac17033727c909d
