1 32 14 10 46 570 :6872e9146bad556b233a42a7536a3bf2265159a840aef9387c44ea3154c89a31
2 32 14 10 46 611 :d23af3908572f90dc6d5ba86b7dc71ff2b4fca6b46143f898e90de01085bd4ab
3 32 14 10 65 568 :46cda83b91a4aca842a9638b4db59d5d9e522fc56ad8edeeefde6d71e408528a
4 32 14 10 46 614 :acc5ec6332b5a14c29bcfa21e6b9b63cdedecff6d21b8b2696576a1a914cdd9e
5 32 14 10 46 558 :471b29f8d9ce4d52b985beaae6ddb8f3f6890b0032a6e14c1c791800c5b95177
6 32 14 10 46 592 :71e1756dac96623fbdb2d1ded3105c7a06486e60983ef1f65199c0741fd32047
7 32 14 10 46 612 :6b38e4d7fc830b64da94b08c5f142d952b3f9f7b3e8f0f3f92623718e10933a4
8 32 14 10 46 571 :9b6fd3e0a54f52d52976952107ab1e5ff43fa8491c442560cb19c14d327303ba
9 32 14 10 46 614 :94e5e823fcce9040004219725c386aa7779d4dc884a5db22e704cfee3a1e03bf
10 32 14 10 46 612 :79dac7c4e116a127a6a96dccfaa8f14ed5a0dfc44cb360403ded2a0bfd3f04dc
11 32 14 10 46 611 :a85ca69c64539111ef229ebfee779bf8fe5d61b6b926eb7e89be5e26fbc7132a
12 32 14 10 46 612 :72873d68f17e47d35716e118e5fbbebead828b91a71a28cf6f25e9be6d91c71e
13 32 14 10 46 563 :153e906ff5f72b11ff81366b2288a2afada331a9ec1a2840ee3274bbefaf94eb
14 32 14 10 46 612 :5b482715d7f5760bea4ce8d7a34847be5abebcd628118953728f4fbd56c344f1
15 32 14 10 46 612 :9f57a3d21032418539469fe0167d18c04d13c96a9037b533223c2638f0d894e8
16 32 14 10 46 614 :ee12e1e0439e027628ae4bcccaac9113fa318118cb13a333ef573decb6557113
17 32 14 10 46 614 :34ffcc33216f05b9aa3981c9951e70695d653ad0afad599dabe21e7885024398
18 32 14 10 46 572 :6ec5726733ce50655de0795c3212f9abe7b3a110aec5e344fa3ff4408e028317
19 32 14 10 46 564 :884e05c6e776d9b0ea33c81d94360924f49316707200fd7744ce5bd2e1379399
20 32 14 10 46 563 :ebbaa8e6e6dd15c92e3bfb354a7382259cbaa1b5c1cf15f99f6094901177e555
21 32 14 10 46 570 :fba853e2e19955bc37fffc7a2c5dbace8c10b2d8300334b8f08cfab5aca0e717
22 32 14 10 45 574 :167b1c351c1c66d2fa50eed58480081ec882ccb3bd500df1aaaec994ee29db30
23 32 14 10 46 575 :55ee867901f8b594eadd6da85d0ee27f33f5042e997913a525ba27a77be7accd
24 32 14 10 46 612 :a14c82e5fb5055a81bea5579ae02516f47006d74b89084d07d7b9ec072d44f32
25 32 14 10 46 611 :fee429366c932cf25268241769edd603ae2a39a08a367370239945c58679bb8c
26 32 14 10 48 612 :90f623a19cafbc0f277a175a2a82324118a45b96e401fff49cba41fe17e8f501
27 32 14 10 46 612 :de5d6aa164d73130e6576a5a8d34d6439dc396a409ed3042385bdffaece8d97d
28 32 14 10 46 584 :d33944693e64c7b5abe4f8a956086b72f7f7ed4158734c99d66e6d0d2534b83a
29 32 14 10 46 576 :5e1f3e8fd34e7142aa0c1a5057fb023f18e8d7f42fa8001d6fe3f7396c774ef5
30 32 14 10 46 614 :d08ba20cccf4cb04133f595272597211e28f9c7985fe589c1fb6bb9408d377e5
31 32 14 10 46 612 :4e54b32246c7a0101ad40be80f4de1f7c8aa379545c4d7a1e1c796f273d4b518
32 32 14 10 46 562 :f041ff21c0e8dcdf1aa78d4bb5c1b99516ca8de5465e3b9eeb52b82d52ff9d1f
33 32 14 10 46 558 :9bc85bcd9c8d4e63849df449583ca587d8a7580ce0d39fbe0cb6de22e900b5e6
34 32 14 10 46 576 :5255057c37a9aa06d321912c0aa33190b2d6eef8c39964abf41587e8c85fd8fe
35 32 14 10 46 586 :ba580714d95bc76008f1672c1ed98900181f00b779ff4683f189f71a513b02cc
36 32 14 10 46 612 :7d8a2a001af5acd86d6ca7317d84ab1657885c80894755670360cd997cee7672
37 32 14 10 46 556 :b8273387a5c38c5e5cae74074c6f527446c487c7f36e6484f30555d2451e6d12
38 32 14 10 46 566 :4563eaec5176bd05ac76c4663322701e318e0ed4dd7d4e0b5f6b68e273ff167c
39 32 14 10 46 564 :a8643546cbfac839b99eecdf32e3bcdce018c24e912e60cfeeb93c108c691ad1
40 32 14 10 46 614 :de8a79ae29737e6b88ff2c15ac7bac8f07665b97908e883e71582e88ed3f0e0e
41 32 14 10 46 566 :c809adaa2b206476200348a6f783df18cd3e9ff2f3481da1d3704973a0b9f741
42 32 14 10 46 592 :9d225ae835669035a6b571d0a8f745534d6ee227bb7fa28997d756aaa02e5900
43 32 14 10 46 563 :32295dca0cbdd873026685bdc7415ffadbbebdae8093124f3b50c30d98c4d4cd
44 32 14 10 46 564 :a094a29bd14fa77a78c8a4821708d0836c491b913b3288d60b01a9dcff368fe9
45 32 14 10 46 567 :9bec61e2a441c483c74f79bda059dd4b82cfbdf184b3996cecd23c613c9e372f
46 32 14 10 46 564 :c5a19e8cd99957504da97ae880c29b379eef866cb94df1d65a5376a1d57a3623
47 32 14 10 46 556 :3989b8c240cb867073eabfedd6cda7c2c9e722084fbdbbe0a6d42e80409b5fbf
48 32 14 10 46 562 :a08285378157add5ca5e4b9dc46635e1f21292bce9c9706212f0ea879916666b
49 32 14 10 46 567 :5855ea05429c53603f0f261c0954c0cd163a39a4a6310aa572e658a48ca6067e
50 32 14 10 46 612 :5acc0febd067b1e524343943ca00bc5461ad144180f09969f447552b84fae49c
51 32 14 10 46 592 :2ce97b349c7d5240673de163ac21fd9209b1b8e2d6938b461851352acd698f23
52 32 14 10 46 611 :7c70561351370aa1dfa5ccec4d3586dd11b619540e8338f07faeaeee5afe77ef
53 32 14 10 46 566 :ab3f9623e365c520f5c42222fc5968852490e3c285ebce5af7b95096d9200ba3
54 32 14 10 46 614 :b0041c73eb75bba8569460425bfbc3978bdd723b50b51c94f1519e1fd926816b
55 32 14 10 46 592 :47877a8f854e01585c0ff0c8cf6cc691259779a1de606e21369810a0e600d3f9
56 32 14 10 45 612 :e554d1186490ddca89906d114703ee64e360e608439cd667737a27132ce366fe
57 32 14 10 46 586 :57bbaf67dc2487215fc938ad7cfa3c05da54d184b1b5666b019935c08d382e05
58 32 14 10 46 612 :34a368bbec4d55defa911aab7b73cb1e4977d0ed6a03fbee77c421368b3bec72
59 32 14 10 46 612 :00b83d9f80381127a9fe8ba8bead266a64f6fe2614db85be132332144875fca1
60 32 14 10 46 612 :a44aac1a60dcd50110dc2c3e418ed110779340a5aa183f9675186de358d74ef1
61 32 14 10 46 570 :8876a37151019951f2dcbe564a78471ec9cf75ac4f1ab3812800069a82545735
62 32 14 10 46 576 :cc94b8148870d43cd9053a41f060d071958667d6151d5b7869ae99275f8b2dd5
63 32 14 10 46 614 :cee285c6afd5c966a3b7201d1c6b016c6cc4b4d40cb95b833e5c4568bf62bfb3
64 32 14 10 45 563 :b3f93071fdc86aacb76865e7fdcabfc9d89df220414e322066db3deda1802ee0
65 32 14 10 46 614 :1eefe2ed221af0a15dc1f60539721b2d05369ab12bee126136db5dd5d07d6fa3
66 32 14 10 46 612 :2d57c068bb8882d639d0d2ec962193789228d3e06a185cb326b04db6e3ad4d34
67 32 14 10 46 594 :28a4a9c5fb41ec3afe84e63f4cdafea4ba7c1046df1b06a4e95e7a5ad3d98f37
68 32 14 10 46 564 :b4ed9405cb3e864cde789e687a4a3464920007eb7887170b7d33416aaa26639c
69 32 14 10 46 592 :3d7e7ea17e045acb2e05036f91c17505638c8d32ebe9908837e859f418bd067e
70 32 14 10 46 611 :b002ca448edf81704ac1c5b0718a91072af8886a4a7c1e9fe7935c703c1c07cb
71 32 14 10 46 612 :932087277d5043b5fedad5678a8923fb086d8dd0f9abb052cc10b8fb268a7a18
72 32 14 10 46 594 :e976e1922f0e85467e053a750bcb33d72dbf0b21941fea55cdeadc8528d2b57c
73 32 14 10 46 571 :15d6052ba4ad94da6aeee3cf1d51756c45390cbf007af4c1e6f5ac29fcb2f8c8
74 32 14 10 46 612 :1db46e396366c958f288ff74644bf58c0821ea3aefd771a4b7b46e1c41de8e6e
75 32 14 10 46 566 :1f8f87c1ba18bde80ac5aa6ff88002bca80952eb6016eefdc8476a1d0f2ba9f7
76 32 14 10 46 611 :3f86fbd70401ff34af69983a02a318cd995e2896efd07fef8fd9d68c65dc5c27
77 32 14 10 46 570 :ca9ea8a0f003e67047f0414b7a6e45dea1b956f0a932eb50f36b3167005e90d5
78 32 14 10 46 614 :3372cf4b2ef4884c19db5785b4baee8fdc06b4aa390245cee68b44de8b0c5209
79 32 14 10 46 611 :c88c61a4582bacd7fb5e07121ea0b6a787b7fac2fc5a89f9179d61dd458c8ef0
80 32 14 10 46 568 :0ad08e22f397a14cf859ad584e051f118f3f990829b007f5bbefc9be0fe419ef
81 32 14 10 46 586 :ea1f5738fd6128991d1ef2818f70f7301916e4b552d873e7857b8f688d2cd611
82 32 14 10 46 592 :71ae5de49fba99178ba9a5cd945f340e6dbb34a562df3a1f715c0c6d32870071
83 32 14 10 46 592 :88dd01c4990564f7ed17a772b451b7a36e4053f30a7c62e5eb27227a8c7ef004
84 32 14 10 46 592 :4a4611dfe7f6350d1777749484c64e780e12666b3e86009fa0c3cd2ee2a626f3
85 32 14 10 46 571 :d0b64d85dc5ebc9df4f6a7af30e209256b0d4bd06fe3baf10b58f94756e737fc
86 32 14 10 46 574 :7f9536a1a723ff64658628d83d18b7cf7f94c9859256d294e5da62adbcd96b14
87 32 14 10 46 571 :cc480c7d50675bf99a47c416917f0934ce947ab1108948d331df8b63184b2061
88 32 14 10 46 612 :860e4d4e43e7ec9bbb6d49b27744d42c05c98d44183972a09c5803bea3109912
89 32 14 10 46 611 :b5055b730e9cb0ee70e64eb4ef68eafc4c7b941dbd388df8ca5714109d8aa251
90 32 14 10 46 564 :1ad08d51709f118d55c80efd47543e69bbb21a4938e4c929fec3920498ecc764
91 32 14 10 46 558 :bcb6122d633ab0e4aa4e5dc2afaf115cc48e297b299deff5372c41b32f7defeb
92 32 14 10 46 572 :1684c25ad7833c039fbc75a731d43a46eac454597e19ad2eb0db6f08bee604ee
93 32 14 10 46 556 :e10e92d4a3718346c7ccc88ba7d76619483aa54475368d611c2abb47310abbb5
94 32 14 10 46 566 :7f13c0d267fe330605febf3584d985d05a3c676eff30ab24d8d14d426dc6f856
95 32 14 10 46 594 :27fe25f105b0974f36458a103e48b48a5c5ca7d2e9f05b49289d9730f9ba585c
96 32 14 10 46 574 :5a0702014c31042121f797afd2ab8c47b5f53e26111db9d3159c6060957abb25
97 32 14 10 46 612 :6fe90a5738944d4b98d7ca8a94ca48b47970d6a5b9fc111cde326623b024a0bc
98 32 14 10 46 612 :47788a4974fbb924c4e239a2d9c493cecb3747960a6e2bdd3d82b54afc9290de
99 32 14 10 46 612 :36a1646c4a9ed3d8a755a007942eac3c9cd184f0ef2dcd96a63ce8860a4e42a6
100 32 14 10 46 568 :051e97de835d1eb45a765558918e0127793f7318a142076e5d732b6ed4e89da8
101 32 14 10 46 612 :32724f39c04e09f6624c3384a017e1d1798778554fb16a12bd69d7ec0b9da646
102 32 14 10 46 594 :a21ae16f882892a43422e29fe3242090e5f93dc93baa5523c3c4527777eb0166
103 32 14 10 46 592 :77d830ab28c045ee8a99d1da5e81aef94635a7c62356e5938021bbd9eecd83f6
104 32 14 10 45 611 :7beff0098dd7508adc49d7b12cf6f04adef5b7a1adb7990021ab55aaa6a76006
105 32 14 10 46 592 :171c3fc305823e08b3305279001095f1a1277b6ede3ed0d6526affea3973a137
106 32 14 10 46 584 :36e80cac91669f65656f46c9044dbb427db81de6a791915a6fcdccd640824d00
107 32 14 10 46 586 :7c88db9a997848b6facc239402db4be68d0499f4fffbada3656d4ab20173340b
108 32 14 10 46 568 :f66cb09e117aa775294a75130378c61ccaca0a74b404633089b1586a2843aa9f
109 32 14 10 46 556 :f7e3f31a217b8d144cb8a72bcf4a89d1d899cb89c67e0b87e697642bbb47dc38
110 32 14 10 46 576 :f17a02955e4a8ff2bde73dafeb34ecced06651f38a097f85b6f1ff5f79a69269
111 32 14 10 46 584 :7b5de314c7ba0cf7b22d3bdf9c997432e407acb034f94e8509f9e6afc82ff43e
112 32 14 10 46 612 :7d853be503ce3d3c79ddeed2d534753d59d328009a26925fcb56a6f9d23c75d7
113 32 14 10 46 611 :2f8b02073641e375b68e75f523c76ba4a41235949ecaacc8b6d0c31170499674
114 32 14 10 46 586 :12a445a56686f76d5463f9f2fa38ebe27b68559e3762da2cf775d05f2edbab14
115 32 14 10 46 594 :278175f185ca08e1f5966dcdf764319c4d83d15462ca1d3b3311e49c80074913
116 32 14 10 46 576 :a164f90076504751ae0e22eacc78e018a1279a2b2e3d2b2a2e69d22aec34ed8e
117 32 14 10 46 586 :c8f6a3364035e14716e994fda42486563ebbf738e1343e824603ca455e9bc945
118 32 14 10 46 566 :cda41173b2ac5789d0a2e9865975e5897a4c0fc60213128248cf969bf10202ba
119 32 14 10 46 586 :dcbcafede83b2a8b3c66d8f2c7c89f64da732353e2245abee62d11a4d8951e3c
120 32 14 10 46 584 :24dba06355b0d4b3e505842e381675fe109bde95bb6bcdd38e7ecc7d918eb4e0
121 32 14 10 46 572 :b73bb065bd660f230fd4429e2e02fe8b6e99340e9e7759851b1ecf69e7a2f866
122 32 14 10 46 611 :e83e42f848ddc719cb63614deb983c38c2f673c97e6e1da9ba2f8cd4acf669db
123 32 14 10 46 592 :b2a203a14b34d8a2123bf6b404aaf3661600b23c018e01b6aee362508a9ecdcc
124 32 14 10 46 614 :c26839c292eb9a11dae7217fc7d69b6fa4c0693b46b9472b9d0ce2b551fc69eb
125 32 14 10 46 594 :07d82dbb31efa8d625d3e15785c95fd83f58f1d880d6624ed1d24ccc3d3f2ff7
126 32 14 10 46 563 :227a22152bdd7e4fdf045db6b7208cc434fc15d6a31a56577640df3e6b8909e3
127 32 14 10 46 584 :8fa3dbee3fe5a2ef49d39ff5a72190d91d00c0d2ff3c56510a1e2e624796d1b8
128 32 14 10 46 575 :9e79ca56c744355a96364aa18d75197f2386330f21c9dc4d4f9ed05956eeea68
129 32 14 10 46 572 :2d90ec4f07044f73e19502d1708361e9cb08c6cd25b5f36d57523b6c43358373
130 32 14 10 46 570 :348252971ff0454429980dc8ad36ade537ec67b76d54374bc4386aee3e282318
131 32 14 10 46 562 :dcf6fd6e0dfd214b2799eb7b2c3e6d7fbb822b43876f0842177d3cdb4de06f69
132 32 14 10 46 556 :15a6a9c111e950d0fb17d237dcf83bcb40b6c2653376498d31429af7347d3626
133 32 14 10 46 612 :06ff87ac39ac77a33750dbf6c156849166102cea9f94ea9b67f7adcfc4892e5a
134 32 14 10 46 584 :ffa213a9e55ea54662f169805bdf787269a5a5cdda7580c1ab6898324c21187c
135 32 14 10 46 566 :45c5add6d2c0a9b26ce5d965a6478781dd7ca3acde96c7e5c625c2871692bd9e
136 32 14 10 46 572 :e53ec13ae9958feea6ae1f4aa9b8f83aa42c3824d8926e1b382791d57c17a5f2
137 32 14 10 46 586 :d01f812d5cd244ed2a58a6918df023ad28f702df80f45c474bf78f225473c7b3
138 32 14 10 46 572 :beed0eb78f3392e6dfe74350264344d2f9e231f8b54fb275f1b4a26ac0250e77
139 32 14 10 46 612 :156ca17e7c5603657d3ae9409a6dcae3fa365eaae47db85b098008669a2a512d
140 32 14 10 46 614 :8182cbba7a830a2ab7a60362fb9bc8e8c79a31db74dbf1dc47399d4ac1af2a6b
141 32 14 10 46 611 :3c15d33de258a9b189a8738dfcc4dc36b4a47dfc3e45c80984903699146b2f0c
142 32 14 10 46 614 :e724e712bce189a769994e98ac6edbe6e1a72b15efc3c3a4d1f2e86d99e482fc
143 32 14 10 46 556 :e6a1749ea4f2f4b9d1235c9f9d617b0940774d4da6d108d63feb0b6e727a5514
144 32 14 10 46 614 :35e07e9165ade4ccd43e430d364aaad2aaec99ffdbb01340e06bce1a3dbb3e55
145 32 14 10 46 612 :c2f80755f2cc077d5624d1eb510b83e94bf13aecd558f48a3b41a70638720e5a
146 32 14 10 46 556 :4c9dabe4502893683a55630bdf228ce3bf6d60ec121fc29f8465e28075a9d78f
147 32 14 10 46 570 :47905d5d15fd9b78d0ae55e7f1e53b8d6623af5a99d538a4a431fd23918bade6
148 32 14 10 46 570 :baedce3ed1f393827f26df5d452a068bff53f124992e0bfb425568d5b2ab6eaf
149 32 14 10 46 614 :5bd8ee7bda17bf1b4a10d12925d796b24b7cd381e5b3f12b5d3b47fc44489ecf
150 32 14 10 46 584 :f76673e2fa59ae62054814559386936816ea3d9e16fa4ba87ea17abfc44fdac7
151 32 14 10 46 612 :b220a8fa120731e347b79048e1b6dd45719a347e4cd8ef3bc55501fbf4d5c0eb
152 32 14 10 46 612 :0cd640ccf946399807c78d81b919ed3e841a0a8aa67f4f247468c3ca413c4596
153 32 14 10 46 572 :d26615ccc2f8312a33d5e8c945b7dd02e5fb879a09a2855dd1a3739cf14054a4
154 32 14 10 46 614 :19d682c5d995a0ca732dba796122e6ed1a1b1f01a426e72833a4925ed5eeb02c
155 32 14 10 46 566 :b57c974c973ecfcbb18ebeecb1adcbd9bb1ac1a3969d94cf8dcc45930281fd56
156 32 14 10 46 574 :03c5b4e93e449770a0cd273f7bc784b60f4e849f60d2d553a1434ffd213b70e7
157 32 14 10 46 614 :a024aaad80271d83fcda0ede8ba4a0e2206509de1921affa8e5a051f2841582d
158 32 14 10 46 556 :02d5c9783724bbc19b63a4d9a86282e0714a8d0a133280cee826f8aa1e3a83a1
159 32 14 10 46 563 :4bd07b5876e6c918deba77a1b736e253751f740338be2fdeb88075d6c7d538dc
160 32 14 10 46 556 :4a288bb0ca09438fd9525a49b89ce8e5bf80688eabfe3cd57de2534a478015fd
161 32 14 10 46 611 :629959774c6a574d3af5b1460dc449e7dad30c99e8bba4db67d1e3fe4177d717
162 32 14 10 46 611 :565359aac97fbce944281954a9d642bd546aaaea7e0f8c01a61695a9e0a27b86
163 32 14 10 46 564 :c0fd1fd6cc4512c3960ab9de5bc871926922e8e6beeda71f55ac4a27ffdacdcd
164 32 14 10 46 614 :1824c7c03eddbefa8c9ec7ce7b16d8b38b5a6061a93a722d1a6711c3968cbe63
165 32 14 10 46 576 :5a7acf49869b7e57a524357e914b857e98121c74728eaba89626b5e162b6dc24
166 32 14 10 46 612 :cfdb9126a6b04eeba92e8853b5d9debe68646300ec3524fb43444ac0b823c105
167 32 14 10 46 567 :15e2124c05afa3b1b33b89f748d94b3197aa4a6328241c186f56ff63bb823439
168 32 14 10 46 584 :8ed70b1ee8a0eb374d85c043b0171fc3bc4a439e8359a3a5ae078288642d9d85
169 32 14 10 46 612 :3aa42b6f4eeb310393d4b5289b5a143631fdf345af0665ce3b4452b5cd4165a7
170 32 14 10 46 571 :590659c20b85a90467d8149e3abc47643d0a0b2317b9c9e91eaa4416972f9c36
171 32 14 10 46 572 :fa13a82491a6e6ad22aa99ef3c0692b384ee2107bafa841079e128e432ba17e4
172 32 14 10 46 612 :e4fc7291fa1f7143ddb63be77223a3469a637fd369065ea99c20f05c4de3f444
173 32 14 10 46 567 :eea969354b80e3df498c6bef9c42c43c027dd5d50b508e3243eee06b9f0e7efc
174 32 14 10 46 586 :1e622783222d08797b8fcb3785363b038dc243384b23934cd94391eb0983a1e9
175 32 14 10 46 572 :db972b28e3235af1ff190e398863561337df6e7f6d3c80642250b83c7b630224
176 32 14 10 46 556 :46f9f64a84b5ff0a54b446f93e1caf11f912282bb8d967dcbc6012fb7a9dcba0
177 32 14 10 46 612 :a0ecdc89674a199f15927e2b03d3638ba09db344e5abf38bc4a909c1f89c6e9b
178 32 14 10 46 612 :7216df5b1525150a275fb948775797f7e3f0942afbd343fe284263b1affa4c0c
179 32 14 10 46 611 :a65f44bd413724e81e63f13f9ebd52d64ce092e03670788311a4fd535ecfaae4
180 32 14 10 46 614 :ad6c720deb8c8a13a151d84291f41b3f4e8e6b78c8f3e9a064abbb64e2f85c26
181 32 14 10 46 567 :914a01c54823e6483174666c1f476013b81d1d27bad6090863cf9d1694cee814
182 32 14 10 46 563 :f3d8c89e59bc5dbdd7069bf170604dbed088ee4ca3d10f7617e71e1a201601e2
183 32 14 10 46 612 :499b805e759e945af8ef808a2056d2c0b4e335dd01a81c17518708975dc0332c
184 32 14 10 46 564 :3897006a1c686d0f189da5847356ef75ac63483138f90e3a77c6419169dc6db2
185 32 14 10 46 592 :9c51a241a364b8deb2fe782f282a34859dbe1bf99469519c2d19c0e8539e145d
186 32 14 10 46 584 :b4443caddd8aed8269ece1ab1f489449b67a1ff77e6e077e310e9cdef5073351
187 32 14 10 46 614 :560644adbd7785ff1ec849bb4dfe70c9b9418ef5a9bd4ae58d323172dcd44d3d
188 32 14 10 46 566 :37fdf724b6790abb3c362b03378c5374fe84a8e86736a19e741ceacb0e999de5
189 32 14 10 46 612 :76e7173344d1145dc7067719842a9aa3677daad1cfd9a7f50ef71848963c2391
190 32 14 10 46 564 :daa372aa75474081791c4211123bf0edb2c6503ae5f38f6b01ccbbf2b2650f95
191 32 14 10 46 556 :03defdfcd0e0b38af51d0f8ed89564c8210fdec54d0c5448efa93a37adf792ff
192 32 14 10 46 574 :488ae9083572ec6c9ccf61ddc92166a6a676f07d2ff1cf4ba7c7b5710c7886ff
193 32 14 10 46 611 :8342ce99381590413b649a58d6ba2b1fbbff104778935cf3667b6728615af7a8
194 32 14 10 46 567 :af4049a006ce64000aab8087c3a1508891f666b87da4376709d1883ec2d627f1
195 32 14 10 46 612 :44f36fe551aa43a89c3e9c056997f4a828d4f3c0e1ce124664538a5cb63c9470
196 32 14 10 46 614 :e8ed31182f12fab31e2557185c1a922dab9338b9beb034f195cf19a7e727bae9
197 32 14 10 46 611 :246b3c6641b3c410ad804a6227542e6b65c4288f331bc29bac492ff2a18a57af
198 32 14 10 46 576 :cba50ab1ca3292568aab63af38a5748de00f38d0dff04dff4db8b2705b7381ba
199 32 14 10 46 556 :21afb171eda8a9dc4b6e0cb85a256fa80ed6292c03b59365889bb932f57b373c
200 32 14 10 46 567 :41c0ed3a4d2ecc3e2a1d2db33b225bbe93ff0b803b4204d69c85a2a74b71d04c
201 32 14 10 46 614 :fd4d622e8622686058b72eea472ae5c97af467a2974ead4bf24179fa9b74021e
202 32 14 10 46 614 :8353ca35369d571d493d102bcfc76d05662202c0ff7ae99bc5464d2fa24bbc59
203 32 14 10 46 563 :ea68ebaad9042a7120b782a8ed6f9607db29282613493d0ae71754da630ef1bf
204 32 14 10 46 567 :4767595eae0062bf74ff35a2dfd348bdaf801b40d26d717f42a964227cce4f84
205 32 14 10 46 612 :cd59bb4c5f5a1fd64d3083a728a285efe484302327646257f905fc6f2867567e
206 32 14 10 46 612 :bec726d5475ac4d10a60a023b6dbe12ea101b2ac04868600bf33e440ced9b8a2
207 32 14 10 46 592 :83ddad9784b6607aa08ea4e06ae3a18e9d3652807c2378009fab02b0924a18d2
208 32 14 10 46 558 :a9d7f4b8745ed970cbab109deae879170c1c1e2afd7d93fea4ef42e45a90aeb7
209 32 14 10 46 560 :94d28d4ab83ed7a643ce6f51a74271ac8cd07805c18b9229c7132fcd729b55c1
210 32 14 10 46 611 :b6cef4ced7f4384370e1f043876cf73809580fe9aba75bb8228f46d2d1bea6f6
211 32 14 10 46 570 :dafc803dde5831c483f93279258e2b74cc16abec42a62880e98f595f4e2129c2
212 32 14 10 46 572 :0f4d098168654921b6d44f15d549c99ccaed996c8d32a640c0ee14cb862742f2
213 32 14 10 46 594 :acf2dbd1df6f527761d9e9552e591b2f84fea156c7323d2a49ef5544c4a8a1c1
214 32 14 10 46 614 :b5b9a2a7a3ddb730ef2038ba22539baf00e7d83421cd26348a42962d647fe9ac
215 32 14 10 46 584 :48919645c637d7cc8fe4ed055a5ceca59d5a5dbb142f0bae3d50b8176afb2508
216 32 14 10 46 560 :31aedca29eb98eb3f0cc90e7e4f98a0d93918aa7ac379df0acf403de13b60f36
217 32 14 10 46 564 :aee0a56a5f4abb5757c2cba400d64d869c2eba26dc772c93286db625983345a7
218 32 14 10 46 592 :a96e4be22251b66df9d956ee47316c830f1f32eeb3b916700c817b97badf4a97
219 32 14 10 46 570 :49bebb9c55b16ea89d9190d683d8c991daa2696ee5961451e4fd42f15acf1d8c
220 32 14 10 46 612 :68a085d2591215c18ac9939fd46745451c567352ef1dcf5a5872c798100ed6ff
221 32 14 10 46 612 :6612cb66b5afe25fe6e6731e6cec929c09fdad89c625677bbd1e3c10c1567d10
222 32 14 10 46 558 :04916a2f8be71960fdba45aef8ba9468cbff4afb6952cff6c7dc79f3da8814cb
223 32 14 10 46 560 :d51b846b96ad7f257f7b3b8311b05803adf34e92cc6087e37aecd1a58667fa7b
224 32 14 10 46 576 :4573fe37dbd1ee2d804a0fef9ee4338060b3b165c090717bbfc0b5b6c9711d88
225 32 14 10 46 570 :875f928593dc7c3ff07122c057fa1deb8732c8541f485387014c975696b1c51a
226 32 14 10 46 574 :719cfcf1f7fdd31e74db91b0568b859370b8f7eee9abd990976a083b57770fcb
227 32 14 10 46 592 :acc24abd188168c19e79e65dafd1cb9f4d44b70d1ea3824def501a01f1a3ecde
228 32 14 10 46 576 :673440e69873fdcb58890b3d4e3c2ca4c4efb7a19981e380291443127a5944ab
229 32 14 10 46 572 :112e8be7e46f5f298ff30fd45577ce6d12e0a580b098e8d3526fa767c2dfdcf1
230 32 14 10 46 612 :fd108d54b005ccc517a97791202efa09735ba392ab1bc82ee3d7aa52805aef4c
231 32 14 10 46 570 :ffb9a02d2ed34d97b52cf49d69c3bad18035fdc288890fec80881d9404e03016
232 32 14 10 46 556 :c57cd1a9b85c644529ed337ca1d7defc38c8943f2784b0bbf325be52d6b5db47
233 32 14 10 46 592 :99c90ff91c1a4459d8292f5350c3797abfa1116ee6163ad057bb3e81c9e5000c
234 32 14 10 46 560 :544cea89db8698cd2ae02635690917936837e9652ffdbbf7f66821e05979bd2a
235 32 14 10 46 556 :a3e36c49a077bea5756c53fc117f0a19ffa577bc30e94520bf927550eb5d9265
236 32 14 10 46 564 :2bcdaa60c80343fc086850e18a32bef03286840f3c0bfcfa3a5816c813771173
237 32 14 10 46 614 :5271b226e72003cd2d19c5569ac85b9d09cdd5fe853b84406e7ab26ba3f2b284
238 32 14 10 46 574 :a5efa92658c6dd7ea92ca85ca15a450a7137a1f6735b11c339f410ad7e40db00
239 32 14 10 46 558 :9445a9b098d629cb68353646c3e547027f147d0d9e055bc16f5b904015bd1421
240 32 14 10 46 586 :1887762c73d22cb31990ef220be471d7bcdb5b4e15beac848ba8d79704e44fa7
241 32 14 10 46 574 :b5e8fec1524e1e3e10ecc467c720665bb5ba1ad53f3a9852e0529b78ff6b80a8
242 32 14 10 46 571 :fba9bd5ff2b39c4b9a600d9272418b435d130ff73b640eca44db3a0cebc4d29f
243 32 14 10 46 584 :d0ca28b5891a48b29bbd5fda3f1d7744953b360ab68bec1bde0575ffab7f5f91
244 32 14 10 46 612 :991b76d1642b61116bcbfaede34861fe093ddcc71903b95a61b10d9a91a69d2c
245 32 14 10 46 572 :2588aa6f550226b423e656f5b2422553b67b1f6081a6c277b31b4ec744acfc05
246 32 14 10 46 567 :22b91b9c475b4ab664f6c7e042b26f2135b38c83d799f7243266a527cb65a958
247 32 14 10 46 612 :515b02cec335dec223127f17e088b71f8b6b83fe3aa65d4b09c1f740e51d3feb
248 32 14 10 46 564 :cc7b06572349b4e51c507394a6511a8b89caf71db85f6a3427bc6d766d2be097
249 32 14 10 46 572 :a28333585d093e00e73dd2bdff632cb515327469237a9f584a89739617057bf0
250 32 14 10 46 586 :dcdf71303c6ba825f51890235bb26e73f0b19aaad387267cc614f06310543158
251 32 14 10 46 614 :395bfd0a062024ab9bf942480efbe238179c8b6341ab0de26dae05362a79e3e9
252 32 14 10 46 611 :8ab578d7df819aec5b2de7ddf31e481da6072e5e61e4dbc03fd1ec8a7c8bf965
253 32 14 10 46 574 :5ef6de6130c82f1f17cbaf61efbcc0e67f5208a470346fdb07a5539a1e5accb7
254 32 14 10 46 564 :a37ea2535ebe34d0204336ade54269be9590358e4973c0cfe03ae81a92e7dd2b
255 32 14 10 73 612 :3a96a58989d64adb17ac2b07a8925e88fcb7c097caa21c2eb0e08ee0b4cc0209
256 32 14 10 46 566 :d2bb7dbd991f6053d39c6666a1cbf63f8100af2d816318cf30b22a5e7bb33d13
257 32 14 10 46 570 :6872e9146bad556b233a42a7536a3bf2265159a840aef9387c44ea3154c89a31
258 32 14 10 46 563 :d23af3908572f90dc6d5ba86b7dc71ff2b4fca6b46143f898e90de01085bd4ab
259 32 14 10 46 568 :46cda83b91a4aca842a9638b4db59d5d9e522fc56ad8edeeefde6d71e408528a
260 32 14 10 46 612 :acc5ec6332b5a14c29bcfa21e6b9b63cdedecff6d21b8b2696576a1a914cdd9e
261 32 14 10 46 612 :471b29f8d9ce4d52b985beaae6ddb8f3f6890b0032a6e14c1c791800c5b95177
262 32 14 10 45 572 :71e1756dac96623fbdb2d1ded3105c7a06486e60983ef1f65199c0741fd32047
263 32 14 10 46 612 :6b38e4d7fc830b64da94b08c5f142d952b3f9f7b3e8f0f3f92623718e10933a4
264 32 14 10 46 567 :9b6fd3e0a54f52d52976952107ab1e5ff43fa8491c442560cb19c14d327303ba
265 32 14 10 46 612 :94e5e823fcce9040004219725c386aa7779d4dc884a5db22e704cfee3a1e03bf
266 32 14 10 46 570 :79dac7c4e116a127a6a96dccfaa8f14ed5a0dfc44cb360403ded2a0bfd3f04dc
267 32 14 10 49 570 :a85ca69c64539111ef229ebfee779bf8fe5d61b6b926eb7e89be5e26fbc7132a
268 32 14 10 46 584 :72873d68f17e47d35716e118e5fbbebead828b91a71a28cf6f25e9be6d91c71e
269 32 14 10 46 575 :153e906ff5f72b11ff81366b2288a2afada331a9ec1a2840ee3274bbefaf94eb
270 32 14 10 46 575 :5b482715d7f5760bea4ce8d7a34847be5abebcd628118953728f4fbd56c344f1
271 32 14 10 46 614 :9f57a3d21032418539469fe0167d18c04d13c96a9037b533223c2638f0d894e8
272 32 14 10 46 614 :ee12e1e0439e027628ae4bcccaac9113fa318118cb13a333ef573decb6557113
273 32 14 10 46 575 :34ffcc33216f05b9aa3981c9951e70695d653ad0afad599dabe21e7885024398
274 32 14 10 46 571 :6ec5726733ce50655de0795c3212f9abe7b3a110aec5e344fa3ff4408e028317
275 32 14 10 46 612 :884e05c6e776d9b0ea33c81d94360924f49316707200fd7744ce5bd2e1379399
276 32 14 10 46 612 :ebbaa8e6e6dd15c92e3bfb354a7382259cbaa1b5c1cf15f99f6094901177e555
277 32 14 10 46 611 :fba853e2e19955bc37fffc7a2c5dbace8c10b2d8300334b8f08cfab5aca0e717
278 32 14 10 46 612 :167b1c351c1c66d2fa50eed58480081ec882ccb3bd500df1aaaec994ee29db30
279 32 14 10 46 612 :55ee867901f8b594eadd6da85d0ee27f33f5042e997913a525ba27a77be7accd
280 32 14 10 46 612 :a14c82e5fb5055a81bea5579ae02516f47006d74b89084d07d7b9ec072d44f32
281 32 14 10 46 614 :fee429366c932cf25268241769edd603ae2a39a08a367370239945c58679bb8c
282 32 14 10 46 584 :90f623a19cafbc0f277a175a2a82324118a45b96e401fff49cba41fe17e8f501
283 32 14 10 46 612 :de5d6aa164d73130e6576a5a8d34d6439dc396a409ed3042385bdffaece8d97d
284 32 14 10 46 614 :d33944693e64c7b5abe4f8a956086b72f7f7ed4158734c99d66e6d0d2534b83a
285 32 14 10 46 568 :5e1f3e8fd34e7142aa0c1a5057fb023f18e8d7f42fa8001d6fe3f7396c774ef5
286 32 14 10 46 611 :d08ba20cccf4cb04133f595272597211e28f9c7985fe589c1fb6bb9408d377e5
287 32 14 10 46 564 :4e54b32246c7a0101ad40be80f4de1f7c8aa379545c4d7a1e1c796f273d4b518
288 32 14 10 46 556 :f041ff21c0e8dcdf1aa78d4bb5c1b99516ca8de5465e3b9eeb52b82d52ff9d1f
289 32 14 10 46 556 :9bc85bcd9c8d4e63849df449583ca587d8a7580ce0d39fbe0cb6de22e900b5e6
290 32 14 10 46 562 :5255057c37a9aa06d321912c0aa33190b2d6eef8c39964abf41587e8c85fd8fe
291 32 14 10 46 614 :ba580714d95bc76008f1672c1ed98900181f00b779ff4683f189f71a513b02cc
292 32 14 10 46 575 :7d8a2a001af5acd86d6ca7317d84ab1657885c80894755670360cd997cee7672
293 32 14 10 46 612 :b8273387a5c38c5e5cae74074c6f527446c487c7f36e6484f30555d2451e6d12
294 32 14 10 46 614 :4563eaec5176bd05ac76c4663322701e318e0ed4dd7d4e0b5f6b68e273ff167c
295 32 14 10 46 592 :a8643546cbfac839b99eecdf32e3bcdce018c24e912e60cfeeb93c108c691ad1
296 32 14 10 46 564 :de8a79ae29737e6b88ff2c15ac7bac8f07665b97908e883e71582e88ed3f0e0e
297 32 14 10 46 562 :c809adaa2b206476200348a6f783df18cd3e9ff2f3481da1d3704973a0b9f741
298 32 14 10 46 564 :9d225ae835669035a6b571d0a8f745534d6ee227bb7fa28997d756aaa02e5900
299 32 14 10 46 612 :32295dca0cbdd873026685bdc7415ffadbbebdae8093124f3b50c30d98c4d4cd
300 32 14 10 46 612 :a094a29bd14fa77a78c8a4821708d0836c491b913b3288d60b01a9dcff368fe9
