1 32 0 12 43 1 :245046244b454b754b4d39743538397435383974353839743538397435383624
2 32 0 12 43 1 :245046244b454b754b4d39743538397435383974353839743538397435383624
3 32 0 12 43 1 :245046244b454b754b4d39743538397435383974353839743538397435383624
4 32 0 12 43 1 :245046244b454b754b4d39743538397435383974353839743538397435383624
5 32 0 12 43 1 :245046244b454b754b4d39743538397435383974353839743538397435383624
6 32 0 12 43 1 :245046244b454b754b4d39743538397435383974353839743538397435383624
7 32 0 12 43 1 :245046244b454b754b4d39743538397435383974353839743538397435383624
8 32 0 12 43 1 :245046244b454b754b4d39743538397435383974353839743538397435383624
9 32 0 12 43 1 :245046244b454b754b4d39743538397435383974353839743538397435383624
10 32 0 12 43 1 :245046244b454b754b4d39743538397435383974353839743538397435383624
11 32 0 12 43 1 :245046244b454b754b4d39743538397435383974353839743538397435383624
12 32 0 12 43 1 :245046244b454b754b4d39743538397435383974353839743538397435383624
13 32 0 12 43 1 :245046244b454b754b4d39743538397435383974353839743538397435383624
14 32 0 12 43 1 :245046244b454b754b4d39743538397435383974353839743538397435383624
15 32 0 12 43 1 :245046244b454b754b4d39743538397435383974353839743538397435383624
16 32 0 12 43 1 :245046244b454b754b4d39743538397435383974353839743538397435383624
17 32 0 12 43 1 :245046244b454b754b4d39743538397435383974353839743538397435383624
18 32 0 12 43 1 :245046244b454b754b4d39743538397435383974353839743538397435383624
19 32 0 12 43 1 :245046244b454b754b4d39743538397435383974353839743538397435383624
20 32 0 12 43 1 :245046244b454b754b4d39743538397435383974353839743538397435383624
21 32 0 12 43 1 :245046244b454b754b4d39743538397435383974353839743538397435383624
22 32 0 12 43 1 :245046244b454b754b4d39743538397435383974353839743538397435383624
23 32 0 12 43 1 :245046244b454b754b4d39743538397435383974353839743538397435383624
24 32 0 12 43 1 :245046244b454b754b4d39743538397435383974353839743538397435383624
25 32 0 12 43 1 :245046244b454b754b4d39743538397435383974353839743538397435383624
26 32 0 12 43 1 :245046244b454b754b4d39743538397435383974353839743538397435383624
27 32 0 12 43 1 :245046244b454b754b4d39743538397435383974353839743538397435383624
28 32 0 12 43 1 :245046244b454b754b4d39743538397435383974353839743538397435383624
29 32 0 12 43 1 :245046244b454b754b4d39743538397435383974353839743538397435383624
30 32 0 12 43 1 :245046244b454b754b4d39743538397435383974353839743538397435383624
31 32 0 12 43 1 :245046244b454b754b4d39743538397435383974353839743538397435383624
32 32 0 12 43 1 :245046244b454b754b4d39743538397435383974353839743538397435383624
33 32 0 12 43 1 :245046244b454b754b4d39743538397435383974353839743538397435383624
34 32 0 12 43 1 :245046244b454b754b4d39743538397435383974353839743538397435383624
35 32 0 12 43 1 :245046244b454b754b4d39743538397435383974353839743538397435383624
36 32 0 12 43 1 :245046244b454b754b4d39743538397435383974353839743538397435383624
37 32 0 12 43 1 :245046244b454b754b4d39743538397435383974353839743538397435383624
38 32 0 12 43 1 :245046244b454b754b4d39743538397435383974353839743538397435383624
39 32 0 12 43 1 :245046244b454b754b4d39743538397435383974353839743538397435383624
40 32 0 12 43 1 :245046244b454b754b4d39743538397435383974353839743538397435383624
41 32 0 12 43 1 :245046244b454b754b4d39743538397435383974353839743538397435383624
42 32 0 12 43 1 :245046244b454b754b4d39743538397435383974353839743538397435383624
43 32 0 12 43 1 :245046244b454b754b4d39743538397435383974353839743538397435383624
44 32 0 12 43 1 :245046244b454b754b4d39743538397435383974353839743538397435383624
45 32 0 12 43 1 :245046244b454b754b4d39743538397435383974353839743538397435383624
46 32 0 12 43 1 :245046244b454b754b4d39743538397435383974353839743538397435383624
47 32 0 12 43 1 :245046244b454b754b4d39743538397435383974353839743538397435383624
48 32 0 12 43 1 :245046244b454b754b4d39743538397435383974353839743538397435383624
49 32 0 12 43 1 :245046244b454b754b4d39743538397435383974353839743538397435383624
50 32 0 12 43 1 :245046244b454b754b4d39743538397435383974353839743538397435383624
51 32 0 12 43 1 :245046244b454b754b4d39743538397435383974353839743538397435383624
52 32 0 12 43 1 :245046244b454b754b4d39743538397435383974353839743538397435383624
53 32 0 12 43 1 :245046244b454b754b4d39743538397435383974353839743538397435383624
54 32 0 12 43 1 :245046244b454b754b4d39743538397435383974353839743538397435383624
55 32 0 12 43 1 :245046244b454b754b4d39743538397435383974353839743538397435383624
56 32 0 12 43 1 :245046244b454b754b4d39743538397435383974353839743538397435383624
57 32 0 12 43 1 :245046244b454b754b4d39743538397435383974353839743538397435383624
58 32 0 12 43 1 :245046244b454b754b4d39743538397435383974353839743538397435383624
59 32 0 12 43 1 :245046244b454b754b4d39743538397435383974353839743538397435383624
60 32 0 12 43 1 :245046244b454b754b4d39743538397435383974353839743538397435383624
61 32 0 12 43 1 :245046244b454b754b4d39743538397435383974353839743538397435383624
62 32 0 12 43 1 :245046244b454b754b4d39743538397435383974353839743538397435383624
63 32 0 12 43 1 :245046244b454b754b4d39743538397435383974353839743538397435383624
64 32 0 12 43 1 :245046244b454b754b4d39743538397435383974353839743538397435383624
65 32 0 12 43 1 :245046244b454b754b4d39743538397435383974353839743538397435383624
66 32 0 12 43 1 :245046244b454b754b4d39743538397435383974353839743538397435383624
67 32 0 12 43 1 :245046244b454b754b4d39743538397435383974353839743538397435383624
68 32 0 12 43 1 :245046244b454b754b4d39743538397435383974353839743538397435383624
69 32 0 12 43 1 :245046244b454b754b4d39743538397435383974353839743538397435383624
70 32 0 12 43 1 :245046244b454b754b4d39743538397435383974353839743538397435383624
71 32 0 12 43 1 :245046244b454b754b4d39743538397435383974353839743538397435383624
72 32 0 12 43 1 :245046244b454b754b4d39743538397435383974353839743538397435383624
73 32 0 12 43 1 :245046244b454b754b4d39743538397435383974353839743538397435383624
74 32 0 12 43 1 :245046244b454b754b4d39743538397435383974353839743538397435383624
75 32 0 12 43 1 :245046244b454b754b4d39743538397435383974353839743538397435383624
76 32 0 12 43 1 :245046244b454b754b4d39743538397435383974353839743538397435383624
77 32 0 12 43 1 :245046244b454b754b4d39743538397435383974353839743538397435383624
78 32 0 12 43 1 :245046244b454b754b4d39743538397435383974353839743538397435383624
79 32 0 12 43 1 :245046244b454b754b4d39743538397435383974353839743538397435383624
80 32 0 12 43 1 :245046244b454b754b4d39743538397435383974353839743538397435383624
81 32 0 12 43 1 :245046244b454b754b4d39743538397435383974353839743538397435383624
82 32 0 12 43 1 :245046244b454b754b4d39743538397435383974353839743538397435383624
83 32 0 12 43 1 :245046244b454b754b4d39743538397435383974353839743538397435383624
84 32 0 12 43 1 :245046244b454b754b4d39743538397435383974353839743538397435383624
85 32 0 12 43 1 :245046244b454b754b4d39743538397435383974353839743538397435383624
86 32 0 12 43 1 :245046244b454b754b4d39743538397435383974353839743538397435383624
87 32 0 12 43 1 :245046244b454b754b4d39743538397435383974353839743538397435383624
88 32 0 12 43 1 :245046244b454b754b4d39743538397435383974353839743538397435383624
89 32 0 12 43 1 :245046244b454b754b4d39743538397435383974353839743538397435383624
90 32 0 12 43 1 :245046244b454b754b4d39743538397435383974353839743538397435383624
91 32 0 12 43 1 :245046244b454b754b4d39743538397435383974353839743538397435383624
92 32 0 12 43 1 :245046244b454b754b4d39743538397435383974353839743538397435383624
93 32 0 12 43 1 :245046244b454b754b4d39743538397435383974353839743538397435383624
94 32 0 12 43 1 :245046244b454b754b4d39743538397435383974353839743538397435383624
95 32 0 12 43 1 :245046244b454b754b4d39743538397435383974353839743538397435383624
96 32 0 12 43 1 :245046244b454b754b4d39743538397435383974353839743538397435383624
97 32 0 12 43 1 :245046244b454b754b4d39743538397435383974353839743538397435383624
98 32 0 12 43 1 :245046244b454b754b4d39743538397435383974353839743538397435383624
99 32 0 12 43 1 :245046244b454b754b4d39743538397435383974353839743538397435383624
100 32 0 12 43 1 :245046244b454b754b4d39743538397435383974353839743538397435383624
101 32 0 12 43 1 :245046244b454b754b4d39743538397435383974353839743538397435383624
102 32 0 12 43 1 :245046244b454b754b4d39743538397435383974353839743538397435383624
103 32 0 12 43 1 :245046244b454b754b4d39743538397435383974353839743538397435383624
104 32 0 12 43 1 :245046244b454b754b4d39743538397435383974353839743538397435383624
105 32 0 12 43 1 :245046244b454b754b4d39743538397435383974353839743538397435383624
106 32 0 12 43 1 :245046244b454b754b4d39743538397435383974353839743538397435383624
107 32 0 12 43 1 :245046244b454b754b4d39743538397435383974353839743538397435383624
108 32 0 12 43 1 :245046244b454b754b4d39743538397435383974353839743538397435383624
109 32 0 12 43 1 :245046244b454b754b4d39743538397435383974353839743538397435383624
110 32 0 12 43 1 :245046244b454b754b4d39743538397435383974353839743538397435383624
111 32 0 12 43 1 :245046244b454b754b4d39743538397435383974353839743538397435383624
112 32 0 12 43 1 :245046244b454b754b4d39743538397435383974353839743538397435383624
113 32 0 12 43 1 :245046244b454b754b4d39743538397435383974353839743538397435383624
114 32 0 12 43 1 :245046244b454b754b4d39743538397435383974353839743538397435383624
115 32 0 12 43 1 :245046244b454b754b4d39743538397435383974353839743538397435383624
116 32 0 12 43 1 :245046244b454b754b4d39743538397435383974353839743538397435383624
117 32 0 12 43 1 :245046244b454b754b4d39743538397435383974353839743538397435383624
118 32 0 12 43 1 :245046244b454b754b4d39743538397435383974353839743538397435383624
119 32 0 12 43 1 :245046244b454b754b4d39743538397435383974353839743538397435383624
120 32 0 12 43 1 :245046244b454b754b4d39743538397435383974353839743538397435383624
121 32 0 12 43 1 :245046244b454b754b4d39743538397435383974353839743538397435383624
122 32 0 12 43 1 :245046244b454b754b4d39743538397435383974353839743538397435383624
123 32 0 12 43 1 :245046244b454b754b4d39743538397435383974353839743538397435383624
124 32 0 12 43 1 :245046244b454b754b4d39743538397435383974353839743538397435383624
125 32 0 12 43 1 :245046244b454b754b4d39743538397435383974353839743538397435383624
126 32 0 12 43 1 :245046244b454b754b4d39743538397435383974353839743538397435383624
127 32 0 12 43 1 :245046244b454b754b4d39743538397435383974353839743538397435383624
128 32 0 12 43 1 :245046244b454b754b4d39743538397435383974353839743538397435383624
129 32 0 12 43 1 :245046244b454b754b4d39743538397435383974353839743538397435383624
130 32 0 12 43 1 :245046244b454b754b4d39743538397435383974353839743538397435383624
131 32 0 12 43 1 :245046244b454b754b4d39743538397435383974353839743538397435383624
132 32 0 12 43 1 :245046244b454b754b4d39743538397435383974353839743538397435383624
133 32 0 12 43 1 :245046244b454b754b4d39743538397435383974353839743538397435383624
134 32 0 12 43 1 :245046244b454b754b4d39743538397435383974353839743538397435383624
135 32 0 12 43 1 :245046244b454b754b4d39743538397435383974353839743538397435383624
136 32 0 12 63 1 :245046244b454b754b4d39743538397435383974353839743538397435383624
