1 32 0 12000 42 1 :68301e4ce9cbcac335b338a2ab422e90ba3b840fe27fd7edc4cc49131979c199
2 32 0 12000 42 1 :4b8394f3a3be49b29765d6c6388e3ed8e9607e86677cf4d8085af0ea0a452d22
3 32 0 12000 42 1 :dad886dde2b24337da2e052f580d096a14bb579ae314757e8c6fde52ea785527
4 32 0 12000 42 1 :fb2f32b03cb3ca282e2b807082e10b4d9f9839e547c5195684cb86851c54a9ee
5 32 0 12000 42 1 :104b4345e43efd766572a654f2b580d44ffd7b09625b8728eca08a669dca69b8
6 32 0 12000 42 1 :70e4a5e224082ae9a6357efd11ac9513b7ff62b08e6664f19e4ae802666b29dc
7 32 0 12000 42 1 :a99aef486ee7df4caaf46135ae96c4bdacb000741d42815f597a86ab24b6dac3
8 32 0 12000 42 1 :7b1b4354ee450bcc68c2046134578e77d576233f44114b821bb199a466c96108
9 32 0 12000 42 1 :b049687a78d85b348d2f700028b3725a726c0fb138f9561eed83c175dbd421a6
10 32 0 12000 42 1 :0e8c75429e1795f817e8e023e0960384fa128dcfdfb67603802200b0ff6a0b2c
11 32 0 12000 42 1 :b64f1612b2f5f47c8188d4bdda3b6c9682405a24e0b486fc95670f179b8a8888
12 32 0 12000 42 1 :34fa821360dbe73c1afdebd9fc7143389af47dcab5efbe303017f4521beab731
13 32 0 12000 42 1 :773f1f8a5eb1605744c469bb10a77b40f0c867b144739105fee84b98948f9290
14 32 0 12000 42 1 :331ce5a6d7a7d62bf013dc43628bb3044e248dfa795fddf66669e7b3cb6c0c62
15 32 0 12000 42 1 :26080f200d18837a2c002479b81fb9e12fe0f795a4fe022c446ef9df62437ff9
16 32 0 12000 42 1 :bcd0d69bf356b602b8db62bd486147eb7843a8d5317d3e325ab639c89f60f129
17 32 0 12000 42 1 :e21c53276c79ef57bda4908f62e8ee3eb7305ca619167bd41a130ac2364c5d04
18 32 0 12000 42 1 :8a254e65cabcfcfc950b7144a732df7dd40d243c2fd59dfcb6b551b9f57fd165
19 32 0 12000 42 1 :b2273f29eb5cff890bd1678e9d90c75452d1c497f87f9e98071b9cf6c1e972e8
20 32 0 12000 42 1 :77d4e3078a28c9c7112fbb1b3fcdf43481d529b2f61db8d16d2070c383d8dae3
21 32 0 12000 42 1 :7a7bf10d975ddf00b4fb3fb145891ada7d4397afcd15b8ed344edbe604d4b8e3
22 32 0 12000 42 1 :18698c2efe0992787184d58780dfa0bbabe1630b50e33d4935d653a236c22f79
23 32 0 12000 42 1 :16bc9be7f81782af3f212d201170e731a303a3df4ac91d37358dcd66641b0aa2
24 32 0 12000 42 1 :a63a6d3d0eabbb93d758da2a78df5d98dd947892c93f9e7e1f1935a9169a82e0
25 32 0 12000 42 1 :7f6dc1e762834247136475fe92a26c94816c8b45395f818b5db50d9eea497dc7
26 32 0 12000 42 1 :a1a24d362a9dd3b44baa398e0c0c1b910661584d19fe6940ca7476db94d07201
27 32 0 12000 42 1 :f177ea1dda26ceb9804c7880a4a5a5130a894e856b0dbdae3467a8237ca285f4
28 32 0 12000 42 1 :29c3858257230f31078f165c4ed8ffcab68024307ae5a6e47ef46634061b0061
29 32 0 12000 42 1 :c764ba0b9573df1d29137c3a15c11b67b2b64be7eb963f4e4f92f9484efb340e
30 32 0 12000 42 1 :ad3432dcbd4cd3ec2dd8adf0f3e847a96f0d9f32ea3ac4eab054f1f9e3a030ae
31 32 0 12000 42 1 :da3f115824322565dc09d9c8b96158178c43bd238aedf67edf896abe4fa785df
32 32 0 12000 42 1 :df81465fd885895ff86e88cdd1daee9613437b3c78af71b31369383f003046c6
33 32 0 12000 42 1 :4d504a2c44799421dafa34ef3f697531b18b2504f0460292ea2ac1cef18f934a
34 32 0 12000 42 1 :f264859dbef673040dc219562ed8398c13bb0df45cf14967b2d7e69ecd7645d0
35 32 0 12000 42 1 :7f0413561e04dc9bd5ababcc462fbe9e4cce1412e898444acfc4a111b81eba7d
36 32 0 12000 42 1 :3daed7bfc29821c465bfe6a1f1e5e901fcb8e3cdbb4f4a04e38f46692c9d6971
37 32 0 12000 42 1 :9c7a5306069615ab721934ffe410ef4d12e11a3be2fee66fffba216789e7f9b4
38 32 0 12000 42 1 :2b7d828f7d70369c10b74d56349a2eddbf1fca337bc527eb5ab8d557efe891a9
39 32 0 12000 42 1 :2cf97980cade3bd97704d6e06de4008b31069193c6a15f19bbe76f060ef1f0f4
40 32 0 12000 42 1 :903b383d1fecca7bd1006e133db037d965d4666737d77e62b21a530e9bf458d5
41 32 0 12000 42 1 :ac5f32a3a1a5e31750e912809e5bfd44469380bf7c06aeb1b4a0b547cb8a8abe
42 32 0 12000 42 1 :f6083ba92ce4f248fc36b54e6dca3f329246a915027ea1fd22ddbff91406ff45
43 32 0 12000 42 1 :ee36c7487ba9c2b3e6ee859f7bcb62b0e76568519678836d70a347a78feecbf9
44 32 0 12000 42 1 :9cc8e855275703de2b3dae9f7e625b107570b3992eb6c5978d1fc0b9b87b4903
45 32 0 12000 42 1 :ebf0fca170ea05c365db3e457bd831c500eb17e20e10efc7576ad3a83fd25ba1
46 32 0 12000 42 1 :7c16d9490e8c958fbf586c276c6ca2eabd74032c6c33cfa0c5941bcdf0153cea
47 32 0 12000 42 1 :595c5f6f431cc1bc393f13ec7adf1437dd5119798e1781d86bb870455c82220f
48 32 0 12000 42 1 :a675aa2b4485a7c9d435b7b0864471bb9d36d9768951f74550f9b826fe1c1fb8
49 32 0 12000 42 1 :dc96a4ec5390c0344db8575dd5a2eecf02d98f724e97f2e6eb218a58a02ed97c
50 32 0 12000 42 1 :45f469c14d1d80faeeab5d1be1ccc194eb7bfb3ac3a4d1820e3fbc3a43e05033
51 32 0 12000 42 1 :191d083c7cdaeac64d39dff16742837028da7223ac667949fd6cca2745b63efc
52 32 0 12000 42 1 :e06eef39c502c0ebcc6be6062ca3e76bd0438cbb4cfd7b93e443f12313e83844
53 32 0 12000 42 1 :093f7ee2aaebfadaeb70755165debdd7245c64aef9c89a818b79de45b4da4a7d
54 32 0 12000 42 1 :98c3c0b5b7ba2a5bbd690695c9e47fec05c7f74a0e5b03bda53566b987cac4dc
55 32 0 12000 42 1 :7b578de0bb594efcf3b08ece3c834119e54289d9b1b1224a2fdf33414cb316f3
56 32 0 12000 42 1 :335c7169db3aa043a052425af7462c5911ea4248d9b1e70a153943ebf9d5068b
57 32 0 12000 42 1 :921870ab11a95a6998c7c033da3d9a79648c4b4a60eebb6f75d528e6a38716f4
58 32 0 12000 42 1 :43e4e1097e56a6fc47f6fcb18d387d0da33dec11ac8712ece6f05dd8d7bcc498
59 32 0 12000 42 1 :047017efb6d4d2297c767ded6c762296fa610939c48514ec7850e663bb478a00
60 32 0 12000 42 1 :cb7cc1246fd7ddab19b60ad4fe48683b14e4fef76973c2eeea0e5046fab4b9f4
61 32 0 12000 42 1 :b0f5b353d42d95902178da957f68a804974032aa3d6fef78ca505574846ae571
62 32 0 12000 42 1 :9298f7dcc9ba95fb135161967cd200e8f41c87a3cfca52e637e58a8b6998b356
63 32 0 12000 42 1 :8265f30e146219741f878a32fb8a822f2a2c585a229aeea81b94bb31c7187a38
64 32 0 12000 42 1 :b66a06377dc57d42f7ea13ed9a6e8f67fbb13154303be940134c234c21eea61d
65 32 0 12000 42 1 :f91b1dc01f308aaf784be846d4eebde86ce5d577e76aa1275e8bf8aa470d6354
66 32 0 12000 42 1 :9ee3e624729a23d8d5b2fbf19f4b08ced2c73d56d4ccba44047c6ada3d767bea
67 32 0 12000 42 1 :f2c8ce830d8918eea4d7278358c6eb899b2a3281995631f0885b32fae6a133dd
68 32 0 12000 42 1 :306b0be5dcf22199de80173ceab10742730cb93d21e7fbaabd8ffe10ddf387a7
69 32 0 12000 42 1 :9c4d930cfd5c3a51cc9163fae252008e8b5e770ab4e2cc2df7e39730fd386547
70 32 0 12000 42 1 :b7020203b9c747bd095bf1ffa85652d70156c1ba4b482f7e8b60b44fb02f969b
71 32 0 12000 42 1 :60c90b5668d8d346ec394e090b526c2e261d608350ebf1f3196dbf336625053f
72 32 0 12000 42 1 :5fe00793c0f2649f9909a1f1897b87d7bd73160c29253ec4706be66f8b1f3a1f
73 32 0 12000 42 1 :4024a05f5afc8c31bcd1f38f58307a3df72d072f5fc85aa7127898ec0b8f7816
74 32 0 12000 42 1 :35c2fbd799f59081b819e3093be5e91a4a4af0ba56d23492e10bbf573453e11d
75 32 0 12000 42 1 :b13b5db57282e706e7f3da270ead179b9846749a72e3ddd765548a7fa216d1dd
76 32 0 12000 42 1 :25f38c9ae22e2d8f30ebccbb26fa445f0fd66f8e6b7bf5ddb1ad7848c44e17cc
77 32 0 12000 42 1 :a22a479ef74a9111eca90a4b3a852f6bd4e772ecfb633cc5bd18507ebde1f42b
78 32 0 12000 42 1 :94f212b057e60dc89af471cdcbb5013e012370f0a00bd2ba3f866442252c305c
79 32 0 12000 42 1 :6bc42b64e3927332b7be1c2061e24b910bc5209bcbb31eb8395a2dcb1011f196
80 32 0 12000 42 1 :66aaf6990809b47f7769dd45c140d7c55112c3209b2adeba3a5ede2d9e15e670
81 32 0 12000 42 1 :6f989fec1da318af4357ea84125a944e8cc7029bbc1fdfa9a02c1384faa995dd
82 32 0 12000 42 1 :aebe5e555104772139691709c8743289229fdaae3d578fa843a29f2313d47bdc
83 32 0 12000 42 1 :989f1e841baf2dd0d183a9e83242f1756e2df6fcbedb145a114bf388b745d0ee
84 32 0 12000 42 1 :8ddfdfadbb6f73cab48c91d4f7d29eeba95da1d6cfed9cf7c4776c2c30160512
85 32 0 12000 42 1 :0f82686def953fe0b29569aa84b8a47a236b126c7e6c631b0c88fe027cacc391
86 32 0 12000 42 1 :2b92c5177b5712f1e86679951b59f53755af563b3d355de2e8b0e6947364f300
87 32 0 12000 42 1 :f6c6fc4c7b02ea1d7d023056b4a7036e36244893e89f75a45ea53adf71170a6b
88 32 0 12000 42 1 :c63d80d25b32cb789d0a4b00ec2df3618d681b0cb76e92325e318ff0aeb9cfca
89 32 0 12000 42 1 :f3730ff3fefab610db24eac7760db76fc639b6c7cfc475026f8833a46d219024
90 32 0 12000 42 1 :d137e960226f2fd66639dc322229f6e22c098f7d8866db8f57e1428788a4cfc2
91 32 0 12000 42 1 :40ff4eb8e7d49f662fe655928295c0cd8cf782158d298c50e302e78cc6a9ce71
92 32 0 12000 42 1 :251ee60fdb12546d550742a06c56c677e2a4c8680e4d984a99d2ec918bbe4b08
93 32 0 12000 42 1 :0594d5ece4ffe7e16989756be1df372ab3cf13d485836a55e83a558911da7450
94 32 0 12000 42 1 :3b4df044d0d048fb642778e9ab173c381a797dc2cb9bd1dbc5ba82289dc03e37
95 32 0 12000 42 1 :4732bf696eb31d2ac737dc317b71d3875b25bdd8cefcb389a62e65460f4edc3c
96 32 0 12000 42 1 :1102a39601fbcefd8ffb6c79d06988f52418725e1fdfe503aca8dd37f6d950df
97 32 0 12000 42 1 :d57e1bad7d5d1f2f1fa044f46fb27c71c5831656faed855f588b4e00959212df
98 32 0 12000 42 1 :41869c843e1aa64ec239deea723a1547f42c206a7d351ac6b54d8d8bd88495fc
99 32 0 12000 42 1 :d432c0697030be80f1c12951eb556b109fb102072b6202b9f94ed9d3807c272e
100 32 0 12000 42 1 :bade5f449f4836fe62ccc85fb7339825cfa7e24a159173b84d052132a54d73ef
101 32 0 12000 42 1 :f59339f34910f8ec7c3c5bb168dc9094b3ec317a6347f5b64f8e41b48c477f83
102 32 0 12000 42 1 :8da53309eb913775e74decba6073d14046534ec8b4a98fb506ea1bf02991aba5
103 32 0 12000 42 1 :cc2da37e0d52f7fe39d89b45d5f7a6bf96dc6e2833d67db540d0a04f7cec7e66
104 32 0 12000 42 1 :e03200cd739e57d20c184c97fbfdca0add051c3d92627779e9a9e1775faa10f6
105 32 0 12000 42 1 :174fbfdd94e52433ac571aff2840a126e7fd39294861b7b5b39206c8c2cb14e5
106 32 0 12000 42 1 :c481c6bf38361d3129e9201e25bd48cd2a92e876e18ee84c1cb0d8ddd802678b
107 32 0 12000 42 1 :32c1d7ae534ac5dcd31b8b371ee106775446ea78534af0b8e25a2bc4f0fa1824
108 32 0 12000 42 1 :b7e5a8e69f8d08433cac8fcca0f0494c195aed2055a11f7d2b91076db5ecb39e
109 32 0 12000 42 1 :4fe1b3608442f6f86315691229407b832f9b20f5e8f5d992db9d8882e173e996
110 32 0 12000 42 1 :ab348edffb184050bd9451fcfd82b4203458fc42d02f92b07a9f5a6d2e684a98
111 32 0 12000 42 1 :33e6d1904ed92f93b9dc50aecab344e2105e44035ff05885d88330ec83e73f8e
112 32 0 12000 42 1 :857a62e908cf7ca476b96913039794e377f5d3e9d1e85b202a5293d8a1b56711
113 32 0 12000 42 1 :c93467801637ccfd19fb0fb46c9bea58126347755c61bd6aadbe59fb8a4bc4ac
114 32 0 12000 42 1 :049627f8521bf2d4d1343b96a881fa6b83abf5be5ccfedf10a4262111cdc4465
115 32 0 12000 42 1 :88c4c98c48699ee0732e337e57ad9fcc48bba6e0a97c99eaa684c075aeaa5a72
116 32 0 12000 42 1 :4f8ed667fd49dfd0e53b84790683c44d85efcf2687262d333d9d5872d0ceeb1c
117 32 0 12000 42 1 :f641c44d6f0345544e0bbf8fd2f6613c28723f8c1337cd13d8dd331ef42f99f6
118 32 0 12000 42 1 :9e20763b24b8c06eff441c533a0ff411a7d730b5f18d888f3577139a33a6bc59
119 32 0 12000 42 1 :422787015e51de0866acb573d35500e45b84aa392c8d231a78891d540a60899c
120 32 0 12000 42 1 :b9d2660204ed72c9b938ba290cd49fbadc9902078e95912b31af454a1b1fa344
121 32 0 12000 42 1 :c59fa2f1ee06ceed903a1b79dacb53bdf628478cbef0feef2e95023dd9724be7
122 32 0 12000 42 1 :35c2b20b58f809093381f28cc7e19844fbe9b686e4f8de777e267324330ebe52
123 32 0 12000 42 1 :78621c9a49248dcf5d89509d7671631be11a8677d9e7ad1d7a6f8061d8205ffa
124 32 0 12000 42 1 :4b698da11ea228143b99e060a5bfb5139b402c0b1ab2a4a92522705522961d65
125 32 0 12000 42 1 :bf3581beee5d03092e7be734433cfc38e7f7d62c4fce56d8aa421c33ce3bd05d
126 32 0 12000 42 1 :e916bf120767d504334fce5a248ba5801eb978e750f2df98cdcf9fcf7f9d099b
127 32 0 12000 42 1 :47c91d3403d86e4cc939788f6e72cbeb296294a2036fd8af573fd0c7aadd8304
128 32 0 12000 42 1 :1aecd8f0063650d43a456ca56b48c38f208e28ba220c3f235317796a11a8dfce
129 32 0 12000 42 1 :793a06b39dc915b17607c7cf474e4bb3be232802a67c1a92ca7fb0f888c7c9f5
130 32 0 12000 42 1 :db29fdd85dd1b4aa28e74457f1e3e238c9d448957ae783bbeca66b23588ecf97
131 32 0 12000 42 1 :81755f8942a7d07655470ebad9ff70eb794a8eb7a2f4a1faea910af47e29d2f4
132 32 0 12000 42 1 :15de7c8ed3c48f25b9d5f7f63a12b57226997ac1c580da1166d69acfe3c34742
133 32 0 12000 42 1 :fdedec6e7e9f59fe4ceaeea55d55d14c155d84c45b5f6af0d620388c72a3c51e
134 32 0 12000 42 1 :325aea5cebc6f92b4db45dbcab6389b4b3b74d7a336087a1e2a838c5b4e43737
135 32 0 12000 42 1 :f0fe70b878b1ebe39c75c64295b4fc916928451f8d62701eff136484997bccc7
136 32 0 12000 42 1 :e6ce68971e4cff0fef08e73485d42865c8025cb88751a2f005155c7967f35932
137 32 0 12000 42 1 :af8173c86b74f2f0f816d5c0578a5c9b8e951df0179e90413887586e97b3867d
138 32 0 12000 42 1 :4e38b9bb2427b36cd2410eed8285d616177cc4728f7de2cd09f5ca9d7581aa7f
139 32 0 12000 42 1 :13a759cf4314d1a210f2989436a2967ee712c3e16f49780587d73ababc7e4839
140 32 0 12000 42 1 :6e3f5a7130a940d5a678ab8bb7b965cf2b9100c43a5997870825cec99d95a8ab
141 32 0 12000 42 1 :12240ed82e8e614b56ee3309e6043e069d22d81c8d70940a5a037cf6cfaf1ca7
142 32 0 12000 42 1 :935ecd51cfcc1f5593379061d83e8d4876777c52a90840b5f8965502a1efab4b
143 32 0 12000 42 1 :e3c9ae2de3383d7b251b47918a9e40327fbde3dcf62b8b059c80acba841df7af
144 32 0 12000 42 1 :6c1d6f9231842cdbfc8370e8ef6280467e85378c88b7af3dc87751148f5978d2
145 32 0 12000 42 1 :698861d0bb5f4ae2a593ed990a705da1aa8599f6ca06150d66421333aeb09a05
146 32 0 12000 42 1 :e964dd4bec1c0fde826d5dc130030b842f326e18e09c5caf7eafda4614df60d4
147 32 0 12000 42 1 :8f9ede761c463d268edc250559da404a4f0c230e4e60470d18ba0c7d46656a58
148 32 0 12000 42 1 :904d8259a1de7bc5c3a1f7016f3319ffc9d480941b9ea8daf9e6d0fe57b1a80c
149 32 0 12000 42 1 :e59b6ed6d58601bdb50006ada5f0c539694b9d9e7f4b8cb2ab9196beff939db4
150 32 0 12000 42 1 :e5985562acd1bbf26b17e1fe635eaba70c872615bd872bf2468fc4370c7f7b9e
151 32 0 12000 42 1 :2d386adeba766a62a1304aec0ed2d6d05e78b43035c10c0c86fbcf027a025b59
152 32 0 12000 42 1 :8d0e0b030597d5c1ced0d501ade75d412e46301911fe72afc3cc248a6cfac114
153 32 0 12000 42 1 :9f8f7b32c48dba1af6f852c003b77d2fb5de3136b269bd095382137af155f430
154 32 0 12000 42 1 :a7d6836a6211182b5f77b69e6c625e6f5bfff60089221c1dc1b99bfb87a60841
155 32 0 12000 42 1 :ca1611f30befa85081ad43b9260066aabee6d1c1c8b0aa5618a8328c2a7e011d
156 32 0 12000 42 1 :359da0c15f8131e7c3157a191271498d4951398ccb1f562ba1b1322d4dfbabcc
157 32 0 12000 42 1 :2c5eaa6b74bd1aace9bda1725349a976684cf4ad503412a6e5b54dec662ac55a
158 32 0 12000 42 1 :7fa3fd2914ba65a80f29792a334006f2d54e7e3179330607a19dee2e71a53d68
159 32 0 12000 42 1 :20102a3fe9cc05bce5ab55fbb811b954ebfaad3bc29df9a606b6f802168a4f81
160 32 0 12000 42 1 :318fbb95fd4bce630ac861c306598469ed17e06f48e832449321f8cb91e8f466
161 32 0 12000 42 1 :5430f85daef00306e17bcf265862f7ebea156d1bd64a6fb35bf7d62ba9043195
162 32 0 12000 42 1 :1ffbd3c776af124104db0d796984459fa2f08577eddfd72cc9d4db0f890c17c2
163 32 0 12000 42 1 :8552e4890ad6e951b4337ff61d4929c5c5bf906181d6cc16ee1356a2fac36d48
164 32 0 12000 42 1 :cff7971111e560d3b8db960e9e2243d59c7d7261e318b5531db68c2d3a1f4b2f
165 32 0 12000 42 1 :4991ca59fe4e8eac01e32c9c4e29ed47090b308dcb9145fb3c35a94ee9c7996b
166 32 0 12000 42 1 :3a33d82f8441a91f0af8283f8b24db2df305ced71847f68372951fa97416860e
167 32 0 12000 42 1 :cd9bffaf5c9a3367893d04302d22a45c9c3eb5bc91a0696717da997b57a54091
168 32 0 12000 42 1 :8525e8474f4da0bc6aa1ea39b9bbd9411634bb183fdb4fbf8a8bd8f7c876994c
169 32 0 12000 42 1 :861b724bc158123bdfb6b6909c826fdabf46db91f621542bafb5cb8912122b8b
170 32 0 12000 42 1 :786279190d94eb6eff67d3a1c98eb895e80490d6ce3c3b24a5fa5c95a12d4f48
171 32 0 12000 42 1 :b8e26acea149df6f2af7ae44c911657f771d42ff91fd7b2222052a182195f1c5
172 32 0 12000 42 1 :d81b0869c1462e6e675bece923b56a63dc83817f8fcd960b53b83800fd1618d9
173 32 0 12000 42 1 :db8eaaf0802924a0f2c19fa911b7aeb25a1e7c3a017a8c6fb54e3e4a15b71380
174 32 0 12000 42 1 :c6ec90bcf107420a10bf158d6c746b7a526b803d4d47eb37cc1963168cf64b1d
175 32 0 12000 42 1 :1b60cfd7a311876a79fb8f9a328fffbbdec6ad05cf955f431b63f81d17e8d075
176 32 0 12000 42 1 :7bb4f63eafa25196208b62ba7797233e5bdbd754cdbd0092fc50447be89bd277
177 32 0 12000 42 1 :07c532ce1d47e836f08205e1d91e7f988d30f48a1b68471adda72041b9f9e1ae
178 32 0 12000 42 1 :ef5239d572fee7d7470081408ac5879bcbd6dc56eac95f3465a6d867957e0d9a
179 32 0 12000 42 1 :980cb8d53b0d2b1f3c09403943a88dd84b1489c746fb1358e6b97e0e6929c8e3
180 32 0 12000 42 1 :55a575c8662cfb607d7d707464bf31ef6461c8e2fff36f5a8b1abcf87239bbac
181 32 0 12000 42 1 :95350bf668fff6f1041b2fc42d6fec7480e4de9076f329a87be378b999a87153
182 32 0 12000 42 1 :f66b228eb5ec6c9f2dbdfc8a0fb7fc2f0cd4608555f92bd634aa7568b55212cb
183 32 0 12000 42 1 :ffa6eb906029a1f498c2efdf53ef82ed06e5d409f1bb8b7ca73554ea39f1791a
184 32 0 12000 42 1 :d69403084a6cc647e79e510b066485a79af38e98e6817c6868e4ff3da24eb99e
185 32 0 12000 42 1 :2a1495fb8412006ec0948524b56d6bb8ed2efb15b7128ae593ed13baf207a761
186 32 0 12000 42 1 :795256abd63ad551a3f2d4147da122dcb996d2f750744a9e2c48e3d6ab55ead0
187 32 0 12000 42 1 :5d4806ef15b3114f8c1b2d5aab79506aa2a9279b0b49b9af7b094ad1bb93f873
188 32 0 12000 42 1 :15377a90d4149ba2722fe44cba77b78cd281490f8b8d8bce7b0c1ca24237967a
189 32 0 12000 42 1 :2cb558e0c80657d8e3a8b4789333b4c0e96fc9d9cd3e4c55612eb565cf376613
190 32 0 12000 42 1 :9a5eb18c3881a5d273e531dc4bf89e8ff51dfd28e446ce24b54733da9534473e
191 32 0 12000 42 1 :87f8a9ca73cf5712bd37337b3fdfa080e8b57a83536f41b82fe5d0079986d90e
192 32 0 12000 42 1 :36937bc8e2b2f57e2aaef0908ad330bfeb6d9d0c28cb69063440c81f98bf5faf
193 32 0 12000 42 1 :384538c1934ecfaaa750b53db5dcef8da11a7e3d7d4fa22c3d6ab004827459ec
194 32 0 12000 42 1 :8f27137ed35e877a6e481f0714f0e6b75e6467b3374b55fe35df2df0c36bcbd3
195 32 0 12000 42 1 :68788c2ae34cf4ab9327fe31b355858306f884c838e740a7d5ba524bc29e5421
196 32 0 12000 42 1 :7fc18e383cb9df6ae46c23c1155db6a1f2b5e167909114301bb270781f2653e7
197 32 0 12000 42 1 :229beabcdfc1708d4bf541c848c02591947b6a7490f514d7df57a50405d0fd6d
198 32 0 12000 42 1 :c4e264efae9cf763cc3f3f4ddeb48aeb58261da5c593e5d58b4021baa65bc060
199 32 0 12000 42 1 :b7997bc89d2d30d69ec1c21e9f387726f63cbd23b7da1b785dc2834f0f623490
200 32 0 12000 42 1 :a5ecfa92125025d4c51e368c8f5033ca19b59ba6c0b69729c9b44814012df0d1
201 32 0 12000 42 1 :039010f301e036a08e6d3605d6086cc8eb89c7f551784be5d6e44c73f1114e17
202 32 0 12000 42 1 :fc8f49c1621dbba4e6e5d8d9cde0673646b900277d55a2af77006ad7d59b08db
203 32 0 12000 42 1 :1c06212eab156c9027fbb960f793e8f3508841847bffcc55765fe991602df412
204 32 0 12000 42 1 :8592ba2b9f16e3bfeac0a57c08d5dffbdb770434a42042fd2b4f98e584d51a95
205 32 0 12000 42 1 :b39236a2ee3f9a31d80f70ae36774fe1b7cad4c45f5d416e782cc318143c4fab
206 32 0 12000 42 1 :9231dfa1077b842eb68d565d168fbc2df3dea2730daa572e89cbcaeac895e8dd
207 32 0 12000 42 1 :ff04665eb7be2eb3a92c612f9573743329bb291e09146256066f8f89f40f64db
208 32 0 12000 42 1 :1fbd2026b002c7faa15fc8bd7dc8a7237764192a906c76b1dad419dc2f397cd8
209 32 0 12000 64 1 :266e191d6bb859f4b427ba25b23d85a3804960e9476b2b90db477963b0ea442e
210 32 0 12000 69 1 :995f10a9a2e03e6b826bd1f981ac65f83e5346674ce162a09fda041eeee4343b
211 32 0 12000 44 1 :0c689bc8b9a8236f3f47ccd874101ee27fe06463680f5012ac3917c97da950d8
212 32 0 12000 42 1 :e690a119854e443443dc1babddfb21127b40e91ad2ef32e9cce4b84e1e97756c
213 32 0 12000 42 1 :c3e40cfc885c8d90965783174c9e1eb7bf0e83c4112f3f05c22362ab6d6b2c3f
214 32 0 12000 42 1 :befb240fcaec35c53a7f0a99b28f0cb8456d83282d970a9f501f79c3a3ca8ce4
215 32 0 12000 42 1 :5c3c21de668633b86497639dd07668c64605bce47e37f884640547dd45ba93bf
216 32 0 12000 42 1 :c9fa8ac75cc78df03600cf71bceed240e2a674b9dda71769a6eb963aa7beb985
217 32 0 12000 42 1 :145665f7a558cf46c7e10765a48f02b45a67dd37ae46c59dbeee6a451b047be2
218 32 0 12000 42 1 :670862e37133643a5fad9f5051f13eadcc6aa30d80e5ac0331db5335592f03eb
219 32 0 12000 42 1 :19ba258aaefa203b0fb548338f07d8a2cff13a4b94775ca8e1b308a93cc20075
220 32 0 12000 42 1 :84d227ddf36497843bb5024f9bb3436d8f267e99d7620ef19a69ca04170bb549
221 32 0 12000 42 1 :1a95a7ac113946114fefb7623226c69e6ee0ff50bda83db9dfd0df12bfeb1265
222 32 0 12000 42 1 :56645a755ef19758382872b6a29dbbba26cf2de44dd6b3a14605fedd44087d8d
223 32 0 12000 42 1 :9b03257aac71cfb29135994d33debdedccb484546bfa8aef43e56be23385418e
224 32 0 12000 42 1 :68acdcbc7c2dd285a137b8810cb48b700ea0ffe38a306d1b405d83601f809806
225 32 0 12000 42 1 :1261ffb5acfc83aa262824a48c2c1497b34a1b7cac6ff037454de37dacb203f8
226 32 0 12000 42 1 :f4644e0701ed1a8f704d6ace2bb1be553390f7e195a85e1510e79341410ae28f
227 32 0 12000 42 1 :ad44ec196c430945fa00267007353fe4d44ff3ceefb174a1590ec848d4568b12
228 32 0 12000 42 1 :aeebca1a912181dab9b0cb53cc979477a9fd611566bcf5dc5fb668a3fb1707d4
229 32 0 12000 42 1 :2b93d3f29f27c5e12226f05760631f87edc3787d7e9cd1cf00fe3203a22b42ee
230 32 0 12000 42 1 :f7d4a9ce08921f81a60940e213a2ed16939ae2ab87404cf0f26a3a217ce4c0b5
231 32 0 12000 42 1 :f5bbdf9b2dee12f90613dafbc8532c40f8ab560502c2b7db69fd935fd9954e25
232 32 0 12000 42 1 :47fc5c97293a9d7bcbd2c96f656d6c2cb3c6c51f180c780a377bcd06a41fb1aa
233 32 0 12000 42 1 :d5ac31c473ae7edd23444669ff0c82cef5244e188ce31a8a5c31b92e37027cfa
234 32 0 12000 42 1 :4d1877d59421a8f185bdef117e2347475bf4344f38db3472e0633e3ce8fc9f79
235 32 0 12000 42 1 :37926d8fdcecc41d86cec953106540f7f41e4c9f4016fcff484bfe614a77b495
236 32 0 12000 42 1 :ac1961c06449feeee73097e0622ca616832ecc54b08565b0b069efc6ded49b56
237 32 0 12000 42 1 :46d8b7ca1aeb89179519a729e32da79337bdd03176bdf83769f68e8dfedad8d0
238 32 0 12000 42 1 :11e19ec5eb6275e8b45f02684a6d9b36b5cd7931c9c98eb6a7ac0b40db3508a8
239 32 0 12000 42 1 :64b76992688a5b0de00bf804352a2a6d05a4f39c0ae71803a82a74605f8aed74
240 32 0 12000 42 1 :1cf83eabc326f6ec9fc2236fdf73e43be1ed3300ff8ab0c7cf74e4e1ea5532b8
241 32 0 12000 42 1 :a44b5ebd0bb09685b66149d5ea60aa7a56096d51fd351faa24b93b935e4e8cd6
242 32 0 12000 42 1 :6c04c7eeb7fd2e4ada1ea51300ff5553757824b4d4e4c937aaa1f00a6d67fb49
243 32 0 12000 42 1 :839f974afc0749a384b269000dbde42d0331568dd1296941bada7c3fae08d541
244 32 0 12000 42 1 :0db2520a9d5e9166aab62e4937fcdf40d58669d62bab23fbaf3e7fcf17b290a4
245 32 0 12000 42 1 :eb3ad04ccb7bd5d7770a57e9d6ff8227aebb95ea7702e168f7450d973e25a60a
246 32 0 12000 42 1 :14b2106987939437471033a867ac7ac79f8a4a2c6b08d328f9ac9eee35bd16c7
247 32 0 12000 42 1 :0d2d2958d2c5053f9606e58175d3f6e052be4b40c78d4bc29e11f0866439d40a
248 32 0 12000 42 1 :a97d4d279d137e3804e8a4f4a8dc1ea7e56315007f34b8a8d0533877fdfedfff
249 32 0 12000 42 1 :d902c242ce5b3ec1f54c2c9b581f87a40a0364fc52b426baa614b98bdd7d3ddb
250 32 0 12000 42 1 :807f46092fccb32636ed0d8e68704afb58e7e088a4a5ad9f285bedbc1fe00c10
251 32 0 12000 42 1 :5e7d0b4a495c08d91c63d614a4bc88d773e7600d7f68a59068bd73affd4a7ab1
252 32 0 12000 42 1 :a5b73c16dc3db451e148b151f6b11748d6361144b701922bdd13968180a23ce5
253 32 0 12000 42 1 :08e119d4123b59bcfe13153a113c85a3724f918cb4f81d77313eaada185e1144
254 32 0 12000 42 1 :ed1b81b50364b4cc917c357431d952bfc6c2ef9d7ccb6c2d76929191ba79e8d4
255 32 0 12000 42 1 :c521f41bc006a773fbff65a96e6e05cf953a45c9ff8e41e29b8aa96915a0bcfa
256 32 0 12000 42 1 :4bb0dfd8770139e71e2b237795f7bdb56550e07e502733fd31e0c8443fd8c494
257 32 0 12000 42 1 :0eee0d16dec8f42a8e84747e69c428e55910639eb3f394a2ee07cf7a8f74dc84
258 32 0 12000 42 1 :89edb614296353313c4d20ed4e56822f58770c02075203583438f7f19057530c
259 32 0 12000 42 1 :b977c15c2e8f9ac9910ad9bc5885b0d0d48ed934f055df37b6eb4df630318ac1
260 32 0 12000 42 1 :7209b631df9610cf44ace14d55e921937f2ae3f8dcc500cfdbbf16bd6a057f9f
261 32 0 12000 42 1 :9a7993c0d55aae987147b55185b7bf41b37ff616f9c3f1ea5404c6ed25602074
262 32 0 12000 42 1 :116903ef29723a1383a5211bd9ee7e72fd02e645b0341cd5da4f50cde5b49604
263 32 0 12000 42 1 :924c5ee35448e62090078b82b96c9c3c630b3b288730aa0b4848f486d4311449
264 32 0 12000 42 1 :2f720a588948ee8a190a508ca646337fd0b154f3198197a3a6a773e36cb948b2
265 32 0 12000 42 1 :23da439b3f9cceb563ecc9076e90b207b380715840bf4cc5fcc9df5be8588b8c
266 32 0 12000 42 1 :0f016a4c668d8765971a6dfa4d0fcef6eb631d2eade77f1f82954a73bd74c506
267 32 0 12000 42 1 :fbce0805d5f064c39538140aeea059daab5db658c6df13aad7b8c5af6930af9b
268 32 0 12000 42 1 :6051f4106744e60d4f5385ec6e8006bb911179d01d88c354b3cf5566773aaa56
269 32 0 12000 42 1 :6268cf041f1e0ca69d96d137dc135b5a3a1f98088ae629143510f954285560e6
270 32 0 12000 42 1 :bbaed42ce305bd85c3d516fa40dba3c7c02eca367d565119d3fb2b598847426b
271 32 0 12000 42 1 :7028d92efb4dd17bf7c13b7c9b54c1299abc6214500e2fb1fd4345ce488bf44b
272 32 0 12000 42 1 :54125fd71cdf92849b308debd4b025e0014999c6f87b84750f2bf780d1cbed76
273 32 0 12000 42 1 :264ab0640570d2100aa9531ceb50bec5876877bad614bb8b2d82bc7db1881763
274 32 0 12000 42 1 :017ca61fcdf7003638f7419ac2435af235edb9961cfd36472a0073667678f177
275 32 0 12000 42 1 :8642017515e7d2c492652559aef0de07c4aeae153629fe026af24949ecf325bf
276 32 0 12000 42 1 :34b34890cfd2aec6c6ab0a831a756abd30b13aa7e859d28356417b254a995011
277 32 0 12000 42 1 :2c585bffa56aaad9965d1d0059d50991a8a7de4d5ee4cce0a1dab20a7f181c62
278 32 0 12000 42 1 :e56bd8a1840a28b520badd86ede3ed4e816ea3b6e6a8d4434a4db631c24a373b
279 32 0 12000 42 1 :3589e182974059c26cc9f9791e1ee6e0cae236d9216d5b1f761d582d6de79479
280 32 0 12000 42 1 :3157b3d08ca45e02a91a6eb3d1de97fc1e04dd8b504bfa1dc03f51f865e215b7
281 32 0 12000 42 1 :89731dcaf994c4f50b222aa13f39345685e7071b6b7fa2a066721bc4e0f66d49
282 32 0 12000 42 1 :a022a98b5292aa8293651f5a45d1c5fcaf13ff1a432ed4e548ff0ecaa03dd66e
283 32 0 12000 42 1 :92902f707e55cd5702285d6b2f65c37d41cf7066572992f233b1d8df6fdda126
284 32 0 12000 42 1 :a615aeac7f0e9aee345ada7af5e21ee2f578238c7fd30c73601d11e84071474f
285 32 0 12000 42 1 :27e66b29a42a58f012e3cd47dd20e362e822f1d7dbb8eae343455df21ca82c05
286 32 0 12000 42 1 :95289c07cd54218a2f05165c2f0061aad7d5e41139eaa8eee7e9a04a6f4bb893
287 32 0 12000 42 1 :df5e55284529b311e010ee3074efa39fb077e347ace6acdb50b2aa54bbe0b817
288 32 0 12000 42 1 :5803d0adc27a8afa1b970b542f954d3e0c3d6498be7edc6ae4be1a5fcef75dba
289 32 0 12000 42 1 :554199aea5ce56a82023e1ddedd27c3601783c450bf545ef00a719ca790ce133
290 32 0 12000 42 1 :83d416c61ec7af1af3e6fa0f7107f8027397c2540bb002f4ad2433fc7c5070f9
291 32 0 12000 42 1 :bf3882b72bb6225b833f3869ea9524cf84b155bb4bb03e18dcc360f75de8790e
292 32 0 12000 42 1 :c711f4e8f48606abea72d2ee81b904bdda4dc0619b6914eaf2c3fb88646b4bdf
293 32 0 12000 42 1 :679cf23078f55df3f86a3ab50b8fda0c0622a8bc302009d5bee82bb8ce099537
294 32 0 12000 42 1 :f615b34da22c9a6c1307ee3376a6318517de11fb84fcab63d660bf5cd97a5983
295 32 0 12000 42 1 :d208a82d85a57bf9524843b82ce8e7f05322d0ecfd5d99dad3c5ee924d1e3e1c
296 32 0 12000 42 1 :33544fb6c137a27bcf7cee7a634df372fcb4ebe8a2b062ccbc8470ecf5dd9eda
297 32 0 12000 42 1 :75be7b785ee0923ead8f362030ffb3c2ef445815f4a44c577879894642e3131e
298 32 0 12000 42 1 :fd7d2243bbde0be07a9685cd494a03482cd9c40509da4b89f3cc50e116033858
299 32 0 12000 42 1 :2ac3a1f1e6076bb9a4452f8134ad06b28b9166bd3db4a13038224129c15eef02
300 32 0 12000 42 1 :58f1cfbe717686f18d2c27167ffbce2a86e55abb322e8bb561cfb8ec301d802f
