32 1 0 1000 45 1 :75
32 2 0 1000 45 1 :7534
32 3 0 1000 45 1 :7534d8
32 4 0 1000 45 1 :7534d8ea
32 5 0 1000 45 1 :7534d8ea2b
32 6 0 1000 45 1 :7534d8ea2bbf
32 7 0 1000 45 1 :7534d8ea2bbff1
32 8 0 1000 45 1 :7534d8ea2bbff133
32 9 0 1000 45 1 :7534d8ea2bbff13389
32 10 0 1000 45 1 :7534d8ea2bbff13389a0
32 11 0 1000 45 1 :7534d8ea2bbff13389a012
32 12 0 1000 45 1 :7534d8ea2bbff13389a012a2
32 13 0 1000 45 1 :7534d8ea2bbff13389a012a201
32 14 0 1000 45 1 :7534d8ea2bbff13389a012a2011c
32 15 0 1000 45 1 :7534d8ea2bbff13389a012a2011c3c
32 16 0 1000 45 1 :7534d8ea2bbff13389a012a2011c3c4d
32 17 0 1000 45 1 :7534d8ea2bbff13389a012a2011c3c4d43
32 18 0 1000 45 1 :7534d8ea2bbff13389a012a2011c3c4d43f1
32 19 0 1000 45 1 :7534d8ea2bbff13389a012a2011c3c4d43f128
32 20 0 1000 45 1 :7534d8ea2bbff13389a012a2011c3c4d43f12857
32 21 0 1000 45 1 :7534d8ea2bbff13389a012a2011c3c4d43f12857d7
32 22 0 1000 45 1 :7534d8ea2bbff13389a012a2011c3c4d43f12857d725
32 23 0 1000 45 1 :7534d8ea2bbff13389a012a2011c3c4d43f12857d72596
32 24 0 1000 45 1 :7534d8ea2bbff13389a012a2011c3c4d43f12857d7259631
32 25 0 1000 45 1 :7534d8ea2bbff13389a012a2011c3c4d43f12857d725963132
32 26 0 1000 45 1 :7534d8ea2bbff13389a012a2011c3c4d43f12857d7259631322c
32 27 0 1000 45 1 :7534d8ea2bbff13389a012a2011c3c4d43f12857d7259631322c72
32 28 0 1000 45 1 :7534d8ea2bbff13389a012a2011c3c4d43f12857d7259631322c72ff
32 29 0 1000 45 1 :7534d8ea2bbff13389a012a2011c3c4d43f12857d7259631322c72ff5a
32 30 0 1000 45 1 :7534d8ea2bbff13389a012a2011c3c4d43f12857d7259631322c72ff5adb
32 31 0 1000 45 1 :7534d8ea2bbff13389a012a2011c3c4d43f12857d7259631322c72ff5adbbd
32 32 0 1000 45 1 :7534d8ea2bbff13389a012a2011c3c4d43f12857d7259631322c72ff5adbbdd1
32 33 0 1000 45 1 :7534d8ea2bbff13389a012a2011c3c4d43f12857d7259631322c72ff5adbbdd1bc
32 34 0 1000 45 1 :7534d8ea2bbff13389a012a2011c3c4d43f12857d7259631322c72ff5adbbdd1bc84
32 35 0 1000 45 1 :7534d8ea2bbff13389a012a2011c3c4d43f12857d7259631322c72ff5adbbdd1bc8466
32 36 0 1000 45 1 :7534d8ea2bbff13389a012a2011c3c4d43f12857d7259631322c72ff5adbbdd1bc8466eb
32 37 0 1000 45 1 :7534d8ea2bbff13389a012a2011c3c4d43f12857d7259631322c72ff5adbbdd1bc8466ebeb
32 38 0 1000 45 1 :7534d8ea2bbff13389a012a2011c3c4d43f12857d7259631322c72ff5adbbdd1bc8466ebebaf
32 39 0 1000 45 1 :7534d8ea2bbff13389a012a2011c3c4d43f12857d7259631322c72ff5adbbdd1bc8466ebebafaa
32 40 0 1000 45 1 :7534d8ea2bbff13389a012a2011c3c4d43f12857d7259631322c72ff5adbbdd1bc8466ebebafaaa7
32 41 0 1000 45 1 :7534d8ea2bbff13389a012a2011c3c4d43f12857d7259631322c72ff5adbbdd1bc8466ebebafaaa755
32 42 0 1000 45 1 :7534d8ea2bbff13389a012a2011c3c4d43f12857d7259631322c72ff5adbbdd1bc8466ebebafaaa75513
32 43 0 1000 45 1 :7534d8ea2bbff13389a012a2011c3c4d43f12857d7259631322c72ff5adbbdd1bc8466ebebafaaa7551310
32 44 0 1000 45 1 :7534d8ea2bbff13389a012a2011c3c4d43f12857d7259631322c72ff5adbbdd1bc8466ebebafaaa7551310d3
32 45 0 1000 45 1 :7534d8ea2bbff13389a012a2011c3c4d43f12857d7259631322c72ff5adbbdd1bc8466ebebafaaa7551310d3a5
32 46 0 1000 45 1 :7534d8ea2bbff13389a012a2011c3c4d43f12857d7259631322c72ff5adbbdd1bc8466ebebafaaa7551310d3a50b
32 47 0 1000 45 1 :7534d8ea2bbff13389a012a2011c3c4d43f12857d7259631322c72ff5adbbdd1bc8466ebebafaaa7551310d3a50b3d
32 48 0 1000 45 1 :7534d8ea2bbff13389a012a2011c3c4d43f12857d7259631322c72ff5adbbdd1bc8466ebebafaaa7551310d3a50b3d16
32 49 0 1000 45 1 :7534d8ea2bbff13389a012a2011c3c4d43f12857d7259631322c72ff5adbbdd1bc8466ebebafaaa7551310d3a50b3d1668
32 50 0 1000 45 1 :7534d8ea2bbff13389a012a2011c3c4d43f12857d7259631322c72ff5adbbdd1bc8466ebebafaaa7551310d3a50b3d16682f
32 51 0 1000 45 1 :7534d8ea2bbff13389a012a2011c3c4d43f12857d7259631322c72ff5adbbdd1bc8466ebebafaaa7551310d3a50b3d16682f3e
32 52 0 1000 45 1 :7534d8ea2bbff13389a012a2011c3c4d43f12857d7259631322c72ff5adbbdd1bc8466ebebafaaa7551310d3a50b3d16682f3e2d
32 53 0 1000 45 1 :7534d8ea2bbff13389a012a2011c3c4d43f12857d7259631322c72ff5adbbdd1bc8466ebebafaaa7551310d3a50b3d16682f3e2de3
32 54 0 1000 45 1 :7534d8ea2bbff13389a012a2011c3c4d43f12857d7259631322c72ff5adbbdd1bc8466ebebafaaa7551310d3a50b3d16682f3e2de397
32 55 0 1000 45 1 :7534d8ea2bbff13389a012a2011c3c4d43f12857d7259631322c72ff5adbbdd1bc8466ebebafaaa7551310d3a50b3d16682f3e2de39785
32 56 0 1000 45 1 :7534d8ea2bbff13389a012a2011c3c4d43f12857d7259631322c72ff5adbbdd1bc8466ebebafaaa7551310d3a50b3d16682f3e2de3978503
32 57 0 1000 45 1 :7534d8ea2bbff13389a012a2011c3c4d43f12857d7259631322c72ff5adbbdd1bc8466ebebafaaa7551310d3a50b3d16682f3e2de397850305
32 58 0 1000 45 1 :7534d8ea2bbff13389a012a2011c3c4d43f12857d7259631322c72ff5adbbdd1bc8466ebebafaaa7551310d3a50b3d16682f3e2de397850305ec
32 59 0 1000 45 1 :7534d8ea2bbff13389a012a2011c3c4d43f12857d7259631322c72ff5adbbdd1bc8466ebebafaaa7551310d3a50b3d16682f3e2de397850305ece0
32 60 0 1000 45 1 :7534d8ea2bbff13389a012a2011c3c4d43f12857d7259631322c72ff5adbbdd1bc8466ebebafaaa7551310d3a50b3d16682f3e2de397850305ece030
32 61 0 1000 45 1 :7534d8ea2bbff13389a012a2011c3c4d43f12857d7259631322c72ff5adbbdd1bc8466ebebafaaa7551310d3a50b3d16682f3e2de397850305ece03031
32 62 0 1000 45 1 :7534d8ea2bbff13389a012a2011c3c4d43f12857d7259631322c72ff5adbbdd1bc8466ebebafaaa7551310d3a50b3d16682f3e2de397850305ece030315b
32 63 0 1000 45 1 :7534d8ea2bbff13389a012a2011c3c4d43f12857d7259631322c72ff5adbbdd1bc8466ebebafaaa7551310d3a50b3d16682f3e2de397850305ece030315bff
32 64 0 1000 45 1 :7534d8ea2bbff13389a012a2011c3c4d43f12857d7259631322c72ff5adbbdd1bc8466ebebafaaa7551310d3a50b3d16682f3e2de397850305ece030315bff60
32 65 0 1000 46 1 :7534d8ea2bbff13389a012a2011c3c4d43f12857d7259631322c72ff5adbbdd1bc8466ebebafaaa7551310d3a50b3d16682f3e2de397850305ece030315bff60d6
32 66 0 1000 46 1 :7534d8ea2bbff13389a012a2011c3c4d43f12857d7259631322c72ff5adbbdd1bc8466ebebafaaa7551310d3a50b3d16682f3e2de397850305ece030315bff60d6a8
32 67 0 1000 46 1 :7534d8ea2bbff13389a012a2011c3c4d43f12857d7259631322c72ff5adbbdd1bc8466ebebafaaa7551310d3a50b3d16682f3e2de397850305ece030315bff60d6a805
32 68 0 1000 46 1 :7534d8ea2bbff13389a012a2011c3c4d43f12857d7259631322c72ff5adbbdd1bc8466ebebafaaa7551310d3a50b3d16682f3e2de397850305ece030315bff60d6a8052b
32 69 0 1000 46 1 :7534d8ea2bbff13389a012a2011c3c4d43f12857d7259631322c72ff5adbbdd1bc8466ebebafaaa7551310d3a50b3d16682f3e2de397850305ece030315bff60d6a8052b5a
32 70 0 1000 46 1 :7534d8ea2bbff13389a012a2011c3c4d43f12857d7259631322c72ff5adbbdd1bc8466ebebafaaa7551310d3a50b3d16682f3e2de397850305ece030315bff60d6a8052b5a4c
32 71 0 1000 46 1 :7534d8ea2bbff13389a012a2011c3c4d43f12857d7259631322c72ff5adbbdd1bc8466ebebafaaa7551310d3a50b3d16682f3e2de397850305ece030315bff60d6a8052b5a4c94
32 72 0 1000 46 1 :7534d8ea2bbff13389a012a2011c3c4d43f12857d7259631322c72ff5adbbdd1bc8466ebebafaaa7551310d3a50b3d16682f3e2de397850305ece030315bff60d6a8052b5a4c9465
32 73 0 1000 46 1 :7534d8ea2bbff13389a012a2011c3c4d43f12857d7259631322c72ff5adbbdd1bc8466ebebafaaa7551310d3a50b3d16682f3e2de397850305ece030315bff60d6a8052b5a4c9465b7
32 74 0 1000 46 1 :7534d8ea2bbff13389a012a2011c3c4d43f12857d7259631322c72ff5adbbdd1bc8466ebebafaaa7551310d3a50b3d16682f3e2de397850305ece030315bff60d6a8052b5a4c9465b7d0
32 75 0 1000 46 1 :7534d8ea2bbff13389a012a2011c3c4d43f12857d7259631322c72ff5adbbdd1bc8466ebebafaaa7551310d3a50b3d16682f3e2de397850305ece030315bff60d6a8052b5a4c9465b7d064
32 76 0 1000 46 1 :7534d8ea2bbff13389a012a2011c3c4d43f12857d7259631322c72ff5adbbdd1bc8466ebebafaaa7551310d3a50b3d16682f3e2de397850305ece030315bff60d6a8052b5a4c9465b7d064e8
32 77 0 1000 46 1 :7534d8ea2bbff13389a012a2011c3c4d43f12857d7259631322c72ff5adbbdd1bc8466ebebafaaa7551310d3a50b3d16682f3e2de397850305ece030315bff60d6a8052b5a4c9465b7d064e829
32 78 0 1000 46 1 :7534d8ea2bbff13389a012a2011c3c4d43f12857d7259631322c72ff5adbbdd1bc8466ebebafaaa7551310d3a50b3d16682f3e2de397850305ece030315bff60d6a8052b5a4c9465b7d064e829ad
32 79 0 1000 46 1 :7534d8ea2bbff13389a012a2011c3c4d43f12857d7259631322c72ff5adbbdd1bc8466ebebafaaa7551310d3a50b3d16682f3e2de397850305ece030315bff60d6a8052b5a4c9465b7d064e829ad1f
32 80 0 1000 46 1 :7534d8ea2bbff13389a012a2011c3c4d43f12857d7259631322c72ff5adbbdd1bc8466ebebafaaa7551310d3a50b3d16682f3e2de397850305ece030315bff60d6a8052b5a4c9465b7d064e829ad1f50
32 81 0 1000 46 1 :7534d8ea2bbff13389a012a2011c3c4d43f12857d7259631322c72ff5adbbdd1bc8466ebebafaaa7551310d3a50b3d16682f3e2de397850305ece030315bff60d6a8052b5a4c9465b7d064e829ad1f50d5
32 82 0 1000 46 1 :7534d8ea2bbff13389a012a2011c3c4d43f12857d7259631322c72ff5adbbdd1bc8466ebebafaaa7551310d3a50b3d16682f3e2de397850305ece030315bff60d6a8052b5a4c9465b7d064e829ad1f50d525
32 83 0 1000 46 1 :7534d8ea2bbff13389a012a2011c3c4d43f12857d7259631322c72ff5adbbdd1bc8466ebebafaaa7551310d3a50b3d16682f3e2de397850305ece030315bff60d6a8052b5a4c9465b7d064e829ad1f50d5254c
32 84 0 1000 46 1 :7534d8ea2bbff13389a012a2011c3c4d43f12857d7259631322c72ff5adbbdd1bc8466ebebafaaa7551310d3a50b3d16682f3e2de397850305ece030315bff60d6a8052b5a4c9465b7d064e829ad1f50d5254c11
32 85 0 1000 46 1 :7534d8ea2bbff13389a012a2011c3c4d43f12857d7259631322c72ff5adbbdd1bc8466ebebafaaa7551310d3a50b3d16682f3e2de397850305ece030315bff60d6a8052b5a4c9465b7d064e829ad1f50d5254c119d
32 86 0 1000 46 1 :7534d8ea2bbff13389a012a2011c3c4d43f12857d7259631322c72ff5adbbdd1bc8466ebebafaaa7551310d3a50b3d16682f3e2de397850305ece030315bff60d6a8052b5a4c9465b7d064e829ad1f50d5254c119d66
32 87 0 1000 46 1 :7534d8ea2bbff13389a012a2011c3c4d43f12857d7259631322c72ff5adbbdd1bc8466ebebafaaa7551310d3a50b3d16682f3e2de397850305ece030315bff60d6a8052b5a4c9465b7d064e829ad1f50d5254c119d66c4
32 88 0 1000 46 1 :7534d8ea2bbff13389a012a2011c3c4d43f12857d7259631322c72ff5adbbdd1bc8466ebebafaaa7551310d3a50b3d16682f3e2de397850305ece030315bff60d6a8052b5a4c9465b7d064e829ad1f50d5254c119d66c496
32 89 0 1000 46 1 :7534d8ea2bbff13389a012a2011c3c4d43f12857d7259631322c72ff5adbbdd1bc8466ebebafaaa7551310d3a50b3d16682f3e2de397850305ece030315bff60d6a8052b5a4c9465b7d064e829ad1f50d5254c119d66c496c9
32 90 0 1000 46 1 :7534d8ea2bbff13389a012a2011c3c4d43f12857d7259631322c72ff5adbbdd1bc8466ebebafaaa7551310d3a50b3d16682f3e2de397850305ece030315bff60d6a8052b5a4c9465b7d064e829ad1f50d5254c119d66c496c952
32 91 0 1000 46 1 :7534d8ea2bbff13389a012a2011c3c4d43f12857d7259631322c72ff5adbbdd1bc8466ebebafaaa7551310d3a50b3d16682f3e2de397850305ece030315bff60d6a8052b5a4c9465b7d064e829ad1f50d5254c119d66c496c9528d
32 92 0 1000 46 1 :7534d8ea2bbff13389a012a2011c3c4d43f12857d7259631322c72ff5adbbdd1bc8466ebebafaaa7551310d3a50b3d16682f3e2de397850305ece030315bff60d6a8052b5a4c9465b7d064e829ad1f50d5254c119d66c496c9528d66
32 93 0 1000 46 1 :7534d8ea2bbff13389a012a2011c3c4d43f12857d7259631322c72ff5adbbdd1bc8466ebebafaaa7551310d3a50b3d16682f3e2de397850305ece030315bff60d6a8052b5a4c9465b7d064e829ad1f50d5254c119d66c496c9528d6639
32 94 0 1000 46 1 :7534d8ea2bbff13389a012a2011c3c4d43f12857d7259631322c72ff5adbbdd1bc8466ebebafaaa7551310d3a50b3d16682f3e2de397850305ece030315bff60d6a8052b5a4c9465b7d064e829ad1f50d5254c119d66c496c9528d663910
32 95 0 1000 46 1 :7534d8ea2bbff13389a012a2011c3c4d43f12857d7259631322c72ff5adbbdd1bc8466ebebafaaa7551310d3a50b3d16682f3e2de397850305ece030315bff60d6a8052b5a4c9465b7d064e829ad1f50d5254c119d66c496c9528d663910b4
32 96 0 1000 46 1 :7534d8ea2bbff13389a012a2011c3c4d43f12857d7259631322c72ff5adbbdd1bc8466ebebafaaa7551310d3a50b3d16682f3e2de397850305ece030315bff60d6a8052b5a4c9465b7d064e829ad1f50d5254c119d66c496c9528d663910b467
32 97 0 1000 47 1 :7534d8ea2bbff13389a012a2011c3c4d43f12857d7259631322c72ff5adbbdd1bc8466ebebafaaa7551310d3a50b3d16682f3e2de397850305ece030315bff60d6a8052b5a4c9465b7d064e829ad1f50d5254c119d66c496c9528d663910b4674f
32 98 0 1000 47 1 :7534d8ea2bbff13389a012a2011c3c4d43f12857d7259631322c72ff5adbbdd1bc8466ebebafaaa7551310d3a50b3d16682f3e2de397850305ece030315bff60d6a8052b5a4c9465b7d064e829ad1f50d5254c119d66c496c9528d663910b4674fb3
32 99 0 1000 47 1 :7534d8ea2bbff13389a012a2011c3c4d43f12857d7259631322c72ff5adbbdd1bc8466ebebafaaa7551310d3a50b3d16682f3e2de397850305ece030315bff60d6a8052b5a4c9465b7d064e829ad1f50d5254c119d66c496c9528d663910b4674fb389
32 100 0 1000 47 1 :7534d8ea2bbff13389a012a2011c3c4d43f12857d7259631322c72ff5adbbdd1bc8466ebebafaaa7551310d3a50b3d16682f3e2de397850305ece030315bff60d6a8052b5a4c9465b7d064e829ad1f50d5254c119d66c496c9528d663910b4674fb389cc
32 101 0 1000 47 1 :7534d8ea2bbff13389a012a2011c3c4d43f12857d7259631322c72ff5adbbdd1bc8466ebebafaaa7551310d3a50b3d16682f3e2de397850305ece030315bff60d6a8052b5a4c9465b7d064e829ad1f50d5254c119d66c496c9528d663910b4674fb389cc44
32 102 0 1000 47 1 :7534d8ea2bbff13389a012a2011c3c4d43f12857d7259631322c72ff5adbbdd1bc8466ebebafaaa7551310d3a50b3d16682f3e2de397850305ece030315bff60d6a8052b5a4c9465b7d064e829ad1f50d5254c119d66c496c9528d663910b4674fb389cc44c5
32 103 0 1000 47 1 :7534d8ea2bbff13389a012a2011c3c4d43f12857d7259631322c72ff5adbbdd1bc8466ebebafaaa7551310d3a50b3d16682f3e2de397850305ece030315bff60d6a8052b5a4c9465b7d064e829ad1f50d5254c119d66c496c9528d663910b4674fb389cc44c518
32 104 0 1000 47 1 :7534d8ea2bbff13389a012a2011c3c4d43f12857d7259631322c72ff5adbbdd1bc8466ebebafaaa7551310d3a50b3d16682f3e2de397850305ece030315bff60d6a8052b5a4c9465b7d064e829ad1f50d5254c119d66c496c9528d663910b4674fb389cc44c51823
32 105 0 1000 47 1 :7534d8ea2bbff13389a012a2011c3c4d43f12857d7259631322c72ff5adbbdd1bc8466ebebafaaa7551310d3a50b3d16682f3e2de397850305ece030315bff60d6a8052b5a4c9465b7d064e829ad1f50d5254c119d66c496c9528d663910b4674fb389cc44c5182343
32 106 0 1000 47 1 :7534d8ea2bbff13389a012a2011c3c4d43f12857d7259631322c72ff5adbbdd1bc8466ebebafaaa7551310d3a50b3d16682f3e2de397850305ece030315bff60d6a8052b5a4c9465b7d064e829ad1f50d5254c119d66c496c9528d663910b4674fb389cc44c518234349
32 107 0 1000 47 1 :7534d8ea2bbff13389a012a2011c3c4d43f12857d7259631322c72ff5adbbdd1bc8466ebebafaaa7551310d3a50b3d16682f3e2de397850305ece030315bff60d6a8052b5a4c9465b7d064e829ad1f50d5254c119d66c496c9528d663910b4674fb389cc44c51823434928
32 108 0 1000 47 1 :7534d8ea2bbff13389a012a2011c3c4d43f12857d7259631322c72ff5adbbdd1bc8466ebebafaaa7551310d3a50b3d16682f3e2de397850305ece030315bff60d6a8052b5a4c9465b7d064e829ad1f50d5254c119d66c496c9528d663910b4674fb389cc44c518234349289f
32 109 0 1000 47 1 :7534d8ea2bbff13389a012a2011c3c4d43f12857d7259631322c72ff5adbbdd1bc8466ebebafaaa7551310d3a50b3d16682f3e2de397850305ece030315bff60d6a8052b5a4c9465b7d064e829ad1f50d5254c119d66c496c9528d663910b4674fb389cc44c518234349289fca
32 110 0 1000 47 1 :7534d8ea2bbff13389a012a2011c3c4d43f12857d7259631322c72ff5adbbdd1bc8466ebebafaaa7551310d3a50b3d16682f3e2de397850305ece030315bff60d6a8052b5a4c9465b7d064e829ad1f50d5254c119d66c496c9528d663910b4674fb389cc44c518234349289fca9d
32 111 0 1000 47 1 :7534d8ea2bbff13389a012a2011c3c4d43f12857d7259631322c72ff5adbbdd1bc8466ebebafaaa7551310d3a50b3d16682f3e2de397850305ece030315bff60d6a8052b5a4c9465b7d064e829ad1f50d5254c119d66c496c9528d663910b4674fb389cc44c518234349289fca9d29
32 112 0 1000 47 1 :7534d8ea2bbff13389a012a2011c3c4d43f12857d7259631322c72ff5adbbdd1bc8466ebebafaaa7551310d3a50b3d16682f3e2de397850305ece030315bff60d6a8052b5a4c9465b7d064e829ad1f50d5254c119d66c496c9528d663910b4674fb389cc44c518234349289fca9d298b
32 113 0 1000 47 1 :7534d8ea2bbff13389a012a2011c3c4d43f12857d7259631322c72ff5adbbdd1bc8466ebebafaaa7551310d3a50b3d16682f3e2de397850305ece030315bff60d6a8052b5a4c9465b7d064e829ad1f50d5254c119d66c496c9528d663910b4674fb389cc44c518234349289fca9d298b55
32 114 0 1000 47 1 :7534d8ea2bbff13389a012a2011c3c4d43f12857d7259631322c72ff5adbbdd1bc8466ebebafaaa7551310d3a50b3d16682f3e2de397850305ece030315bff60d6a8052b5a4c9465b7d064e829ad1f50d5254c119d66c496c9528d663910b4674fb389cc44c518234349289fca9d298b5599
32 115 0 1000 47 1 :7534d8ea2bbff13389a012a2011c3c4d43f12857d7259631322c72ff5adbbdd1bc8466ebebafaaa7551310d3a50b3d16682f3e2de397850305ece030315bff60d6a8052b5a4c9465b7d064e829ad1f50d5254c119d66c496c9528d663910b4674fb389cc44c518234349289fca9d298b559957
32 116 0 1000 47 1 :7534d8ea2bbff13389a012a2011c3c4d43f12857d7259631322c72ff5adbbdd1bc8466ebebafaaa7551310d3a50b3d16682f3e2de397850305ece030315bff60d6a8052b5a4c9465b7d064e829ad1f50d5254c119d66c496c9528d663910b4674fb389cc44c518234349289fca9d298b5599579b
32 117 0 1000 47 1 :7534d8ea2bbff13389a012a2011c3c4d43f12857d7259631322c72ff5adbbdd1bc8466ebebafaaa7551310d3a50b3d16682f3e2de397850305ece030315bff60d6a8052b5a4c9465b7d064e829ad1f50d5254c119d66c496c9528d663910b4674fb389cc44c518234349289fca9d298b5599579b3a
32 118 0 1000 47 1 :7534d8ea2bbff13389a012a2011c3c4d43f12857d7259631322c72ff5adbbdd1bc8466ebebafaaa7551310d3a50b3d16682f3e2de397850305ece030315bff60d6a8052b5a4c9465b7d064e829ad1f50d5254c119d66c496c9528d663910b4674fb389cc44c518234349289fca9d298b5599579b3a34
32 119 0 1000 47 1 :7534d8ea2bbff13389a012a2011c3c4d43f12857d7259631322c72ff5adbbdd1bc8466ebebafaaa7551310d3a50b3d16682f3e2de397850305ece030315bff60d6a8052b5a4c9465b7d064e829ad1f50d5254c119d66c496c9528d663910b4674fb389cc44c518234349289fca9d298b5599579b3a34ec
32 120 0 1000 47 1 :7534d8ea2bbff13389a012a2011c3c4d43f12857d7259631322c72ff5adbbdd1bc8466ebebafaaa7551310d3a50b3d16682f3e2de397850305ece030315bff60d6a8052b5a4c9465b7d064e829ad1f50d5254c119d66c496c9528d663910b4674fb389cc44c518234349289fca9d298b5599579b3a34ece5
32 121 0 1000 47 1 :7534d8ea2bbff13389a012a2011c3c4d43f12857d7259631322c72ff5adbbdd1bc8466ebebafaaa7551310d3a50b3d16682f3e2de397850305ece030315bff60d6a8052b5a4c9465b7d064e829ad1f50d5254c119d66c496c9528d663910b4674fb389cc44c518234349289fca9d298b5599579b3a34ece5fb
32 122 0 1000 47 1 :7534d8ea2bbff13389a012a2011c3c4d43f12857d7259631322c72ff5adbbdd1bc8466ebebafaaa7551310d3a50b3d16682f3e2de397850305ece030315bff60d6a8052b5a4c9465b7d064e829ad1f50d5254c119d66c496c9528d663910b4674fb389cc44c518234349289fca9d298b5599579b3a34ece5fbc7
32 123 0 1000 47 1 :7534d8ea2bbff13389a012a2011c3c4d43f12857d7259631322c72ff5adbbdd1bc8466ebebafaaa7551310d3a50b3d16682f3e2de397850305ece030315bff60d6a8052b5a4c9465b7d064e829ad1f50d5254c119d66c496c9528d663910b4674fb389cc44c518234349289fca9d298b5599579b3a34ece5fbc71d
32 124 0 1000 47 1 :7534d8ea2bbff13389a012a2011c3c4d43f12857d7259631322c72ff5adbbdd1bc8466ebebafaaa7551310d3a50b3d16682f3e2de397850305ece030315bff60d6a8052b5a4c9465b7d064e829ad1f50d5254c119d66c496c9528d663910b4674fb389cc44c518234349289fca9d298b5599579b3a34ece5fbc71d44
32 125 0 1000 47 1 :7534d8ea2bbff13389a012a2011c3c4d43f12857d7259631322c72ff5adbbdd1bc8466ebebafaaa7551310d3a50b3d16682f3e2de397850305ece030315bff60d6a8052b5a4c9465b7d064e829ad1f50d5254c119d66c496c9528d663910b4674fb389cc44c518234349289fca9d298b5599579b3a34ece5fbc71d4468
32 126 0 1000 47 1 :7534d8ea2bbff13389a012a2011c3c4d43f12857d7259631322c72ff5adbbdd1bc8466ebebafaaa7551310d3a50b3d16682f3e2de397850305ece030315bff60d6a8052b5a4c9465b7d064e829ad1f50d5254c119d66c496c9528d663910b4674fb389cc44c518234349289fca9d298b5599579b3a34ece5fbc71d4468b3
32 127 0 1000 47 1 :7534d8ea2bbff13389a012a2011c3c4d43f12857d7259631322c72ff5adbbdd1bc8466ebebafaaa7551310d3a50b3d16682f3e2de397850305ece030315bff60d6a8052b5a4c9465b7d064e829ad1f50d5254c119d66c496c9528d663910b4674fb389cc44c518234349289fca9d298b5599579b3a34ece5fbc71d4468b30d
32 128 0 1000 47 1 :7534d8ea2bbff13389a012a2011c3c4d43f12857d7259631322c72ff5adbbdd1bc8466ebebafaaa7551310d3a50b3d16682f3e2de397850305ece030315bff60d6a8052b5a4c9465b7d064e829ad1f50d5254c119d66c496c9528d663910b4674fb389cc44c518234349289fca9d298b5599579b3a34ece5fbc71d4468b30dd7
32 129 0 1000 47 1 :7534d8ea2bbff13389a012a2011c3c4d43f12857d7259631322c72ff5adbbdd1bc8466ebebafaaa7551310d3a50b3d16682f3e2de397850305ece030315bff60d6a8052b5a4c9465b7d064e829ad1f50d5254c119d66c496c9528d663910b4674fb389cc44c518234349289fca9d298b5599579b3a34ece5fbc71d4468b30dd7c5
32 130 0 1000 47 1 :7534d8ea2bbff13389a012a2011c3c4d43f12857d7259631322c72ff5adbbdd1bc8466ebebafaaa7551310d3a50b3d16682f3e2de397850305ece030315bff60d6a8052b5a4c9465b7d064e829ad1f50d5254c119d66c496c9528d663910b4674fb389cc44c518234349289fca9d298b5599579b3a34ece5fbc71d4468b30dd7c5f2
32 131 0 1000 47 1 :7534d8ea2bbff13389a012a2011c3c4d43f12857d7259631322c72ff5adbbdd1bc8466ebebafaaa7551310d3a50b3d16682f3e2de397850305ece030315bff60d6a8052b5a4c9465b7d064e829ad1f50d5254c119d66c496c9528d663910b4674fb389cc44c518234349289fca9d298b5599579b3a34ece5fbc71d4468b30dd7c5f2af
32 132 0 1000 47 1 :7534d8ea2bbff13389a012a2011c3c4d43f12857d7259631322c72ff5adbbdd1bc8466ebebafaaa7551310d3a50b3d16682f3e2de397850305ece030315bff60d6a8052b5a4c9465b7d064e829ad1f50d5254c119d66c496c9528d663910b4674fb389cc44c518234349289fca9d298b5599579b3a34ece5fbc71d4468b30dd7c5f2af05
32 133 0 1000 47 1 :7534d8ea2bbff13389a012a2011c3c4d43f12857d7259631322c72ff5adbbdd1bc8466ebebafaaa7551310d3a50b3d16682f3e2de397850305ece030315bff60d6a8052b5a4c9465b7d064e829ad1f50d5254c119d66c496c9528d663910b4674fb389cc44c518234349289fca9d298b5599579b3a34ece5fbc71d4468b30dd7c5f2af05c5
32 134 0 1000 47 1 :7534d8ea2bbff13389a012a2011c3c4d43f12857d7259631322c72ff5adbbdd1bc8466ebebafaaa7551310d3a50b3d16682f3e2de397850305ece030315bff60d6a8052b5a4c9465b7d064e829ad1f50d5254c119d66c496c9528d663910b4674fb389cc44c518234349289fca9d298b5599579b3a34ece5fbc71d4468b30dd7c5f2af05c57a
32 135 0 1000 47 1 :7534d8ea2bbff13389a012a2011c3c4d43f12857d7259631322c72ff5adbbdd1bc8466ebebafaaa7551310d3a50b3d16682f3e2de397850305ece030315bff60d6a8052b5a4c9465b7d064e829ad1f50d5254c119d66c496c9528d663910b4674fb389cc44c518234349289fca9d298b5599579b3a34ece5fbc71d4468b30dd7c5f2af05c57ac2
32 136 0 1000 47 1 :7534d8ea2bbff13389a012a2011c3c4d43f12857d7259631322c72ff5adbbdd1bc8466ebebafaaa7551310d3a50b3d16682f3e2de397850305ece030315bff60d6a8052b5a4c9465b7d064e829ad1f50d5254c119d66c496c9528d663910b4674fb389cc44c518234349289fca9d298b5599579b3a34ece5fbc71d4468b30dd7c5f2af05c57ac24c
32 137 0 1000 47 1 :7534d8ea2bbff13389a012a2011c3c4d43f12857d7259631322c72ff5adbbdd1bc8466ebebafaaa7551310d3a50b3d16682f3e2de397850305ece030315bff60d6a8052b5a4c9465b7d064e829ad1f50d5254c119d66c496c9528d663910b4674fb389cc44c518234349289fca9d298b5599579b3a34ece5fbc71d4468b30dd7c5f2af05c57ac24c3f
32 138 0 1000 47 1 :7534d8ea2bbff13389a012a2011c3c4d43f12857d7259631322c72ff5adbbdd1bc8466ebebafaaa7551310d3a50b3d16682f3e2de397850305ece030315bff60d6a8052b5a4c9465b7d064e829ad1f50d5254c119d66c496c9528d663910b4674fb389cc44c518234349289fca9d298b5599579b3a34ece5fbc71d4468b30dd7c5f2af05c57ac24c3f77
32 139 0 1000 47 1 :7534d8ea2bbff13389a012a2011c3c4d43f12857d7259631322c72ff5adbbdd1bc8466ebebafaaa7551310d3a50b3d16682f3e2de397850305ece030315bff60d6a8052b5a4c9465b7d064e829ad1f50d5254c119d66c496c9528d663910b4674fb389cc44c518234349289fca9d298b5599579b3a34ece5fbc71d4468b30dd7c5f2af05c57ac24c3f7702
32 140 0 1000 47 1 :7534d8ea2bbff13389a012a2011c3c4d43f12857d7259631322c72ff5adbbdd1bc8466ebebafaaa7551310d3a50b3d16682f3e2de397850305ece030315bff60d6a8052b5a4c9465b7d064e829ad1f50d5254c119d66c496c9528d663910b4674fb389cc44c518234349289fca9d298b5599579b3a34ece5fbc71d4468b30dd7c5f2af05c57ac24c3f7702f2
32 141 0 1000 47 1 :7534d8ea2bbff13389a012a2011c3c4d43f12857d7259631322c72ff5adbbdd1bc8466ebebafaaa7551310d3a50b3d16682f3e2de397850305ece030315bff60d6a8052b5a4c9465b7d064e829ad1f50d5254c119d66c496c9528d663910b4674fb389cc44c518234349289fca9d298b5599579b3a34ece5fbc71d4468b30dd7c5f2af05c57ac24c3f7702f2bc
32 142 0 1000 47 1 :7534d8ea2bbff13389a012a2011c3c4d43f12857d7259631322c72ff5adbbdd1bc8466ebebafaaa7551310d3a50b3d16682f3e2de397850305ece030315bff60d6a8052b5a4c9465b7d064e829ad1f50d5254c119d66c496c9528d663910b4674fb389cc44c518234349289fca9d298b5599579b3a34ece5fbc71d4468b30dd7c5f2af05c57ac24c3f7702f2bc16
32 143 0 1000 47 1 :7534d8ea2bbff13389a012a2011c3c4d43f12857d7259631322c72ff5adbbdd1bc8466ebebafaaa7551310d3a50b3d16682f3e2de397850305ece030315bff60d6a8052b5a4c9465b7d064e829ad1f50d5254c119d66c496c9528d663910b4674fb389cc44c518234349289fca9d298b5599579b3a34ece5fbc71d4468b30dd7c5f2af05c57ac24c3f7702f2bc1689
32 144 0 1000 47 1 :7534d8ea2bbff13389a012a2011c3c4d43f12857d7259631322c72ff5adbbdd1bc8466ebebafaaa7551310d3a50b3d16682f3e2de397850305ece030315bff60d6a8052b5a4c9465b7d064e829ad1f50d5254c119d66c496c9528d663910b4674fb389cc44c518234349289fca9d298b5599579b3a34ece5fbc71d4468b30dd7c5f2af05c57ac24c3f7702f2bc1689dc
32 145 0 1000 47 1 :7534d8ea2bbff13389a012a2011c3c4d43f12857d7259631322c72ff5adbbdd1bc8466ebebafaaa7551310d3a50b3d16682f3e2de397850305ece030315bff60d6a8052b5a4c9465b7d064e829ad1f50d5254c119d66c496c9528d663910b4674fb389cc44c518234349289fca9d298b5599579b3a34ece5fbc71d4468b30dd7c5f2af05c57ac24c3f7702f2bc1689dcfa
32 146 0 1000 47 1 :7534d8ea2bbff13389a012a2011c3c4d43f12857d7259631322c72ff5adbbdd1bc8466ebebafaaa7551310d3a50b3d16682f3e2de397850305ece030315bff60d6a8052b5a4c9465b7d064e829ad1f50d5254c119d66c496c9528d663910b4674fb389cc44c518234349289fca9d298b5599579b3a34ece5fbc71d4468b30dd7c5f2af05c57ac24c3f7702f2bc1689dcfa7d
32 147 0 1000 47 1 :7534d8ea2bbff13389a012a2011c3c4d43f12857d7259631322c72ff5adbbdd1bc8466ebebafaaa7551310d3a50b3d16682f3e2de397850305ece030315bff60d6a8052b5a4c9465b7d064e829ad1f50d5254c119d66c496c9528d663910b4674fb389cc44c518234349289fca9d298b5599579b3a34ece5fbc71d4468b30dd7c5f2af05c57ac24c3f7702f2bc1689dcfa7d06
32 148 0 1000 47 1 :7534d8ea2bbff13389a012a2011c3c4d43f12857d7259631322c72ff5adbbdd1bc8466ebebafaaa7551310d3a50b3d16682f3e2de397850305ece030315bff60d6a8052b5a4c9465b7d064e829ad1f50d5254c119d66c496c9528d663910b4674fb389cc44c518234349289fca9d298b5599579b3a34ece5fbc71d4468b30dd7c5f2af05c57ac24c3f7702f2bc1689dcfa7d068c
32 149 0 1000 47 1 :7534d8ea2bbff13389a012a2011c3c4d43f12857d7259631322c72ff5adbbdd1bc8466ebebafaaa7551310d3a50b3d16682f3e2de397850305ece030315bff60d6a8052b5a4c9465b7d064e829ad1f50d5254c119d66c496c9528d663910b4674fb389cc44c518234349289fca9d298b5599579b3a34ece5fbc71d4468b30dd7c5f2af05c57ac24c3f7702f2bc1689dcfa7d068c4e
32 150 0 1000 47 1 :7534d8ea2bbff13389a012a2011c3c4d43f12857d7259631322c72ff5adbbdd1bc8466ebebafaaa7551310d3a50b3d16682f3e2de397850305ece030315bff60d6a8052b5a4c9465b7d064e829ad1f50d5254c119d66c496c9528d663910b4674fb389cc44c518234349289fca9d298b5599579b3a34ece5fbc71d4468b30dd7c5f2af05c57ac24c3f7702f2bc1689dcfa7d068c4e0b
32 151 0 1000 47 1 :7534d8ea2bbff13389a012a2011c3c4d43f12857d7259631322c72ff5adbbdd1bc8466ebebafaaa7551310d3a50b3d16682f3e2de397850305ece030315bff60d6a8052b5a4c9465b7d064e829ad1f50d5254c119d66c496c9528d663910b4674fb389cc44c518234349289fca9d298b5599579b3a34ece5fbc71d4468b30dd7c5f2af05c57ac24c3f7702f2bc1689dcfa7d068c4e0b6d
32 152 0 1000 47 1 :7534d8ea2bbff13389a012a2011c3c4d43f12857d7259631322c72ff5adbbdd1bc8466ebebafaaa7551310d3a50b3d16682f3e2de397850305ece030315bff60d6a8052b5a4c9465b7d064e829ad1f50d5254c119d66c496c9528d663910b4674fb389cc44c518234349289fca9d298b5599579b3a34ece5fbc71d4468b30dd7c5f2af05c57ac24c3f7702f2bc1689dcfa7d068c4e0b6d48
32 153 0 1000 47 1 :7534d8ea2bbff13389a012a2011c3c4d43f12857d7259631322c72ff5adbbdd1bc8466ebebafaaa7551310d3a50b3d16682f3e2de397850305ece030315bff60d6a8052b5a4c9465b7d064e829ad1f50d5254c119d66c496c9528d663910b4674fb389cc44c518234349289fca9d298b5599579b3a34ece5fbc71d4468b30dd7c5f2af05c57ac24c3f7702f2bc1689dcfa7d068c4e0b6d48d2
32 154 0 1000 47 1 :7534d8ea2bbff13389a012a2011c3c4d43f12857d7259631322c72ff5adbbdd1bc8466ebebafaaa7551310d3a50b3d16682f3e2de397850305ece030315bff60d6a8052b5a4c9465b7d064e829ad1f50d5254c119d66c496c9528d663910b4674fb389cc44c518234349289fca9d298b5599579b3a34ece5fbc71d4468b30dd7c5f2af05c57ac24c3f7702f2bc1689dcfa7d068c4e0b6d48d254
32 155 0 1000 47 1 :7534d8ea2bbff13389a012a2011c3c4d43f12857d7259631322c72ff5adbbdd1bc8466ebebafaaa7551310d3a50b3d16682f3e2de397850305ece030315bff60d6a8052b5a4c9465b7d064e829ad1f50d5254c119d66c496c9528d663910b4674fb389cc44c518234349289fca9d298b5599579b3a34ece5fbc71d4468b30dd7c5f2af05c57ac24c3f7702f2bc1689dcfa7d068c4e0b6d48d25421
32 156 0 1000 47 1 :7534d8ea2bbff13389a012a2011c3c4d43f12857d7259631322c72ff5adbbdd1bc8466ebebafaaa7551310d3a50b3d16682f3e2de397850305ece030315bff60d6a8052b5a4c9465b7d064e829ad1f50d5254c119d66c496c9528d663910b4674fb389cc44c518234349289fca9d298b5599579b3a34ece5fbc71d4468b30dd7c5f2af05c57ac24c3f7702f2bc1689dcfa7d068c4e0b6d48d2542105
32 157 0 1000 47 1 :7534d8ea2bbff13389a012a2011c3c4d43f12857d7259631322c72ff5adbbdd1bc8466ebebafaaa7551310d3a50b3d16682f3e2de397850305ece030315bff60d6a8052b5a4c9465b7d064e829ad1f50d5254c119d66c496c9528d663910b4674fb389cc44c518234349289fca9d298b5599579b3a34ece5fbc71d4468b30dd7c5f2af05c57ac24c3f7702f2bc1689dcfa7d068c4e0b6d48d254210551
32 158 0 1000 47 1 :7534d8ea2bbff13389a012a2011c3c4d43f12857d7259631322c72ff5adbbdd1bc8466ebebafaaa7551310d3a50b3d16682f3e2de397850305ece030315bff60d6a8052b5a4c9465b7d064e829ad1f50d5254c119d66c496c9528d663910b4674fb389cc44c518234349289fca9d298b5599579b3a34ece5fbc71d4468b30dd7c5f2af05c57ac24c3f7702f2bc1689dcfa7d068c4e0b6d48d25421055182
32 159 0 1000 47 1 :7534d8ea2bbff13389a012a2011c3c4d43f12857d7259631322c72ff5adbbdd1bc8466ebebafaaa7551310d3a50b3d16682f3e2de397850305ece030315bff60d6a8052b5a4c9465b7d064e829ad1f50d5254c119d66c496c9528d663910b4674fb389cc44c518234349289fca9d298b5599579b3a34ece5fbc71d4468b30dd7c5f2af05c57ac24c3f7702f2bc1689dcfa7d068c4e0b6d48d25421055182f9
32 160 0 1000 47 1 :7534d8ea2bbff13389a012a2011c3c4d43f12857d7259631322c72ff5adbbdd1bc8466ebebafaaa7551310d3a50b3d16682f3e2de397850305ece030315bff60d6a8052b5a4c9465b7d064e829ad1f50d5254c119d66c496c9528d663910b4674fb389cc44c518234349289fca9d298b5599579b3a34ece5fbc71d4468b30dd7c5f2af05c57ac24c3f7702f2bc1689dcfa7d068c4e0b6d48d25421055182f9e8
32 161 0 1000 48 1 :7534d8ea2bbff13389a012a2011c3c4d43f12857d7259631322c72ff5adbbdd1bc8466ebebafaaa7551310d3a50b3d16682f3e2de397850305ece030315bff60d6a8052b5a4c9465b7d064e829ad1f50d5254c119d66c496c9528d663910b4674fb389cc44c518234349289fca9d298b5599579b3a34ece5fbc71d4468b30dd7c5f2af05c57ac24c3f7702f2bc1689dcfa7d068c4e0b6d48d25421055182f9e838
32 162 0 1000 48 1 :7534d8ea2bbff13389a012a2011c3c4d43f12857d7259631322c72ff5adbbdd1bc8466ebebafaaa7551310d3a50b3d16682f3e2de397850305ece030315bff60d6a8052b5a4c9465b7d064e829ad1f50d5254c119d66c496c9528d663910b4674fb389cc44c518234349289fca9d298b5599579b3a34ece5fbc71d4468b30dd7c5f2af05c57ac24c3f7702f2bc1689dcfa7d068c4e0b6d48d25421055182f9e838df
32 163 0 1000 48 1 :7534d8ea2bbff13389a012a2011c3c4d43f12857d7259631322c72ff5adbbdd1bc8466ebebafaaa7551310d3a50b3d16682f3e2de397850305ece030315bff60d6a8052b5a4c9465b7d064e829ad1f50d5254c119d66c496c9528d663910b4674fb389cc44c518234349289fca9d298b5599579b3a34ece5fbc71d4468b30dd7c5f2af05c57ac24c3f7702f2bc1689dcfa7d068c4e0b6d48d25421055182f9e838df00
32 164 0 1000 48 1 :7534d8ea2bbff13389a012a2011c3c4d43f12857d7259631322c72ff5adbbdd1bc8466ebebafaaa7551310d3a50b3d16682f3e2de397850305ece030315bff60d6a8052b5a4c9465b7d064e829ad1f50d5254c119d66c496c9528d663910b4674fb389cc44c518234349289fca9d298b5599579b3a34ece5fbc71d4468b30dd7c5f2af05c57ac24c3f7702f2bc1689dcfa7d068c4e0b6d48d25421055182f9e838df0042
32 165 0 1000 48 1 :7534d8ea2bbff13389a012a2011c3c4d43f12857d7259631322c72ff5adbbdd1bc8466ebebafaaa7551310d3a50b3d16682f3e2de397850305ece030315bff60d6a8052b5a4c9465b7d064e829ad1f50d5254c119d66c496c9528d663910b4674fb389cc44c518234349289fca9d298b5599579b3a34ece5fbc71d4468b30dd7c5f2af05c57ac24c3f7702f2bc1689dcfa7d068c4e0b6d48d25421055182f9e838df00426e
32 166 0 1000 48 1 :7534d8ea2bbff13389a012a2011c3c4d43f12857d7259631322c72ff5adbbdd1bc8466ebebafaaa7551310d3a50b3d16682f3e2de397850305ece030315bff60d6a8052b5a4c9465b7d064e829ad1f50d5254c119d66c496c9528d663910b4674fb389cc44c518234349289fca9d298b5599579b3a34ece5fbc71d4468b30dd7c5f2af05c57ac24c3f7702f2bc1689dcfa7d068c4e0b6d48d25421055182f9e838df00426ea3
32 167 0 1000 48 1 :7534d8ea2bbff13389a012a2011c3c4d43f12857d7259631322c72ff5adbbdd1bc8466ebebafaaa7551310d3a50b3d16682f3e2de397850305ece030315bff60d6a8052b5a4c9465b7d064e829ad1f50d5254c119d66c496c9528d663910b4674fb389cc44c518234349289fca9d298b5599579b3a34ece5fbc71d4468b30dd7c5f2af05c57ac24c3f7702f2bc1689dcfa7d068c4e0b6d48d25421055182f9e838df00426ea390
32 168 0 1000 48 1 :7534d8ea2bbff13389a012a2011c3c4d43f12857d7259631322c72ff5adbbdd1bc8466ebebafaaa7551310d3a50b3d16682f3e2de397850305ece030315bff60d6a8052b5a4c9465b7d064e829ad1f50d5254c119d66c496c9528d663910b4674fb389cc44c518234349289fca9d298b5599579b3a34ece5fbc71d4468b30dd7c5f2af05c57ac24c3f7702f2bc1689dcfa7d068c4e0b6d48d25421055182f9e838df00426ea390c2
32 169 0 1000 48 1 :7534d8ea2bbff13389a012a2011c3c4d43f12857d7259631322c72ff5adbbdd1bc8466ebebafaaa7551310d3a50b3d16682f3e2de397850305ece030315bff60d6a8052b5a4c9465b7d064e829ad1f50d5254c119d66c496c9528d663910b4674fb389cc44c518234349289fca9d298b5599579b3a34ece5fbc71d4468b30dd7c5f2af05c57ac24c3f7702f2bc1689dcfa7d068c4e0b6d48d25421055182f9e838df00426ea390c28b
32 170 0 1000 48 1 :7534d8ea2bbff13389a012a2011c3c4d43f12857d7259631322c72ff5adbbdd1bc8466ebebafaaa7551310d3a50b3d16682f3e2de397850305ece030315bff60d6a8052b5a4c9465b7d064e829ad1f50d5254c119d66c496c9528d663910b4674fb389cc44c518234349289fca9d298b5599579b3a34ece5fbc71d4468b30dd7c5f2af05c57ac24c3f7702f2bc1689dcfa7d068c4e0b6d48d25421055182f9e838df00426ea390c28bd4
32 171 0 1000 48 1 :7534d8ea2bbff13389a012a2011c3c4d43f12857d7259631322c72ff5adbbdd1bc8466ebebafaaa7551310d3a50b3d16682f3e2de397850305ece030315bff60d6a8052b5a4c9465b7d064e829ad1f50d5254c119d66c496c9528d663910b4674fb389cc44c518234349289fca9d298b5599579b3a34ece5fbc71d4468b30dd7c5f2af05c57ac24c3f7702f2bc1689dcfa7d068c4e0b6d48d25421055182f9e838df00426ea390c28bd491
32 172 0 1000 48 1 :7534d8ea2bbff13389a012a2011c3c4d43f12857d7259631322c72ff5adbbdd1bc8466ebebafaaa7551310d3a50b3d16682f3e2de397850305ece030315bff60d6a8052b5a4c9465b7d064e829ad1f50d5254c119d66c496c9528d663910b4674fb389cc44c518234349289fca9d298b5599579b3a34ece5fbc71d4468b30dd7c5f2af05c57ac24c3f7702f2bc1689dcfa7d068c4e0b6d48d25421055182f9e838df00426ea390c28bd491a7
32 173 0 1000 48 1 :7534d8ea2bbff13389a012a2011c3c4d43f12857d7259631322c72ff5adbbdd1bc8466ebebafaaa7551310d3a50b3d16682f3e2de397850305ece030315bff60d6a8052b5a4c9465b7d064e829ad1f50d5254c119d66c496c9528d663910b4674fb389cc44c518234349289fca9d298b5599579b3a34ece5fbc71d4468b30dd7c5f2af05c57ac24c3f7702f2bc1689dcfa7d068c4e0b6d48d25421055182f9e838df00426ea390c28bd491a7dc
32 174 0 1000 48 1 :7534d8ea2bbff13389a012a2011c3c4d43f12857d7259631322c72ff5adbbdd1bc8466ebebafaaa7551310d3a50b3d16682f3e2de397850305ece030315bff60d6a8052b5a4c9465b7d064e829ad1f50d5254c119d66c496c9528d663910b4674fb389cc44c518234349289fca9d298b5599579b3a34ece5fbc71d4468b30dd7c5f2af05c57ac24c3f7702f2bc1689dcfa7d068c4e0b6d48d25421055182f9e838df00426ea390c28bd491a7dc83
32 175 0 1000 48 1 :7534d8ea2bbff13389a012a2011c3c4d43f12857d7259631322c72ff5adbbdd1bc8466ebebafaaa7551310d3a50b3d16682f3e2de397850305ece030315bff60d6a8052b5a4c9465b7d064e829ad1f50d5254c119d66c496c9528d663910b4674fb389cc44c518234349289fca9d298b5599579b3a34ece5fbc71d4468b30dd7c5f2af05c57ac24c3f7702f2bc1689dcfa7d068c4e0b6d48d25421055182f9e838df00426ea390c28bd491a7dc83fa
32 176 0 1000 48 1 :7534d8ea2bbff13389a012a2011c3c4d43f12857d7259631322c72ff5adbbdd1bc8466ebebafaaa7551310d3a50b3d16682f3e2de397850305ece030315bff60d6a8052b5a4c9465b7d064e829ad1f50d5254c119d66c496c9528d663910b4674fb389cc44c518234349289fca9d298b5599579b3a34ece5fbc71d4468b30dd7c5f2af05c57ac24c3f7702f2bc1689dcfa7d068c4e0b6d48d25421055182f9e838df00426ea390c28bd491a7dc83fa75
32 177 0 1000 48 1 :7534d8ea2bbff13389a012a2011c3c4d43f12857d7259631322c72ff5adbbdd1bc8466ebebafaaa7551310d3a50b3d16682f3e2de397850305ece030315bff60d6a8052b5a4c9465b7d064e829ad1f50d5254c119d66c496c9528d663910b4674fb389cc44c518234349289fca9d298b5599579b3a34ece5fbc71d4468b30dd7c5f2af05c57ac24c3f7702f2bc1689dcfa7d068c4e0b6d48d25421055182f9e838df00426ea390c28bd491a7dc83fa7541
32 178 0 1000 48 1 :7534d8ea2bbff13389a012a2011c3c4d43f12857d7259631322c72ff5adbbdd1bc8466ebebafaaa7551310d3a50b3d16682f3e2de397850305ece030315bff60d6a8052b5a4c9465b7d064e829ad1f50d5254c119d66c496c9528d663910b4674fb389cc44c518234349289fca9d298b5599579b3a34ece5fbc71d4468b30dd7c5f2af05c57ac24c3f7702f2bc1689dcfa7d068c4e0b6d48d25421055182f9e838df00426ea390c28bd491a7dc83fa7541c8
32 179 0 1000 48 1 :7534d8ea2bbff13389a012a2011c3c4d43f12857d7259631322c72ff5adbbdd1bc8466ebebafaaa7551310d3a50b3d16682f3e2de397850305ece030315bff60d6a8052b5a4c9465b7d064e829ad1f50d5254c119d66c496c9528d663910b4674fb389cc44c518234349289fca9d298b5599579b3a34ece5fbc71d4468b30dd7c5f2af05c57ac24c3f7702f2bc1689dcfa7d068c4e0b6d48d25421055182f9e838df00426ea390c28bd491a7dc83fa7541c872
32 180 0 1000 48 1 :7534d8ea2bbff13389a012a2011c3c4d43f12857d7259631322c72ff5adbbdd1bc8466ebebafaaa7551310d3a50b3d16682f3e2de397850305ece030315bff60d6a8052b5a4c9465b7d064e829ad1f50d5254c119d66c496c9528d663910b4674fb389cc44c518234349289fca9d298b5599579b3a34ece5fbc71d4468b30dd7c5f2af05c57ac24c3f7702f2bc1689dcfa7d068c4e0b6d48d25421055182f9e838df00426ea390c28bd491a7dc83fa7541c87244
32 181 0 1000 48 1 :7534d8ea2bbff13389a012a2011c3c4d43f12857d7259631322c72ff5adbbdd1bc8466ebebafaaa7551310d3a50b3d16682f3e2de397850305ece030315bff60d6a8052b5a4c9465b7d064e829ad1f50d5254c119d66c496c9528d663910b4674fb389cc44c518234349289fca9d298b5599579b3a34ece5fbc71d4468b30dd7c5f2af05c57ac24c3f7702f2bc1689dcfa7d068c4e0b6d48d25421055182f9e838df00426ea390c28bd491a7dc83fa7541c87244db
32 182 0 1000 48 1 :7534d8ea2bbff13389a012a2011c3c4d43f12857d7259631322c72ff5adbbdd1bc8466ebebafaaa7551310d3a50b3d16682f3e2de397850305ece030315bff60d6a8052b5a4c9465b7d064e829ad1f50d5254c119d66c496c9528d663910b4674fb389cc44c518234349289fca9d298b5599579b3a34ece5fbc71d4468b30dd7c5f2af05c57ac24c3f7702f2bc1689dcfa7d068c4e0b6d48d25421055182f9e838df00426ea390c28bd491a7dc83fa7541c87244db6a
32 183 0 1000 48 1 :7534d8ea2bbff13389a012a2011c3c4d43f12857d7259631322c72ff5adbbdd1bc8466ebebafaaa7551310d3a50b3d16682f3e2de397850305ece030315bff60d6a8052b5a4c9465b7d064e829ad1f50d5254c119d66c496c9528d663910b4674fb389cc44c518234349289fca9d298b5599579b3a34ece5fbc71d4468b30dd7c5f2af05c57ac24c3f7702f2bc1689dcfa7d068c4e0b6d48d25421055182f9e838df00426ea390c28bd491a7dc83fa7541c87244db6aa7
32 184 0 1000 48 1 :7534d8ea2bbff13389a012a2011c3c4d43f12857d7259631322c72ff5adbbdd1bc8466ebebafaaa7551310d3a50b3d16682f3e2de397850305ece030315bff60d6a8052b5a4c9465b7d064e829ad1f50d5254c119d66c496c9528d663910b4674fb389cc44c518234349289fca9d298b5599579b3a34ece5fbc71d4468b30dd7c5f2af05c57ac24c3f7702f2bc1689dcfa7d068c4e0b6d48d25421055182f9e838df00426ea390c28bd491a7dc83fa7541c87244db6aa763
32 185 0 1000 48 1 :7534d8ea2bbff13389a012a2011c3c4d43f12857d7259631322c72ff5adbbdd1bc8466ebebafaaa7551310d3a50b3d16682f3e2de397850305ece030315bff60d6a8052b5a4c9465b7d064e829ad1f50d5254c119d66c496c9528d663910b4674fb389cc44c518234349289fca9d298b5599579b3a34ece5fbc71d4468b30dd7c5f2af05c57ac24c3f7702f2bc1689dcfa7d068c4e0b6d48d25421055182f9e838df00426ea390c28bd491a7dc83fa7541c87244db6aa76329
32 186 0 1000 48 1 :7534d8ea2bbff13389a012a2011c3c4d43f12857d7259631322c72ff5adbbdd1bc8466ebebafaaa7551310d3a50b3d16682f3e2de397850305ece030315bff60d6a8052b5a4c9465b7d064e829ad1f50d5254c119d66c496c9528d663910b4674fb389cc44c518234349289fca9d298b5599579b3a34ece5fbc71d4468b30dd7c5f2af05c57ac24c3f7702f2bc1689dcfa7d068c4e0b6d48d25421055182f9e838df00426ea390c28bd491a7dc83fa7541c87244db6aa763295e
32 187 0 1000 48 1 :7534d8ea2bbff13389a012a2011c3c4d43f12857d7259631322c72ff5adbbdd1bc8466ebebafaaa7551310d3a50b3d16682f3e2de397850305ece030315bff60d6a8052b5a4c9465b7d064e829ad1f50d5254c119d66c496c9528d663910b4674fb389cc44c518234349289fca9d298b5599579b3a34ece5fbc71d4468b30dd7c5f2af05c57ac24c3f7702f2bc1689dcfa7d068c4e0b6d48d25421055182f9e838df00426ea390c28bd491a7dc83fa7541c87244db6aa763295e6a
32 188 0 1000 48 1 :7534d8ea2bbff13389a012a2011c3c4d43f12857d7259631322c72ff5adbbdd1bc8466ebebafaaa7551310d3a50b3d16682f3e2de397850305ece030315bff60d6a8052b5a4c9465b7d064e829ad1f50d5254c119d66c496c9528d663910b4674fb389cc44c518234349289fca9d298b5599579b3a34ece5fbc71d4468b30dd7c5f2af05c57ac24c3f7702f2bc1689dcfa7d068c4e0b6d48d25421055182f9e838df00426ea390c28bd491a7dc83fa7541c87244db6aa763295e6a43
32 189 0 1000 48 1 :7534d8ea2bbff13389a012a2011c3c4d43f12857d7259631322c72ff5adbbdd1bc8466ebebafaaa7551310d3a50b3d16682f3e2de397850305ece030315bff60d6a8052b5a4c9465b7d064e829ad1f50d5254c119d66c496c9528d663910b4674fb389cc44c518234349289fca9d298b5599579b3a34ece5fbc71d4468b30dd7c5f2af05c57ac24c3f7702f2bc1689dcfa7d068c4e0b6d48d25421055182f9e838df00426ea390c28bd491a7dc83fa7541c87244db6aa763295e6a437c
32 190 0 1000 48 1 :7534d8ea2bbff13389a012a2011c3c4d43f12857d7259631322c72ff5adbbdd1bc8466ebebafaaa7551310d3a50b3d16682f3e2de397850305ece030315bff60d6a8052b5a4c9465b7d064e829ad1f50d5254c119d66c496c9528d663910b4674fb389cc44c518234349289fca9d298b5599579b3a34ece5fbc71d4468b30dd7c5f2af05c57ac24c3f7702f2bc1689dcfa7d068c4e0b6d48d25421055182f9e838df00426ea390c28bd491a7dc83fa7541c87244db6aa763295e6a437ce6
32 191 0 1000 48 1 :7534d8ea2bbff13389a012a2011c3c4d43f12857d7259631322c72ff5adbbdd1bc8466ebebafaaa7551310d3a50b3d16682f3e2de397850305ece030315bff60d6a8052b5a4c9465b7d064e829ad1f50d5254c119d66c496c9528d663910b4674fb389cc44c518234349289fca9d298b5599579b3a34ece5fbc71d4468b30dd7c5f2af05c57ac24c3f7702f2bc1689dcfa7d068c4e0b6d48d25421055182f9e838df00426ea390c28bd491a7dc83fa7541c87244db6aa763295e6a437ce693
32 192 0 1000 48 1 :7534d8ea2bbff13389a012a2011c3c4d43f12857d7259631322c72ff5adbbdd1bc8466ebebafaaa7551310d3a50b3d16682f3e2de397850305ece030315bff60d6a8052b5a4c9465b7d064e829ad1f50d5254c119d66c496c9528d663910b4674fb389cc44c518234349289fca9d298b5599579b3a34ece5fbc71d4468b30dd7c5f2af05c57ac24c3f7702f2bc1689dcfa7d068c4e0b6d48d25421055182f9e838df00426ea390c28bd491a7dc83fa7541c87244db6aa763295e6a437ce693ab
32 193 0 1000 49 1 :7534d8ea2bbff13389a012a2011c3c4d43f12857d7259631322c72ff5adbbdd1bc8466ebebafaaa7551310d3a50b3d16682f3e2de397850305ece030315bff60d6a8052b5a4c9465b7d064e829ad1f50d5254c119d66c496c9528d663910b4674fb389cc44c518234349289fca9d298b5599579b3a34ece5fbc71d4468b30dd7c5f2af05c57ac24c3f7702f2bc1689dcfa7d068c4e0b6d48d25421055182f9e838df00426ea390c28bd491a7dc83fa7541c87244db6aa763295e6a437ce693abfc
32 194 0 1000 49 1 :7534d8ea2bbff13389a012a2011c3c4d43f12857d7259631322c72ff5adbbdd1bc8466ebebafaaa7551310d3a50b3d16682f3e2de397850305ece030315bff60d6a8052b5a4c9465b7d064e829ad1f50d5254c119d66c496c9528d663910b4674fb389cc44c518234349289fca9d298b5599579b3a34ece5fbc71d4468b30dd7c5f2af05c57ac24c3f7702f2bc1689dcfa7d068c4e0b6d48d25421055182f9e838df00426ea390c28bd491a7dc83fa7541c87244db6aa763295e6a437ce693abfc1e
32 195 0 1000 49 1 :7534d8ea2bbff13389a012a2011c3c4d43f12857d7259631322c72ff5adbbdd1bc8466ebebafaaa7551310d3a50b3d16682f3e2de397850305ece030315bff60d6a8052b5a4c9465b7d064e829ad1f50d5254c119d66c496c9528d663910b4674fb389cc44c518234349289fca9d298b5599579b3a34ece5fbc71d4468b30dd7c5f2af05c57ac24c3f7702f2bc1689dcfa7d068c4e0b6d48d25421055182f9e838df00426ea390c28bd491a7dc83fa7541c87244db6aa763295e6a437ce693abfc1e69
32 196 0 1000 49 1 :7534d8ea2bbff13389a012a2011c3c4d43f12857d7259631322c72ff5adbbdd1bc8466ebebafaaa7551310d3a50b3d16682f3e2de397850305ece030315bff60d6a8052b5a4c9465b7d064e829ad1f50d5254c119d66c496c9528d663910b4674fb389cc44c518234349289fca9d298b5599579b3a34ece5fbc71d4468b30dd7c5f2af05c57ac24c3f7702f2bc1689dcfa7d068c4e0b6d48d25421055182f9e838df00426ea390c28bd491a7dc83fa7541c87244db6aa763295e6a437ce693abfc1e69e7
32 197 0 1000 49 1 :7534d8ea2bbff13389a012a2011c3c4d43f12857d7259631322c72ff5adbbdd1bc8466ebebafaaa7551310d3a50b3d16682f3e2de397850305ece030315bff60d6a8052b5a4c9465b7d064e829ad1f50d5254c119d66c496c9528d663910b4674fb389cc44c518234349289fca9d298b5599579b3a34ece5fbc71d4468b30dd7c5f2af05c57ac24c3f7702f2bc1689dcfa7d068c4e0b6d48d25421055182f9e838df00426ea390c28bd491a7dc83fa7541c87244db6aa763295e6a437ce693abfc1e69e7a7
32 198 0 1000 49 1 :7534d8ea2bbff13389a012a2011c3c4d43f12857d7259631322c72ff5adbbdd1bc8466ebebafaaa7551310d3a50b3d16682f3e2de397850305ece030315bff60d6a8052b5a4c9465b7d064e829ad1f50d5254c119d66c496c9528d663910b4674fb389cc44c518234349289fca9d298b5599579b3a34ece5fbc71d4468b30dd7c5f2af05c57ac24c3f7702f2bc1689dcfa7d068c4e0b6d48d25421055182f9e838df00426ea390c28bd491a7dc83fa7541c87244db6aa763295e6a437ce693abfc1e69e7a744
32 199 0 1000 49 1 :7534d8ea2bbff13389a012a2011c3c4d43f12857d7259631322c72ff5adbbdd1bc8466ebebafaaa7551310d3a50b3d16682f3e2de397850305ece030315bff60d6a8052b5a4c9465b7d064e829ad1f50d5254c119d66c496c9528d663910b4674fb389cc44c518234349289fca9d298b5599579b3a34ece5fbc71d4468b30dd7c5f2af05c57ac24c3f7702f2bc1689dcfa7d068c4e0b6d48d25421055182f9e838df00426ea390c28bd491a7dc83fa7541c87244db6aa763295e6a437ce693abfc1e69e7a74478
32 200 0 1000 49 1 :7534d8ea2bbff13389a012a2011c3c4d43f12857d7259631322c72ff5adbbdd1bc8466ebebafaaa7551310d3a50b3d16682f3e2de397850305ece030315bff60d6a8052b5a4c9465b7d064e829ad1f50d5254c119d66c496c9528d663910b4674fb389cc44c518234349289fca9d298b5599579b3a34ece5fbc71d4468b30dd7c5f2af05c57ac24c3f7702f2bc1689dcfa7d068c4e0b6d48d25421055182f9e838df00426ea390c28bd491a7dc83fa7541c87244db6aa763295e6a437ce693abfc1e69e7a744783c
32 201 0 1000 49 1 :7534d8ea2bbff13389a012a2011c3c4d43f12857d7259631322c72ff5adbbdd1bc8466ebebafaaa7551310d3a50b3d16682f3e2de397850305ece030315bff60d6a8052b5a4c9465b7d064e829ad1f50d5254c119d66c496c9528d663910b4674fb389cc44c518234349289fca9d298b5599579b3a34ece5fbc71d4468b30dd7c5f2af05c57ac24c3f7702f2bc1689dcfa7d068c4e0b6d48d25421055182f9e838df00426ea390c28bd491a7dc83fa7541c87244db6aa763295e6a437ce693abfc1e69e7a744783c85
32 202 0 1000 49 1 :7534d8ea2bbff13389a012a2011c3c4d43f12857d7259631322c72ff5adbbdd1bc8466ebebafaaa7551310d3a50b3d16682f3e2de397850305ece030315bff60d6a8052b5a4c9465b7d064e829ad1f50d5254c119d66c496c9528d663910b4674fb389cc44c518234349289fca9d298b5599579b3a34ece5fbc71d4468b30dd7c5f2af05c57ac24c3f7702f2bc1689dcfa7d068c4e0b6d48d25421055182f9e838df00426ea390c28bd491a7dc83fa7541c87244db6aa763295e6a437ce693abfc1e69e7a744783c851e
32 203 0 1000 49 1 :7534d8ea2bbff13389a012a2011c3c4d43f12857d7259631322c72ff5adbbdd1bc8466ebebafaaa7551310d3a50b3d16682f3e2de397850305ece030315bff60d6a8052b5a4c9465b7d064e829ad1f50d5254c119d66c496c9528d663910b4674fb389cc44c518234349289fca9d298b5599579b3a34ece5fbc71d4468b30dd7c5f2af05c57ac24c3f7702f2bc1689dcfa7d068c4e0b6d48d25421055182f9e838df00426ea390c28bd491a7dc83fa7541c87244db6aa763295e6a437ce693abfc1e69e7a744783c851ef4
32 204 0 1000 49 1 :7534d8ea2bbff13389a012a2011c3c4d43f12857d7259631322c72ff5adbbdd1bc8466ebebafaaa7551310d3a50b3d16682f3e2de397850305ece030315bff60d6a8052b5a4c9465b7d064e829ad1f50d5254c119d66c496c9528d663910b4674fb389cc44c518234349289fca9d298b5599579b3a34ece5fbc71d4468b30dd7c5f2af05c57ac24c3f7702f2bc1689dcfa7d068c4e0b6d48d25421055182f9e838df00426ea390c28bd491a7dc83fa7541c87244db6aa763295e6a437ce693abfc1e69e7a744783c851ef4e1
32 205 0 1000 49 1 :7534d8ea2bbff13389a012a2011c3c4d43f12857d7259631322c72ff5adbbdd1bc8466ebebafaaa7551310d3a50b3d16682f3e2de397850305ece030315bff60d6a8052b5a4c9465b7d064e829ad1f50d5254c119d66c496c9528d663910b4674fb389cc44c518234349289fca9d298b5599579b3a34ece5fbc71d4468b30dd7c5f2af05c57ac24c3f7702f2bc1689dcfa7d068c4e0b6d48d25421055182f9e838df00426ea390c28bd491a7dc83fa7541c87244db6aa763295e6a437ce693abfc1e69e7a744783c851ef4e17f
32 206 0 1000 49 1 :7534d8ea2bbff13389a012a2011c3c4d43f12857d7259631322c72ff5adbbdd1bc8466ebebafaaa7551310d3a50b3d16682f3e2de397850305ece030315bff60d6a8052b5a4c9465b7d064e829ad1f50d5254c119d66c496c9528d663910b4674fb389cc44c518234349289fca9d298b5599579b3a34ece5fbc71d4468b30dd7c5f2af05c57ac24c3f7702f2bc1689dcfa7d068c4e0b6d48d25421055182f9e838df00426ea390c28bd491a7dc83fa7541c87244db6aa763295e6a437ce693abfc1e69e7a744783c851ef4e17f47
32 207 0 1000 49 1 :7534d8ea2bbff13389a012a2011c3c4d43f12857d7259631322c72ff5adbbdd1bc8466ebebafaaa7551310d3a50b3d16682f3e2de397850305ece030315bff60d6a8052b5a4c9465b7d064e829ad1f50d5254c119d66c496c9528d663910b4674fb389cc44c518234349289fca9d298b5599579b3a34ece5fbc71d4468b30dd7c5f2af05c57ac24c3f7702f2bc1689dcfa7d068c4e0b6d48d25421055182f9e838df00426ea390c28bd491a7dc83fa7541c87244db6aa763295e6a437ce693abfc1e69e7a744783c851ef4e17f4703
32 208 0 1000 49 1 :7534d8ea2bbff13389a012a2011c3c4d43f12857d7259631322c72ff5adbbdd1bc8466ebebafaaa7551310d3a50b3d16682f3e2de397850305ece030315bff60d6a8052b5a4c9465b7d064e829ad1f50d5254c119d66c496c9528d663910b4674fb389cc44c518234349289fca9d298b5599579b3a34ece5fbc71d4468b30dd7c5f2af05c57ac24c3f7702f2bc1689dcfa7d068c4e0b6d48d25421055182f9e838df00426ea390c28bd491a7dc83fa7541c87244db6aa763295e6a437ce693abfc1e69e7a744783c851ef4e17f470332
32 209 0 1000 49 1 :7534d8ea2bbff13389a012a2011c3c4d43f12857d7259631322c72ff5adbbdd1bc8466ebebafaaa7551310d3a50b3d16682f3e2de397850305ece030315bff60d6a8052b5a4c9465b7d064e829ad1f50d5254c119d66c496c9528d663910b4674fb389cc44c518234349289fca9d298b5599579b3a34ece5fbc71d4468b30dd7c5f2af05c57ac24c3f7702f2bc1689dcfa7d068c4e0b6d48d25421055182f9e838df00426ea390c28bd491a7dc83fa7541c87244db6aa763295e6a437ce693abfc1e69e7a744783c851ef4e17f47033201
32 210 0 1000 49 1 :7534d8ea2bbff13389a012a2011c3c4d43f12857d7259631322c72ff5adbbdd1bc8466ebebafaaa7551310d3a50b3d16682f3e2de397850305ece030315bff60d6a8052b5a4c9465b7d064e829ad1f50d5254c119d66c496c9528d663910b4674fb389cc44c518234349289fca9d298b5599579b3a34ece5fbc71d4468b30dd7c5f2af05c57ac24c3f7702f2bc1689dcfa7d068c4e0b6d48d25421055182f9e838df00426ea390c28bd491a7dc83fa7541c87244db6aa763295e6a437ce693abfc1e69e7a744783c851ef4e17f47033201da
32 211 0 1000 49 1 :7534d8ea2bbff13389a012a2011c3c4d43f12857d7259631322c72ff5adbbdd1bc8466ebebafaaa7551310d3a50b3d16682f3e2de397850305ece030315bff60d6a8052b5a4c9465b7d064e829ad1f50d5254c119d66c496c9528d663910b4674fb389cc44c518234349289fca9d298b5599579b3a34ece5fbc71d4468b30dd7c5f2af05c57ac24c3f7702f2bc1689dcfa7d068c4e0b6d48d25421055182f9e838df00426ea390c28bd491a7dc83fa7541c87244db6aa763295e6a437ce693abfc1e69e7a744783c851ef4e17f47033201da09
32 212 0 1000 49 1 :7534d8ea2bbff13389a012a2011c3c4d43f12857d7259631322c72ff5adbbdd1bc8466ebebafaaa7551310d3a50b3d16682f3e2de397850305ece030315bff60d6a8052b5a4c9465b7d064e829ad1f50d5254c119d66c496c9528d663910b4674fb389cc44c518234349289fca9d298b5599579b3a34ece5fbc71d4468b30dd7c5f2af05c57ac24c3f7702f2bc1689dcfa7d068c4e0b6d48d25421055182f9e838df00426ea390c28bd491a7dc83fa7541c87244db6aa763295e6a437ce693abfc1e69e7a744783c851ef4e17f47033201da0955
32 213 0 1000 49 1 :7534d8ea2bbff13389a012a2011c3c4d43f12857d7259631322c72ff5adbbdd1bc8466ebebafaaa7551310d3a50b3d16682f3e2de397850305ece030315bff60d6a8052b5a4c9465b7d064e829ad1f50d5254c119d66c496c9528d663910b4674fb389cc44c518234349289fca9d298b5599579b3a34ece5fbc71d4468b30dd7c5f2af05c57ac24c3f7702f2bc1689dcfa7d068c4e0b6d48d25421055182f9e838df00426ea390c28bd491a7dc83fa7541c87244db6aa763295e6a437ce693abfc1e69e7a744783c851ef4e17f47033201da095502
32 214 0 1000 49 1 :7534d8ea2bbff13389a012a2011c3c4d43f12857d7259631322c72ff5adbbdd1bc8466ebebafaaa7551310d3a50b3d16682f3e2de397850305ece030315bff60d6a8052b5a4c9465b7d064e829ad1f50d5254c119d66c496c9528d663910b4674fb389cc44c518234349289fca9d298b5599579b3a34ece5fbc71d4468b30dd7c5f2af05c57ac24c3f7702f2bc1689dcfa7d068c4e0b6d48d25421055182f9e838df00426ea390c28bd491a7dc83fa7541c87244db6aa763295e6a437ce693abfc1e69e7a744783c851ef4e17f47033201da09550285
32 215 0 1000 49 1 :7534d8ea2bbff13389a012a2011c3c4d43f12857d7259631322c72ff5adbbdd1bc8466ebebafaaa7551310d3a50b3d16682f3e2de397850305ece030315bff60d6a8052b5a4c9465b7d064e829ad1f50d5254c119d66c496c9528d663910b4674fb389cc44c518234349289fca9d298b5599579b3a34ece5fbc71d4468b30dd7c5f2af05c57ac24c3f7702f2bc1689dcfa7d068c4e0b6d48d25421055182f9e838df00426ea390c28bd491a7dc83fa7541c87244db6aa763295e6a437ce693abfc1e69e7a744783c851ef4e17f47033201da0955028559
32 216 0 1000 49 1 :7534d8ea2bbff13389a012a2011c3c4d43f12857d7259631322c72ff5adbbdd1bc8466ebebafaaa7551310d3a50b3d16682f3e2de397850305ece030315bff60d6a8052b5a4c9465b7d064e829ad1f50d5254c119d66c496c9528d663910b4674fb389cc44c518234349289fca9d298b5599579b3a34ece5fbc71d4468b30dd7c5f2af05c57ac24c3f7702f2bc1689dcfa7d068c4e0b6d48d25421055182f9e838df00426ea390c28bd491a7dc83fa7541c87244db6aa763295e6a437ce693abfc1e69e7a744783c851ef4e17f47033201da0955028559a2
32 217 0 1000 49 1 :7534d8ea2bbff13389a012a2011c3c4d43f12857d7259631322c72ff5adbbdd1bc8466ebebafaaa7551310d3a50b3d16682f3e2de397850305ece030315bff60d6a8052b5a4c9465b7d064e829ad1f50d5254c119d66c496c9528d663910b4674fb389cc44c518234349289fca9d298b5599579b3a34ece5fbc71d4468b30dd7c5f2af05c57ac24c3f7702f2bc1689dcfa7d068c4e0b6d48d25421055182f9e838df00426ea390c28bd491a7dc83fa7541c87244db6aa763295e6a437ce693abfc1e69e7a744783c851ef4e17f47033201da0955028559a29f
32 218 0 1000 49 1 :7534d8ea2bbff13389a012a2011c3c4d43f12857d7259631322c72ff5adbbdd1bc8466ebebafaaa7551310d3a50b3d16682f3e2de397850305ece030315bff60d6a8052b5a4c9465b7d064e829ad1f50d5254c119d66c496c9528d663910b4674fb389cc44c518234349289fca9d298b5599579b3a34ece5fbc71d4468b30dd7c5f2af05c57ac24c3f7702f2bc1689dcfa7d068c4e0b6d48d25421055182f9e838df00426ea390c28bd491a7dc83fa7541c87244db6aa763295e6a437ce693abfc1e69e7a744783c851ef4e17f47033201da0955028559a29fa5
32 219 0 1000 49 1 :7534d8ea2bbff13389a012a2011c3c4d43f12857d7259631322c72ff5adbbdd1bc8466ebebafaaa7551310d3a50b3d16682f3e2de397850305ece030315bff60d6a8052b5a4c9465b7d064e829ad1f50d5254c119d66c496c9528d663910b4674fb389cc44c518234349289fca9d298b5599579b3a34ece5fbc71d4468b30dd7c5f2af05c57ac24c3f7702f2bc1689dcfa7d068c4e0b6d48d25421055182f9e838df00426ea390c28bd491a7dc83fa7541c87244db6aa763295e6a437ce693abfc1e69e7a744783c851ef4e17f47033201da0955028559a29fa5d2
32 220 0 1000 49 1 :7534d8ea2bbff13389a012a2011c3c4d43f12857d7259631322c72ff5adbbdd1bc8466ebebafaaa7551310d3a50b3d16682f3e2de397850305ece030315bff60d6a8052b5a4c9465b7d064e829ad1f50d5254c119d66c496c9528d663910b4674fb389cc44c518234349289fca9d298b5599579b3a34ece5fbc71d4468b30dd7c5f2af05c57ac24c3f7702f2bc1689dcfa7d068c4e0b6d48d25421055182f9e838df00426ea390c28bd491a7dc83fa7541c87244db6aa763295e6a437ce693abfc1e69e7a744783c851ef4e17f47033201da0955028559a29fa5d2a1
32 221 0 1000 49 1 :7534d8ea2bbff13389a012a2011c3c4d43f12857d7259631322c72ff5adbbdd1bc8466ebebafaaa7551310d3a50b3d16682f3e2de397850305ece030315bff60d6a8052b5a4c9465b7d064e829ad1f50d5254c119d66c496c9528d663910b4674fb389cc44c518234349289fca9d298b5599579b3a34ece5fbc71d4468b30dd7c5f2af05c57ac24c3f7702f2bc1689dcfa7d068c4e0b6d48d25421055182f9e838df00426ea390c28bd491a7dc83fa7541c87244db6aa763295e6a437ce693abfc1e69e7a744783c851ef4e17f47033201da0955028559a29fa5d2a11d
32 222 0 1000 49 1 :7534d8ea2bbff13389a012a2011c3c4d43f12857d7259631322c72ff5adbbdd1bc8466ebebafaaa7551310d3a50b3d16682f3e2de397850305ece030315bff60d6a8052b5a4c9465b7d064e829ad1f50d5254c119d66c496c9528d663910b4674fb389cc44c518234349289fca9d298b5599579b3a34ece5fbc71d4468b30dd7c5f2af05c57ac24c3f7702f2bc1689dcfa7d068c4e0b6d48d25421055182f9e838df00426ea390c28bd491a7dc83fa7541c87244db6aa763295e6a437ce693abfc1e69e7a744783c851ef4e17f47033201da0955028559a29fa5d2a11d09
32 223 0 1000 49 1 :7534d8ea2bbff13389a012a2011c3c4d43f12857d7259631322c72ff5adbbdd1bc8466ebebafaaa7551310d3a50b3d16682f3e2de397850305ece030315bff60d6a8052b5a4c9465b7d064e829ad1f50d5254c119d66c496c9528d663910b4674fb389cc44c518234349289fca9d298b5599579b3a34ece5fbc71d4468b30dd7c5f2af05c57ac24c3f7702f2bc1689dcfa7d068c4e0b6d48d25421055182f9e838df00426ea390c28bd491a7dc83fa7541c87244db6aa763295e6a437ce693abfc1e69e7a744783c851ef4e17f47033201da0955028559a29fa5d2a11d09c8
32 224 0 1000 49 1 :7534d8ea2bbff13389a012a2011c3c4d43f12857d7259631322c72ff5adbbdd1bc8466ebebafaaa7551310d3a50b3d16682f3e2de397850305ece030315bff60d6a8052b5a4c9465b7d064e829ad1f50d5254c119d66c496c9528d663910b4674fb389cc44c518234349289fca9d298b5599579b3a34ece5fbc71d4468b30dd7c5f2af05c57ac24c3f7702f2bc1689dcfa7d068c4e0b6d48d25421055182f9e838df00426ea390c28bd491a7dc83fa7541c87244db6aa763295e6a437ce693abfc1e69e7a744783c851ef4e17f47033201da0955028559a29fa5d2a11d09c88e
32 225 0 1000 49 1 :7534d8ea2bbff13389a012a2011c3c4d43f12857d7259631322c72ff5adbbdd1bc8466ebebafaaa7551310d3a50b3d16682f3e2de397850305ece030315bff60d6a8052b5a4c9465b7d064e829ad1f50d5254c119d66c496c9528d663910b4674fb389cc44c518234349289fca9d298b5599579b3a34ece5fbc71d4468b30dd7c5f2af05c57ac24c3f7702f2bc1689dcfa7d068c4e0b6d48d25421055182f9e838df00426ea390c28bd491a7dc83fa7541c87244db6aa763295e6a437ce693abfc1e69e7a744783c851ef4e17f47033201da0955028559a29fa5d2a11d09c88eca
32 226 0 1000 49 1 :7534d8ea2bbff13389a012a2011c3c4d43f12857d7259631322c72ff5adbbdd1bc8466ebebafaaa7551310d3a50b3d16682f3e2de397850305ece030315bff60d6a8052b5a4c9465b7d064e829ad1f50d5254c119d66c496c9528d663910b4674fb389cc44c518234349289fca9d298b5599579b3a34ece5fbc71d4468b30dd7c5f2af05c57ac24c3f7702f2bc1689dcfa7d068c4e0b6d48d25421055182f9e838df00426ea390c28bd491a7dc83fa7541c87244db6aa763295e6a437ce693abfc1e69e7a744783c851ef4e17f47033201da0955028559a29fa5d2a11d09c88eca74
32 227 0 1000 49 1 :7534d8ea2bbff13389a012a2011c3c4d43f12857d7259631322c72ff5adbbdd1bc8466ebebafaaa7551310d3a50b3d16682f3e2de397850305ece030315bff60d6a8052b5a4c9465b7d064e829ad1f50d5254c119d66c496c9528d663910b4674fb389cc44c518234349289fca9d298b5599579b3a34ece5fbc71d4468b30dd7c5f2af05c57ac24c3f7702f2bc1689dcfa7d068c4e0b6d48d25421055182f9e838df00426ea390c28bd491a7dc83fa7541c87244db6aa763295e6a437ce693abfc1e69e7a744783c851ef4e17f47033201da0955028559a29fa5d2a11d09c88eca7458
32 228 0 1000 49 1 :7534d8ea2bbff13389a012a2011c3c4d43f12857d7259631322c72ff5adbbdd1bc8466ebebafaaa7551310d3a50b3d16682f3e2de397850305ece030315bff60d6a8052b5a4c9465b7d064e829ad1f50d5254c119d66c496c9528d663910b4674fb389cc44c518234349289fca9d298b5599579b3a34ece5fbc71d4468b30dd7c5f2af05c57ac24c3f7702f2bc1689dcfa7d068c4e0b6d48d25421055182f9e838df00426ea390c28bd491a7dc83fa7541c87244db6aa763295e6a437ce693abfc1e69e7a744783c851ef4e17f47033201da0955028559a29fa5d2a11d09c88eca74589c
32 229 0 1000 49 1 :7534d8ea2bbff13389a012a2011c3c4d43f12857d7259631322c72ff5adbbdd1bc8466ebebafaaa7551310d3a50b3d16682f3e2de397850305ece030315bff60d6a8052b5a4c9465b7d064e829ad1f50d5254c119d66c496c9528d663910b4674fb389cc44c518234349289fca9d298b5599579b3a34ece5fbc71d4468b30dd7c5f2af05c57ac24c3f7702f2bc1689dcfa7d068c4e0b6d48d25421055182f9e838df00426ea390c28bd491a7dc83fa7541c87244db6aa763295e6a437ce693abfc1e69e7a744783c851ef4e17f47033201da0955028559a29fa5d2a11d09c88eca74589c9a
32 230 0 1000 49 1 :7534d8ea2bbff13389a012a2011c3c4d43f12857d7259631322c72ff5adbbdd1bc8466ebebafaaa7551310d3a50b3d16682f3e2de397850305ece030315bff60d6a8052b5a4c9465b7d064e829ad1f50d5254c119d66c496c9528d663910b4674fb389cc44c518234349289fca9d298b5599579b3a34ece5fbc71d4468b30dd7c5f2af05c57ac24c3f7702f2bc1689dcfa7d068c4e0b6d48d25421055182f9e838df00426ea390c28bd491a7dc83fa7541c87244db6aa763295e6a437ce693abfc1e69e7a744783c851ef4e17f47033201da0955028559a29fa5d2a11d09c88eca74589c9a2b
32 231 0 1000 49 1 :7534d8ea2bbff13389a012a2011c3c4d43f12857d7259631322c72ff5adbbdd1bc8466ebebafaaa7551310d3a50b3d16682f3e2de397850305ece030315bff60d6a8052b5a4c9465b7d064e829ad1f50d5254c119d66c496c9528d663910b4674fb389cc44c518234349289fca9d298b5599579b3a34ece5fbc71d4468b30dd7c5f2af05c57ac24c3f7702f2bc1689dcfa7d068c4e0b6d48d25421055182f9e838df00426ea390c28bd491a7dc83fa7541c87244db6aa763295e6a437ce693abfc1e69e7a744783c851ef4e17f47033201da0955028559a29fa5d2a11d09c88eca74589c9a2bb4
32 232 0 1000 49 1 :7534d8ea2bbff13389a012a2011c3c4d43f12857d7259631322c72ff5adbbdd1bc8466ebebafaaa7551310d3a50b3d16682f3e2de397850305ece030315bff60d6a8052b5a4c9465b7d064e829ad1f50d5254c119d66c496c9528d663910b4674fb389cc44c518234349289fca9d298b5599579b3a34ece5fbc71d4468b30dd7c5f2af05c57ac24c3f7702f2bc1689dcfa7d068c4e0b6d48d25421055182f9e838df00426ea390c28bd491a7dc83fa7541c87244db6aa763295e6a437ce693abfc1e69e7a744783c851ef4e17f47033201da0955028559a29fa5d2a11d09c88eca74589c9a2bb434
32 233 0 1000 49 1 :7534d8ea2bbff13389a012a2011c3c4d43f12857d7259631322c72ff5adbbdd1bc8466ebebafaaa7551310d3a50b3d16682f3e2de397850305ece030315bff60d6a8052b5a4c9465b7d064e829ad1f50d5254c119d66c496c9528d663910b4674fb389cc44c518234349289fca9d298b5599579b3a34ece5fbc71d4468b30dd7c5f2af05c57ac24c3f7702f2bc1689dcfa7d068c4e0b6d48d25421055182f9e838df00426ea390c28bd491a7dc83fa7541c87244db6aa763295e6a437ce693abfc1e69e7a744783c851ef4e17f47033201da0955028559a29fa5d2a11d09c88eca74589c9a2bb434a4
32 234 0 1000 49 1 :7534d8ea2bbff13389a012a2011c3c4d43f12857d7259631322c72ff5adbbdd1bc8466ebebafaaa7551310d3a50b3d16682f3e2de397850305ece030315bff60d6a8052b5a4c9465b7d064e829ad1f50d5254c119d66c496c9528d663910b4674fb389cc44c518234349289fca9d298b5599579b3a34ece5fbc71d4468b30dd7c5f2af05c57ac24c3f7702f2bc1689dcfa7d068c4e0b6d48d25421055182f9e838df00426ea390c28bd491a7dc83fa7541c87244db6aa763295e6a437ce693abfc1e69e7a744783c851ef4e17f47033201da0955028559a29fa5d2a11d09c88eca74589c9a2bb434a4d0
32 235 0 1000 49 1 :7534d8ea2bbff13389a012a2011c3c4d43f12857d7259631322c72ff5adbbdd1bc8466ebebafaaa7551310d3a50b3d16682f3e2de397850305ece030315bff60d6a8052b5a4c9465b7d064e829ad1f50d5254c119d66c496c9528d663910b4674fb389cc44c518234349289fca9d298b5599579b3a34ece5fbc71d4468b30dd7c5f2af05c57ac24c3f7702f2bc1689dcfa7d068c4e0b6d48d25421055182f9e838df00426ea390c28bd491a7dc83fa7541c87244db6aa763295e6a437ce693abfc1e69e7a744783c851ef4e17f47033201da0955028559a29fa5d2a11d09c88eca74589c9a2bb434a4d022
32 236 0 1000 49 1 :7534d8ea2bbff13389a012a2011c3c4d43f12857d7259631322c72ff5adbbdd1bc8466ebebafaaa7551310d3a50b3d16682f3e2de397850305ece030315bff60d6a8052b5a4c9465b7d064e829ad1f50d5254c119d66c496c9528d663910b4674fb389cc44c518234349289fca9d298b5599579b3a34ece5fbc71d4468b30dd7c5f2af05c57ac24c3f7702f2bc1689dcfa7d068c4e0b6d48d25421055182f9e838df00426ea390c28bd491a7dc83fa7541c87244db6aa763295e6a437ce693abfc1e69e7a744783c851ef4e17f47033201da0955028559a29fa5d2a11d09c88eca74589c9a2bb434a4d02284
32 237 0 1000 49 1 :7534d8ea2bbff13389a012a2011c3c4d43f12857d7259631322c72ff5adbbdd1bc8466ebebafaaa7551310d3a50b3d16682f3e2de397850305ece030315bff60d6a8052b5a4c9465b7d064e829ad1f50d5254c119d66c496c9528d663910b4674fb389cc44c518234349289fca9d298b5599579b3a34ece5fbc71d4468b30dd7c5f2af05c57ac24c3f7702f2bc1689dcfa7d068c4e0b6d48d25421055182f9e838df00426ea390c28bd491a7dc83fa7541c87244db6aa763295e6a437ce693abfc1e69e7a744783c851ef4e17f47033201da0955028559a29fa5d2a11d09c88eca74589c9a2bb434a4d0228461
32 238 0 1000 49 1 :7534d8ea2bbff13389a012a2011c3c4d43f12857d7259631322c72ff5adbbdd1bc8466ebebafaaa7551310d3a50b3d16682f3e2de397850305ece030315bff60d6a8052b5a4c9465b7d064e829ad1f50d5254c119d66c496c9528d663910b4674fb389cc44c518234349289fca9d298b5599579b3a34ece5fbc71d4468b30dd7c5f2af05c57ac24c3f7702f2bc1689dcfa7d068c4e0b6d48d25421055182f9e838df00426ea390c28bd491a7dc83fa7541c87244db6aa763295e6a437ce693abfc1e69e7a744783c851ef4e17f47033201da0955028559a29fa5d2a11d09c88eca74589c9a2bb434a4d02284612d
32 239 0 1000 49 1 :7534d8ea2bbff13389a012a2011c3c4d43f12857d7259631322c72ff5adbbdd1bc8466ebebafaaa7551310d3a50b3d16682f3e2de397850305ece030315bff60d6a8052b5a4c9465b7d064e829ad1f50d5254c119d66c496c9528d663910b4674fb389cc44c518234349289fca9d298b5599579b3a34ece5fbc71d4468b30dd7c5f2af05c57ac24c3f7702f2bc1689dcfa7d068c4e0b6d48d25421055182f9e838df00426ea390c28bd491a7dc83fa7541c87244db6aa763295e6a437ce693abfc1e69e7a744783c851ef4e17f47033201da0955028559a29fa5d2a11d09c88eca74589c9a2bb434a4d02284612d63
32 240 0 1000 49 1 :7534d8ea2bbff13389a012a2011c3c4d43f12857d7259631322c72ff5adbbdd1bc8466ebebafaaa7551310d3a50b3d16682f3e2de397850305ece030315bff60d6a8052b5a4c9465b7d064e829ad1f50d5254c119d66c496c9528d663910b4674fb389cc44c518234349289fca9d298b5599579b3a34ece5fbc71d4468b30dd7c5f2af05c57ac24c3f7702f2bc1689dcfa7d068c4e0b6d48d25421055182f9e838df00426ea390c28bd491a7dc83fa7541c87244db6aa763295e6a437ce693abfc1e69e7a744783c851ef4e17f47033201da0955028559a29fa5d2a11d09c88eca74589c9a2bb434a4d02284612d63ef
32 241 0 1000 49 1 :7534d8ea2bbff13389a012a2011c3c4d43f12857d7259631322c72ff5adbbdd1bc8466ebebafaaa7551310d3a50b3d16682f3e2de397850305ece030315bff60d6a8052b5a4c9465b7d064e829ad1f50d5254c119d66c496c9528d663910b4674fb389cc44c518234349289fca9d298b5599579b3a34ece5fbc71d4468b30dd7c5f2af05c57ac24c3f7702f2bc1689dcfa7d068c4e0b6d48d25421055182f9e838df00426ea390c28bd491a7dc83fa7541c87244db6aa763295e6a437ce693abfc1e69e7a744783c851ef4e17f47033201da0955028559a29fa5d2a11d09c88eca74589c9a2bb434a4d02284612d63ef1d
32 242 0 1000 49 1 :7534d8ea2bbff13389a012a2011c3c4d43f12857d7259631322c72ff5adbbdd1bc8466ebebafaaa7551310d3a50b3d16682f3e2de397850305ece030315bff60d6a8052b5a4c9465b7d064e829ad1f50d5254c119d66c496c9528d663910b4674fb389cc44c518234349289fca9d298b5599579b3a34ece5fbc71d4468b30dd7c5f2af05c57ac24c3f7702f2bc1689dcfa7d068c4e0b6d48d25421055182f9e838df00426ea390c28bd491a7dc83fa7541c87244db6aa763295e6a437ce693abfc1e69e7a744783c851ef4e17f47033201da0955028559a29fa5d2a11d09c88eca74589c9a2bb434a4d02284612d63ef1de5
32 243 0 1000 49 1 :7534d8ea2bbff13389a012a2011c3c4d43f12857d7259631322c72ff5adbbdd1bc8466ebebafaaa7551310d3a50b3d16682f3e2de397850305ece030315bff60d6a8052b5a4c9465b7d064e829ad1f50d5254c119d66c496c9528d663910b4674fb389cc44c518234349289fca9d298b5599579b3a34ece5fbc71d4468b30dd7c5f2af05c57ac24c3f7702f2bc1689dcfa7d068c4e0b6d48d25421055182f9e838df00426ea390c28bd491a7dc83fa7541c87244db6aa763295e6a437ce693abfc1e69e7a744783c851ef4e17f47033201da0955028559a29fa5d2a11d09c88eca74589c9a2bb434a4d02284612d63ef1de5d0
32 244 0 1000 49 1 :7534d8ea2bbff13389a012a2011c3c4d43f12857d7259631322c72ff5adbbdd1bc8466ebebafaaa7551310d3a50b3d16682f3e2de397850305ece030315bff60d6a8052b5a4c9465b7d064e829ad1f50d5254c119d66c496c9528d663910b4674fb389cc44c518234349289fca9d298b5599579b3a34ece5fbc71d4468b30dd7c5f2af05c57ac24c3f7702f2bc1689dcfa7d068c4e0b6d48d25421055182f9e838df00426ea390c28bd491a7dc83fa7541c87244db6aa763295e6a437ce693abfc1e69e7a744783c851ef4e17f47033201da0955028559a29fa5d2a11d09c88eca74589c9a2bb434a4d02284612d63ef1de5d045
32 245 0 1000 49 1 :7534d8ea2bbff13389a012a2011c3c4d43f12857d7259631322c72ff5adbbdd1bc8466ebebafaaa7551310d3a50b3d16682f3e2de397850305ece030315bff60d6a8052b5a4c9465b7d064e829ad1f50d5254c119d66c496c9528d663910b4674fb389cc44c518234349289fca9d298b5599579b3a34ece5fbc71d4468b30dd7c5f2af05c57ac24c3f7702f2bc1689dcfa7d068c4e0b6d48d25421055182f9e838df00426ea390c28bd491a7dc83fa7541c87244db6aa763295e6a437ce693abfc1e69e7a744783c851ef4e17f47033201da0955028559a29fa5d2a11d09c88eca74589c9a2bb434a4d02284612d63ef1de5d045d0
32 246 0 1000 49 1 :7534d8ea2bbff13389a012a2011c3c4d43f12857d7259631322c72ff5adbbdd1bc8466ebebafaaa7551310d3a50b3d16682f3e2de397850305ece030315bff60d6a8052b5a4c9465b7d064e829ad1f50d5254c119d66c496c9528d663910b4674fb389cc44c518234349289fca9d298b5599579b3a34ece5fbc71d4468b30dd7c5f2af05c57ac24c3f7702f2bc1689dcfa7d068c4e0b6d48d25421055182f9e838df00426ea390c28bd491a7dc83fa7541c87244db6aa763295e6a437ce693abfc1e69e7a744783c851ef4e17f47033201da0955028559a29fa5d2a11d09c88eca74589c9a2bb434a4d02284612d63ef1de5d045d0e8
32 247 0 1000 49 1 :7534d8ea2bbff13389a012a2011c3c4d43f12857d7259631322c72ff5adbbdd1bc8466ebebafaaa7551310d3a50b3d16682f3e2de397850305ece030315bff60d6a8052b5a4c9465b7d064e829ad1f50d5254c119d66c496c9528d663910b4674fb389cc44c518234349289fca9d298b5599579b3a34ece5fbc71d4468b30dd7c5f2af05c57ac24c3f7702f2bc1689dcfa7d068c4e0b6d48d25421055182f9e838df00426ea390c28bd491a7dc83fa7541c87244db6aa763295e6a437ce693abfc1e69e7a744783c851ef4e17f47033201da0955028559a29fa5d2a11d09c88eca74589c9a2bb434a4d02284612d63ef1de5d045d0e8f5
32 248 0 1000 49 1 :7534d8ea2bbff13389a012a2011c3c4d43f12857d7259631322c72ff5adbbdd1bc8466ebebafaaa7551310d3a50b3d16682f3e2de397850305ece030315bff60d6a8052b5a4c9465b7d064e829ad1f50d5254c119d66c496c9528d663910b4674fb389cc44c518234349289fca9d298b5599579b3a34ece5fbc71d4468b30dd7c5f2af05c57ac24c3f7702f2bc1689dcfa7d068c4e0b6d48d25421055182f9e838df00426ea390c28bd491a7dc83fa7541c87244db6aa763295e6a437ce693abfc1e69e7a744783c851ef4e17f47033201da0955028559a29fa5d2a11d09c88eca74589c9a2bb434a4d02284612d63ef1de5d045d0e8f54b
32 249 0 1000 49 1 :7534d8ea2bbff13389a012a2011c3c4d43f12857d7259631322c72ff5adbbdd1bc8466ebebafaaa7551310d3a50b3d16682f3e2de397850305ece030315bff60d6a8052b5a4c9465b7d064e829ad1f50d5254c119d66c496c9528d663910b4674fb389cc44c518234349289fca9d298b5599579b3a34ece5fbc71d4468b30dd7c5f2af05c57ac24c3f7702f2bc1689dcfa7d068c4e0b6d48d25421055182f9e838df00426ea390c28bd491a7dc83fa7541c87244db6aa763295e6a437ce693abfc1e69e7a744783c851ef4e17f47033201da0955028559a29fa5d2a11d09c88eca74589c9a2bb434a4d02284612d63ef1de5d045d0e8f54b89
32 250 0 1000 49 1 :7534d8ea2bbff13389a012a2011c3c4d43f12857d7259631322c72ff5adbbdd1bc8466ebebafaaa7551310d3a50b3d16682f3e2de397850305ece030315bff60d6a8052b5a4c9465b7d064e829ad1f50d5254c119d66c496c9528d663910b4674fb389cc44c518234349289fca9d298b5599579b3a34ece5fbc71d4468b30dd7c5f2af05c57ac24c3f7702f2bc1689dcfa7d068c4e0b6d48d25421055182f9e838df00426ea390c28bd491a7dc83fa7541c87244db6aa763295e6a437ce693abfc1e69e7a744783c851ef4e17f47033201da0955028559a29fa5d2a11d09c88eca74589c9a2bb434a4d02284612d63ef1de5d045d0e8f54b893e
32 251 0 1000 49 1 :7534d8ea2bbff13389a012a2011c3c4d43f12857d7259631322c72ff5adbbdd1bc8466ebebafaaa7551310d3a50b3d16682f3e2de397850305ece030315bff60d6a8052b5a4c9465b7d064e829ad1f50d5254c119d66c496c9528d663910b4674fb389cc44c518234349289fca9d298b5599579b3a34ece5fbc71d4468b30dd7c5f2af05c57ac24c3f7702f2bc1689dcfa7d068c4e0b6d48d25421055182f9e838df00426ea390c28bd491a7dc83fa7541c87244db6aa763295e6a437ce693abfc1e69e7a744783c851ef4e17f47033201da0955028559a29fa5d2a11d09c88eca74589c9a2bb434a4d02284612d63ef1de5d045d0e8f54b893e99
32 252 0 1000 49 1 :7534d8ea2bbff13389a012a2011c3c4d43f12857d7259631322c72ff5adbbdd1bc8466ebebafaaa7551310d3a50b3d16682f3e2de397850305ece030315bff60d6a8052b5a4c9465b7d064e829ad1f50d5254c119d66c496c9528d663910b4674fb389cc44c518234349289fca9d298b5599579b3a34ece5fbc71d4468b30dd7c5f2af05c57ac24c3f7702f2bc1689dcfa7d068c4e0b6d48d25421055182f9e838df00426ea390c28bd491a7dc83fa7541c87244db6aa763295e6a437ce693abfc1e69e7a744783c851ef4e17f47033201da0955028559a29fa5d2a11d09c88eca74589c9a2bb434a4d02284612d63ef1de5d045d0e8f54b893e9977
32 253 0 1000 49 1 :7534d8ea2bbff13389a012a2011c3c4d43f12857d7259631322c72ff5adbbdd1bc8466ebebafaaa7551310d3a50b3d16682f3e2de397850305ece030315bff60d6a8052b5a4c9465b7d064e829ad1f50d5254c119d66c496c9528d663910b4674fb389cc44c518234349289fca9d298b5599579b3a34ece5fbc71d4468b30dd7c5f2af05c57ac24c3f7702f2bc1689dcfa7d068c4e0b6d48d25421055182f9e838df00426ea390c28bd491a7dc83fa7541c87244db6aa763295e6a437ce693abfc1e69e7a744783c851ef4e17f47033201da0955028559a29fa5d2a11d09c88eca74589c9a2bb434a4d02284612d63ef1de5d045d0e8f54b893e997768
32 254 0 1000 49 1 :7534d8ea2bbff13389a012a2011c3c4d43f12857d7259631322c72ff5adbbdd1bc8466ebebafaaa7551310d3a50b3d16682f3e2de397850305ece030315bff60d6a8052b5a4c9465b7d064e829ad1f50d5254c119d66c496c9528d663910b4674fb389cc44c518234349289fca9d298b5599579b3a34ece5fbc71d4468b30dd7c5f2af05c57ac24c3f7702f2bc1689dcfa7d068c4e0b6d48d25421055182f9e838df00426ea390c28bd491a7dc83fa7541c87244db6aa763295e6a437ce693abfc1e69e7a744783c851ef4e17f47033201da0955028559a29fa5d2a11d09c88eca74589c9a2bb434a4d02284612d63ef1de5d045d0e8f54b893e997768a5
32 255 0 1000 49 1 :7534d8ea2bbff13389a012a2011c3c4d43f12857d7259631322c72ff5adbbdd1bc8466ebebafaaa7551310d3a50b3d16682f3e2de397850305ece030315bff60d6a8052b5a4c9465b7d064e829ad1f50d5254c119d66c496c9528d663910b4674fb389cc44c518234349289fca9d298b5599579b3a34ece5fbc71d4468b30dd7c5f2af05c57ac24c3f7702f2bc1689dcfa7d068c4e0b6d48d25421055182f9e838df00426ea390c28bd491a7dc83fa7541c87244db6aa763295e6a437ce693abfc1e69e7a744783c851ef4e17f47033201da0955028559a29fa5d2a11d09c88eca74589c9a2bb434a4d02284612d63ef1de5d045d0e8f54b893e997768a5b8
32 256 0 1000 49 1 :7534d8ea2bbff13389a012a2011c3c4d43f12857d7259631322c72ff5adbbdd1bc8466ebebafaaa7551310d3a50b3d16682f3e2de397850305ece030315bff60d6a8052b5a4c9465b7d064e829ad1f50d5254c119d66c496c9528d663910b4674fb389cc44c518234349289fca9d298b5599579b3a34ece5fbc71d4468b30dd7c5f2af05c57ac24c3f7702f2bc1689dcfa7d068c4e0b6d48d25421055182f9e838df00426ea390c28bd491a7dc83fa7541c87244db6aa763295e6a437ce693abfc1e69e7a744783c851ef4e17f47033201da0955028559a29fa5d2a11d09c88eca74589c9a2bb434a4d02284612d63ef1de5d045d0e8f54b893e997768a5b897
32 257 0 1000 50 1 :7534d8ea2bbff13389a012a2011c3c4d43f12857d7259631322c72ff5adbbdd1bc8466ebebafaaa7551310d3a50b3d16682f3e2de397850305ece030315bff60d6a8052b5a4c9465b7d064e829ad1f50d5254c119d66c496c9528d663910b4674fb389cc44c518234349289fca9d298b5599579b3a34ece5fbc71d4468b30dd7c5f2af05c57ac24c3f7702f2bc1689dcfa7d068c4e0b6d48d25421055182f9e838df00426ea390c28bd491a7dc83fa7541c87244db6aa763295e6a437ce693abfc1e69e7a744783c851ef4e17f47033201da0955028559a29fa5d2a11d09c88eca74589c9a2bb434a4d02284612d63ef1de5d045d0e8f54b893e997768a5b89728
32 258 0 1000 50 1 :7534d8ea2bbff13389a012a2011c3c4d43f12857d7259631322c72ff5adbbdd1bc8466ebebafaaa7551310d3a50b3d16682f3e2de397850305ece030315bff60d6a8052b5a4c9465b7d064e829ad1f50d5254c119d66c496c9528d663910b4674fb389cc44c518234349289fca9d298b5599579b3a34ece5fbc71d4468b30dd7c5f2af05c57ac24c3f7702f2bc1689dcfa7d068c4e0b6d48d25421055182f9e838df00426ea390c28bd491a7dc83fa7541c87244db6aa763295e6a437ce693abfc1e69e7a744783c851ef4e17f47033201da0955028559a29fa5d2a11d09c88eca74589c9a2bb434a4d02284612d63ef1de5d045d0e8f54b893e997768a5b8972852
32 259 0 1000 50 1 :7534d8ea2bbff13389a012a2011c3c4d43f12857d7259631322c72ff5adbbdd1bc8466ebebafaaa7551310d3a50b3d16682f3e2de397850305ece030315bff60d6a8052b5a4c9465b7d064e829ad1f50d5254c119d66c496c9528d663910b4674fb389cc44c518234349289fca9d298b5599579b3a34ece5fbc71d4468b30dd7c5f2af05c57ac24c3f7702f2bc1689dcfa7d068c4e0b6d48d25421055182f9e838df00426ea390c28bd491a7dc83fa7541c87244db6aa763295e6a437ce693abfc1e69e7a744783c851ef4e17f47033201da0955028559a29fa5d2a11d09c88eca74589c9a2bb434a4d02284612d63ef1de5d045d0e8f54b893e997768a5b89728528f
32 260 0 1000 50 1 :7534d8ea2bbff13389a012a2011c3c4d43f12857d7259631322c72ff5adbbdd1bc8466ebebafaaa7551310d3a50b3d16682f3e2de397850305ece030315bff60d6a8052b5a4c9465b7d064e829ad1f50d5254c119d66c496c9528d663910b4674fb389cc44c518234349289fca9d298b5599579b3a34ece5fbc71d4468b30dd7c5f2af05c57ac24c3f7702f2bc1689dcfa7d068c4e0b6d48d25421055182f9e838df00426ea390c28bd491a7dc83fa7541c87244db6aa763295e6a437ce693abfc1e69e7a744783c851ef4e17f47033201da0955028559a29fa5d2a11d09c88eca74589c9a2bb434a4d02284612d63ef1de5d045d0e8f54b893e997768a5b89728528fd9
32 261 0 1000 50 1 :7534d8ea2bbff13389a012a2011c3c4d43f12857d7259631322c72ff5adbbdd1bc8466ebebafaaa7551310d3a50b3d16682f3e2de397850305ece030315bff60d6a8052b5a4c9465b7d064e829ad1f50d5254c119d66c496c9528d663910b4674fb389cc44c518234349289fca9d298b5599579b3a34ece5fbc71d4468b30dd7c5f2af05c57ac24c3f7702f2bc1689dcfa7d068c4e0b6d48d25421055182f9e838df00426ea390c28bd491a7dc83fa7541c87244db6aa763295e6a437ce693abfc1e69e7a744783c851ef4e17f47033201da0955028559a29fa5d2a11d09c88eca74589c9a2bb434a4d02284612d63ef1de5d045d0e8f54b893e997768a5b89728528fd934
32 262 0 1000 50 1 :7534d8ea2bbff13389a012a2011c3c4d43f12857d7259631322c72ff5adbbdd1bc8466ebebafaaa7551310d3a50b3d16682f3e2de397850305ece030315bff60d6a8052b5a4c9465b7d064e829ad1f50d5254c119d66c496c9528d663910b4674fb389cc44c518234349289fca9d298b5599579b3a34ece5fbc71d4468b30dd7c5f2af05c57ac24c3f7702f2bc1689dcfa7d068c4e0b6d48d25421055182f9e838df00426ea390c28bd491a7dc83fa7541c87244db6aa763295e6a437ce693abfc1e69e7a744783c851ef4e17f47033201da0955028559a29fa5d2a11d09c88eca74589c9a2bb434a4d02284612d63ef1de5d045d0e8f54b893e997768a5b89728528fd9347f
32 263 0 1000 50 1 :7534d8ea2bbff13389a012a2011c3c4d43f12857d7259631322c72ff5adbbdd1bc8466ebebafaaa7551310d3a50b3d16682f3e2de397850305ece030315bff60d6a8052b5a4c9465b7d064e829ad1f50d5254c119d66c496c9528d663910b4674fb389cc44c518234349289fca9d298b5599579b3a34ece5fbc71d4468b30dd7c5f2af05c57ac24c3f7702f2bc1689dcfa7d068c4e0b6d48d25421055182f9e838df00426ea390c28bd491a7dc83fa7541c87244db6aa763295e6a437ce693abfc1e69e7a744783c851ef4e17f47033201da0955028559a29fa5d2a11d09c88eca74589c9a2bb434a4d02284612d63ef1de5d045d0e8f54b893e997768a5b89728528fd9347f96
32 264 0 1000 50 1 :7534d8ea2bbff13389a012a2011c3c4d43f12857d7259631322c72ff5adbbdd1bc8466ebebafaaa7551310d3a50b3d16682f3e2de397850305ece030315bff60d6a8052b5a4c9465b7d064e829ad1f50d5254c119d66c496c9528d663910b4674fb389cc44c518234349289fca9d298b5599579b3a34ece5fbc71d4468b30dd7c5f2af05c57ac24c3f7702f2bc1689dcfa7d068c4e0b6d48d25421055182f9e838df00426ea390c28bd491a7dc83fa7541c87244db6aa763295e6a437ce693abfc1e69e7a744783c851ef4e17f47033201da0955028559a29fa5d2a11d09c88eca74589c9a2bb434a4d02284612d63ef1de5d045d0e8f54b893e997768a5b89728528fd9347f96ba
32 265 0 1000 50 1 :7534d8ea2bbff13389a012a2011c3c4d43f12857d7259631322c72ff5adbbdd1bc8466ebebafaaa7551310d3a50b3d16682f3e2de397850305ece030315bff60d6a8052b5a4c9465b7d064e829ad1f50d5254c119d66c496c9528d663910b4674fb389cc44c518234349289fca9d298b5599579b3a34ece5fbc71d4468b30dd7c5f2af05c57ac24c3f7702f2bc1689dcfa7d068c4e0b6d48d25421055182f9e838df00426ea390c28bd491a7dc83fa7541c87244db6aa763295e6a437ce693abfc1e69e7a744783c851ef4e17f47033201da0955028559a29fa5d2a11d09c88eca74589c9a2bb434a4d02284612d63ef1de5d045d0e8f54b893e997768a5b89728528fd9347f96bac2
32 266 0 1000 50 1 :7534d8ea2bbff13389a012a2011c3c4d43f12857d7259631322c72ff5adbbdd1bc8466ebebafaaa7551310d3a50b3d16682f3e2de397850305ece030315bff60d6a8052b5a4c9465b7d064e829ad1f50d5254c119d66c496c9528d663910b4674fb389cc44c518234349289fca9d298b5599579b3a34ece5fbc71d4468b30dd7c5f2af05c57ac24c3f7702f2bc1689dcfa7d068c4e0b6d48d25421055182f9e838df00426ea390c28bd491a7dc83fa7541c87244db6aa763295e6a437ce693abfc1e69e7a744783c851ef4e17f47033201da0955028559a29fa5d2a11d09c88eca74589c9a2bb434a4d02284612d63ef1de5d045d0e8f54b893e997768a5b89728528fd9347f96bac285
32 267 0 1000 50 1 :7534d8ea2bbff13389a012a2011c3c4d43f12857d7259631322c72ff5adbbdd1bc8466ebebafaaa7551310d3a50b3d16682f3e2de397850305ece030315bff60d6a8052b5a4c9465b7d064e829ad1f50d5254c119d66c496c9528d663910b4674fb389cc44c518234349289fca9d298b5599579b3a34ece5fbc71d4468b30dd7c5f2af05c57ac24c3f7702f2bc1689dcfa7d068c4e0b6d48d25421055182f9e838df00426ea390c28bd491a7dc83fa7541c87244db6aa763295e6a437ce693abfc1e69e7a744783c851ef4e17f47033201da0955028559a29fa5d2a11d09c88eca74589c9a2bb434a4d02284612d63ef1de5d045d0e8f54b893e997768a5b89728528fd9347f96bac28566
32 268 0 1000 50 1 :7534d8ea2bbff13389a012a2011c3c4d43f12857d7259631322c72ff5adbbdd1bc8466ebebafaaa7551310d3a50b3d16682f3e2de397850305ece030315bff60d6a8052b5a4c9465b7d064e829ad1f50d5254c119d66c496c9528d663910b4674fb389cc44c518234349289fca9d298b5599579b3a34ece5fbc71d4468b30dd7c5f2af05c57ac24c3f7702f2bc1689dcfa7d068c4e0b6d48d25421055182f9e838df00426ea390c28bd491a7dc83fa7541c87244db6aa763295e6a437ce693abfc1e69e7a744783c851ef4e17f47033201da0955028559a29fa5d2a11d09c88eca74589c9a2bb434a4d02284612d63ef1de5d045d0e8f54b893e997768a5b89728528fd9347f96bac28566bf
32 269 0 1000 50 1 :7534d8ea2bbff13389a012a2011c3c4d43f12857d7259631322c72ff5adbbdd1bc8466ebebafaaa7551310d3a50b3d16682f3e2de397850305ece030315bff60d6a8052b5a4c9465b7d064e829ad1f50d5254c119d66c496c9528d663910b4674fb389cc44c518234349289fca9d298b5599579b3a34ece5fbc71d4468b30dd7c5f2af05c57ac24c3f7702f2bc1689dcfa7d068c4e0b6d48d25421055182f9e838df00426ea390c28bd491a7dc83fa7541c87244db6aa763295e6a437ce693abfc1e69e7a744783c851ef4e17f47033201da0955028559a29fa5d2a11d09c88eca74589c9a2bb434a4d02284612d63ef1de5d045d0e8f54b893e997768a5b89728528fd9347f96bac28566bf7c
32 270 0 1000 50 1 :7534d8ea2bbff13389a012a2011c3c4d43f12857d7259631322c72ff5adbbdd1bc8466ebebafaaa7551310d3a50b3d16682f3e2de397850305ece030315bff60d6a8052b5a4c9465b7d064e829ad1f50d5254c119d66c496c9528d663910b4674fb389cc44c518234349289fca9d298b5599579b3a34ece5fbc71d4468b30dd7c5f2af05c57ac24c3f7702f2bc1689dcfa7d068c4e0b6d48d25421055182f9e838df00426ea390c28bd491a7dc83fa7541c87244db6aa763295e6a437ce693abfc1e69e7a744783c851ef4e17f47033201da0955028559a29fa5d2a11d09c88eca74589c9a2bb434a4d02284612d63ef1de5d045d0e8f54b893e997768a5b89728528fd9347f96bac28566bf7c6c
32 271 0 1000 50 1 :7534d8ea2bbff13389a012a2011c3c4d43f12857d7259631322c72ff5adbbdd1bc8466ebebafaaa7551310d3a50b3d16682f3e2de397850305ece030315bff60d6a8052b5a4c9465b7d064e829ad1f50d5254c119d66c496c9528d663910b4674fb389cc44c518234349289fca9d298b5599579b3a34ece5fbc71d4468b30dd7c5f2af05c57ac24c3f7702f2bc1689dcfa7d068c4e0b6d48d25421055182f9e838df00426ea390c28bd491a7dc83fa7541c87244db6aa763295e6a437ce693abfc1e69e7a744783c851ef4e17f47033201da0955028559a29fa5d2a11d09c88eca74589c9a2bb434a4d02284612d63ef1de5d045d0e8f54b893e997768a5b89728528fd9347f96bac28566bf7c6cb3
32 272 0 1000 50 1 :7534d8ea2bbff13389a012a2011c3c4d43f12857d7259631322c72ff5adbbdd1bc8466ebebafaaa7551310d3a50b3d16682f3e2de397850305ece030315bff60d6a8052b5a4c9465b7d064e829ad1f50d5254c119d66c496c9528d663910b4674fb389cc44c518234349289fca9d298b5599579b3a34ece5fbc71d4468b30dd7c5f2af05c57ac24c3f7702f2bc1689dcfa7d068c4e0b6d48d25421055182f9e838df00426ea390c28bd491a7dc83fa7541c87244db6aa763295e6a437ce693abfc1e69e7a744783c851ef4e17f47033201da0955028559a29fa5d2a11d09c88eca74589c9a2bb434a4d02284612d63ef1de5d045d0e8f54b893e997768a5b89728528fd9347f96bac28566bf7c6cb31c
32 273 0 1000 50 1 :7534d8ea2bbff13389a012a2011c3c4d43f12857d7259631322c72ff5adbbdd1bc8466ebebafaaa7551310d3a50b3d16682f3e2de397850305ece030315bff60d6a8052b5a4c9465b7d064e829ad1f50d5254c119d66c496c9528d663910b4674fb389cc44c518234349289fca9d298b5599579b3a34ece5fbc71d4468b30dd7c5f2af05c57ac24c3f7702f2bc1689dcfa7d068c4e0b6d48d25421055182f9e838df00426ea390c28bd491a7dc83fa7541c87244db6aa763295e6a437ce693abfc1e69e7a744783c851ef4e17f47033201da0955028559a29fa5d2a11d09c88eca74589c9a2bb434a4d02284612d63ef1de5d045d0e8f54b893e997768a5b89728528fd9347f96bac28566bf7c6cb31ca1
32 274 0 1000 50 1 :7534d8ea2bbff13389a012a2011c3c4d43f12857d7259631322c72ff5adbbdd1bc8466ebebafaaa7551310d3a50b3d16682f3e2de397850305ece030315bff60d6a8052b5a4c9465b7d064e829ad1f50d5254c119d66c496c9528d663910b4674fb389cc44c518234349289fca9d298b5599579b3a34ece5fbc71d4468b30dd7c5f2af05c57ac24c3f7702f2bc1689dcfa7d068c4e0b6d48d25421055182f9e838df00426ea390c28bd491a7dc83fa7541c87244db6aa763295e6a437ce693abfc1e69e7a744783c851ef4e17f47033201da0955028559a29fa5d2a11d09c88eca74589c9a2bb434a4d02284612d63ef1de5d045d0e8f54b893e997768a5b89728528fd9347f96bac28566bf7c6cb31ca11f
32 275 0 1000 50 1 :7534d8ea2bbff13389a012a2011c3c4d43f12857d7259631322c72ff5adbbdd1bc8466ebebafaaa7551310d3a50b3d16682f3e2de397850305ece030315bff60d6a8052b5a4c9465b7d064e829ad1f50d5254c119d66c496c9528d663910b4674fb389cc44c518234349289fca9d298b5599579b3a34ece5fbc71d4468b30dd7c5f2af05c57ac24c3f7702f2bc1689dcfa7d068c4e0b6d48d25421055182f9e838df00426ea390c28bd491a7dc83fa7541c87244db6aa763295e6a437ce693abfc1e69e7a744783c851ef4e17f47033201da0955028559a29fa5d2a11d09c88eca74589c9a2bb434a4d02284612d63ef1de5d045d0e8f54b893e997768a5b89728528fd9347f96bac28566bf7c6cb31ca11f64
32 276 0 1000 50 1 :7534d8ea2bbff13389a012a2011c3c4d43f12857d7259631322c72ff5adbbdd1bc8466ebebafaaa7551310d3a50b3d16682f3e2de397850305ece030315bff60d6a8052b5a4c9465b7d064e829ad1f50d5254c119d66c496c9528d663910b4674fb389cc44c518234349289fca9d298b5599579b3a34ece5fbc71d4468b30dd7c5f2af05c57ac24c3f7702f2bc1689dcfa7d068c4e0b6d48d25421055182f9e838df00426ea390c28bd491a7dc83fa7541c87244db6aa763295e6a437ce693abfc1e69e7a744783c851ef4e17f47033201da0955028559a29fa5d2a11d09c88eca74589c9a2bb434a4d02284612d63ef1de5d045d0e8f54b893e997768a5b89728528fd9347f96bac28566bf7c6cb31ca11f64c1
32 277 0 1000 50 1 :7534d8ea2bbff13389a012a2011c3c4d43f12857d7259631322c72ff5adbbdd1bc8466ebebafaaa7551310d3a50b3d16682f3e2de397850305ece030315bff60d6a8052b5a4c9465b7d064e829ad1f50d5254c119d66c496c9528d663910b4674fb389cc44c518234349289fca9d298b5599579b3a34ece5fbc71d4468b30dd7c5f2af05c57ac24c3f7702f2bc1689dcfa7d068c4e0b6d48d25421055182f9e838df00426ea390c28bd491a7dc83fa7541c87244db6aa763295e6a437ce693abfc1e69e7a744783c851ef4e17f47033201da0955028559a29fa5d2a11d09c88eca74589c9a2bb434a4d02284612d63ef1de5d045d0e8f54b893e997768a5b89728528fd9347f96bac28566bf7c6cb31ca11f64c148
32 278 0 1000 50 1 :7534d8ea2bbff13389a012a2011c3c4d43f12857d7259631322c72ff5adbbdd1bc8466ebebafaaa7551310d3a50b3d16682f3e2de397850305ece030315bff60d6a8052b5a4c9465b7d064e829ad1f50d5254c119d66c496c9528d663910b4674fb389cc44c518234349289fca9d298b5599579b3a34ece5fbc71d4468b30dd7c5f2af05c57ac24c3f7702f2bc1689dcfa7d068c4e0b6d48d25421055182f9e838df00426ea390c28bd491a7dc83fa7541c87244db6aa763295e6a437ce693abfc1e69e7a744783c851ef4e17f47033201da0955028559a29fa5d2a11d09c88eca74589c9a2bb434a4d02284612d63ef1de5d045d0e8f54b893e997768a5b89728528fd9347f96bac28566bf7c6cb31ca11f64c1487b
32 279 0 1000 50 1 :7534d8ea2bbff13389a012a2011c3c4d43f12857d7259631322c72ff5adbbdd1bc8466ebebafaaa7551310d3a50b3d16682f3e2de397850305ece030315bff60d6a8052b5a4c9465b7d064e829ad1f50d5254c119d66c496c9528d663910b4674fb389cc44c518234349289fca9d298b5599579b3a34ece5fbc71d4468b30dd7c5f2af05c57ac24c3f7702f2bc1689dcfa7d068c4e0b6d48d25421055182f9e838df00426ea390c28bd491a7dc83fa7541c87244db6aa763295e6a437ce693abfc1e69e7a744783c851ef4e17f47033201da0955028559a29fa5d2a11d09c88eca74589c9a2bb434a4d02284612d63ef1de5d045d0e8f54b893e997768a5b89728528fd9347f96bac28566bf7c6cb31ca11f64c1487b3f
32 280 0 1000 50 1 :7534d8ea2bbff13389a012a2011c3c4d43f12857d7259631322c72ff5adbbdd1bc8466ebebafaaa7551310d3a50b3d16682f3e2de397850305ece030315bff60d6a8052b5a4c9465b7d064e829ad1f50d5254c119d66c496c9528d663910b4674fb389cc44c518234349289fca9d298b5599579b3a34ece5fbc71d4468b30dd7c5f2af05c57ac24c3f7702f2bc1689dcfa7d068c4e0b6d48d25421055182f9e838df00426ea390c28bd491a7dc83fa7541c87244db6aa763295e6a437ce693abfc1e69e7a744783c851ef4e17f47033201da0955028559a29fa5d2a11d09c88eca74589c9a2bb434a4d02284612d63ef1de5d045d0e8f54b893e997768a5b89728528fd9347f96bac28566bf7c6cb31ca11f64c1487b3f31
32 281 0 1000 50 1 :7534d8ea2bbff13389a012a2011c3c4d43f12857d7259631322c72ff5adbbdd1bc8466ebebafaaa7551310d3a50b3d16682f3e2de397850305ece030315bff60d6a8052b5a4c9465b7d064e829ad1f50d5254c119d66c496c9528d663910b4674fb389cc44c518234349289fca9d298b5599579b3a34ece5fbc71d4468b30dd7c5f2af05c57ac24c3f7702f2bc1689dcfa7d068c4e0b6d48d25421055182f9e838df00426ea390c28bd491a7dc83fa7541c87244db6aa763295e6a437ce693abfc1e69e7a744783c851ef4e17f47033201da0955028559a29fa5d2a11d09c88eca74589c9a2bb434a4d02284612d63ef1de5d045d0e8f54b893e997768a5b89728528fd9347f96bac28566bf7c6cb31ca11f64c1487b3f31b4
32 282 0 1000 50 1 :7534d8ea2bbff13389a012a2011c3c4d43f12857d7259631322c72ff5adbbdd1bc8466ebebafaaa7551310d3a50b3d16682f3e2de397850305ece030315bff60d6a8052b5a4c9465b7d064e829ad1f50d5254c119d66c496c9528d663910b4674fb389cc44c518234349289fca9d298b5599579b3a34ece5fbc71d4468b30dd7c5f2af05c57ac24c3f7702f2bc1689dcfa7d068c4e0b6d48d25421055182f9e838df00426ea390c28bd491a7dc83fa7541c87244db6aa763295e6a437ce693abfc1e69e7a744783c851ef4e17f47033201da0955028559a29fa5d2a11d09c88eca74589c9a2bb434a4d02284612d63ef1de5d045d0e8f54b893e997768a5b89728528fd9347f96bac28566bf7c6cb31ca11f64c1487b3f31b48c
32 283 0 1000 50 1 :7534d8ea2bbff13389a012a2011c3c4d43f12857d7259631322c72ff5adbbdd1bc8466ebebafaaa7551310d3a50b3d16682f3e2de397850305ece030315bff60d6a8052b5a4c9465b7d064e829ad1f50d5254c119d66c496c9528d663910b4674fb389cc44c518234349289fca9d298b5599579b3a34ece5fbc71d4468b30dd7c5f2af05c57ac24c3f7702f2bc1689dcfa7d068c4e0b6d48d25421055182f9e838df00426ea390c28bd491a7dc83fa7541c87244db6aa763295e6a437ce693abfc1e69e7a744783c851ef4e17f47033201da0955028559a29fa5d2a11d09c88eca74589c9a2bb434a4d02284612d63ef1de5d045d0e8f54b893e997768a5b89728528fd9347f96bac28566bf7c6cb31ca11f64c1487b3f31b48c80
32 284 0 1000 50 1 :7534d8ea2bbff13389a012a2011c3c4d43f12857d7259631322c72ff5adbbdd1bc8466ebebafaaa7551310d3a50b3d16682f3e2de397850305ece030315bff60d6a8052b5a4c9465b7d064e829ad1f50d5254c119d66c496c9528d663910b4674fb389cc44c518234349289fca9d298b5599579b3a34ece5fbc71d4468b30dd7c5f2af05c57ac24c3f7702f2bc1689dcfa7d068c4e0b6d48d25421055182f9e838df00426ea390c28bd491a7dc83fa7541c87244db6aa763295e6a437ce693abfc1e69e7a744783c851ef4e17f47033201da0955028559a29fa5d2a11d09c88eca74589c9a2bb434a4d02284612d63ef1de5d045d0e8f54b893e997768a5b89728528fd9347f96bac28566bf7c6cb31ca11f64c1487b3f31b48c8002
32 285 0 1000 50 1 :7534d8ea2bbff13389a012a2011c3c4d43f12857d7259631322c72ff5adbbdd1bc8466ebebafaaa7551310d3a50b3d16682f3e2de397850305ece030315bff60d6a8052b5a4c9465b7d064e829ad1f50d5254c119d66c496c9528d663910b4674fb389cc44c518234349289fca9d298b5599579b3a34ece5fbc71d4468b30dd7c5f2af05c57ac24c3f7702f2bc1689dcfa7d068c4e0b6d48d25421055182f9e838df00426ea390c28bd491a7dc83fa7541c87244db6aa763295e6a437ce693abfc1e69e7a744783c851ef4e17f47033201da0955028559a29fa5d2a11d09c88eca74589c9a2bb434a4d02284612d63ef1de5d045d0e8f54b893e997768a5b89728528fd9347f96bac28566bf7c6cb31ca11f64c1487b3f31b48c80020f
32 286 0 1000 50 1 :7534d8ea2bbff13389a012a2011c3c4d43f12857d7259631322c72ff5adbbdd1bc8466ebebafaaa7551310d3a50b3d16682f3e2de397850305ece030315bff60d6a8052b5a4c9465b7d064e829ad1f50d5254c119d66c496c9528d663910b4674fb389cc44c518234349289fca9d298b5599579b3a34ece5fbc71d4468b30dd7c5f2af05c57ac24c3f7702f2bc1689dcfa7d068c4e0b6d48d25421055182f9e838df00426ea390c28bd491a7dc83fa7541c87244db6aa763295e6a437ce693abfc1e69e7a744783c851ef4e17f47033201da0955028559a29fa5d2a11d09c88eca74589c9a2bb434a4d02284612d63ef1de5d045d0e8f54b893e997768a5b89728528fd9347f96bac28566bf7c6cb31ca11f64c1487b3f31b48c80020f31
32 287 0 1000 50 1 :7534d8ea2bbff13389a012a2011c3c4d43f12857d7259631322c72ff5adbbdd1bc8466ebebafaaa7551310d3a50b3d16682f3e2de397850305ece030315bff60d6a8052b5a4c9465b7d064e829ad1f50d5254c119d66c496c9528d663910b4674fb389cc44c518234349289fca9d298b5599579b3a34ece5fbc71d4468b30dd7c5f2af05c57ac24c3f7702f2bc1689dcfa7d068c4e0b6d48d25421055182f9e838df00426ea390c28bd491a7dc83fa7541c87244db6aa763295e6a437ce693abfc1e69e7a744783c851ef4e17f47033201da0955028559a29fa5d2a11d09c88eca74589c9a2bb434a4d02284612d63ef1de5d045d0e8f54b893e997768a5b89728528fd9347f96bac28566bf7c6cb31ca11f64c1487b3f31b48c80020f31f0
32 288 0 1000 50 1 :7534d8ea2bbff13389a012a2011c3c4d43f12857d7259631322c72ff5adbbdd1bc8466ebebafaaa7551310d3a50b3d16682f3e2de397850305ece030315bff60d6a8052b5a4c9465b7d064e829ad1f50d5254c119d66c496c9528d663910b4674fb389cc44c518234349289fca9d298b5599579b3a34ece5fbc71d4468b30dd7c5f2af05c57ac24c3f7702f2bc1689dcfa7d068c4e0b6d48d25421055182f9e838df00426ea390c28bd491a7dc83fa7541c87244db6aa763295e6a437ce693abfc1e69e7a744783c851ef4e17f47033201da0955028559a29fa5d2a11d09c88eca74589c9a2bb434a4d02284612d63ef1de5d045d0e8f54b893e997768a5b89728528fd9347f96bac28566bf7c6cb31ca11f64c1487b3f31b48c80020f31f0ce
32 289 0 1000 51 1 :7534d8ea2bbff13389a012a2011c3c4d43f12857d7259631322c72ff5adbbdd1bc8466ebebafaaa7551310d3a50b3d16682f3e2de397850305ece030315bff60d6a8052b5a4c9465b7d064e829ad1f50d5254c119d66c496c9528d663910b4674fb389cc44c518234349289fca9d298b5599579b3a34ece5fbc71d4468b30dd7c5f2af05c57ac24c3f7702f2bc1689dcfa7d068c4e0b6d48d25421055182f9e838df00426ea390c28bd491a7dc83fa7541c87244db6aa763295e6a437ce693abfc1e69e7a744783c851ef4e17f47033201da0955028559a29fa5d2a11d09c88eca74589c9a2bb434a4d02284612d63ef1de5d045d0e8f54b893e997768a5b89728528fd9347f96bac28566bf7c6cb31ca11f64c1487b3f31b48c80020f31f0ce38
32 290 0 1000 51 1 :7534d8ea2bbff13389a012a2011c3c4d43f12857d7259631322c72ff5adbbdd1bc8466ebebafaaa7551310d3a50b3d16682f3e2de397850305ece030315bff60d6a8052b5a4c9465b7d064e829ad1f50d5254c119d66c496c9528d663910b4674fb389cc44c518234349289fca9d298b5599579b3a34ece5fbc71d4468b30dd7c5f2af05c57ac24c3f7702f2bc1689dcfa7d068c4e0b6d48d25421055182f9e838df00426ea390c28bd491a7dc83fa7541c87244db6aa763295e6a437ce693abfc1e69e7a744783c851ef4e17f47033201da0955028559a29fa5d2a11d09c88eca74589c9a2bb434a4d02284612d63ef1de5d045d0e8f54b893e997768a5b89728528fd9347f96bac28566bf7c6cb31ca11f64c1487b3f31b48c80020f31f0ce38b8
32 291 0 1000 51 1 :7534d8ea2bbff13389a012a2011c3c4d43f12857d7259631322c72ff5adbbdd1bc8466ebebafaaa7551310d3a50b3d16682f3e2de397850305ece030315bff60d6a8052b5a4c9465b7d064e829ad1f50d5254c119d66c496c9528d663910b4674fb389cc44c518234349289fca9d298b5599579b3a34ece5fbc71d4468b30dd7c5f2af05c57ac24c3f7702f2bc1689dcfa7d068c4e0b6d48d25421055182f9e838df00426ea390c28bd491a7dc83fa7541c87244db6aa763295e6a437ce693abfc1e69e7a744783c851ef4e17f47033201da0955028559a29fa5d2a11d09c88eca74589c9a2bb434a4d02284612d63ef1de5d045d0e8f54b893e997768a5b89728528fd9347f96bac28566bf7c6cb31ca11f64c1487b3f31b48c80020f31f0ce38b873
32 292 0 1000 51 1 :7534d8ea2bbff13389a012a2011c3c4d43f12857d7259631322c72ff5adbbdd1bc8466ebebafaaa7551310d3a50b3d16682f3e2de397850305ece030315bff60d6a8052b5a4c9465b7d064e829ad1f50d5254c119d66c496c9528d663910b4674fb389cc44c518234349289fca9d298b5599579b3a34ece5fbc71d4468b30dd7c5f2af05c57ac24c3f7702f2bc1689dcfa7d068c4e0b6d48d25421055182f9e838df00426ea390c28bd491a7dc83fa7541c87244db6aa763295e6a437ce693abfc1e69e7a744783c851ef4e17f47033201da0955028559a29fa5d2a11d09c88eca74589c9a2bb434a4d02284612d63ef1de5d045d0e8f54b893e997768a5b89728528fd9347f96bac28566bf7c6cb31ca11f64c1487b3f31b48c80020f31f0ce38b873b6
32 293 0 1000 51 1 :7534d8ea2bbff13389a012a2011c3c4d43f12857d7259631322c72ff5adbbdd1bc8466ebebafaaa7551310d3a50b3d16682f3e2de397850305ece030315bff60d6a8052b5a4c9465b7d064e829ad1f50d5254c119d66c496c9528d663910b4674fb389cc44c518234349289fca9d298b5599579b3a34ece5fbc71d4468b30dd7c5f2af05c57ac24c3f7702f2bc1689dcfa7d068c4e0b6d48d25421055182f9e838df00426ea390c28bd491a7dc83fa7541c87244db6aa763295e6a437ce693abfc1e69e7a744783c851ef4e17f47033201da0955028559a29fa5d2a11d09c88eca74589c9a2bb434a4d02284612d63ef1de5d045d0e8f54b893e997768a5b89728528fd9347f96bac28566bf7c6cb31ca11f64c1487b3f31b48c80020f31f0ce38b873b6e7
32 294 0 1000 51 1 :7534d8ea2bbff13389a012a2011c3c4d43f12857d7259631322c72ff5adbbdd1bc8466ebebafaaa7551310d3a50b3d16682f3e2de397850305ece030315bff60d6a8052b5a4c9465b7d064e829ad1f50d5254c119d66c496c9528d663910b4674fb389cc44c518234349289fca9d298b5599579b3a34ece5fbc71d4468b30dd7c5f2af05c57ac24c3f7702f2bc1689dcfa7d068c4e0b6d48d25421055182f9e838df00426ea390c28bd491a7dc83fa7541c87244db6aa763295e6a437ce693abfc1e69e7a744783c851ef4e17f47033201da0955028559a29fa5d2a11d09c88eca74589c9a2bb434a4d02284612d63ef1de5d045d0e8f54b893e997768a5b89728528fd9347f96bac28566bf7c6cb31ca11f64c1487b3f31b48c80020f31f0ce38b873b6e7ad
32 295 0 1000 51 1 :7534d8ea2bbff13389a012a2011c3c4d43f12857d7259631322c72ff5adbbdd1bc8466ebebafaaa7551310d3a50b3d16682f3e2de397850305ece030315bff60d6a8052b5a4c9465b7d064e829ad1f50d5254c119d66c496c9528d663910b4674fb389cc44c518234349289fca9d298b5599579b3a34ece5fbc71d4468b30dd7c5f2af05c57ac24c3f7702f2bc1689dcfa7d068c4e0b6d48d25421055182f9e838df00426ea390c28bd491a7dc83fa7541c87244db6aa763295e6a437ce693abfc1e69e7a744783c851ef4e17f47033201da0955028559a29fa5d2a11d09c88eca74589c9a2bb434a4d02284612d63ef1de5d045d0e8f54b893e997768a5b89728528fd9347f96bac28566bf7c6cb31ca11f64c1487b3f31b48c80020f31f0ce38b873b6e7ad81
32 296 0 1000 51 1 :7534d8ea2bbff13389a012a2011c3c4d43f12857d7259631322c72ff5adbbdd1bc8466ebebafaaa7551310d3a50b3d16682f3e2de397850305ece030315bff60d6a8052b5a4c9465b7d064e829ad1f50d5254c119d66c496c9528d663910b4674fb389cc44c518234349289fca9d298b5599579b3a34ece5fbc71d4468b30dd7c5f2af05c57ac24c3f7702f2bc1689dcfa7d068c4e0b6d48d25421055182f9e838df00426ea390c28bd491a7dc83fa7541c87244db6aa763295e6a437ce693abfc1e69e7a744783c851ef4e17f47033201da0955028559a29fa5d2a11d09c88eca74589c9a2bb434a4d02284612d63ef1de5d045d0e8f54b893e997768a5b89728528fd9347f96bac28566bf7c6cb31ca11f64c1487b3f31b48c80020f31f0ce38b873b6e7ad81cd
32 297 0 1000 51 1 :7534d8ea2bbff13389a012a2011c3c4d43f12857d7259631322c72ff5adbbdd1bc8466ebebafaaa7551310d3a50b3d16682f3e2de397850305ece030315bff60d6a8052b5a4c9465b7d064e829ad1f50d5254c119d66c496c9528d663910b4674fb389cc44c518234349289fca9d298b5599579b3a34ece5fbc71d4468b30dd7c5f2af05c57ac24c3f7702f2bc1689dcfa7d068c4e0b6d48d25421055182f9e838df00426ea390c28bd491a7dc83fa7541c87244db6aa763295e6a437ce693abfc1e69e7a744783c851ef4e17f47033201da0955028559a29fa5d2a11d09c88eca74589c9a2bb434a4d02284612d63ef1de5d045d0e8f54b893e997768a5b89728528fd9347f96bac28566bf7c6cb31ca11f64c1487b3f31b48c80020f31f0ce38b873b6e7ad81cdd3
32 298 0 1000 51 1 :7534d8ea2bbff13389a012a2011c3c4d43f12857d7259631322c72ff5adbbdd1bc8466ebebafaaa7551310d3a50b3d16682f3e2de397850305ece030315bff60d6a8052b5a4c9465b7d064e829ad1f50d5254c119d66c496c9528d663910b4674fb389cc44c518234349289fca9d298b5599579b3a34ece5fbc71d4468b30dd7c5f2af05c57ac24c3f7702f2bc1689dcfa7d068c4e0b6d48d25421055182f9e838df00426ea390c28bd491a7dc83fa7541c87244db6aa763295e6a437ce693abfc1e69e7a744783c851ef4e17f47033201da0955028559a29fa5d2a11d09c88eca74589c9a2bb434a4d02284612d63ef1de5d045d0e8f54b893e997768a5b89728528fd9347f96bac28566bf7c6cb31ca11f64c1487b3f31b48c80020f31f0ce38b873b6e7ad81cdd37f
32 299 0 1000 51 1 :7534d8ea2bbff13389a012a2011c3c4d43f12857d7259631322c72ff5adbbdd1bc8466ebebafaaa7551310d3a50b3d16682f3e2de397850305ece030315bff60d6a8052b5a4c9465b7d064e829ad1f50d5254c119d66c496c9528d663910b4674fb389cc44c518234349289fca9d298b5599579b3a34ece5fbc71d4468b30dd7c5f2af05c57ac24c3f7702f2bc1689dcfa7d068c4e0b6d48d25421055182f9e838df00426ea390c28bd491a7dc83fa7541c87244db6aa763295e6a437ce693abfc1e69e7a744783c851ef4e17f47033201da0955028559a29fa5d2a11d09c88eca74589c9a2bb434a4d02284612d63ef1de5d045d0e8f54b893e997768a5b89728528fd9347f96bac28566bf7c6cb31ca11f64c1487b3f31b48c80020f31f0ce38b873b6e7ad81cdd37f7c
32 300 0 1000 51 1 :7534d8ea2bbff13389a012a2011c3c4d43f12857d7259631322c72ff5adbbdd1bc8466ebebafaaa7551310d3a50b3d16682f3e2de397850305ece030315bff60d6a8052b5a4c9465b7d064e829ad1f50d5254c119d66c496c9528d663910b4674fb389cc44c518234349289fca9d298b5599579b3a34ece5fbc71d4468b30dd7c5f2af05c57ac24c3f7702f2bc1689dcfa7d068c4e0b6d48d25421055182f9e838df00426ea390c28bd491a7dc83fa7541c87244db6aa763295e6a437ce693abfc1e69e7a744783c851ef4e17f47033201da0955028559a29fa5d2a11d09c88eca74589c9a2bb434a4d02284612d63ef1de5d045d0e8f54b893e997768a5b89728528fd9347f96bac28566bf7c6cb31ca11f64c1487b3f31b48c80020f31f0ce38b873b6e7ad81cdd37f7c36
