32 1 30001 30001 57 395 :ac
32 2 30001 30001 57 482 :acfe
32 3 30001 30001 57 430 :acfe34
32 4 30001 30001 57 387 :acfe34d4
32 5 30001 30001 57 430 :acfe34d435
32 6 30001 30001 57 480 :acfe34d43543
32 7 30001 30001 57 430 :acfe34d4354320
32 8 30001 30001 57 411 :acfe34d43543203a
32 9 30001 30001 57 423 :acfe34d43543203a3e
32 10 30001 30001 57 414 :acfe34d43543203a3e5d
32 11 30001 30001 57 395 :acfe34d43543203a3e5d6e
32 12 30001 30001 57 444 :acfe34d43543203a3e5d6edb
32 13 30001 30001 57 411 :acfe34d43543203a3e5d6edb2c
32 14 30001 30001 57 444 :acfe34d43543203a3e5d6edb2c17
32 15 30001 30001 57 482 :acfe34d43543203a3e5d6edb2c173a
32 16 30001 30001 57 406 :acfe34d43543203a3e5d6edb2c173a94
32 17 30001 30001 57 411 :acfe34d43543203a3e5d6edb2c173a9405
32 18 30001 30001 57 410 :acfe34d43543203a3e5d6edb2c173a94051e
32 19 30001 30001 57 482 :acfe34d43543203a3e5d6edb2c173a94051eab
32 20 30001 30001 57 463 :acfe34d43543203a3e5d6edb2c173a94051eabce
32 21 30001 30001 57 406 :acfe34d43543203a3e5d6edb2c173a94051eabcefc
32 22 30001 30001 57 443 :acfe34d43543203a3e5d6edb2c173a94051eabcefc3e
32 23 30001 30001 57 395 :acfe34d43543203a3e5d6edb2c173a94051eabcefc3ea7
32 24 30001 30001 57 464 :acfe34d43543203a3e5d6edb2c173a94051eabcefc3ea7e9
32 25 30001 30001 57 482 :acfe34d43543203a3e5d6edb2c173a94051eabcefc3ea7e9df
32 26 30001 30001 57 479 :acfe34d43543203a3e5d6edb2c173a94051eabcefc3ea7e9df4d
32 27 30001 30001 57 412 :acfe34d43543203a3e5d6edb2c173a94051eabcefc3ea7e9df4dc3
32 28 30001 30001 57 459 :acfe34d43543203a3e5d6edb2c173a94051eabcefc3ea7e9df4dc31d
32 29 30001 30001 57 458 :acfe34d43543203a3e5d6edb2c173a94051eabcefc3ea7e9df4dc31d96
32 30 30001 30001 57 458 :acfe34d43543203a3e5d6edb2c173a94051eabcefc3ea7e9df4dc31d9633
32 31 30001 30001 57 444 :acfe34d43543203a3e5d6edb2c173a94051eabcefc3ea7e9df4dc31d9633ad
32 32 30001 30001 57 412 :acfe34d43543203a3e5d6edb2c173a94051eabcefc3ea7e9df4dc31d9633adfe
32 33 30001 30001 57 430 :acfe34d43543203a3e5d6edb2c173a94051eabcefc3ea7e9df4dc31d9633adfec3
32 34 30001 30001 57 482 :acfe34d43543203a3e5d6edb2c173a94051eabcefc3ea7e9df4dc31d9633adfec3ba
32 35 30001 30001 57 395 :acfe34d43543203a3e5d6edb2c173a94051eabcefc3ea7e9df4dc31d9633adfec3ba5d
32 36 30001 30001 57 463 :acfe34d43543203a3e5d6edb2c173a94051eabcefc3ea7e9df4dc31d9633adfec3ba5dd3
32 37 30001 30001 57 464 :acfe34d43543203a3e5d6edb2c173a94051eabcefc3ea7e9df4dc31d9633adfec3ba5dd37c
32 38 30001 30001 57 426 :acfe34d43543203a3e5d6edb2c173a94051eabcefc3ea7e9df4dc31d9633adfec3ba5dd37cd4
32 39 30001 30001 57 444 :acfe34d43543203a3e5d6edb2c173a94051eabcefc3ea7e9df4dc31d9633adfec3ba5dd37cd45e
32 40 30001 30001 57 424 :acfe34d43543203a3e5d6edb2c173a94051eabcefc3ea7e9df4dc31d9633adfec3ba5dd37cd45e59
32 41 30001 30001 57 423 :acfe34d43543203a3e5d6edb2c173a94051eabcefc3ea7e9df4dc31d9633adfec3ba5dd37cd45e59e6
32 42 30001 30001 57 424 :acfe34d43543203a3e5d6edb2c173a94051eabcefc3ea7e9df4dc31d9633adfec3ba5dd37cd45e59e675
32 43 30001 30001 57 463 :acfe34d43543203a3e5d6edb2c173a94051eabcefc3ea7e9df4dc31d9633adfec3ba5dd37cd45e59e675bb
32 44 30001 30001 57 444 :acfe34d43543203a3e5d6edb2c173a94051eabcefc3ea7e9df4dc31d9633adfec3ba5dd37cd45e59e675bb9e
32 45 30001 30001 57 464 :acfe34d43543203a3e5d6edb2c173a94051eabcefc3ea7e9df4dc31d9633adfec3ba5dd37cd45e59e675bb9eb1
32 46 30001 30001 57 427 :acfe34d43543203a3e5d6edb2c173a94051eabcefc3ea7e9df4dc31d9633adfec3ba5dd37cd45e59e675bb9eb123
32 47 30001 30001 57 411 :acfe34d43543203a3e5d6edb2c173a94051eabcefc3ea7e9df4dc31d9633adfec3ba5dd37cd45e59e675bb9eb12327
32 48 30001 30001 57 459 :acfe34d43543203a3e5d6edb2c173a94051eabcefc3ea7e9df4dc31d9633adfec3ba5dd37cd45e59e675bb9eb123273a
32 49 30001 30001 57 443 :acfe34d43543203a3e5d6edb2c173a94051eabcefc3ea7e9df4dc31d9633adfec3ba5dd37cd45e59e675bb9eb123273a6d
32 50 30001 30001 57 396 :acfe34d43543203a3e5d6edb2c173a94051eabcefc3ea7e9df4dc31d9633adfec3ba5dd37cd45e59e675bb9eb123273a6d91
32 51 30001 30001 57 483 :acfe34d43543203a3e5d6edb2c173a94051eabcefc3ea7e9df4dc31d9633adfec3ba5dd37cd45e59e675bb9eb123273a6d9112
32 52 30001 30001 57 411 :acfe34d43543203a3e5d6edb2c173a94051eabcefc3ea7e9df4dc31d9633adfec3ba5dd37cd45e59e675bb9eb123273a6d911252
32 53 30001 30001 57 424 :acfe34d43543203a3e5d6edb2c173a94051eabcefc3ea7e9df4dc31d9633adfec3ba5dd37cd45e59e675bb9eb123273a6d911252fd
32 54 30001 30001 57 426 :acfe34d43543203a3e5d6edb2c173a94051eabcefc3ea7e9df4dc31d9633adfec3ba5dd37cd45e59e675bb9eb123273a6d911252fd78
32 55 30001 30001 57 430 :acfe34d43543203a3e5d6edb2c173a94051eabcefc3ea7e9df4dc31d9633adfec3ba5dd37cd45e59e675bb9eb123273a6d911252fd782c
32 56 30001 30001 57 427 :acfe34d43543203a3e5d6edb2c173a94051eabcefc3ea7e9df4dc31d9633adfec3ba5dd37cd45e59e675bb9eb123273a6d911252fd782cae
32 57 30001 30001 57 407 :acfe34d43543203a3e5d6edb2c173a94051eabcefc3ea7e9df4dc31d9633adfec3ba5dd37cd45e59e675bb9eb123273a6d911252fd782cae49
32 58 30001 30001 57 480 :acfe34d43543203a3e5d6edb2c173a94051eabcefc3ea7e9df4dc31d9633adfec3ba5dd37cd45e59e675bb9eb123273a6d911252fd782cae49d4
32 59 30001 30001 57 423 :acfe34d43543203a3e5d6edb2c173a94051eabcefc3ea7e9df4dc31d9633adfec3ba5dd37cd45e59e675bb9eb123273a6d911252fd782cae49d40d
32 60 30001 30001 57 482 :acfe34d43543203a3e5d6edb2c173a94051eabcefc3ea7e9df4dc31d9633adfec3ba5dd37cd45e59e675bb9eb123273a6d911252fd782cae49d40dc6
32 61 30001 30001 57 480 :acfe34d43543203a3e5d6edb2c173a94051eabcefc3ea7e9df4dc31d9633adfec3ba5dd37cd45e59e675bb9eb123273a6d911252fd782cae49d40dc6a8
32 62 30001 30001 57 412 :acfe34d43543203a3e5d6edb2c173a94051eabcefc3ea7e9df4dc31d9633adfec3ba5dd37cd45e59e675bb9eb123273a6d911252fd782cae49d40dc6a8fd
32 63 30001 30001 57 430 :acfe34d43543203a3e5d6edb2c173a94051eabcefc3ea7e9df4dc31d9633adfec3ba5dd37cd45e59e675bb9eb123273a6d911252fd782cae49d40dc6a8fd9d
32 64 30001 30001 57 414 :acfe34d43543203a3e5d6edb2c173a94051eabcefc3ea7e9df4dc31d9633adfec3ba5dd37cd45e59e675bb9eb123273a6d911252fd782cae49d40dc6a8fd9d63
32 65 30001 30001 57 480 :acfe34d43543203a3e5d6edb2c173a94051eabcefc3ea7e9df4dc31d9633adfec3ba5dd37cd45e59e675bb9eb123273a6d911252fd782cae49d40dc6a8fd9d6393
32 66 30001 30001 57 480 :acfe34d43543203a3e5d6edb2c173a94051eabcefc3ea7e9df4dc31d9633adfec3ba5dd37cd45e59e675bb9eb123273a6d911252fd782cae49d40dc6a8fd9d6393dd
32 67 30001 30001 57 406 :acfe34d43543203a3e5d6edb2c173a94051eabcefc3ea7e9df4dc31d9633adfec3ba5dd37cd45e59e675bb9eb123273a6d911252fd782cae49d40dc6a8fd9d6393ddf2
32 68 30001 30001 57 395 :acfe34d43543203a3e5d6edb2c173a94051eabcefc3ea7e9df4dc31d9633adfec3ba5dd37cd45e59e675bb9eb123273a6d911252fd782cae49d40dc6a8fd9d6393ddf204
32 69 30001 30001 57 459 :acfe34d43543203a3e5d6edb2c173a94051eabcefc3ea7e9df4dc31d9633adfec3ba5dd37cd45e59e675bb9eb123273a6d911252fd782cae49d40dc6a8fd9d6393ddf204d3
32 70 30001 30001 57 424 :acfe34d43543203a3e5d6edb2c173a94051eabcefc3ea7e9df4dc31d9633adfec3ba5dd37cd45e59e675bb9eb123273a6d911252fd782cae49d40dc6a8fd9d6393ddf204d3af
32 71 30001 30001 57 396 :acfe34d43543203a3e5d6edb2c173a94051eabcefc3ea7e9df4dc31d9633adfec3ba5dd37cd45e59e675bb9eb123273a6d911252fd782cae49d40dc6a8fd9d6393ddf204d3aff4
32 72 30001 30001 57 407 :acfe34d43543203a3e5d6edb2c173a94051eabcefc3ea7e9df4dc31d9633adfec3ba5dd37cd45e59e675bb9eb123273a6d911252fd782cae49d40dc6a8fd9d6393ddf204d3aff4e6
32 73 30001 30001 57 463 :acfe34d43543203a3e5d6edb2c173a94051eabcefc3ea7e9df4dc31d9633adfec3ba5dd37cd45e59e675bb9eb123273a6d911252fd782cae49d40dc6a8fd9d6393ddf204d3aff4e683
32 74 30001 30001 85 410 :acfe34d43543203a3e5d6edb2c173a94051eabcefc3ea7e9df4dc31d9633adfec3ba5dd37cd45e59e675bb9eb123273a6d911252fd782cae49d40dc6a8fd9d6393ddf204d3aff4e683e0
32 75 30001 30001 57 479 :acfe34d43543203a3e5d6edb2c173a94051eabcefc3ea7e9df4dc31d9633adfec3ba5dd37cd45e59e675bb9eb123273a6d911252fd782cae49d40dc6a8fd9d6393ddf204d3aff4e683e073
32 76 30001 30001 57 463 :acfe34d43543203a3e5d6edb2c173a94051eabcefc3ea7e9df4dc31d9633adfec3ba5dd37cd45e59e675bb9eb123273a6d911252fd782cae49d40dc6a8fd9d6393ddf204d3aff4e683e0733e
32 77 30001 30001 57 434 :acfe34d43543203a3e5d6edb2c173a94051eabcefc3ea7e9df4dc31d9633adfec3ba5dd37cd45e59e675bb9eb123273a6d911252fd782cae49d40dc6a8fd9d6393ddf204d3aff4e683e0733ef9
32 78 30001 30001 57 412 :acfe34d43543203a3e5d6edb2c173a94051eabcefc3ea7e9df4dc31d9633adfec3ba5dd37cd45e59e675bb9eb123273a6d911252fd782cae49d40dc6a8fd9d6393ddf204d3aff4e683e0733ef96a
32 79 30001 30001 57 426 :acfe34d43543203a3e5d6edb2c173a94051eabcefc3ea7e9df4dc31d9633adfec3ba5dd37cd45e59e675bb9eb123273a6d911252fd782cae49d40dc6a8fd9d6393ddf204d3aff4e683e0733ef96a96
32 80 30001 30001 57 480 :acfe34d43543203a3e5d6edb2c173a94051eabcefc3ea7e9df4dc31d9633adfec3ba5dd37cd45e59e675bb9eb123273a6d911252fd782cae49d40dc6a8fd9d6393ddf204d3aff4e683e0733ef96a96c3
32 81 30001 30001 57 434 :acfe34d43543203a3e5d6edb2c173a94051eabcefc3ea7e9df4dc31d9633adfec3ba5dd37cd45e59e675bb9eb123273a6d911252fd782cae49d40dc6a8fd9d6393ddf204d3aff4e683e0733ef96a96c387
32 82 30001 30001 57 426 :acfe34d43543203a3e5d6edb2c173a94051eabcefc3ea7e9df4dc31d9633adfec3ba5dd37cd45e59e675bb9eb123273a6d911252fd782cae49d40dc6a8fd9d6393ddf204d3aff4e683e0733ef96a96c3876f
32 83 30001 30001 57 407 :acfe34d43543203a3e5d6edb2c173a94051eabcefc3ea7e9df4dc31d9633adfec3ba5dd37cd45e59e675bb9eb123273a6d911252fd782cae49d40dc6a8fd9d6393ddf204d3aff4e683e0733ef96a96c3876fb7
32 84 30001 30001 57 443 :acfe34d43543203a3e5d6edb2c173a94051eabcefc3ea7e9df4dc31d9633adfec3ba5dd37cd45e59e675bb9eb123273a6d911252fd782cae49d40dc6a8fd9d6393ddf204d3aff4e683e0733ef96a96c3876fb7e1
32 85 30001 30001 57 396 :acfe34d43543203a3e5d6edb2c173a94051eabcefc3ea7e9df4dc31d9633adfec3ba5dd37cd45e59e675bb9eb123273a6d911252fd782cae49d40dc6a8fd9d6393ddf204d3aff4e683e0733ef96a96c3876fb7e102
32 86 30001 30001 57 480 :acfe34d43543203a3e5d6edb2c173a94051eabcefc3ea7e9df4dc31d9633adfec3ba5dd37cd45e59e675bb9eb123273a6d911252fd782cae49d40dc6a8fd9d6393ddf204d3aff4e683e0733ef96a96c3876fb7e1024c
32 87 30001 30001 57 395 :acfe34d43543203a3e5d6edb2c173a94051eabcefc3ea7e9df4dc31d9633adfec3ba5dd37cd45e59e675bb9eb123273a6d911252fd782cae49d40dc6a8fd9d6393ddf204d3aff4e683e0733ef96a96c3876fb7e1024c86
32 88 30001 30001 57 407 :acfe34d43543203a3e5d6edb2c173a94051eabcefc3ea7e9df4dc31d9633adfec3ba5dd37cd45e59e675bb9eb123273a6d911252fd782cae49d40dc6a8fd9d6393ddf204d3aff4e683e0733ef96a96c3876fb7e1024c862b
32 89 30001 30001 85 427 :acfe34d43543203a3e5d6edb2c173a94051eabcefc3ea7e9df4dc31d9633adfec3ba5dd37cd45e59e675bb9eb123273a6d911252fd782cae49d40dc6a8fd9d6393ddf204d3aff4e683e0733ef96a96c3876fb7e1024c862bff
32 90 30001 30001 85 444 :acfe34d43543203a3e5d6edb2c173a94051eabcefc3ea7e9df4dc31d9633adfec3ba5dd37cd45e59e675bb9eb123273a6d911252fd782cae49d40dc6a8fd9d6393ddf204d3aff4e683e0733ef96a96c3876fb7e1024c862bfffb
32 91 30001 30001 57 468 :acfe34d43543203a3e5d6edb2c173a94051eabcefc3ea7e9df4dc31d9633adfec3ba5dd37cd45e59e675bb9eb123273a6d911252fd782cae49d40dc6a8fd9d6393ddf204d3aff4e683e0733ef96a96c3876fb7e1024c862bfffb8a
32 92 30001 30001 57 431 :acfe34d43543203a3e5d6edb2c173a94051eabcefc3ea7e9df4dc31d9633adfec3ba5dd37cd45e59e675bb9eb123273a6d911252fd782cae49d40dc6a8fd9d6393ddf204d3aff4e683e0733ef96a96c3876fb7e1024c862bfffb8a12
32 93 30001 30001 57 479 :acfe34d43543203a3e5d6edb2c173a94051eabcefc3ea7e9df4dc31d9633adfec3ba5dd37cd45e59e675bb9eb123273a6d911252fd782cae49d40dc6a8fd9d6393ddf204d3aff4e683e0733ef96a96c3876fb7e1024c862bfffb8a1235
32 94 30001 30001 57 406 :acfe34d43543203a3e5d6edb2c173a94051eabcefc3ea7e9df4dc31d9633adfec3ba5dd37cd45e59e675bb9eb123273a6d911252fd782cae49d40dc6a8fd9d6393ddf204d3aff4e683e0733ef96a96c3876fb7e1024c862bfffb8a12355c
32 95 30001 30001 57 406 :acfe34d43543203a3e5d6edb2c173a94051eabcefc3ea7e9df4dc31d9633adfec3ba5dd37cd45e59e675bb9eb123273a6d911252fd782cae49d40dc6a8fd9d6393ddf204d3aff4e683e0733ef96a96c3876fb7e1024c862bfffb8a12355c82
32 96 30001 30001 57 480 :acfe34d43543203a3e5d6edb2c173a94051eabcefc3ea7e9df4dc31d9633adfec3ba5dd37cd45e59e675bb9eb123273a6d911252fd782cae49d40dc6a8fd9d6393ddf204d3aff4e683e0733ef96a96c3876fb7e1024c862bfffb8a12355c822f
32 97 30001 30001 57 431 :acfe34d43543203a3e5d6edb2c173a94051eabcefc3ea7e9df4dc31d9633adfec3ba5dd37cd45e59e675bb9eb123273a6d911252fd782cae49d40dc6a8fd9d6393ddf204d3aff4e683e0733ef96a96c3876fb7e1024c862bfffb8a12355c822f84
32 98 30001 30001 57 464 :acfe34d43543203a3e5d6edb2c173a94051eabcefc3ea7e9df4dc31d9633adfec3ba5dd37cd45e59e675bb9eb123273a6d911252fd782cae49d40dc6a8fd9d6393ddf204d3aff4e683e0733ef96a96c3876fb7e1024c862bfffb8a12355c822f8489
32 99 30001 30001 57 414 :acfe34d43543203a3e5d6edb2c173a94051eabcefc3ea7e9df4dc31d9633adfec3ba5dd37cd45e59e675bb9eb123273a6d911252fd782cae49d40dc6a8fd9d6393ddf204d3aff4e683e0733ef96a96c3876fb7e1024c862bfffb8a12355c822f848942
32 100 30001 30001 57 427 :acfe34d43543203a3e5d6edb2c173a94051eabcefc3ea7e9df4dc31d9633adfec3ba5dd37cd45e59e675bb9eb123273a6d911252fd782cae49d40dc6a8fd9d6393ddf204d3aff4e683e0733ef96a96c3876fb7e1024c862bfffb8a12355c822f848942c5
32 101 30001 30001 57 406 :acfe34d43543203a3e5d6edb2c173a94051eabcefc3ea7e9df4dc31d9633adfec3ba5dd37cd45e59e675bb9eb123273a6d911252fd782cae49d40dc6a8fd9d6393ddf204d3aff4e683e0733ef96a96c3876fb7e1024c862bfffb8a12355c822f848942c552
32 102 30001 30001 57 458 :acfe34d43543203a3e5d6edb2c173a94051eabcefc3ea7e9df4dc31d9633adfec3ba5dd37cd45e59e675bb9eb123273a6d911252fd782cae49d40dc6a8fd9d6393ddf204d3aff4e683e0733ef96a96c3876fb7e1024c862bfffb8a12355c822f848942c55252
32 103 30001 30001 57 463 :acfe34d43543203a3e5d6edb2c173a94051eabcefc3ea7e9df4dc31d9633adfec3ba5dd37cd45e59e675bb9eb123273a6d911252fd782cae49d40dc6a8fd9d6393ddf204d3aff4e683e0733ef96a96c3876fb7e1024c862bfffb8a12355c822f848942c552528e
32 104 30001 30001 57 423 :acfe34d43543203a3e5d6edb2c173a94051eabcefc3ea7e9df4dc31d9633adfec3ba5dd37cd45e59e675bb9eb123273a6d911252fd782cae49d40dc6a8fd9d6393ddf204d3aff4e683e0733ef96a96c3876fb7e1024c862bfffb8a12355c822f848942c552528e86
32 105 30001 30001 57 430 :acfe34d43543203a3e5d6edb2c173a94051eabcefc3ea7e9df4dc31d9633adfec3ba5dd37cd45e59e675bb9eb123273a6d911252fd782cae49d40dc6a8fd9d6393ddf204d3aff4e683e0733ef96a96c3876fb7e1024c862bfffb8a12355c822f848942c552528e863a
32 106 30001 30001 57 426 :acfe34d43543203a3e5d6edb2c173a94051eabcefc3ea7e9df4dc31d9633adfec3ba5dd37cd45e59e675bb9eb123273a6d911252fd782cae49d40dc6a8fd9d6393ddf204d3aff4e683e0733ef96a96c3876fb7e1024c862bfffb8a12355c822f848942c552528e863af8
32 107 30001 30001 57 395 :acfe34d43543203a3e5d6edb2c173a94051eabcefc3ea7e9df4dc31d9633adfec3ba5dd37cd45e59e675bb9eb123273a6d911252fd782cae49d40dc6a8fd9d6393ddf204d3aff4e683e0733ef96a96c3876fb7e1024c862bfffb8a12355c822f848942c552528e863af819
32 108 30001 30001 57 407 :acfe34d43543203a3e5d6edb2c173a94051eabcefc3ea7e9df4dc31d9633adfec3ba5dd37cd45e59e675bb9eb123273a6d911252fd782cae49d40dc6a8fd9d6393ddf204d3aff4e683e0733ef96a96c3876fb7e1024c862bfffb8a12355c822f848942c552528e863af81977
32 109 30001 30001 57 395 :acfe34d43543203a3e5d6edb2c173a94051eabcefc3ea7e9df4dc31d9633adfec3ba5dd37cd45e59e675bb9eb123273a6d911252fd782cae49d40dc6a8fd9d6393ddf204d3aff4e683e0733ef96a96c3876fb7e1024c862bfffb8a12355c822f848942c552528e863af81977f1
32 110 30001 30001 57 480 :acfe34d43543203a3e5d6edb2c173a94051eabcefc3ea7e9df4dc31d9633adfec3ba5dd37cd45e59e675bb9eb123273a6d911252fd782cae49d40dc6a8fd9d6393ddf204d3aff4e683e0733ef96a96c3876fb7e1024c862bfffb8a12355c822f848942c552528e863af81977f142
32 111 30001 30001 57 483 :acfe34d43543203a3e5d6edb2c173a94051eabcefc3ea7e9df4dc31d9633adfec3ba5dd37cd45e59e675bb9eb123273a6d911252fd782cae49d40dc6a8fd9d6393ddf204d3aff4e683e0733ef96a96c3876fb7e1024c862bfffb8a12355c822f848942c552528e863af81977f142a9
32 112 30001 30001 57 411 :acfe34d43543203a3e5d6edb2c173a94051eabcefc3ea7e9df4dc31d9633adfec3ba5dd37cd45e59e675bb9eb123273a6d911252fd782cae49d40dc6a8fd9d6393ddf204d3aff4e683e0733ef96a96c3876fb7e1024c862bfffb8a12355c822f848942c552528e863af81977f142a9db
32 113 30001 30001 57 426 :acfe34d43543203a3e5d6edb2c173a94051eabcefc3ea7e9df4dc31d9633adfec3ba5dd37cd45e59e675bb9eb123273a6d911252fd782cae49d40dc6a8fd9d6393ddf204d3aff4e683e0733ef96a96c3876fb7e1024c862bfffb8a12355c822f848942c552528e863af81977f142a9db38
32 114 30001 30001 57 414 :acfe34d43543203a3e5d6edb2c173a94051eabcefc3ea7e9df4dc31d9633adfec3ba5dd37cd45e59e675bb9eb123273a6d911252fd782cae49d40dc6a8fd9d6393ddf204d3aff4e683e0733ef96a96c3876fb7e1024c862bfffb8a12355c822f848942c552528e863af81977f142a9db3879
32 115 30001 30001 57 424 :acfe34d43543203a3e5d6edb2c173a94051eabcefc3ea7e9df4dc31d9633adfec3ba5dd37cd45e59e675bb9eb123273a6d911252fd782cae49d40dc6a8fd9d6393ddf204d3aff4e683e0733ef96a96c3876fb7e1024c862bfffb8a12355c822f848942c552528e863af81977f142a9db38793f
32 116 30001 30001 57 411 :acfe34d43543203a3e5d6edb2c173a94051eabcefc3ea7e9df4dc31d9633adfec3ba5dd37cd45e59e675bb9eb123273a6d911252fd782cae49d40dc6a8fd9d6393ddf204d3aff4e683e0733ef96a96c3876fb7e1024c862bfffb8a12355c822f848942c552528e863af81977f142a9db38793f89
32 117 30001 30001 57 479 :acfe34d43543203a3e5d6edb2c173a94051eabcefc3ea7e9df4dc31d9633adfec3ba5dd37cd45e59e675bb9eb123273a6d911252fd782cae49d40dc6a8fd9d6393ddf204d3aff4e683e0733ef96a96c3876fb7e1024c862bfffb8a12355c822f848942c552528e863af81977f142a9db38793f8922
32 118 30001 30001 57 444 :acfe34d43543203a3e5d6edb2c173a94051eabcefc3ea7e9df4dc31d9633adfec3ba5dd37cd45e59e675bb9eb123273a6d911252fd782cae49d40dc6a8fd9d6393ddf204d3aff4e683e0733ef96a96c3876fb7e1024c862bfffb8a12355c822f848942c552528e863af81977f142a9db38793f89223e
32 119 30001 30001 57 443 :acfe34d43543203a3e5d6edb2c173a94051eabcefc3ea7e9df4dc31d9633adfec3ba5dd37cd45e59e675bb9eb123273a6d911252fd782cae49d40dc6a8fd9d6393ddf204d3aff4e683e0733ef96a96c3876fb7e1024c862bfffb8a12355c822f848942c552528e863af81977f142a9db38793f89223e1a
32 120 30001 30001 57 444 :acfe34d43543203a3e5d6edb2c173a94051eabcefc3ea7e9df4dc31d9633adfec3ba5dd37cd45e59e675bb9eb123273a6d911252fd782cae49d40dc6a8fd9d6393ddf204d3aff4e683e0733ef96a96c3876fb7e1024c862bfffb8a12355c822f848942c552528e863af81977f142a9db38793f89223e1a58
32 121 30001 30001 57 406 :acfe34d43543203a3e5d6edb2c173a94051eabcefc3ea7e9df4dc31d9633adfec3ba5dd37cd45e59e675bb9eb123273a6d911252fd782cae49d40dc6a8fd9d6393ddf204d3aff4e683e0733ef96a96c3876fb7e1024c862bfffb8a12355c822f848942c552528e863af81977f142a9db38793f89223e1a58ad
32 122 30001 30001 57 480 :acfe34d43543203a3e5d6edb2c173a94051eabcefc3ea7e9df4dc31d9633adfec3ba5dd37cd45e59e675bb9eb123273a6d911252fd782cae49d40dc6a8fd9d6393ddf204d3aff4e683e0733ef96a96c3876fb7e1024c862bfffb8a12355c822f848942c552528e863af81977f142a9db38793f89223e1a58ad93
32 123 30001 30001 57 482 :acfe34d43543203a3e5d6edb2c173a94051eabcefc3ea7e9df4dc31d9633adfec3ba5dd37cd45e59e675bb9eb123273a6d911252fd782cae49d40dc6a8fd9d6393ddf204d3aff4e683e0733ef96a96c3876fb7e1024c862bfffb8a12355c822f848942c552528e863af81977f142a9db38793f89223e1a58ad93a6
32 124 30001 30001 57 434 :acfe34d43543203a3e5d6edb2c173a94051eabcefc3ea7e9df4dc31d9633adfec3ba5dd37cd45e59e675bb9eb123273a6d911252fd782cae49d40dc6a8fd9d6393ddf204d3aff4e683e0733ef96a96c3876fb7e1024c862bfffb8a12355c822f848942c552528e863af81977f142a9db38793f89223e1a58ad93a6f4
32 125 30001 30001 57 480 :acfe34d43543203a3e5d6edb2c173a94051eabcefc3ea7e9df4dc31d9633adfec3ba5dd37cd45e59e675bb9eb123273a6d911252fd782cae49d40dc6a8fd9d6393ddf204d3aff4e683e0733ef96a96c3876fb7e1024c862bfffb8a12355c822f848942c552528e863af81977f142a9db38793f89223e1a58ad93a6f40b
32 126 30001 30001 57 479 :acfe34d43543203a3e5d6edb2c173a94051eabcefc3ea7e9df4dc31d9633adfec3ba5dd37cd45e59e675bb9eb123273a6d911252fd782cae49d40dc6a8fd9d6393ddf204d3aff4e683e0733ef96a96c3876fb7e1024c862bfffb8a12355c822f848942c552528e863af81977f142a9db38793f89223e1a58ad93a6f40b53
32 127 30001 30001 57 482 :acfe34d43543203a3e5d6edb2c173a94051eabcefc3ea7e9df4dc31d9633adfec3ba5dd37cd45e59e675bb9eb123273a6d911252fd782cae49d40dc6a8fd9d6393ddf204d3aff4e683e0733ef96a96c3876fb7e1024c862bfffb8a12355c822f848942c552528e863af81977f142a9db38793f89223e1a58ad93a6f40b53a9
32 128 30001 30001 57 479 :acfe34d43543203a3e5d6edb2c173a94051eabcefc3ea7e9df4dc31d9633adfec3ba5dd37cd45e59e675bb9eb123273a6d911252fd782cae49d40dc6a8fd9d6393ddf204d3aff4e683e0733ef96a96c3876fb7e1024c862bfffb8a12355c822f848942c552528e863af81977f142a9db38793f89223e1a58ad93a6f40b53a9d1
32 129 30001 30001 57 424 :acfe34d43543203a3e5d6edb2c173a94051eabcefc3ea7e9df4dc31d9633adfec3ba5dd37cd45e59e675bb9eb123273a6d911252fd782cae49d40dc6a8fd9d6393ddf204d3aff4e683e0733ef96a96c3876fb7e1024c862bfffb8a12355c822f848942c552528e863af81977f142a9db38793f89223e1a58ad93a6f40b53a9d123
32 130 30001 30001 57 479 :acfe34d43543203a3e5d6edb2c173a94051eabcefc3ea7e9df4dc31d9633adfec3ba5dd37cd45e59e675bb9eb123273a6d911252fd782cae49d40dc6a8fd9d6393ddf204d3aff4e683e0733ef96a96c3876fb7e1024c862bfffb8a12355c822f848942c552528e863af81977f142a9db38793f89223e1a58ad93a6f40b53a9d1238f
32 131 30001 30001 57 431 :acfe34d43543203a3e5d6edb2c173a94051eabcefc3ea7e9df4dc31d9633adfec3ba5dd37cd45e59e675bb9eb123273a6d911252fd782cae49d40dc6a8fd9d6393ddf204d3aff4e683e0733ef96a96c3876fb7e1024c862bfffb8a12355c822f848942c552528e863af81977f142a9db38793f89223e1a58ad93a6f40b53a9d1238f63
32 132 30001 30001 57 423 :acfe34d43543203a3e5d6edb2c173a94051eabcefc3ea7e9df4dc31d9633adfec3ba5dd37cd45e59e675bb9eb123273a6d911252fd782cae49d40dc6a8fd9d6393ddf204d3aff4e683e0733ef96a96c3876fb7e1024c862bfffb8a12355c822f848942c552528e863af81977f142a9db38793f89223e1a58ad93a6f40b53a9d1238f632b
32 133 30001 30001 57 443 :acfe34d43543203a3e5d6edb2c173a94051eabcefc3ea7e9df4dc31d9633adfec3ba5dd37cd45e59e675bb9eb123273a6d911252fd782cae49d40dc6a8fd9d6393ddf204d3aff4e683e0733ef96a96c3876fb7e1024c862bfffb8a12355c822f848942c552528e863af81977f142a9db38793f89223e1a58ad93a6f40b53a9d1238f632b02
32 134 30001 30001 57 431 :acfe34d43543203a3e5d6edb2c173a94051eabcefc3ea7e9df4dc31d9633adfec3ba5dd37cd45e59e675bb9eb123273a6d911252fd782cae49d40dc6a8fd9d6393ddf204d3aff4e683e0733ef96a96c3876fb7e1024c862bfffb8a12355c822f848942c552528e863af81977f142a9db38793f89223e1a58ad93a6f40b53a9d1238f632b02df
32 135 30001 30001 57 424 :acfe34d43543203a3e5d6edb2c173a94051eabcefc3ea7e9df4dc31d9633adfec3ba5dd37cd45e59e675bb9eb123273a6d911252fd782cae49d40dc6a8fd9d6393ddf204d3aff4e683e0733ef96a96c3876fb7e1024c862bfffb8a12355c822f848942c552528e863af81977f142a9db38793f89223e1a58ad93a6f40b53a9d1238f632b02dfda
32 136 30001 30001 57 424 :acfe34d43543203a3e5d6edb2c173a94051eabcefc3ea7e9df4dc31d9633adfec3ba5dd37cd45e59e675bb9eb123273a6d911252fd782cae49d40dc6a8fd9d6393ddf204d3aff4e683e0733ef96a96c3876fb7e1024c862bfffb8a12355c822f848942c552528e863af81977f142a9db38793f89223e1a58ad93a6f40b53a9d1238f632b02dfda3a
32 137 30001 30001 57 463 :acfe34d43543203a3e5d6edb2c173a94051eabcefc3ea7e9df4dc31d9633adfec3ba5dd37cd45e59e675bb9eb123273a6d911252fd782cae49d40dc6a8fd9d6393ddf204d3aff4e683e0733ef96a96c3876fb7e1024c862bfffb8a12355c822f848942c552528e863af81977f142a9db38793f89223e1a58ad93a6f40b53a9d1238f632b02dfda3a2d
32 138 30001 30001 57 443 :acfe34d43543203a3e5d6edb2c173a94051eabcefc3ea7e9df4dc31d9633adfec3ba5dd37cd45e59e675bb9eb123273a6d911252fd782cae49d40dc6a8fd9d6393ddf204d3aff4e683e0733ef96a96c3876fb7e1024c862bfffb8a12355c822f848942c552528e863af81977f142a9db38793f89223e1a58ad93a6f40b53a9d1238f632b02dfda3a2dd4
32 139 30001 30001 57 434 :acfe34d43543203a3e5d6edb2c173a94051eabcefc3ea7e9df4dc31d9633adfec3ba5dd37cd45e59e675bb9eb123273a6d911252fd782cae49d40dc6a8fd9d6393ddf204d3aff4e683e0733ef96a96c3876fb7e1024c862bfffb8a12355c822f848942c552528e863af81977f142a9db38793f89223e1a58ad93a6f40b53a9d1238f632b02dfda3a2dd4d9
32 140 30001 30001 57 423 :acfe34d43543203a3e5d6edb2c173a94051eabcefc3ea7e9df4dc31d9633adfec3ba5dd37cd45e59e675bb9eb123273a6d911252fd782cae49d40dc6a8fd9d6393ddf204d3aff4e683e0733ef96a96c3876fb7e1024c862bfffb8a12355c822f848942c552528e863af81977f142a9db38793f89223e1a58ad93a6f40b53a9d1238f632b02dfda3a2dd4d932
32 141 30001 30001 57 482 :acfe34d43543203a3e5d6edb2c173a94051eabcefc3ea7e9df4dc31d9633adfec3ba5dd37cd45e59e675bb9eb123273a6d911252fd782cae49d40dc6a8fd9d6393ddf204d3aff4e683e0733ef96a96c3876fb7e1024c862bfffb8a12355c822f848942c552528e863af81977f142a9db38793f89223e1a58ad93a6f40b53a9d1238f632b02dfda3a2dd4d932e7
32 142 30001 30001 57 463 :acfe34d43543203a3e5d6edb2c173a94051eabcefc3ea7e9df4dc31d9633adfec3ba5dd37cd45e59e675bb9eb123273a6d911252fd782cae49d40dc6a8fd9d6393ddf204d3aff4e683e0733ef96a96c3876fb7e1024c862bfffb8a12355c822f848942c552528e863af81977f142a9db38793f89223e1a58ad93a6f40b53a9d1238f632b02dfda3a2dd4d932e7c7
32 143 30001 30001 57 444 :acfe34d43543203a3e5d6edb2c173a94051eabcefc3ea7e9df4dc31d9633adfec3ba5dd37cd45e59e675bb9eb123273a6d911252fd782cae49d40dc6a8fd9d6393ddf204d3aff4e683e0733ef96a96c3876fb7e1024c862bfffb8a12355c822f848942c552528e863af81977f142a9db38793f89223e1a58ad93a6f40b53a9d1238f632b02dfda3a2dd4d932e7c7c8
32 144 30001 30001 57 424 :acfe34d43543203a3e5d6edb2c173a94051eabcefc3ea7e9df4dc31d9633adfec3ba5dd37cd45e59e675bb9eb123273a6d911252fd782cae49d40dc6a8fd9d6393ddf204d3aff4e683e0733ef96a96c3876fb7e1024c862bfffb8a12355c822f848942c552528e863af81977f142a9db38793f89223e1a58ad93a6f40b53a9d1238f632b02dfda3a2dd4d932e7c7c8aa
32 145 30001 30001 57 412 :acfe34d43543203a3e5d6edb2c173a94051eabcefc3ea7e9df4dc31d9633adfec3ba5dd37cd45e59e675bb9eb123273a6d911252fd782cae49d40dc6a8fd9d6393ddf204d3aff4e683e0733ef96a96c3876fb7e1024c862bfffb8a12355c822f848942c552528e863af81977f142a9db38793f89223e1a58ad93a6f40b53a9d1238f632b02dfda3a2dd4d932e7c7c8aa7c
32 146 30001 30001 57 427 :acfe34d43543203a3e5d6edb2c173a94051eabcefc3ea7e9df4dc31d9633adfec3ba5dd37cd45e59e675bb9eb123273a6d911252fd782cae49d40dc6a8fd9d6393ddf204d3aff4e683e0733ef96a96c3876fb7e1024c862bfffb8a12355c822f848942c552528e863af81977f142a9db38793f89223e1a58ad93a6f40b53a9d1238f632b02dfda3a2dd4d932e7c7c8aa7c93
32 147 30001 30001 57 431 :acfe34d43543203a3e5d6edb2c173a94051eabcefc3ea7e9df4dc31d9633adfec3ba5dd37cd45e59e675bb9eb123273a6d911252fd782cae49d40dc6a8fd9d6393ddf204d3aff4e683e0733ef96a96c3876fb7e1024c862bfffb8a12355c822f848942c552528e863af81977f142a9db38793f89223e1a58ad93a6f40b53a9d1238f632b02dfda3a2dd4d932e7c7c8aa7c935c
32 148 30001 30001 57 463 :acfe34d43543203a3e5d6edb2c173a94051eabcefc3ea7e9df4dc31d9633adfec3ba5dd37cd45e59e675bb9eb123273a6d911252fd782cae49d40dc6a8fd9d6393ddf204d3aff4e683e0733ef96a96c3876fb7e1024c862bfffb8a12355c822f848942c552528e863af81977f142a9db38793f89223e1a58ad93a6f40b53a9d1238f632b02dfda3a2dd4d932e7c7c8aa7c935cbf
32 149 30001 30001 57 464 :acfe34d43543203a3e5d6edb2c173a94051eabcefc3ea7e9df4dc31d9633adfec3ba5dd37cd45e59e675bb9eb123273a6d911252fd782cae49d40dc6a8fd9d6393ddf204d3aff4e683e0733ef96a96c3876fb7e1024c862bfffb8a12355c822f848942c552528e863af81977f142a9db38793f89223e1a58ad93a6f40b53a9d1238f632b02dfda3a2dd4d932e7c7c8aa7c935cbfd4
32 150 30001 30001 57 443 :acfe34d43543203a3e5d6edb2c173a94051eabcefc3ea7e9df4dc31d9633adfec3ba5dd37cd45e59e675bb9eb123273a6d911252fd782cae49d40dc6a8fd9d6393ddf204d3aff4e683e0733ef96a96c3876fb7e1024c862bfffb8a12355c822f848942c552528e863af81977f142a9db38793f89223e1a58ad93a6f40b53a9d1238f632b02dfda3a2dd4d932e7c7c8aa7c935cbfd40b
32 151 30001 30001 57 444 :acfe34d43543203a3e5d6edb2c173a94051eabcefc3ea7e9df4dc31d9633adfec3ba5dd37cd45e59e675bb9eb123273a6d911252fd782cae49d40dc6a8fd9d6393ddf204d3aff4e683e0733ef96a96c3876fb7e1024c862bfffb8a12355c822f848942c552528e863af81977f142a9db38793f89223e1a58ad93a6f40b53a9d1238f632b02dfda3a2dd4d932e7c7c8aa7c935cbfd40bfd
32 152 30001 30001 57 407 :acfe34d43543203a3e5d6edb2c173a94051eabcefc3ea7e9df4dc31d9633adfec3ba5dd37cd45e59e675bb9eb123273a6d911252fd782cae49d40dc6a8fd9d6393ddf204d3aff4e683e0733ef96a96c3876fb7e1024c862bfffb8a12355c822f848942c552528e863af81977f142a9db38793f89223e1a58ad93a6f40b53a9d1238f632b02dfda3a2dd4d932e7c7c8aa7c935cbfd40bfd69
32 153 30001 30001 57 443 :acfe34d43543203a3e5d6edb2c173a94051eabcefc3ea7e9df4dc31d9633adfec3ba5dd37cd45e59e675bb9eb123273a6d911252fd782cae49d40dc6a8fd9d6393ddf204d3aff4e683e0733ef96a96c3876fb7e1024c862bfffb8a12355c822f848942c552528e863af81977f142a9db38793f89223e1a58ad93a6f40b53a9d1238f632b02dfda3a2dd4d932e7c7c8aa7c935cbfd40bfd6976
32 154 30001 30001 57 419 :acfe34d43543203a3e5d6edb2c173a94051eabcefc3ea7e9df4dc31d9633adfec3ba5dd37cd45e59e675bb9eb123273a6d911252fd782cae49d40dc6a8fd9d6393ddf204d3aff4e683e0733ef96a96c3876fb7e1024c862bfffb8a12355c822f848942c552528e863af81977f142a9db38793f89223e1a58ad93a6f40b53a9d1238f632b02dfda3a2dd4d932e7c7c8aa7c935cbfd40bfd697653
32 155 30001 30001 57 443 :acfe34d43543203a3e5d6edb2c173a94051eabcefc3ea7e9df4dc31d9633adfec3ba5dd37cd45e59e675bb9eb123273a6d911252fd782cae49d40dc6a8fd9d6393ddf204d3aff4e683e0733ef96a96c3876fb7e1024c862bfffb8a12355c822f848942c552528e863af81977f142a9db38793f89223e1a58ad93a6f40b53a9d1238f632b02dfda3a2dd4d932e7c7c8aa7c935cbfd40bfd6976536a
32 156 30001 30001 57 412 :acfe34d43543203a3e5d6edb2c173a94051eabcefc3ea7e9df4dc31d9633adfec3ba5dd37cd45e59e675bb9eb123273a6d911252fd782cae49d40dc6a8fd9d6393ddf204d3aff4e683e0733ef96a96c3876fb7e1024c862bfffb8a12355c822f848942c552528e863af81977f142a9db38793f89223e1a58ad93a6f40b53a9d1238f632b02dfda3a2dd4d932e7c7c8aa7c935cbfd40bfd6976536ae8
32 157 30001 30001 57 412 :acfe34d43543203a3e5d6edb2c173a94051eabcefc3ea7e9df4dc31d9633adfec3ba5dd37cd45e59e675bb9eb123273a6d911252fd782cae49d40dc6a8fd9d6393ddf204d3aff4e683e0733ef96a96c3876fb7e1024c862bfffb8a12355c822f848942c552528e863af81977f142a9db38793f89223e1a58ad93a6f40b53a9d1238f632b02dfda3a2dd4d932e7c7c8aa7c935cbfd40bfd6976536ae80c
32 158 30001 30001 57 435 :acfe34d43543203a3e5d6edb2c173a94051eabcefc3ea7e9df4dc31d9633adfec3ba5dd37cd45e59e675bb9eb123273a6d911252fd782cae49d40dc6a8fd9d6393ddf204d3aff4e683e0733ef96a96c3876fb7e1024c862bfffb8a12355c822f848942c552528e863af81977f142a9db38793f89223e1a58ad93a6f40b53a9d1238f632b02dfda3a2dd4d932e7c7c8aa7c935cbfd40bfd6976536ae80c7c
32 159 30001 30001 57 443 :acfe34d43543203a3e5d6edb2c173a94051eabcefc3ea7e9df4dc31d9633adfec3ba5dd37cd45e59e675bb9eb123273a6d911252fd782cae49d40dc6a8fd9d6393ddf204d3aff4e683e0733ef96a96c3876fb7e1024c862bfffb8a12355c822f848942c552528e863af81977f142a9db38793f89223e1a58ad93a6f40b53a9d1238f632b02dfda3a2dd4d932e7c7c8aa7c935cbfd40bfd6976536ae80c7c99
32 160 30001 30001 57 463 :acfe34d43543203a3e5d6edb2c173a94051eabcefc3ea7e9df4dc31d9633adfec3ba5dd37cd45e59e675bb9eb123273a6d911252fd782cae49d40dc6a8fd9d6393ddf204d3aff4e683e0733ef96a96c3876fb7e1024c862bfffb8a12355c822f848942c552528e863af81977f142a9db38793f89223e1a58ad93a6f40b53a9d1238f632b02dfda3a2dd4d932e7c7c8aa7c935cbfd40bfd6976536ae80c7c99d2
32 161 30001 30001 57 458 :acfe34d43543203a3e5d6edb2c173a94051eabcefc3ea7e9df4dc31d9633adfec3ba5dd37cd45e59e675bb9eb123273a6d911252fd782cae49d40dc6a8fd9d6393ddf204d3aff4e683e0733ef96a96c3876fb7e1024c862bfffb8a12355c822f848942c552528e863af81977f142a9db38793f89223e1a58ad93a6f40b53a9d1238f632b02dfda3a2dd4d932e7c7c8aa7c935cbfd40bfd6976536ae80c7c99d254
32 162 30001 30001 57 424 :acfe34d43543203a3e5d6edb2c173a94051eabcefc3ea7e9df4dc31d9633adfec3ba5dd37cd45e59e675bb9eb123273a6d911252fd782cae49d40dc6a8fd9d6393ddf204d3aff4e683e0733ef96a96c3876fb7e1024c862bfffb8a12355c822f848942c552528e863af81977f142a9db38793f89223e1a58ad93a6f40b53a9d1238f632b02dfda3a2dd4d932e7c7c8aa7c935cbfd40bfd6976536ae80c7c99d254b4
32 163 30001 30001 57 458 :acfe34d43543203a3e5d6edb2c173a94051eabcefc3ea7e9df4dc31d9633adfec3ba5dd37cd45e59e675bb9eb123273a6d911252fd782cae49d40dc6a8fd9d6393ddf204d3aff4e683e0733ef96a96c3876fb7e1024c862bfffb8a12355c822f848942c552528e863af81977f142a9db38793f89223e1a58ad93a6f40b53a9d1238f632b02dfda3a2dd4d932e7c7c8aa7c935cbfd40bfd6976536ae80c7c99d254b446
32 164 30001 30001 57 480 :acfe34d43543203a3e5d6edb2c173a94051eabcefc3ea7e9df4dc31d9633adfec3ba5dd37cd45e59e675bb9eb123273a6d911252fd782cae49d40dc6a8fd9d6393ddf204d3aff4e683e0733ef96a96c3876fb7e1024c862bfffb8a12355c822f848942c552528e863af81977f142a9db38793f89223e1a58ad93a6f40b53a9d1238f632b02dfda3a2dd4d932e7c7c8aa7c935cbfd40bfd6976536ae80c7c99d254b4466a
32 165 30001 30001 57 444 :acfe34d43543203a3e5d6edb2c173a94051eabcefc3ea7e9df4dc31d9633adfec3ba5dd37cd45e59e675bb9eb123273a6d911252fd782cae49d40dc6a8fd9d6393ddf204d3aff4e683e0733ef96a96c3876fb7e1024c862bfffb8a12355c822f848942c552528e863af81977f142a9db38793f89223e1a58ad93a6f40b53a9d1238f632b02dfda3a2dd4d932e7c7c8aa7c935cbfd40bfd6976536ae80c7c99d254b4466aba
32 166 30001 30001 57 435 :acfe34d43543203a3e5d6edb2c173a94051eabcefc3ea7e9df4dc31d9633adfec3ba5dd37cd45e59e675bb9eb123273a6d911252fd782cae49d40dc6a8fd9d6393ddf204d3aff4e683e0733ef96a96c3876fb7e1024c862bfffb8a12355c822f848942c552528e863af81977f142a9db38793f89223e1a58ad93a6f40b53a9d1238f632b02dfda3a2dd4d932e7c7c8aa7c935cbfd40bfd6976536ae80c7c99d254b4466aba15
32 167 30001 30001 57 444 :acfe34d43543203a3e5d6edb2c173a94051eabcefc3ea7e9df4dc31d9633adfec3ba5dd37cd45e59e675bb9eb123273a6d911252fd782cae49d40dc6a8fd9d6393ddf204d3aff4e683e0733ef96a96c3876fb7e1024c862bfffb8a12355c822f848942c552528e863af81977f142a9db38793f89223e1a58ad93a6f40b53a9d1238f632b02dfda3a2dd4d932e7c7c8aa7c935cbfd40bfd6976536ae80c7c99d254b4466aba1585
32 168 30001 30001 57 482 :acfe34d43543203a3e5d6edb2c173a94051eabcefc3ea7e9df4dc31d9633adfec3ba5dd37cd45e59e675bb9eb123273a6d911252fd782cae49d40dc6a8fd9d6393ddf204d3aff4e683e0733ef96a96c3876fb7e1024c862bfffb8a12355c822f848942c552528e863af81977f142a9db38793f89223e1a58ad93a6f40b53a9d1238f632b02dfda3a2dd4d932e7c7c8aa7c935cbfd40bfd6976536ae80c7c99d254b4466aba15855e
