32 1 0 12 43 1 :24
32 2 0 12 43 1 :2450
32 3 0 12 43 1 :245046
32 4 0 12 43 1 :24504624
32 5 0 12 43 1 :245046244b
32 6 0 12 43 1 :245046244b45
32 7 0 12 43 1 :245046244b454b
32 8 0 12 43 1 :245046244b454b75
32 9 0 12 43 1 :245046244b454b754b
32 10 0 12 43 1 :245046244b454b754b4d
32 11 0 12 43 1 :245046244b454b754b4d39
32 12 0 12 43 1 :245046244b454b754b4d3974
32 13 0 12 43 1 :245046244b454b754b4d397435
32 14 0 12 43 1 :245046244b454b754b4d39743538
32 15 0 12 43 1 :245046244b454b754b4d3974353839
32 16 0 12 43 1 :245046244b454b754b4d397435383974
32 17 0 12 43 1 :245046244b454b754b4d39743538397435
32 18 0 12 43 1 :245046244b454b754b4d3974353839743538
32 19 0 12 43 1 :245046244b454b754b4d397435383974353839
32 20 0 12 43 1 :245046244b454b754b4d39743538397435383974
32 21 0 12 43 1 :245046244b454b754b4d3974353839743538397435
32 22 0 12 43 1 :245046244b454b754b4d397435383974353839743538
32 23 0 12 43 1 :245046244b454b754b4d39743538397435383974353839
32 24 0 12 43 1 :245046244b454b754b4d3974353839743538397435383974
32 25 0 12 43 1 :245046244b454b754b4d397435383974353839743538397435
32 26 0 12 43 1 :245046244b454b754b4d39743538397435383974353839743538
32 27 0 12 43 1 :245046244b454b754b4d3974353839743538397435383974353839
32 28 0 12 43 1 :245046244b454b754b4d397435383974353839743538397435383974
32 29 0 12 43 1 :245046244b454b754b4d39743538397435383974353839743538397435
32 30 0 12 43 1 :245046244b454b754b4d3974353839743538397435383974353839743538
32 31 0 12 43 1 :245046244b454b754b4d397435383974353839743538397435383974353836
32 32 0 12 43 1 :245046244b454b754b4d39743538397435383974353839743538397435383624
32 33 0 12 43 1 :245046244b454b754b4d3974353839743538397435383974353839743538362459
32 34 0 12 43 1 :245046244b454b754b4d397435383974353839743538397435383974353836245943
32 35 0 12 43 1 :245046244b454b754b4d39743538397435383974353839743538397435383624594347
32 36 0 12 43 1 :245046244b454b754b4d3974353839743538397435383974353839743538362459434766
32 37 0 12 43 1 :245046244b454b754b4d397435383974353839743538397435383974353836245943476642
32 38 0 12 43 1 :245046244b454b754b4d39743538397435383974353839743538397435383624594347664277
32 39 0 12 43 1 :245046244b454b754b4d3974353839743538397435383974353839743538362459434766427738
32 40 0 12 43 1 :245046244b454b754b4d397435383974353839743538397435383974353836245943476642773850
32 41 0 12 43 1 :245046244b454b754b4d39743538397435383974353839743538397435383624594347664277385051
32 42 0 12 43 1 :245046244b454b754b4d3974353839743538397435383974353839743538362459434766427738505131
32 43 0 12 43 1 :245046244b454b754b4d397435383974353839743538397435383974353836245943476642773850513142
32 44 0 12 43 1 :245046244b454b754b4d39743538397435383974353839743538397435383624594347664277385051314233
32 45 0 12 43 1 :245046244b454b754b4d3974353839743538397435383974353839743538362459434766427738505131423339
32 46 0 12 43 1 :245046244b454b754b4d397435383974353839743538397435383974353836245943476642773850513142333956
32 47 0 12 43 1 :245046244b454b754b4d39743538397435383974353839743538397435383624594347664277385051314233395639
32 48 0 12 43 1 :245046244b454b754b4d3974353839743538397435383974353839743538362459434766427738505131423339563930
32 49 0 12 43 1 :245046244b454b754b4d397435383974353839743538397435383974353836245943476642773850513142333956393043
32 50 0 12 43 1 :245046244b454b754b4d39743538397435383974353839743538397435383624594347664277385051314233395639304371
32 51 0 12 43 1 :245046244b454b754b4d3974353839743538397435383974353839743538362459434766427738505131423339563930437175
32 52 0 12 43 1 :245046244b454b754b4d397435383974353839743538397435383974353836245943476642773850513142333956393043717567
32 53 0 12 43 1 :245046244b454b754b4d39743538397435383974353839743538397435383624594347664277385051314233395639304371756739
32 54 0 12 43 1 :245046244b454b754b4d3974353839743538397435383974353839743538362459434766427738505131423339563930437175673938
32 55 0 12 43 1 :245046244b454b754b4d39743538397435383974353839743538397435383624594347664277385051314233395639304371756739386d
32 56 0 12 43 1 :245046244b454b754b4d39743538397435383974353839743538397435383624594347664277385051314233395639304371756739386d6d
32 57 0 12 43 1 :245046244b454b754b4d39743538397435383974353839743538397435383624594347664277385051314233395639304371756739386d6d67
32 58 0 12 43 1 :245046244b454b754b4d39743538397435383974353839743538397435383624594347664277385051314233395639304371756739386d6d6741
32 59 0 12 43 1 :245046244b454b754b4d39743538397435383974353839743538397435383624594347664277385051314233395639304371756739386d6d67414c
32 60 0 12 43 1 :245046244b454b754b4d39743538397435383974353839743538397435383624594347664277385051314233395639304371756739386d6d67414c58
32 61 0 12 43 1 :245046244b454b754b4d39743538397435383974353839743538397435383624594347664277385051314233395639304371756739386d6d67414c5871
32 62 0 12 43 1 :245046244b454b754b4d39743538397435383974353839743538397435383624594347664277385051314233395639304371756739386d6d67414c587137
32 63 0 12 43 1 :245046244b454b754b4d39743538397435383974353839743538397435383624594347664277385051314233395639304371756739386d6d67414c58713758
32 64 0 12 43 1 :245046244b454b754b4d39743538397435383974353839743538397435383624594347664277385051314233395639304371756739386d6d67414c5871375851
32 65 0 12 43 1 :245046244b454b754b4d39743538397435383974353839743538397435383624594347664277385051314233395639304371756739386d6d67414c587137585162
32 66 0 12 43 1 :245046244b454b754b4d39743538397435383974353839743538397435383624594347664277385051314233395639304371756739386d6d67414c58713758516275
32 67 0 12 43 1 :245046244b454b754b4d39743538397435383974353839743538397435383624594347664277385051314233395639304371756739386d6d67414c587137585162754a
32 68 0 12 43 1 :245046244b454b754b4d39743538397435383974353839743538397435383624594347664277385051314233395639304371756739386d6d67414c587137585162754a70
32 69 0 12 43 1 :245046244b454b754b4d39743538397435383974353839743538397435383624594347664277385051314233395639304371756739386d6d67414c587137585162754a7062
32 70 0 12 43 1 :245046244b454b754b4d39743538397435383974353839743538397435383624594347664277385051314233395639304371756739386d6d67414c587137585162754a706250
32 71 0 12 43 1 :245046244b454b754b4d39743538397435383974353839743538397435383624594347664277385051314233395639304371756739386d6d67414c587137585162754a70625071
32 72 0 12 43 1 :245046244b454b754b4d39743538397435383974353839743538397435383624594347664277385051314233395639304371756739386d6d67414c587137585162754a706250716a
32 73 0 12 43 1 :245046244b454b754b4d39743538397435383974353839743538397435383624594347664277385051314233395639304371756739386d6d67414c587137585162754a706250716a47
32 74 0 12 43 1 :245046244b454b754b4d39743538397435383974353839743538397435383624594347664277385051314233395639304371756739386d6d67414c587137585162754a706250716a4758
32 75 0 12 43 1 :245046244b454b754b4d39743538397435383974353839743538397435383624594347664277385051314233395639304371756739386d6d67414c587137585162754a706250716a475871
32 76 0 12 43 1 :245046244b454b754b4d39743538397435383974353839743538397435383624594347664277385051314233395639304371756739386d6d67414c587137585162754a706250716a47587130
32 77 0 12 43 1 :245046244b454b754b4d39743538397435383974353839743538397435383624594347664277385051314233395639304371756739386d6d67414c587137585162754a706250716a4758713036
32 78 0 12 43 1 :245046244b454b754b4d39743538397435383974353839743538397435383624594347664277385051314233395639304371756739386d6d67414c587137585162754a706250716a475871303644
32 79 0 12 43 1 :245046244b454b754b4d39743538397435383974353839743538397435383624594347664277385051314233395639304371756739386d6d67414c587137585162754a706250716a47587130364472
32 80 0 12 43 1 :245046244b454b754b4d39743538397435383974353839743538397435383624594347664277385051314233395639304371756739386d6d67414c587137585162754a706250716a4758713036447247
32 81 0 12 43 1 :245046244b454b754b4d39743538397435383974353839743538397435383624594347664277385051314233395639304371756739386d6d67414c587137585162754a706250716a47587130364472476a
32 82 0 12 43 1 :245046244b454b754b4d39743538397435383974353839743538397435383624594347664277385051314233395639304371756739386d6d67414c587137585162754a706250716a47587130364472476a56
32 83 0 12 43 1 :245046244b454b754b4d39743538397435383974353839743538397435383624594347664277385051314233395639304371756739386d6d67414c587137585162754a706250716a47587130364472476a5637
32 84 0 12 43 1 :245046244b454b754b4d39743538397435383974353839743538397435383624594347664277385051314233395639304371756739386d6d67414c587137585162754a706250716a47587130364472476a563749
32 85 0 12 43 1 :245046244b454b754b4d39743538397435383974353839743538397435383624594347664277385051314233395639304371756739386d6d67414c587137585162754a706250716a47587130364472476a56374958
32 86 0 12 43 1 :245046244b454b754b4d39743538397435383974353839743538397435383624594347664277385051314233395639304371756739386d6d67414c587137585162754a706250716a47587130364472476a563749584e
32 87 0 12 43 1 :245046244b454b754b4d39743538397435383974353839743538397435383624594347664277385051314233395639304371756739386d6d67414c587137585162754a706250716a47587130364472476a563749584e52
32 88 0 12 43 1 :245046244b454b754b4d39743538397435383974353839743538397435383624594347664277385051314233395639304371756739386d6d67414c587137585162754a706250716a47587130364472476a563749584e5253
32 89 0 12 43 1 :245046244b454b754b4d39743538397435383974353839743538397435383624594347664277385051314233395639304371756739386d6d67414c587137585162754a706250716a47587130364472476a563749584e525378
32 90 0 12 43 1 :245046244b454b754b4d39743538397435383974353839743538397435383624594347664277385051314233395639304371756739386d6d67414c587137585162754a706250716a47587130364472476a563749584e52537833
32 91 0 12 43 1 :245046244b454b754b4d39743538397435383974353839743538397435383624594347664277385051314233395639304371756739386d6d67414c587137585162754a706250716a47587130364472476a563749584e5253783353
32 92 0 12 43 1 :245046244b454b754b4d39743538397435383974353839743538397435383624594347664277385051314233395639304371756739386d6d67414c587137585162754a706250716a47587130364472476a563749584e525378335345
32 93 0 12 43 1 :245046244b454b754b4d39743538397435383974353839743538397435383624594347664277385051314233395639304371756739386d6d67414c587137585162754a706250716a47587130364472476a563749584e5253783353454a
32 94 0 12 43 1 :245046244b454b754b4d39743538397435383974353839743538397435383624594347664277385051314233395639304371756739386d6d67414c587137585162754a706250716a47587130364472476a563749584e5253783353454a42
32 95 0 12 43 1 :245046244b454b754b4d39743538397435383974353839743538397435383624594347664277385051314233395639304371756739386d6d67414c587137585162754a706250716a47587130364472476a563749584e5253783353454a424b
32 96 0 12 43 1 :245046244b454b754b4d39743538397435383974353839743538397435383624594347664277385051314233395639304371756739386d6d67414c587137585162754a706250716a47587130364472476a563749584e5253783353454a424b52
32 97 0 12 43 1 :245046244b454b754b4d39743538397435383974353839743538397435383624594347664277385051314233395639304371756739386d6d67414c587137585162754a706250716a47587130364472476a563749584e5253783353454a424b5246
32 98 0 12 43 1 :245046244b454b754b4d39743538397435383974353839743538397435383624594347664277385051314233395639304371756739386d6d67414c587137585162754a706250716a47587130364472476a563749584e5253783353454a424b52466a
32 99 0 12 43 1 :245046244b454b754b4d39743538397435383974353839743538397435383624594347664277385051314233395639304371756739386d6d67414c587137585162754a706250716a47587130364472476a563749584e5253783353454a424b52466a62
32 100 0 12 43 1 :245046244b454b754b4d39743538397435383974353839743538397435383624594347664277385051314233395639304371756739386d6d67414c587137585162754a706250716a47587130364472476a563749584e5253783353454a424b52466a624c
32 101 0 12 43 1 :245046244b454b754b4d39743538397435383974353839743538397435383624594347664277385051314233395639304371756739386d6d67414c587137585162754a706250716a47587130364472476a563749584e5253783353454a424b52466a624c65
32 102 0 12 43 1 :245046244b454b754b4d39743538397435383974353839743538397435383624594347664277385051314233395639304371756739386d6d67414c587137585162754a706250716a47587130364472476a563749584e5253783353454a424b52466a624c652f
32 103 0 12 43 1 :245046244b454b754b4d39743538397435383974353839743538397435383624594347664277385051314233395639304371756739386d6d67414c587137585162754a706250716a47587130364472476a563749584e5253783353454a424b52466a624c652f38
32 104 0 12 43 1 :245046244b454b754b4d39743538397435383974353839743538397435383624594347664277385051314233395639304371756739386d6d67414c587137585162754a706250716a47587130364472476a563749584e5253783353454a424b52466a624c652f386b
32 105 0 12 43 1 :245046244b454b754b4d39743538397435383974353839743538397435383624594347664277385051314233395639304371756739386d6d67414c587137585162754a706250716a47587130364472476a563749584e5253783353454a424b52466a624c652f386b6e
32 106 0 12 43 1 :245046244b454b754b4d39743538397435383974353839743538397435383624594347664277385051314233395639304371756739386d6d67414c587137585162754a706250716a47587130364472476a563749584e5253783353454a424b52466a624c652f386b6e4a
32 107 0 12 43 1 :245046244b454b754b4d39743538397435383974353839743538397435383624594347664277385051314233395639304371756739386d6d67414c587137585162754a706250716a47587130364472476a563749584e5253783353454a424b52466a624c652f386b6e4a39
32 108 0 12 43 1 :245046244b454b754b4d39743538397435383974353839743538397435383624594347664277385051314233395639304371756739386d6d67414c587137585162754a706250716a47587130364472476a563749584e5253783353454a424b52466a624c652f386b6e4a3944
32 109 0 12 43 1 :245046244b454b754b4d39743538397435383974353839743538397435383624594347664277385051314233395639304371756739386d6d67414c587137585162754a706250716a47587130364472476a563749584e5253783353454a424b52466a624c652f386b6e4a39446f
32 110 0 12 43 1 :245046244b454b754b4d39743538397435383974353839743538397435383624594347664277385051314233395639304371756739386d6d67414c587137585162754a706250716a47587130364472476a563749584e5253783353454a424b52466a624c652f386b6e4a39446f36
32 111 0 12 43 1 :245046244b454b754b4d39743538397435383974353839743538397435383624594347664277385051314233395639304371756739386d6d67414c587137585162754a706250716a47587130364472476a563749584e5253783353454a424b52466a624c652f386b6e4a39446f3634
32 112 0 12 43 1 :245046244b454b754b4d39743538397435383974353839743538397435383624594347664277385051314233395639304371756739386d6d67414c587137585162754a706250716a47587130364472476a563749584e5253783353454a424b52466a624c652f386b6e4a39446f363471
32 113 0 12 43 1 :245046244b454b754b4d39743538397435383974353839743538397435383624594347664277385051314233395639304371756739386d6d67414c587137585162754a706250716a47587130364472476a563749584e5253783353454a424b52466a624c652f386b6e4a39446f36347167
32 114 0 12 43 1 :245046244b454b754b4d39743538397435383974353839743538397435383624594347664277385051314233395639304371756739386d6d67414c587137585162754a706250716a47587130364472476a563749584e5253783353454a424b52466a624c652f386b6e4a39446f3634716770
32 115 0 12 43 1 :245046244b454b754b4d39743538397435383974353839743538397435383624594347664277385051314233395639304371756739386d6d67414c587137585162754a706250716a47587130364472476a563749584e5253783353454a424b52466a624c652f386b6e4a39446f363471677046
32 116 0 12 43 1 :245046244b454b754b4d39743538397435383974353839743538397435383624594347664277385051314233395639304371756739386d6d67414c587137585162754a706250716a47587130364472476a563749584e5253783353454a424b52466a624c652f386b6e4a39446f36347167704654
32 117 0 12 43 1 :245046244b454b754b4d39743538397435383974353839743538397435383624594347664277385051314233395639304371756739386d6d67414c587137585162754a706250716a47587130364472476a563749584e5253783353454a424b52466a624c652f386b6e4a39446f3634716770465473
32 118 0 12 43 1 :245046244b454b754b4d39743538397435383974353839743538397435383624594347664277385051314233395639304371756739386d6d67414c587137585162754a706250716a47587130364472476a563749584e5253783353454a424b52466a624c652f386b6e4a39446f36347167704654736f
32 119 0 12 43 1 :245046244b454b754b4d39743538397435383974353839743538397435383624594347664277385051314233395639304371756739386d6d67414c587137585162754a706250716a47587130364472476a563749584e5253783353454a424b52466a624c652f386b6e4a39446f36347167704654736f35
32 120 0 12 43 1 :245046244b454b754b4d39743538397435383974353839743538397435383624594347664277385051314233395639304371756739386d6d67414c587137585162754a706250716a47587130364472476a563749584e5253783353454a424b52466a624c652f386b6e4a39446f36347167704654736f3579
32 121 0 12 43 1 :245046244b454b754b4d39743538397435383974353839743538397435383624594347664277385051314233395639304371756739386d6d67414c587137585162754a706250716a47587130364472476a563749584e5253783353454a424b52466a624c652f386b6e4a39446f36347167704654736f357950
32 122 0 12 43 1 :245046244b454b754b4d39743538397435383974353839743538397435383624594347664277385051314233395639304371756739386d6d67414c587137585162754a706250716a47587130364472476a563749584e5253783353454a424b52466a624c652f386b6e4a39446f36347167704654736f3579507a
32 123 0 12 43 1 :245046244b454b754b4d39743538397435383974353839743538397435383624594347664277385051314233395639304371756739386d6d67414c587137585162754a706250716a47587130364472476a563749584e5253783353454a424b52466a624c652f386b6e4a39446f36347167704654736f3579507a75
32 124 0 12 43 1 :245046244b454b754b4d39743538397435383974353839743538397435383624594347664277385051314233395639304371756739386d6d67414c587137585162754a706250716a47587130364472476a563749584e5253783353454a424b52466a624c652f386b6e4a39446f36347167704654736f3579507a7547
32 125 0 12 43 1 :245046244b454b754b4d39743538397435383974353839743538397435383624594347664277385051314233395639304371756739386d6d67414c587137585162754a706250716a47587130364472476a563749584e5253783353454a424b52466a624c652f386b6e4a39446f36347167704654736f3579507a754756
32 126 0 12 43 1 :245046244b454b754b4d39743538397435383974353839743538397435383624594347664277385051314233395639304371756739386d6d67414c587137585162754a706250716a47587130364472476a563749584e5253783353454a424b52466a624c652f386b6e4a39446f36347167704654736f3579507a75475653
32 127 0 12 43 1 :245046244b454b754b4d39743538397435383974353839743538397435383624594347664277385051314233395639304371756739386d6d67414c587137585162754a706250716a47587130364472476a563749584e5253783353454a424b52466a624c652f386b6e4a39446f36347167704654736f3579507a7547565364
32 128 0 12 43 1 :245046244b454b754b4d39743538397435383974353839743538397435383624594347664277385051314233395639304371756739386d6d67414c587137585162754a706250716a47587130364472476a563749584e5253783353454a424b52466a624c652f386b6e4a39446f36347167704654736f3579507a754756536453
32 129 0 12 43 1 :245046244b454b754b4d39743538397435383974353839743538397435383624594347664277385051314233395639304371756739386d6d67414c587137585162754a706250716a47587130364472476a563749584e5253783353454a424b52466a624c652f386b6e4a39446f36347167704654736f3579507a75475653645376
32 130 0 12 43 1 :245046244b454b754b4d39743538397435383974353839743538397435383624594347664277385051314233395639304371756739386d6d67414c587137585162754a706250716a47587130364472476a563749584e5253783353454a424b52466a624c652f386b6e4a39446f36347167704654736f3579507a7547565364537648
32 131 0 12 43 1 :245046244b454b754b4d39743538397435383974353839743538397435383624594347664277385051314233395639304371756739386d6d67414c587137585162754a706250716a47587130364472476a563749584e5253783353454a424b52466a624c652f386b6e4a39446f36347167704654736f3579507a754756536453764842
32 132 0 12 43 1 :245046244b454b754b4d39743538397435383974353839743538397435383624594347664277385051314233395639304371756739386d6d67414c587137585162754a706250716a47587130364472476a563749584e5253783353454a424b52466a624c652f386b6e4a39446f36347167704654736f3579507a7547565364537648424f
32 133 0 12 43 1 :245046244b454b754b4d39743538397435383974353839743538397435383624594347664277385051314233395639304371756739386d6d67414c587137585162754a706250716a47587130364472476a563749584e5253783353454a424b52466a624c652f386b6e4a39446f36347167704654736f3579507a7547565364537648424f39
32 134 0 12 43 1 :245046244b454b754b4d39743538397435383974353839743538397435383624594347664277385051314233395639304371756739386d6d67414c587137585162754a706250716a47587130364472476a563749584e5253783353454a424b52466a624c652f386b6e4a39446f36347167704654736f3579507a7547565364537648424f3944
32 135 0 12 43 1 :245046244b454b754b4d39743538397435383974353839743538397435383624594347664277385051314233395639304371756739386d6d67414c587137585162754a706250716a47587130364472476a563749584e5253783353454a424b52466a624c652f386b6e4a39446f36347167704654736f3579507a7547565364537648424f394465
32 136 0 12 43 1 :245046244b454b754b4d39743538397435383974353839743538397435383624594347664277385051314233395639304371756739386d6d67414c587137585162754a706250716a47587130364472476a563749584e5253783353454a424b52466a624c652f386b6e4a39446f36347167704654736f3579507a7547565364537648424f39446534
32 137 0 12 43 1 :245046244b454b754b4d39743538397435383974353839743538397435383624594347664277385051314233395639304371756739386d6d67414c587137585162754a706250716a47587130364472476a563749584e5253783353454a424b52466a624c652f386b6e4a39446f36347167704654736f3579507a7547565364537648424f3944653441
32 138 0 12 43 1 :245046244b454b754b4d39743538397435383974353839743538397435383624594347664277385051314233395639304371756739386d6d67414c587137585162754a706250716a47587130364472476a563749584e5253783353454a424b52466a624c652f386b6e4a39446f36347167704654736f3579507a7547565364537648424f394465344134
32 139 0 12 43 1 :245046244b454b754b4d39743538397435383974353839743538397435383624594347664277385051314233395639304371756739386d6d67414c587137585162754a706250716a47587130364472476a563749584e5253783353454a424b52466a624c652f386b6e4a39446f36347167704654736f3579507a7547565364537648424f3944653441347a
32 140 0 12 43 1 :245046244b454b754b4d39743538397435383974353839743538397435383624594347664277385051314233395639304371756739386d6d67414c587137585162754a706250716a47587130364472476a563749584e5253783353454a424b52466a624c652f386b6e4a39446f36347167704654736f3579507a7547565364537648424f3944653441347a46
32 141 0 12 43 1 :245046244b454b754b4d39743538397435383974353839743538397435383624594347664277385051314233395639304371756739386d6d67414c587137585162754a706250716a47587130364472476a563749584e5253783353454a424b52466a624c652f386b6e4a39446f36347167704654736f3579507a7547565364537648424f3944653441347a464f
32 142 0 12 43 1 :245046244b454b754b4d39743538397435383974353839743538397435383624594347664277385051314233395639304371756739386d6d67414c587137585162754a706250716a47587130364472476a563749584e5253783353454a424b52466a624c652f386b6e4a39446f36347167704654736f3579507a7547565364537648424f3944653441347a464f74
32 143 0 12 43 1 :245046244b454b754b4d39743538397435383974353839743538397435383624594347664277385051314233395639304371756739386d6d67414c587137585162754a706250716a47587130364472476a563749584e5253783353454a424b52466a624c652f386b6e4a39446f36347167704654736f3579507a7547565364537648424f3944653441347a464f7443
32 144 0 12 43 1 :245046244b454b754b4d39743538397435383974353839743538397435383624594347664277385051314233395639304371756739386d6d67414c587137585162754a706250716a47587130364472476a563749584e5253783353454a424b52466a624c652f386b6e4a39446f36347167704654736f3579507a7547565364537648424f3944653441347a464f744370
32 145 0 12 43 1 :245046244b454b754b4d39743538397435383974353839743538397435383624594347664277385051314233395639304371756739386d6d67414c587137585162754a706250716a47587130364472476a563749584e5253783353454a424b52466a624c652f386b6e4a39446f36347167704654736f3579507a7547565364537648424f3944653441347a464f7443704c
32 146 0 12 43 1 :245046244b454b754b4d39743538397435383974353839743538397435383624594347664277385051314233395639304371756739386d6d67414c587137585162754a706250716a47587130364472476a563749584e5253783353454a424b52466a624c652f386b6e4a39446f36347167704654736f3579507a7547565364537648424f3944653441347a464f7443704c67
32 147 0 12 43 1 :245046244b454b754b4d39743538397435383974353839743538397435383624594347664277385051314233395639304371756739386d6d67414c587137585162754a706250716a47587130364472476a563749584e5253783353454a424b52466a624c652f386b6e4a39446f36347167704654736f3579507a7547565364537648424f3944653441347a464f7443704c6775
32 148 0 12 43 1 :245046244b454b754b4d39743538397435383974353839743538397435383624594347664277385051314233395639304371756739386d6d67414c587137585162754a706250716a47587130364472476a563749584e5253783353454a424b52466a624c652f386b6e4a39446f36347167704654736f3579507a7547565364537648424f3944653441347a464f7443704c67757a
32 149 0 12 43 1 :245046244b454b754b4d39743538397435383974353839743538397435383624594347664277385051314233395639304371756739386d6d67414c587137585162754a706250716a47587130364472476a563749584e5253783353454a424b52466a624c652f386b6e4a39446f36347167704654736f3579507a7547565364537648424f3944653441347a464f7443704c67757a59
32 150 0 12 43 1 :245046244b454b754b4d39743538397435383974353839743538397435383624594347664277385051314233395639304371756739386d6d67414c587137585162754a706250716a47587130364472476a563749584e5253783353454a424b52466a624c652f386b6e4a39446f36347167704654736f3579507a7547565364537648424f3944653441347a464f7443704c67757a5934
32 151 0 12 43 1 :245046244b454b754b4d39743538397435383974353839743538397435383624594347664277385051314233395639304371756739386d6d67414c587137585162754a706250716a47587130364472476a563749584e5253783353454a424b52466a624c652f386b6e4a39446f36347167704654736f3579507a7547565364537648424f3944653441347a464f7443704c67757a593447
32 152 0 12 43 1 :245046244b454b754b4d39743538397435383974353839743538397435383624594347664277385051314233395639304371756739386d6d67414c587137585162754a706250716a47587130364472476a563749584e5253783353454a424b52466a624c652f386b6e4a39446f36347167704654736f3579507a7547565364537648424f3944653441347a464f7443704c67757a59344738
32 153 0 12 43 1 :245046244b454b754b4d39743538397435383974353839743538397435383624594347664277385051314233395639304371756739386d6d67414c587137585162754a706250716a47587130364472476a563749584e5253783353454a424b52466a624c652f386b6e4a39446f36347167704654736f3579507a7547565364537648424f3944653441347a464f7443704c67757a593447386a
32 154 0 12 43 1 :245046244b454b754b4d39743538397435383974353839743538397435383624594347664277385051314233395639304371756739386d6d67414c587137585162754a706250716a47587130364472476a563749584e5253783353454a424b52466a624c652f386b6e4a39446f36347167704654736f3579507a7547565364537648424f3944653441347a464f7443704c67757a593447386a6d
32 155 0 12 43 1 :245046244b454b754b4d39743538397435383974353839743538397435383624594347664277385051314233395639304371756739386d6d67414c587137585162754a706250716a47587130364472476a563749584e5253783353454a424b52466a624c652f386b6e4a39446f36347167704654736f3579507a7547565364537648424f3944653441347a464f7443704c67757a593447386a6d5a
32 156 0 12 43 1 :245046244b454b754b4d39743538397435383974353839743538397435383624594347664277385051314233395639304371756739386d6d67414c587137585162754a706250716a47587130364472476a563749584e5253783353454a424b52466a624c652f386b6e4a39446f36347167704654736f3579507a7547565364537648424f3944653441347a464f7443704c67757a593447386a6d5a77
32 157 0 12 43 0 :245046244b454b754b4d39743538397435383974353839743538397435383624594347664277385051314233395639304371756739386d6d67414c587137585162754a706250716a47587130364472476a563749584e5253783353454a424b52466a624c652f386b6e4a39446f36347167704654736f3579507a7547565364537648424f3944653441347a464f7443704c67757a593447386a6d5a7738
32 161 0 12 43 1 :245046244b454b754b4d39743538397435383974353839743538397435383624594347664277385051314233395639304371756739386d6d67414c587137585162754a706250716a47587130364472476a563749584e5253783353454a424b52466a624c652f386b6e4a39446f36347167704654736f3579507a7547565364537648424f3944653441347a464f7443704c67757a593447386a6d5a773848746968
32 162 0 12 43 1 :245046244b454b754b4d39743538397435383974353839743538397435383624594347664277385051314233395639304371756739386d6d67414c587137585162754a706250716a47587130364472476a563749584e5253783353454a424b52466a624c652f386b6e4a39446f36347167704654736f3579507a7547565364537648424f3944653441347a464f7443704c67757a593447386a6d5a77384874696850
32 163 0 12 43 1 :245046244b454b754b4d39743538397435383974353839743538397435383624594347664277385051314233395639304371756739386d6d67414c587137585162754a706250716a47587130364472476a563749584e5253783353454a424b52466a624c652f386b6e4a39446f36347167704654736f3579507a7547565364537648424f3944653441347a464f7443704c67757a593447386a6d5a7738487469685031
32 164 0 12 43 1 :245046244b454b754b4d39743538397435383974353839743538397435383624594347664277385051314233395639304371756739386d6d67414c587137585162754a706250716a47587130364472476a563749584e5253783353454a424b52466a624c652f386b6e4a39446f36347167704654736f3579507a7547565364537648424f3944653441347a464f7443704c67757a593447386a6d5a773848746968503171
32 165 0 12 43 1 :245046244b454b754b4d39743538397435383974353839743538397435383624594347664277385051314233395639304371756739386d6d67414c587137585162754a706250716a47587130364472476a563749584e5253783353454a424b52466a624c652f386b6e4a39446f36347167704654736f3579507a7547565364537648424f3944653441347a464f7443704c67757a593447386a6d5a77384874696850317149
32 166 0 12 43 1 :245046244b454b754b4d39743538397435383974353839743538397435383624594347664277385051314233395639304371756739386d6d67414c587137585162754a706250716a47587130364472476a563749584e5253783353454a424b52466a624c652f386b6e4a39446f36347167704654736f3579507a7547565364537648424f3944653441347a464f7443704c67757a593447386a6d5a7738487469685031714969
32 167 0 12 43 1 :245046244b454b754b4d39743538397435383974353839743538397435383624594347664277385051314233395639304371756739386d6d67414c587137585162754a706250716a47587130364472476a563749584e5253783353454a424b52466a624c652f386b6e4a39446f36347167704654736f3579507a7547565364537648424f3944653441347a464f7443704c67757a593447386a6d5a77384874696850317149692f
32 168 0 12 43 1 :245046244b454b754b4d39743538397435383974353839743538397435383624594347664277385051314233395639304371756739386d6d67414c587137585162754a706250716a47587130364472476a563749584e5253783353454a424b52466a624c652f386b6e4a39446f36347167704654736f3579507a7547565364537648424f3944653441347a464f7443704c67757a593447386a6d5a77384874696850317149692f6c
32 169 0 12 43 0 :245046244b454b754b4d39743538397435383974353839743538397435383624594347664277385051314233395639304371756739386d6d67414c587137585162754a706250716a47587130364472476a563749584e5253783353454a424b52466a624c652f386b6e4a39446f36347167704654736f3579507a7547565364537648424f3944653441347a464f7443704c67757a593447386a6d5a77384874696850317149692f6c2e
32 177 0 12 43 1 :245046244b454b754b4d39743538397435383974353839743538397435383624594347664277385051314233395639304371756739386d6d67414c587137585162754a706250716a47587130364472476a563749584e5253783353454a424b52466a624c652f386b6e4a39446f36347167704654736f3579507a7547565364537648424f3944653441347a464f7443704c67757a593447386a6d5a77384874696850317149692f6c2e30796a4f2e72414e
32 178 0 12 43 1 :245046244b454b754b4d39743538397435383974353839743538397435383624594347664277385051314233395639304371756739386d6d67414c587137585162754a706250716a47587130364472476a563749584e5253783353454a424b52466a624c652f386b6e4a39446f36347167704654736f3579507a7547565364537648424f3944653441347a464f7443704c67757a593447386a6d5a77384874696850317149692f6c2e30796a4f2e72414e4d
32 179 0 12 43 1 :245046244b454b754b4d39743538397435383974353839743538397435383624594347664277385051314233395639304371756739386d6d67414c587137585162754a706250716a47587130364472476a563749584e5253783353454a424b52466a624c652f386b6e4a39446f36347167704654736f3579507a7547565364537648424f3944653441347a464f7443704c67757a593447386a6d5a77384874696850317149692f6c2e30796a4f2e72414e4d79
32 180 0 12 43 1 :245046244b454b754b4d39743538397435383974353839743538397435383624594347664277385051314233395639304371756739386d6d67414c587137585162754a706250716a47587130364472476a563749584e5253783353454a424b52466a624c652f386b6e4a39446f36347167704654736f3579507a7547565364537648424f3944653441347a464f7443704c67757a593447386a6d5a77384874696850317149692f6c2e30796a4f2e72414e4d7949
32 193 0 12 43 0 :245046244b454b754b4d39743538397435383974353839743538397435383624594347664277385051314233395639304371756739386d6d67414c587137585162754a706250716a47587130364472476a563749584e5253783353454a424b52466a624c652f386b6e4a39446f36347167704654736f3579507a7547565364537648424f3944653441347a464f7443704c67757a593447386a6d5a77384874696850317149692f6c2e30796a4f2e72414e4d79496a4434595434762f4d5a6d6758
