32 1 0 12000 64 1 :01
32 2 0 12000 69 1 :3ae8
32 3 0 12000 43 1 :e7183c
32 4 0 12000 42 1 :21e87551
32 5 0 12000 42 1 :68977f2e5e
32 6 0 12000 42 1 :591c655cb850
32 7 0 12000 42 1 :45585ed3e9dfa4
32 8 0 12000 42 1 :12adbe10310f8ea7
32 9 0 12000 42 1 :e4bf313463cda1d6dd
32 10 0 12000 42 1 :3a2a95ae9fc51de004f4
32 11 0 12000 42 1 :0c66440aa8febdee43b875
32 12 0 12000 42 1 :f9188e6a34c738742f3f48cd
32 13 0 12000 42 1 :1ab0bf520379eee1d8d5fa873a
32 14 0 12000 42 1 :8ceca2b98dd3e2bedaeffbed2562
32 15 0 12000 42 1 :e00608be9361e391ddbbec712a7609
32 16 0 12000 42 1 :57fcdc72f03b66fdcd4e320e4114f4d6
32 17 0 12000 42 1 :e6db614f40f2351a7a9c4b6a0744837834
32 18 0 12000 42 1 :8a8051decc43e1e2fe67da0b145aa7ab6d6a
32 19 0 12000 42 1 :696ecf24b3b9ca8e0cc23b10d8389d4150947e
32 20 0 12000 42 1 :1e647b4a355e78283b2d7a77126bea41a8a20e8f
32 21 0 12000 42 1 :326d21241800669902c0d524348e1690e296a8c48b
32 22 0 12000 42 1 :70c634cc37ec399048ed2a6908103043f1159f0bb7d5
32 23 0 12000 42 1 :d2074e46de5b882a1c6610b33c5949a218aab2ee3a0249
32 24 0 12000 42 1 :e9e3c3794751bc024976544f1d4ece9f16d3467ac3635617
32 25 0 12000 42 1 :c1ab700d907bdca68fb4ab41e29257d506046b3d8c602b8d1b
32 26 0 12000 42 1 :c091309b3269270f9d0badde9642dc9232adec7379e7895c8ca7
32 27 0 12000 42 1 :f74e87512d552dd7eb7632d01e30ef2623e19038ce3db05045fe7c
32 28 0 12000 42 1 :58d894ea274c499c2548e03aa4190459fbc3450185cb60efd8f8ec41
32 29 0 12000 42 1 :365f4b1335a2ab3121e693ce1a4ba9b72ca9565e7feaf99819468582ad
32 30 0 12000 42 1 :f4a16d87189738dd7025739aafca3c63c47b893d8b6a6e6f1e8cb77f89bf
32 31 0 12000 42 1 :b81bb473958c953e7858be5a33678cfc76bb90b459d3c8904a92ade1695e6a
32 32 0 12000 42 1 :df81465fd885895ff86e88cdd1daee9613437b3c78af71b31369383f003046c6
32 33 0 12000 42 1 :46cf36a2905a35f2d0a03c0ccaf7b4cadfe9037a146bab0322e9ec020dfa329837
32 34 0 12000 42 1 :74bb6c108766cac9ed976358b852c94244499b98f3eb4a6d261fcb680db4736968fe
32 35 0 12000 42 1 :b52e8cb6c7e4c589ae78fbe914527a0c8321039b14953e7837f334aecab3d929bbafd6
32 36 0 12000 42 1 :dc1428c074b4a2fa0f9e89b4a06e36498e109d11a76c4d8db6ae4f18e5c2d67ac416cb3c
32 37 0 12000 42 1 :ff3df27e04fc03bdfb2efd555442f6b5282dcd70b74c34c2bc3130a37c7549107f0bccffb2
32 38 0 12000 42 1 :3bf6011985d35d8b03a4281aa346e5e22e729b7dae4db4d95fd6baf5465fd55ef1d37a1f6ff1
32 39 0 12000 42 1 :9e7c86e27fb8ac32e5443649c6f3d26a6759e377bc3de672e7577cfa55c28950d24317c325d081
32 40 0 12000 42 1 :9880c1462fa56491464232de13e23843794c46f9fbef4b00303b97d31dcc643cdfc8f1619607019e
32 41 0 12000 42 1 :232412e3f260680a8e25504e2f92acabb6638e11dccc618564c15b2f5cbce473e77672f820a40bd247
32 42 0 12000 42 1 :1761cc5d602feda54b650065296015dbc1aa7ed9b1609a55397b33cd30fc37bc8463098461d8758e4b84
32 43 0 12000 42 1 :9d3627fe3f79efd7bd12f6b0af7066a18e1bec7ea80ece094151220e86156dfe2a83ee10fca933759e906a
32 44 0 12000 42 1 :7065e10f50e63c0e72036cba3ab382bf52fcabb5e70d1f9bc9cb6534973a62c3c655751b5bc8165ce6654426
32 45 0 12000 42 1 :02286533dde207b3df880fe529ecff8dcc2c6755f49009240f9a89e300dd7200db3b09c1da8f3fb7f98d323f94
32 46 0 12000 62 1 :683a2f924488258059a4aa91efab858a82d9a66af67d1fbd3bb659e0c5d5b7eddefaebd4e0d0805fb091bdcefa4d
32 47 0 12000 67 1 :0e121860de288e94896ba79e8284baf54a4eeccf70102f1feb811afd77d20bd9f88cb7fc683ef0a5304fb4510201aa
32 48 0 12000 43 1 :607e257ee79e8427c50f3e7c4c5a323c7165327196f6531b9f665d7608efee69886138a6c723e490465b17a5f60d5196
32 49 0 12000 42 1 :e6dde54906f18ffe32bca9408006fae32a4b618ae05b8cda87cb698dc5edec4cc3bdd67467374b6e889cf66fe27140b64b
32 50 0 12000 42 1 :61be932291b43f4596713716dd479fdee1f2e410e0386cd8cdd7fd20b16d42ae2de329f571dc49b108d3cf3880546f2e1157
32 51 0 12000 42 1 :58f648cfa20eca5893a3187369ecea0b45f95b8ee9bbcf6098f692b4b9281fa8d323b5568b492a7947a00da1382d52e8a82662
32 52 0 12000 42 1 :fdec54b31bd53b79612a98f272ec9b23ec45711d776d000c1b8d226c6349e73dc37e79eb3c06361285edf381e0bbc69e3e64e17b
32 53 0 12000 42 1 :d2d3b082f171270b4b6f5968c8f92093514e59780ac50e41fae3fb2776c21c52c23d51ea496b7ceea8f55d43fc4bd70fa61a5a3575
32 54 0 12000 42 1 :53a9587d575da477dc7562e77f6a54fe5fb8d661f2072f0dd10fe135073a80e8a93eea5890cf04ff31c369bf66fd81fc3567cf277bb2
32 55 0 12000 42 1 :94fc1b87f73b39950c44fb6b5c0be8c5c8d2b32b94b8198ef667ae5b6318e8104c2b3204c888562833a9f26a1bdd8edfd6824bb891f300
32 56 0 12000 42 1 :b8d02b5b4848445e0b9b9bbd96d97dce1b39706ec390afdbff0e2efab0ffccc7eb8031b0768a31721944e876bb2ce4c0a84f1d7681adc8b7
32 57 0 12000 42 1 :2b087f07e4c35cef2ba5344c0b98471c60b05b9bce8d22417873b4f39701e2d7896164cf556a3d361e1b1b4321d115bad76f4386dfebfdec68
32 58 0 12000 42 1 :5da87377f6e64fc4a7f4c7a1a031f519e8b4ea482f2cadbe42c1a24f677509cb901e8706ab725fe4616a1f8bf90466e2acd8ec74dbf70ef52ae2
32 59 0 12000 42 1 :6c76c9ede7c91713677fbe4c6a79471c59e126459de8e5c26e7ca866cd3446d4e86709e514e6805bd6de9f05fe2c8081cecb86888c3d81f2cfc228
32 60 0 12000 42 1 :7b1234d7b1d6cefa2e901a3bde7121cff0304e4c0ef73ac10f70eb190686fe1cd984ce3f3416aecc7f291fe80f9177a3841a2c750d60d1e322ec73b9
32 61 0 12000 42 1 :288ca6b0459be36057d477e9c66eb7de76666c41149deaf1213fadad3d035417d780b377144b282ebf802349b9ba686e5bab4fe87b3300fafe322ae82d
32 62 0 12000 42 1 :d380f6637dd3d7c90e7c1b68530b99f69c917c7dbec01dd05d2382f7cf9410028b394df93bfc8cce021267e8d5b5f718a4a163514178ed9cfbc729e3bd8b
32 63 0 12000 42 1 :693e0d5078d48c1a3c096f576fb2eda1c382dc7fd4892325606057fa3a36546d2125d8b298b04e25d98d3be36fa1800cb84c7a8aa9095f8ab694e515207664
32 64 0 12000 42 1 :77e53e90a507bcf0739ad7824d5adfee68329800afc0afe3ddab04df76ba985a764ee3dd145316c6751a9f9bd5907424cf84e2cc8cd1ecc928dec1cefda4b597
32 65 0 12000 42 1 :5a6f2ccd9816d2b16d8a33d13183324decc13097ab808d0b1d1461d72db77d597f48392b4a2632dfff1b20fd7570acf8dade1b0daccfd1b4bea2043161c60e0f7f
32 66 0 12000 42 1 :da2450252de4414a9fea348ad2911aa8e78102d367c7a919cdbbbae61e958f1d9d36217580730a80c8ebccfca8ab25b4715064453546dbdc68837ea5e0dbcf8d4cdd
32 67 0 12000 42 1 :7efc058f6f83a968ce90407c50380f2f2191aaeaa6690f0e9e6ce9a780622c9bc595f24cd30e339dac215757b599005669ddb6f169fdd28d26666a605b6c5f21e39b7d
32 68 0 12000 42 1 :ea08d6acbfebcc743ffce161c5a423254488d5b9c1f876d5df39d85632a4a9b32ac238a5850f5191676bbf1c21fcd1e4a6dc89ebdade89f73b515ab5931cbbfbed8fca2c
32 69 0 12000 42 1 :ad1487ea8c350c635e7a2b33a6b55d7d3c0bb46f028e604413ca2fdc3f5c92cf5a9c2decdc535e1c7a0562ba15d916854289ebd351a49f7fbbb8ece9911f799fd46cc80e87
32 70 0 12000 42 1 :8a1cd0cc55995b4ae85d89b541805ed9bb01b681f9c000d882c66fa3e26098b5c1ef9ade754c9d25fdaf181926ee3a3e97c48d6ec17f66c05aa60993c08f56b1206789507a00
32 71 0 12000 42 1 :24ce4c2d6611cda094f8895aace09f2ab621fba5c89b6097a7cd70d532c8fb1f223eee1b48f727976e508bd6e9e42dd7127e58ff980868f67761e7fdb75ea081cf87012d65f023
32 72 0 12000 42 1 :1a7309093e5899de03aac53f107676975ce872a47a891ed5ed9d0b605a3bde94e308022027712e637e2bb3cc63b0102b87154d6b646dc729a651a5c20598825253e54d07acf76c91
32 73 0 12000 42 1 :5cc7195d63a150dc17c8388d0c56e61696250a548c312069ea50e1421f01c42480a9be7c689204d741771ff7d6662f8b6aa78834e8a1763f1a7af091739803f8bba63e7a88c8fe7301
32 74 0 12000 42 1 :9c82ed9c1eddac81c6323c2bc415457004997b64aa2d3825af8d621b089d10c9a53b1bd736e209160f5aa75df8f1cb21d679c56a96dd87ed11a11830787a0d8295707eaa62f97e2f907a
32 75 0 12000 42 1 :b539b0cd3dd23893d1b9a3831dd436f669ac9ea94d48b6e2a4e094e04c87cf6f429e3c8523ec44af7e5acb8af88dc8ba80a917203b7529bb39100416de0bd202690c29c91ebd80a8e02482
32 76 0 12000 42 1 :76a20d6f729cca55349d7c9f146802143ebc7d01488b9fc75b4d85b5d42189d965c25db2a15054bddd0737162a32df98b98f85d6c9b442237e0fcaff02dfe137215281d3aa2c1a8a675f3ef2
32 77 0 12000 42 1 :7e7d62471078d05f6181cde3ef8a68e905ece0811ba68a90da64385dac8c67202b80cf7ca2dc0b0eb33c196abaa83807a19c2e3abc0883a441b2d1f53dd20c064ead4974f4e836175ba4bce735
32 78 0 12000 42 1 :def8f15317949d7a1397816a2c2ab1856a81393ba8c9e436708c26e3cf95ef6294ef31d82aa1564b19cb0454590b696fce416fb6d383ecc3720cca80a79c74fb45dd2f59efb96d1140a67df21e41
32 79 0 12000 42 1 :560a195b5d8903ebac40c8013d44c4ec923db6295e89d6bf3f68346a99dc8990e8db11d5270fae5866cd7cc3a8d427fcbd9449883e5942571b5f36a3464d9da095e595d91faf8f199245e95f503ac8
32 80 0 12000 42 1 :4bf1658feb5fcc0c369d0b260a75cb92a685251c991f8e218d5efd803df39c223bb83509d8f3a03bc62d3ede29b30de62086c6fc7573707f516d8fcd7b43e7913fac3267128e34d8b6db26e287224895
32 81 0 12000 42 1 :b7941afaf9ef5f187edd80d41a7a733cca9ea56f4380419dd7e5c94e71870e3d9197cdc4c68972843bdbf76a7c51c9d3f1eff3d27e8c6709146dd6a608d724a2e5af0471cd8afafacfed1bc25104c024a4
32 82 0 12000 42 1 :747a84a054bee64382c800e4ba510fd36a091222b87db596abe8eadd80819de458f221e70a198d0c2911f0db2c843e9b9f3dc94f01a3dc08123f631e7c75b3fec3cdaca18e0a75b88fb8642c8147c9f46f6e
32 83 0 12000 42 1 :61dd9a478fab5fdbc213636093663536ed6d9a64886e74c9d6e587e73dd9a2a999e43ae1ee09122ca5a02ec0028cd24cc67522bd3d8376fdd4bd044327fbf781dd80edf55dfc46eba261d5dc5fdd0b98febe05
32 84 0 12000 42 1 :6fd217a9d6cf192c8f9902e66ca655735f654eb582121f94ecf5beabd13029f81c8137eeedc9e088c90464ca4eaf7cf45aeb97b8f424af5546430a6e608fd0b522949db9cd7b4cc16f9d2b9eb087cd18e6c22409
32 85 0 12000 42 1 :336393fb3dea0a275f9d5be5ff058ec39e6040ea30386a18a863bb1d736218895ff5e5b20254d3ccd39ae24de90e0baf543f1e99a8fbf00418079a94c3757594b605af43dd3a28d63bf8c45de2e7a5c32f7e7cd540
32 86 0 12000 42 1 :a47630b1d1cadf648e0f5e05286068ef3facd148a1205f81f3caaab46d32ccdaedab1c1c370dbd7ae7e2fd3bfc970726ad2d032ddc33c708d842343da40e74911fd04c2a77406f95442efc8ee1246d7aeca8aea9ac70
32 87 0 12000 42 1 :066367213d21fe72ed6ca40e1a6091e8973eee7b2c3b089cfe9fa84129eb5b6bd9d2412290fdd92fa39f063e328e33479a166463041f263e8a03dc9e4e087b44e9f66ae92b4da23119cb05ab3f0b5f797c665676b9fcb7
32 88 0 12000 42 1 :7c3beb40807482e32e0170d6928f26576091a6462f5cb649b035d1a9cef43009ee38cf606bac326094afba4067458bb87652bcdde0ac4fffd7c4c4243e7cb7fb776076b2e391129b9d7afbbd9e727f2b87ee16da399b1a79
32 89 0 12000 42 1 :71d3eba1d513b8d410f0f90330ff6036d5c2bae850d2686c12c10075b1476f889cf41c81c2ae33987e80b909396bd0833bf16cd66282c74237754f251075fce15c66826b7613c5f679bb2eae10cf2eeb633ab6c6ef47248f5c
32 90 0 12000 42 1 :a5fca9351372b9ce6af808d798ed0574a006c7c1eb7096cf11d06d7f54634fcffb6996f8bef32d594e304ab087a89a8a75157e0367fa02e943c397cccc310bf92ae4e150bfdf6e63b4c293d9397a60562e1d23482bd5e9b3446d
32 91 0 12000 42 1 :769eaa681a58c31dc90b5fcde0fc53c6925f4622bd036175b441bbb97e75ccf99b47a8a99fe5917a5c8289127f4581fd662f25d6487daec5be363b1c46af02f2bcb71e216aef5fe421c3e8673fa292114b43791bbb050206b2f7ef
32 92 0 12000 42 1 :f54a6b01381ba12ad0d22385c74065d24290266802bec9bdcfd56501f766dc419395586f3715deeba8a34b5841942da736402742e2df2600f0016b27bd2134ebc444f45cbd573900fda1a537df0779aa0b89f075c65adf5ce02216f5
32 93 0 12000 42 1 :d355373183f0f025db212f19082dcf27581423458827ba0ef3c9a003ee5f4185cc7f0bd1f046de62dbc5617ec46dcae630f53ffac95545f316a753499820dcfd1bd76aad6177051f9224a281d116a664db3c156c3cdefa68bc07da4479
32 94 0 12000 42 1 :f11afb2cd7f5d2f48353171cab84571e200a37ebdec881fc7008719482aa59a0585f359906bd261b21e1d63843f17b49db4351c4d50cc83e18cb5d5fcbb62105bf94a38bee5b090b73b3395116c3c692573133b8c3e32030be7457366e4c
32 95 0 12000 42 1 :3baaec16221e91b60e8048c7394312988fb9cccf580009f31cbfec9d22f0b300a40cc4f9392b32b9bcb73be3539d5e35a4e3fa6081bcb43726ad96586b003cabf5fbc5dc6abc0b247b4dd8c95ee878867db631bb6e2cdccbb2668e59ead00a
32 96 0 12000 42 1 :e3f1cbebe1aada7f0e5ac73365bd53f858eaf2101ae5eb172ee7358b3aa29f4e64e3e7554e4e5e5746c26e9c695b631f2ecd8aef851c3786d2ffe3d41a0862cc55a98557d99f6695e7e9a3dd07c70f1413ae22891952930a3171c76b9e66e3a1
32 97 0 12000 42 1 :1eb5fae903db060dcc969dc753a8cf492bf5854b320af357e99ac33111c38895d7d24fd95df50bef56ba59af11ac2018018d6fc46546d819bf2984e16163a306c0f33addb12a0aaf2fd264dbd433247ceeb30bb4d784b74b6f75e88a1db16ca686
32 98 0 12000 42 1 :a8d131eeedfb3d8029f20f9c92abac27ab4d6d7abb6e8fd7e620680e3bd0ca149edbc3bd84d5f2e096d63933fcd53397c16bd31abde48589881296e591527461567eeaa975435c5335dbeaff27de3cf230fcf0e44f3beed4d5c30b20b5aa0bdb9e11
32 99 0 12000 42 1 :28791bdca7b72945b744d96c6ad01f850d58cfc9a3b010faec3dc50c79dc2d0b5bdd9cfbffcf74d0912727eeb95c1d33ddb7c5b0a5f73f0cf6497746cc93b444e6ac259fdaa35f1a4919310b4106c23a40d1e804fe363a37efd662dccb26997d767f95
32 100 0 12000 42 1 :0acd371767d79c7efe1c95162e910ba8a5dc6078474ff9dce4d20516098849c578d77b247aff466c16159c24ec71ff3b2fd5d25640e9a4514a225c1360eaded77ebf9dfc5f24b14841e7000c3e636eb76df10ae52513310c13a96da3d9e0137e3bd93346
32 101 0 12000 42 1 :1db4cf990b60c53dadf74a2f476a32d29e1ae9f07a52da21c5e3e81abd6fa9c69af2324a258d734d2c8765e6399e98a71bc9304d9206b45309d25e31a40a5c70b8e9c4a5194efabf7cff4a8765ed6ebb8fd969c8fa02265d03fa632c392b006cecb8574553
32 102 0 12000 42 1 :4f259d12fadaa88bd1fcb38d8cf1f7166f6aa77895bf715548c95727f0a84fdc2c0a165244b1e4df9c2f2ee2485d0bb87254855309f66a79fc277440aaefdb38dd664eabb133045902d8feb7d749f8ae235ab8e7e7cc06f44bcef7224493645cf8c03a5f5795
32 103 0 12000 42 1 :08c626420c514b05cd0ac04f11f1bc38f5d87c8410ee1a65232ac398dbd8007ec418d267bfa8a368690ed45a27018611193bc17c306eac8ff68f039b21a40d207841d0827eb41321751141968775201e081fb3ce62d176421063c78069974f91222fd2b3c68ba8
32 104 0 12000 42 1 :552941472506a51ed65c08d9012110bc78a7111d37ae90e05618ba08f37fb47e920c5ef99712a9486f5529114ae30fe6e9223d18cba7ca5d172a597331a4206297cdf267d833897f610e400af87c83ae5f4897c09c7133aadaf4e70f36e7db427a316a906d1cd69c
32 105 0 12000 42 1 :86603c4a2a2934202348c5ba738afc657886ecc075ba5a0c83fd0c05fab9ced6fa4a1d082142cdc4a2484700436c86414bf376584000519fba5857c9e6e5838b9ca3eb87d99889290c85c22baa75799e6536b9917ed16ea8aebb7d894a747cf572a876986908d89c16
32 106 0 12000 42 1 :1b3fd8aa2a5824ef44510bebfeb3edbb54b959f4e953d911c9c90aeb8d0900082bfb211baf76173ff454024a25307c9943b770a3b404d1c0ab0f1be4f2fe8ff310b3913a9c35bb74166b127e3e68a741b742b1f4055985157d60fa680c93191ff4aaa2c814b044eb3618
32 107 0 12000 42 1 :f5636e177813bf990bc8abc924c38dc4d8427894c9a6302c52a6b8332e9c72dd21b6f4e51967aa4326f434fd472ae1837a10f7a2e031fa81c3912833d8a48c60d761cd1c4a000d71ff1f62f2f47e30d885bf3ab26f73452f1b5dc06c09db23dcd01fb7c035e05e9cd5400a
32 108 0 12000 42 1 :8012be95041a3a5ec53fc6e0e12a3f86d318f23de7562f9d773b1b970e121d5a33aef5a0c31edf8896661ff779fb38d2785c183a44d21c7fc400ed1f7d03736438b2e8c83723e407377103850b7c61035c31033f5861dc7d81e8903a1aa0130979b89a16b72c45c066050ef8
32 109 0 12000 42 1 :2f36353e5eb3f2830a2767e3b4cab59e54f12894e0f5d83c81a704c22f38365a49da623453ac515e2146141aa7e41c43290add0790dadb0763414466ff3269c9d5df9a291306e60407d73e2c92b0ec5ab8edc9de77259df522c228c24338a8538b7861873bf419a970a38dc1c4
32 110 0 12000 42 1 :8e21b99845a570c3c33aade5baa243afe075b09a68e3019c25957cccf9feb85406e1a243df034ad0fbb820d1bce11a4a72d1988c21a994849203090bfc29dedff0169f24872e039ee8495abf6512904c0b456253020034ca55c92ff3978ec2ab620a6226a6c7c5343b0fff75e903
32 111 0 12000 42 1 :40e7efcf155e135167978fd459498ab4cfbd4835f24a388da89f987fc7aa53b618152707514616dc5aff47f26258faa1a8f9db4fa5d1b76f5eea00bade2c4a3ddec5022637444e9cb179b58a38fd9a7a2eb91f85f3553c56b1ec4f4e0ac811d85f3b768f0128a088d8d0e7e806f0f2
32 112 0 12000 42 1 :e7c6b5188d7b581936cebd1300e1895f66bd6b148d1dd2698f44797cceb2646d487b7944d42b826e4150fa4b120490bb4da95b585b34bfca58e25e9ae38099483a646ed9152c6dcf211f2a33bf1cdddf873808d442e90549f908d29144a8a10551d815577448b48f7c0c1de59f17ff4f
32 113 0 12000 42 1 :7e8403abe9f5123e7a261b1c28e5bebbd6611863f3b08b39bca8a03d719ca55229979ff9a6eb9c4a602b63a7a4f4ee8ae58eadaf00aecdc00f994c2216116467f9cc589bfd9059eeab1af98dc1992b004cb81db98dcfc12903014b9dcacde78913e1cb7591a4b6ffdaee14ef652f640e2a
32 114 0 12000 42 1 :60a8134ecffa884dfdbab962c99b5cfa85d1f117d8dd91fdd4cefa13f032bf5495f340a5ee1bacf0d1783cebb39ae9d43a10ba0f6829e705aac22111e9dfa300872d870b629da43660137b8ba1ebbb2f34b619a5f91c568b5cbdbffbccc116832c9c860482f9719cee559606161d85da1377
32 115 0 12000 42 1 :ff2d9c4b8aa8f253e65f8404dc4151f3150add54315147a1725f920aa2e5c0ba2c74de006b1d959512ec2347fbd5795b597a04e9e3a31698cd536a1052ffc6f3983c2e67d296fbf496605ca5b59f3be2a204535eed18505f19a40d1b97d3853be0e2bc088a1b9feaac198b15864347dd56ab17
32 116 0 12000 42 1 :84981399e1af79ffc66315db7cc6db19dc6247a68ab7f30f5ff2693845efdd2c52568b5b645720f6fe60d79491961d866e1f412ebb804ee369e30f413086ab2eaf1b04506eddd1fd78b414f5e2382259dc510fdc358fc50cbc1f809efdc5090246625f72553fac6ad128d48a963a7d763d92e545
32 117 0 12000 42 1 :80cdcbd68fb12d7a8ce610a70dbda0377d6249eee89cabdd8abc5051abd83dcfff1353d86cc349be9fe2939cf9d735d0f33dd8a495fe66abe65e44b9c2814e98323d55ee71be83e354b9ca13d5b0fb2c68a99918c08e9179c8985f4437bfa2f64e249747695b6aa72dab5405662c5cc547303af048
32 118 0 12000 42 1 :c27d0bf0018528e83068c746f308cbb73309e5f0a6995001736415001e51d94d6c0e17dfffae50729e9436edd963efd1574aec6699d15a5135138594888ee046513a7dc206de39a10499bf3d8b8a249fd8ad00226d6bb3d78c3873703ea5030ffd9d114ac778e4fe0ddf0ac71a9eb83d46c64199d79a
32 119 0 12000 42 1 :4eb41945160b3e91d9ed3a44bc5ac7c155758daaaf1f7e29f45d6c947371c1ce390f4acdca67895ac55755418dcfbb552fb0bd5099e63cff51122eaac5c6b6824aa9c924dd0ccb9c2ea71e38cdc71099962e59ac9fc6067cbd468af84c8bc9a8280f47dc7efb1605067a90781fac94d19c0aca05ffb430
32 120 0 12000 42 1 :8523677fe44f07b6cebcb6bcac88e080bf25da30e69e037e17b36686afefb9e719e7b9e2cd2eb09e6aa14903d19c8f773375285366e26e3640faccb6b2f1152ffffef2ebcf2d87a50f3b04ad1b84ca411e793fe159a1f9d0db83dd83cf1e5edda8accf2a0edb776cd67911ab9dcf77edd4e5b7fad85d1652
32 121 0 12000 42 1 :dd2e073e15467620f5ed8386167895c0b42b2604f82b765c6a3cbb64393f147e6597b219ec57a9082eb00faf0b2d64c1963a5669249c76acaf7bd0b691f6bbdbfcda358a2865d11dcfca80cc89d3307d22679c32ec8d6250685c95ca2c81ad8e57046f680d8a85efaa2e16d5827307cc60893ed39fc61b15e8
32 122 0 12000 42 1 :1a20f1b2d6c28465931188a74b6162e50ac1958293ad2518b352d034ce38bef07bd72da2a98664f005d973cab98bcf7dc6f996a0497d4c84f1158d14222762b772efbda394721ce181aa457fb9f62bb0d2dde96e3a8c44d251d069e268e4fad344ee88b11c5497a7126ef0e3ab422a9d83e90685da91a653bef8
32 123 0 12000 42 1 :5c9fcf7847d058b97165400a429bd0a697504c8e5990b967a14b1564132cd58b23aca533c35210c4248c45311b6b4f47698ca7594c308c2a21b04535dd0d15d5d4b83d722cac7e7948f0430d858ad9bd099133310b479a69db123e72d20ee2251d634abfee7228c9c8b5237b7ca315db81ef6923e6d72639f3d9bf
32 124 0 12000 42 1 :686021d17acd0f2b7f29c80a5c6ec0cc43060433bd859d3f8e2708b02e3665d276b2d767f7a9b7e21d62497237e5857c20ad9906f2d2d6c6c48afedbb08e2159e0cf601abe48d30afcea2642ecccd2b7a7a7437884717db854b39a26c19a690b8079cc4342530e683053db32bb4f0768522e46733da04d1ce60973ce
32 125 0 12000 42 1 :56f02dcf9db9b266b082990e13491457e9b9b05ba12f472681cb4a18e1d98f35cf19674ecef8b849e97eab4b8fcf571c3635bdd601f5482d55ff11326455da3a310aac1c3514781b2d117a07b1c0d58d9b90df00404c1e9dbfb4f92d8d6d600e77b3b2307d2ece2810626f26d4ab5cece614ba1e68bf8a105e1cec61ce
32 126 0 12000 42 1 :c8b8a657c366db188709cf26bb579c6b3d660dd3d714cf2e3380909604e70b513c1b7ea888499ae47edf7dc14319358b84f77142d48ddde66ac37afd77c874a5fcd4005bb517fa380252a771936fe9d8ddd9f59fda8aef94723aa2bbb56c3b5a5e916651e77453219e8e90064744a8f3bbcec3e69325a00eb1c3f0517455
32 127 0 12000 42 1 :aeeea634ced02308692bc93fa5f09275e82ae0c6f6875dd088173ef1f1284e48e14db1ef462423a307c17619cce6e8bbcdbf494bed7e7ccce4f93c8bf4f331f51446eb7ec1ebfa213863dfee0e74653411bd1e8b1a39a52b0f6ab8ad1c58993799920260b3386b5766c876828abb11df6dc41ca08d2c60f91f6ec11b152447
32 128 0 12000 42 1 :8ecf87f9d1b870a72bbbefe35017f38e2f8c5203cbd611ad16f21942dbab5880bbb6f8ac36dbf0ee69ebb699c0ea262c8c4d2abe9f8677484b17385a1fe913a16300b258caea0588598c1f6be99cdbf9a2f20be22367b9067aed65f73595a0d2d4839435a6d1e069ceed2c7ccb6d9b7591be527c9a15a659ed07a6ec7d529484
32 129 0 12000 42 1 :f418f6e28b488c5ce5ebac598025201c8f3a591e766486f13db5c6acd65c9d2c7fd62f4d54a77b211519dfa12faa1d29d23302536b422ef314b8da1a231a5b9d9242bfac732e0e65eed0bf280905a6e18425f85376b09aabf3d25b9dc4ccdedab204e9e677a19d4887faaf07b09ab99d148aedeb3189ffad5bd4fc03dcb673a857
32 130 0 12000 42 1 :8ae6a08edcfe699dbe62b367fc7447be4278f17ac6413f51f04636ac1f2354085431994b6654f958130a0a9852ca4f3434242445217eeee2bcf4963b1445ed022d25f35e527252227e64fb4419961e8fcbb15029b1c7f7a71ccc719661a1992fd7ad76047840b93b6cc7780a7ca4f0206b68da4b9af4a8e2e274220b468758eb6646
32 131 0 12000 42 1 :fd099f6146c936a1f2676e7044830aa2ce3f7ec3119d7bce371bf7c072e50a039468fa9f9ebf41d54ea39d6c39db58b2c953a0dc7f02e2413c8bc12c348e3277d0fc750f5d3301d66f9cba8b0576b1abde172c93b85820eaef614716c1773327e4759bde7cad8023930edd6b1a2ffb7312393e4a7f8de8507d6a3b88198c9d56cf179b
32 132 0 12000 42 1 :7a313b3e5b3340d90e8dc72299d593d2005efc143f3269492e4a1628cf4145c43668942a5f60cc0d76a6d33916a6ff7af2798b01203b8c005aef0794560a705f300618e1b67f91de2079004bf4b2930b87d684787d4d50c1de30a9eeb1d127456d2553c1cf70c8b9173a646073db7ce58a926e334cadf63e8d22a43aab08f7e94f5e6e6f
32 133 0 12000 42 1 :2ff2efeea3b8bce0836e720fd0150fd1d8babfe6526e22bc7718f2a4bff808a0d572bf54e380d725db09365373e6610a5f21bdae6f9d51448dbb3989d71da6f5fe7abc8b0175b3ce8cd5379324686555162810ee89a82675b43ab4fa8b883f7b555d9939ad609ef9f5c027a455c4f5940761e80801767092a59b5962557c7bdacd765b5296
32 134 0 12000 42 1 :7bc0e80518a6e4c568586fa3c7d12f5a38eabf3cb0e167b05b140ce85ea4a2639705d4efbab2358e6af16d622b83b2add8ba954545bef1ab220e0c4ecb75bac8d6e9a98da2d282cd6fbaa447b8a15b5d1fdfafbd3ab0e7a0e3af76833fbb711da84e40d4e8d1e7fe3acfe384f6b221602b23951c586639ad7b395faacd2009aa04612dba2b1c
32 135 0 12000 42 1 :edab1ae01afca05de9acf4bd78f086d499c51eeb63fff4042c5fdecba263deaff1294ffcc0a5f9557d99d7ef3387562c99081028582b8cff6439a7b4647709db06a708078c6e1f8cbba000c67745bbc94bec0798aa27f0dacb16f339b8242c5357b623ec1ecc04be504105e4b51f24d75f6329f19370577b589b37574eb78c45ec48832024b41d
32 136 0 12000 42 1 :f4cb8334a2315e1b92a0a6e61ed65b75a0c49c9b5be8e7cbcc83b21407473e23839ece8ad2a15dc07a5a703063e88bdde87aedc0d594fdfaa1c93c9325ef5edae242ad9aa0235c47693f0c7eb3f5d9c8e529896b69f3aabc3d81644485a62cfcad721c3bec65e606bc1b0011e06c13eef925ed157ad38a054adfc4feedeb77991afb3028280a5ce4
32 137 0 12000 42 1 :ba0b307d50b8a233e782d4b3d66a239cacc625e93a180e93f6e16c580fedda77cb4af9fadb8823e24e2e5240b91770b922a44474f73cdafd576d650d2e06f83591f598659ad058042f53fff4830a6d94058f2dde3e5e4b48c15aaff81069a4e4af2e5b332c96c0faa621a2783f613d442483e7c42229de09b945a6680ed8f4511059336b32d9b45a57
32 138 0 12000 42 1 :bf5a7cff44fd2ba9cce57c14e7ca0787e9c47230eb5e4e80de5f57cdc766a3c2b5b387ba90cfb4ca36809d12aad85f697bb36b3b636db58c120a1db2532c60622d98f93c5a2360da6379b6b14530f90719079e0cf5e9f23db7c5b24255ccc5e2c244d01fa06be1319f48833ca30290b0f0d27891cd2a3cac248d851e41e0ae43b363416244d9c0a04ca4
32 139 0 12000 42 1 :46623ad8494e1d59bfec4ccf2486bfef5ed6f7b15e628c50c34e5723b533d11fbca665bb9dcf715aa42e069091398d2727982b9a4b2db8510bd21425f35648ebff275888f31274bc0f1ab933624403a343caf64b7bd0f288319c5c98f03fe805ed138d1a87a1a327ee22d74649ffc9e010fbcfb87dbdc5b455e378df92afd36df47ca4bb817d79381dd665
32 140 0 12000 42 1 :99bcf1575fc92c34366ff5e6a24bd95a0b8ea65dbd854bfa376447a905be2f786e71ba375246d1012097e51851b62420ced34a4b67394201db29cf70578414d638c1f78faf8ff31cb9b0dfda924df80d639c843f8ae5d1cc43c93e1da78c59a3d5da65d3bf5b64c1ce164325104f70ba13e806eb020b7ec0c8009b038784eaafbb5c4a9b4fbdbcdae1cd5ff4
32 141 0 12000 42 1 :c85496c9b5bad51ceaf8475884b951d9cb7a64eef397f88d3a5512fcc3cb7ec66935d570e6d76debbf4b5c626e5b888f44924502304ae0a757cf827371b2ae394a4dce5daaaeeec6ae9fab6c72d0f3b011505c79974df24223e4ed730b2848557ce5069dc34cb993f4e08d93b542378cf9f6a1f4fffa2c2980c592cf692b4d393ade2205d7b03c7b47b4a5176b
32 142 0 12000 42 1 :a088572b48341186dc45b7591d7fd5a9dbc1ed73d83aa4398ed0438f5b2b526e88304addf82b50080c4f6606942c94d953e29efbb10deee30a2b2a62ab660e88f4839c4c17ab81a0d0e480d9bc59541e21fb14f0f0a5c517acd3b4ff3e22f54d93c6736f605a86bc8b2f8e8aaa289fd540a7bfbc0ee51829cb2503053b86676d376bf2d3d040c79ef6701444a7f8
32 143 0 12000 42 1 :2e83c4a33fe94850fb11bc879c0bb364aad6ae768868297c8af1b6e8086bd273bda67577f7df70033f80eebc48227de145a1f680cf81fc1159ed75d1044e44414690119f4b7898b1775116646f84fc47d107b7d58d8958163e17d878398e7e2cd8fb9bb6f77d4021f4b3fec21f7a67a6146330e4113bc22faa810ecbabfceeb66f77c40139dc331d43f71a6ce05a6c
32 144 0 12000 42 1 :9959a15c38b8886bc40a38467bc98c9fc2a76bbacc2e9d30b68344ab723ac5cf6d071f1e1d0d54dcc5bd4c2a286dbd421f26b577e03e3f8aae60c4b33c7c0fc5b8a01a35381a2e79b27890ba26b40311e0e9cfa62a46b432f66e5c6641c187396c514dba431a8df3fddedaac7adc3b72fbe1cb9ff5e7f2aed3823a2526d13a05257f87ce0a810f263ae05644c2d1edf3
32 145 0 12000 42 1 :4d4bb02a5d7998c0af350ea485bea9c89addfc5a99d3071de2844fc4559993739f817ef6f9b022c247b457201c49d689fd6adb269876cdb9326dee358df865d895bac48de5b7dbc25331be189b0c892f79bd03883d955a6e8abc93717b6b4c065e4ecc86503dd0d23ba1c651f1f27b7886cd396840ef57c0c24f7adc79915794730e17c64c0ea3bb92b94a1a917e820664
32 146 0 12000 42 1 :933d8e997986b98626979faee09e5c696d2b5c5679c37c273bb14dbad7a91e8e2d9cf0e6e85d93ca55e9927dac6d381c145248c46417cd5c2ffc607b2a06fdd91af5839c8742b2bb6398c4e7fe7fb57e00cd9fcda504991cae99ff108306725926a292d65c0c1c7b946ed4aa3060377f9b9ec4f5d4d400128d66c941693e29f3cca10061a2dbf1ca64199bbd51ac8ad93f01
32 147 0 12000 42 1 :022c2b24aa7794a1155889f4ac03856b3974c597d02b609b890a511a90ca234562a1c110134ee8a19c9cc583ede1a3c3d485629f049fcd35057c6f8a2bb1e04e6308f02632b262b646240eae6ef7783e1335d7b99a62dd996e8ca1def0b6848d45cd86acc7821ccbe3107dc7a2342eb9fc5675f8991da803f5a9443fadee9d07ce1509907070744de0fd422e5134ff2f5d0071
32 148 0 12000 42 1 :bf9bd0d2df0556d33ff5adb19ca3c81c6a538c12d954e692edd7c1554fe461030125ad1d12b1af7cb703ea44c4f5a40c2632e5c12403b501c8806bc00592acdbba2ffb3b24dc225f1762fd57621bb1c70340949985fcd8a31c1df24a52390c167cb31c037b4a2d96fe8d1d01c4e9dc2074ac97e1e320a234a91ee25766cb3b2132399ef00ec207ea6eebde0156db51c5ac52c848
32 149 0 12000 42 1 :04d8fcf97e9b5fd4a956e270bb0484426aff10aa1bf3673ff93f5c7fb10b94c47cf2b47018c8ff11afe2a4bf344fd1e5d41538732b2068debca31944c79d615f3e4323c0be68453ff7782e339e89268a3eb63fcfa19763a5253304529493ac872837bfa1742b98cd0fb270188299dba25c89b41a969714e70ecdd269fa1d99673af5d9b5a7c9b5284febc32c083098d2cd49959a17
32 150 0 12000 42 1 :41bca137b373d926463b5fc3e7d9538585c88d5357938d1e30e4dfe5e1e67f53531fe1478755ebaec6ee74d2f1f13a6a38bc4993fa98e7421225c5a26c31c4c4f4d0e180b9695c589a1ba7aa7f5d2269aa5379b789cc4a9c8cc7e829cf15c14cab353827eb48955714a9379404817239ea9b493f0a04cda47e0a233bac20fafe08839e7f240830b89b1a4ce55d4edebc63135ec69226
32 151 0 12000 42 1 :997bd36bee4b9ceaf795e7d02a6bcca0c6a96ec7db10e571f5c97a277ed06a8905db7153da6001bb8008a154a32ae2faac3427d6b37e35851c375991e49833d2033babf2d6170e83e768123c6417499212254570b1da43cceca49ce5ebd051dab86c9fda2e6bec90239d9af6c8d743a458ed7f5fb00171ab03807068b4d6a8959fdebcb77f5bf1eba61e746d539673c748db37cf737ec9
32 152 0 12000 42 1 :a7343ed254dc24259faafd28b67db138024418824c25dcd9a7afdd6e4823faafd15dc1108fe02a6a6a07ecb736373f7937b017d9b59940255f9886eefeec9dbd51db21070794ecb8b2e8de51f57b4f7b68a82e990270d49a0d669481c3c77c804aae43a5c2f891bd65d13b19964232f1f37d0c534d6b385ca871f850b6c3c52e3dfce633f266a7d527726de04b34a161c299dbd053d0c052
32 153 0 12000 42 1 :bfaad2fc8bb6594b07f224b07124380162c2a3f06edfb20a4f5249c62bc09de11fef8e42ed51610aa59ce840276da25bc302286d9aa570a6309a59030ac8d0e5213749bd5b5b05ef8e9aee7b13c7095884529fe317e83c4ccf33182b0d15b7827775d2e4a0c1b42021bf06bc07124ae90722d4a3ec9c7cf02f668ebc0da05e2d78cebce4fbfed1e1fd271e3134c13c921ca6b40538e47fee53
32 154 0 12000 42 1 :c7fcaf021188a9040a9a14139e1e8acc205670ead36c0e870ca5af89392ce81ef5172f6ed043817f71b447f4c4e1c48de3348985444c6d8bcc4b37b249e76995111545569c8cc95aade9e319f4d1a7be9ae4dddbbca89b82f9d80b50cf704166d3e893b59b909bd767d558c61cd96fc45b681a18a62501118c63ec15bc7be8e16e787674a703a4862a5d08795d9440c0e67830a8206ad1f979e8
32 155 0 12000 42 1 :67bdb2b6a1a21892e82bde527e04e7c0a01901cb53e5cfb94a75edf138e574199edee42e76a51efe29e097913e6d0939f425d3d32216a9ab12d1dd6ff66db3b9e787f97d40be9397a6fdb92bc4eda400262caa571003f83e5fb2122563a624ae8833af68809c7a1cdcc7de25e102480dc51cab94c68f0e994cc716c07fae444c2a20ad60d0acdf677f8e8c6b893ee873243e772fad4eb5804ca03b
32 156 0 12000 42 1 :80781e9b87d36c0be7862f68f5e9257ded2e4722b3740f6090bdd8be5d5b543293b36f3f9a1cb71dce07061611c2cc0f7f9d80bcf6a749422c65b4976a1cada3440628084c05b480e0e1b406c7abfad4b05bc31f76bb9f68f34361fef5429e4723b67a597fc0bdbc5726fe4ce23c65b4302825503b982c992e65a289ead4ab05c5012f8fdafe0188cf4d7c362e4ed2ed1f78a5097bdd62abf3632c7f
32 157 0 12000 42 1 :05266912a11ef985976066c00a578d18a03b1e7bb0f3de7f93c975746a165e9287ed38f8dd5728203b6b8e11a7f74346ebef884d5263ae1ebf773e259bd5ee973be5a639f81a8aab013c3dd3cb5fd3750d7ec7c9c1099a134d5d0e26aa0f707d6785cd7525d01a5d853f89a40c99ee5bdbd0b4424d04f3746b81d884ec746c5e9eb6b67f5e2ea21e876a7ec0cb8dd4a68a19c220dbc65c8a7dd23e956b
32 158 0 12000 42 1 :57a8dfff53846f1079133cd9a5c379214d84f66d512662f01d6c83a58fdd357185a41ccae05fd00d8e854efc606d2e555f52a74f7c36b3d75df52f2ed83f088a629fa5b297013221dd84f5c3489bc56ed66b0903bf5b76fedddc24b8b52ea1a360764c2539d385207be30dfd92375aa7fd9ea7cf52d43116d7e0b94d8097ff515a40965a024cf2a51e51e256f66def91a8febd1674a4da8aaf6d4c88f482
32 159 0 12000 62 1 :8bfdca16a3f00e3ddebbeb3b902edc51df817a8d8f3ae2c64f1f0195591a838198ccbaa29837ac340871f84a10f67c75d6a19bb3bbe20bba8cb21a6f084d5a908af7814576a2bd9a63eb886b4d077529e4ad1733f15e386c0788cd20200b85e24694d14b90a29d9ca117b3d168748eee973fe4540abae2f0a74ac2980b85f02f5ec7770066555a33aa561f61016c48c3c867c10045044d1530cffc93e38912
32 160 0 12000 69 1 :2c814d1d2062d1d98df3657df273ab6b1793969d9ecfb3235c2b9b5f198b44c3ac6a5d0b54f3cd7d99929633bfee73e2b120b6567127e4db4a2243b98d2c265fa97cef9773aa666a15bbb330d74c7def2afacc8e5716d83110f1511587a1dc9209c8fef602853457c22eba5a67793068b40ea380d2ce08a25c71ba2bc19c1785cb49008148b2a689d9ba8563f41105c2ca60ed90e5c73d8e7f67271fe8ccd7b8
32 161 0 12000 43 1 :1194f3727caec5b5c60ff967062b283cb93cba0e2b6c5127f0472b158ef0a5116daa23e3e86566cefbf627d86426cb87b66d6d3d0fa61cda8fdb13cbf4c681248e3d698d912a97b0299e83639902622f703063ff819528b020f97a10dac3c9039c015518b977301e09ff5f6df003fb1bbd92a6eb5bcc17cf0ec71f15473ae63d036dc34a8d32e3789cdac74d561fae04c8ff6d48e59893836ed6529639079dcfa5
32 162 0 12000 42 1 :1a7a0b7ebcd89bf3b442988218b008f5a2432c1592001698270a6f7e8b81421938958fc03595e8295673f0f930d25a5ce2a8f50a792fbaacfef3868f5aaae1b82ff5570a4dc1c28301e3e8082d02b276aad2f5077f0508e71e21871841b1790ce92f624d89e888f84545ba64ab9facea3af5404f73e81672831785bbd9cb079712a16528902a7d24ad3024f66798c9af770f93e3978817deaf2e6bca07c2aa2835d6
32 163 0 12000 42 1 :03cf1126aaa5807e2c0d67c63acc5c5831c7b60ea7697a96ce359df9fbc26c98a42fbd0497e388742fa46055f7ed246906c8c742cdb684c6e08b49f7a7cd2e24d58af69a78042a5c6a09c3db5f34730528802a6d57243a41bbd05e102ebfbabc7fa41da77a05688f9a8a2ded373928eb2b5520679717d2084fece4bf80672459d3993f8620bd4a05bff7cf347caa4d581f34169279bcac13dc5278264d586531fba568
32 164 0 12000 42 1 :c4157e464b30e4a1a09874de8cb92014971d562aa8184a50dc8cdd8a04f0dd7693a31536ea9a452a641a46c2dd3b8a3ab203e123a406e307397e5a4dbc2db588bb021fa6f79d6d70cf8e1a24afbb5a4d26709452f8b4911c27ff13f7d4d212986153182a0616deefb9c726ba22dbd62e85324fdb6012c87ebd8418400c083a682c950d03162bccb716c73cbd367ddd5d1f6236e71bf27b75684e78991334d546ec827e62
32 165 0 12000 42 1 :48985e08a8f1ec19d01624bb8863b16d200bb02d401f89f56a641bd10e937ab9b08f5bc748c0490b0f7890569cd40f65ea9f55884a48c8465a8e605c83319c5211aaf122c5714232875d4db84f5edaf5ca2427fd71ebfdcd6dd96919f1bbf607e56231369a13666f7bce92ee9ad1b07087f2da55bb2f0239ea8c06315eb10fd852fde63390d1aea8753d898333d49a7257803be4ce5397de2ab4a4bf64f3abab1343b23cb9
32 166 0 12000 42 1 :569ce4530f44e5e9ce1dd329533a174cb2bcb729b460aa7b611a4c6fd121abbced0df7b4b6ceb48cbc4321bdaee9f828f8050b0c8d5d663e8404ef5dc69a8dbb18e103f30c7cf645bd0309d1000c9ffa56ee37339a7675236332807c230f16b5c565ac3bbfee75701153761d13a7924202eb5ac31b534277098881516d90d488ecb387d267cc0b232b6f6fbc65312c855f07ce353e058cfeafc621b7bee3a24f803f0a9d8ed4
32 167 0 12000 42 1 :0a4cf718c3d498f2c545f6532a612a8c71655c068ae192f5b38034cf353f712a2ec98a5a562974c9c20c696da4b2e0fcfbfed3d1847676740e0e5a117ad9f67f2de74797b39d4ff981289322fe0605428eb93542ca530e35a203af6aac475c846f0e697ed916d9fabab8119a1db654136e52771aa0ff6e60339aab1c249298a440a945b1135dfa65cbf6d4f17bb9adc754fd5db8eba12a591f3d9b7b4fa1bd3b5b563c2fcd5403
32 168 0 12000 42 1 :a324b17b9794d323b2d3d32a6d486b7af31adb34d5832b943fb4dd3e35dc16237397ca540be8a3d02ffda3a5fc1adabdbffc26c22faddbd964675e9285183b69a6a31e11d9c289ec8c763c884ecd51cd63294c5b42e285c5b77c9c35c5fe6ec079ac0cbbea40e018f14d8de0d7519678cc8a429e843f8ebfee7926acaab1d0040216234ec77396cdcb2e0088dbf4c5320e788cc5ab20843f316c7186e6d7528da10829e3640e6225
32 169 0 12000 42 1 :3b657869d5088eff8a5af9ca2517cc27cd38acba31b7176fa7841c7b35dc9c12ea06e8fcca35c443792575909f5534ac6266744a1c4d90282901ae48f8d475f4fcacf14edda5dc35d5eef36132387654bcc353dce1bbaa71e4673a28fff6f20d61b85dd94ad7ca77a7d1d311618e76e8b57e72810014b4983203dc71be2915762be8bd0099a21345fcd823e8de9e0d49bc5775482ea329b2f059b062f4572471ab9f1aaf38f75e1705
32 170 0 12000 42 1 :d1c6bb7bc763d83c01835039d56070d260e0f2b188bc2f9a67e575e0fd270a73a8b48a5306f5633d5112f78e2c5f7a96a1e89c2262f3fe3b9a4629b39ff97b7708a4eeebbddcb18ac733ca9ca422aba2d671edca6b502db94ce33dbe114ba89d11f364fd19b181ef011425858e848873d9e5331680c1084b6fda53a1fe374193f25ec8bde8a9fc54927b8e7df66c45e9c0d2d098fd4b0dfef4e6e2e3baa3de61c7cef5774ee13c47d240
32 171 0 12000 42 1 :85cdce9f86885ecf9f8a4360c9aa5a72272473887296dcb2e73e534ad26abce1b291210c0d2cfe1f0923296f28333d05206aaf1d026a634ec730f394c8ccbd5ba0f8da080702622fc0d87be82149a9dadd735c3dd38f5b1c2e6f5c5ba925dbceed51da7803c670568faf7969f014c7dd93863bc0e4a6aa39b04594b9de3c133304d87cbb8c1ddb2223a3347b551c574873fb8e036014b3153d94b4a3177c450cde55ad641285fb01ed3f08
32 172 0 12000 42 1 :9e731fafd08c7ebecf0b3ac87a64475ab2cda36742d51dc828e32417888daa869606b28e02d0e68562865665434c1d4cb3eb1bbb2cf8eaa7a0eb9adf4868640ab6d649af54bf0e6d88a77547fdd4a68eb478e83c0f2bde08790aca91deef1b81566b051852997415ed035b455832eedb4943c1cf8a268232390eda54112b1073c468b271eee2a2f32a9d89e2c2f1d46a54a562bd83507be792dee7d7901e6a774a0bf6e0ab11a8eb1974d84d
32 173 0 12000 42 1 :2c57f401d6faa574c0dc87246c39f32e0ab939db69def56eae5f85d36ef88a065f213ad7dc10ef4bf9e1f9f141caa6b0caa06e93b6c8fd486d89176a1d4fd12590dd6618949f5c271f807deecb70eb23b8e081c8ce33c55aca29ae5891e86f9d065c386a05a3992fef78d3f41e6ba7373f050d148c80810326f141e713b01c99aec3454da5c6a59a9de794071fba69c6a33c81ba1d28a87700dae59f41ecedc975477e735a9b92ff26366aecec
32 174 0 12000 42 1 :8632dd59ae1132ac67d2c0ad5175b705ce032007693ecc43aa4326e3cbb36278abc6b6bd7c2a0429bca242bf0aecd9256603c38df9634bc5becdb6edde7009f73a320a538b54cdfff038c0f3d9ad87cb904660cbe2b9710c2a212fb75d76db0bdc49e26e8cbcfb19f44cdb6f046f525b1db98b7a5032bd5651828144c1b9faef3e60a4dcd1477ff935447e11b706bcb2e3829fc187cc88c848b75a1ff064a5e849780cffca766eeb37552f9ebd7e
32 175 0 12000 42 1 :b83068a81557095135db1254f6ba4dbc63d57ba6828bc4fc1fd8d06ae4948c13f73f5c64097b13ae39072b049f78f000f7561678b9efd3b742228cffaa5b0dbef560502b635bded178a5aecbf6a92b9461571fd146bb731b51ebe1e1d32be28d3c8e873e5ed5377dbf5cd767ebe74b7e2069ac9c75aa741a4e38f93de9d017db2f4b089a41fce9973a5f3f92f06b50063fa8b31b4399d8ea9b0ef43ee7d5d8f23a4b154feb4e91ccc6bb9f1fa46ce7
32 176 0 12000 42 1 :21da42df2ccacb49360238b0a41f6be7795a58200c4db6115137e7a793501e20c21ef48499846dfbcf2c8cd2bfc6c6cf4596d6def49a713822edfe47acceefe534988fcb08bbdfedc13c6e12cadb9c621f8c6c0bb73a14ac133ed0b15f57d1ca3c911882502e8f12ff2dcecd07dcf976e36203f1bf55791d43c566217df3f261c72afb831b9e692a9e468a0ae40dc27bc7587b28fd39eb62fb9a050949cfd00a3f7703506dc92b44beca25c359c4ef4a
32 177 0 12000 42 1 :d9a072d857a09fc44f7c3857368112c00093c57da9cb36f0fcf379d07e21fe0b9ea5468c76f2385c5e6e88f2801077ef33a77d034ab9e64322d4bd551d41445f85178b40d98b28188438261bb3359a37e2222ec9cd3fd7ef8abc7774b0fe4685fca5cf4858e7a1bab82f26dbbeb57e1b3c6764a259eb065cf0d1cd86c15da7d597426e124d0b21b148f2dcdc43ee3fe324843c20ba2e4fb50264ca8ef045db8a7f59eb48c4fdde365a0a8058516b39591a
32 178 0 12000 42 1 :4fa1ff292822956fc65d1d4af927b58b461afdfa0f2209922321fd850a96f9ab8e4420f6f2e980e18bc97af0346229c29f8d97e7c64a5ea3a52b8d2097ac55f7ce385538a3b3db6e6c0422bccad00e661ac7481e3ab03bca134da0e4cd42209b5f053854e0cc9c7037ee464150aa7871d3b897a871471680a1b3ec106915e975e33b5078ee41a006c456191a610b9e140e320918255692b2800d93f5c669741a9c38cd2508809fed88f70b1fa6800d771693
32 179 0 12000 42 1 :f440e076f8efe4781555871fc55bb18ec3856dfecd5955898f1f4a7b771c6fa2cdb38837073c06e7cdd9bba46b6ec4b678f93a3963c382deadd30cc38fdd2f545eeb9e05e602dc10a897452fb7d93bbea6afcfa34bd5dbd41d95703ac0b6a3de8cb8c95ae57d32490a7b107bda34406512db69a755cca4fac7ed1023b020d644ec7580f32930322ac3002f05c8c5b76d03388f625fdbb45e85579e46583588dc4e8e8ecd1cb90a5a1dfc7322ef10b973b1c1b8
32 180 0 12000 42 1 :401392109eba743ab3e84cdf29ce33b92f075e2675dfdc6c5118fbf6957c831857eb2eea80ddf3842e7340c631000101b908b7820b5080a0e65075d83b1f0cc3662f5abb1359709b88bc4e69987f30b064c06efeb228c1b1736c4e6bd78a1ba226f0d73ac924592ad5422d3763e3370d3fd4ff8da0dda0cf0408963d4958c438fa3d5dfdcbac766ba8d032662f3fadb0df262359de4a785076548c35855114288bbad0284d1653233d8baf0d0106cdd0e2c66abf
32 181 0 12000 42 1 :d704f1fbd9698a4c3d28ff5babf03cdbc7708a1e565717d1a886a1c65e8449713d0961b256a874d8f14ab96e149fcabe08d207eb8ea168760cb720a8bd73e37346d07584ebe371ab6dab9b45c5d701ac185ebaef9b1e9b96eba7657df43523090f3b0e7ce146c31cb62fc95ba58c645ad8e13bdd3ee7e188fb52b47cd84198ae75942a8b8be478e4b9f557fccbdf0e6917f47244655c8200f1788a3c26ee5853282766314f740ee1ba15f602e2dfcc804fbc723539
32 182 0 12000 42 1 :ba3467d73fa134800b37430ce9909c81409090c1fc923aaadae9f3a879f4af218f05cf856150c11c8be08907dfcbd1ba8efdd98ce8adeed4c0de1f33ce8b218027d9ed44136bf91d76d569022d98c40b73d8e6e059184c04b6b29bb7d98c734c32c6f698f6c2b82215da1bf47f4b91464e1722e953de95504853fb11b0658f67bff8aa65b2e2ab55282c79b12cc5c7113008b32aafd509cfef376ed0e5c9ed3e6f04d469fb0a505eed6f7e7a0dfb62d7b319ce7f2330
32 183 0 12000 42 1 :35daaf6a8f274b80fef71cd2eaf250d7fded268524e158b32a15223c1149fa1aaf0013ba4e944398b0be6110d4926ed516678494e45e27280f8f2fbcbe1a3ca37c92eaa176ed818b3fbbb4ca403fdb98821288d214f19d3a51665d5e7425df425551c513490f29158a7d9ac6ba8f64642aec6f0b511242c152613c9b70511e837ab8084d7dd6b34c6ab3bd8ddb219e891293976d52fa953d22937773345d436ba5285184decff0e3be8e69bd056bd73648a6c845513aaa
32 184 0 12000 42 1 :a07c11a196328189837ea1714ef797691fc348865743ab07283a9c40ddc9ed2ab66c80d1699ff94500b29a92e40b7c5443c3b2d98fcdf1d1f0c26ad1d72eebd43ad7da218ce45ae69fdf5db982bf16f14683b383fee7cf3f01efc980282c90ba3fe0419e32499eb57021bdc26b0a5ddee6803b1c48d1275526ace7cf89a5eb966b93055670b75d7458c5d2a5afc001e73384db9aa3e5d6ebe544fa6c3c69cb47defe8c53a5d6deab5783321416e400cdda70d425dfa4a936
32 185 0 12000 42 1 :a4aadb837a0d963dbb252693e0710096bb3a3f0f3b59181122d890aa61b7c6bafa0acfb8f2a7f7259d3f7e581a7c95890d3b73a8c9a04d7d6611c488b25a839de67fe070ffe685e784452dc25a473b3d1e48aad4e1ce0e2272ff55928492c35f90968cef9eb0367c26f7d261d8452ef6975470347771d62980d3bf79b4c44eefd69f3bb7d3609c87f7c31d4c4d43f2613d774ca431f638227ac6cb11db67772b378b92c0d432e347c2b086cab966470997cd7c19ffa37a8f2d
32 186 0 12000 42 1 :af94ccd56955dfba9774b72e44d23ef1e2b478ebf78913043e3240680952b0a0ea059d4e968fe3e6e0656dbd0b04442dd3d9de31e3b24a5c5e7efd6f90d7f2ac8dfa974d607b0aafae7f3d388cb39c99fc452ba4f68a01371a39ea6007dc83861b29069d2e157a2639b90571b75452c83828ece49363519be1a062563a630046c15d67ead90711d14d740fcc343a32eff417e7ba151396201e274bdb8da869ff6b943033efd6e88f7101e100cc71f89730e5426d6e5c56ac21bb
32 187 0 12000 42 1 :59a762477f5d019607ca5c9d80f4ce9f6626658db490c486421040d33d2afe6dd7749254f70fc238ccc0a8fdac9291109ec7c67b933276f66f44240e1d6626228228b4134fcd5c6ac4954ba1efbe626df94561dd2c28491306b14334b8e42e83c07565a36f0cfc3d19784136be63cc6cf004aef7317e948a9744ac87c2ca612e860bd8fa615b03da21d13241c344c34a42cf0d815a1eeedbf8edf4eab5e822e5b011fa6297e3cc94d5a0bae5d53c3d92b7d696b28956b1db58a798
32 188 0 12000 42 1 :04a16714f920413dcfd3be3b8c69d435275729ed889f0f0cab4a9d8d2acddc75b0e7064a2193ae30286bc873fb07885a3c5a8d82a523616b10bc3b0da91db73117e261fcac22e160c0926a83b61680321c8ea66ebdf6cf182794db94df2fc9c46eb17a2dfe353f127d83d0130a334e4a3cd5cf3fc8cd8b11d453a5c3766041b752a04dd8e7c6c3f8c0f364c688aa7857e829862c9d70b8d1dc269ded151c008678871dee57392e98c0f6a52b6e5cfd5e0c8e858f15843a8b2595190d
32 189 0 12000 42 1 :433017427e36d36044dad58b6bac1a9325314290e3c5566d3858692263c3096a8ace132441d2a3ae7e69ebd7747f7f3a1348a67fb58452601a7c2cd94b41331d253ffab762fe7b2ac7ef3abf2b506bcea2aacf698b8a3cb83d30279aa3f51c7cb51756eeaa4c2cc3deef30a9bb2bf2ff28a6aa8216c180764c16767ed617575610b069286fb1d9dbb2939e1ed1d01c22589e80dd5f354f53b120d639b199d678be9f998c0b8a00bc2eab2e932df10112458b1b8adc79edb8af11cb8c7c
32 190 0 12000 42 1 :31b0a86058e6d0e491e1059b3081905ef58e013b81dd19efddbc61cae2e9eea17fbf7305b222acaf576c7e58a60cada1e759dc68b81443b3fa05f69523a30f547d6bb895c2dd95770ba969251e45bd81966f2bd7396ddb7fd51b0fbe32c8893616d4c59db4a1bff35a4a60aeea30325d4edf812239c71fa018f18b4cee9b511d3a4f2c311a7f14b07d0de76fc15776162aa52ee86989111cf2a9f778241400509f8194ada4d9a2027031fbf34d68e780899ba94e3df30df5168f44d2d5ae
32 191 0 12000 42 1 :ac5764cae0a0a3afcfbfa0dcf69557b83fda110c82ac2dfb7a48ef71fe153a313961d6a9cdbde23e219da3538d5ff5ce1170f342733f56f53525f5a2f72c3bce4b68514975f34ad7552215e50a2fa3edcf6ebdf1f4169c7f837e48372bfade327f010e5f9bd27176276cca23231a4863eb03c9b2fe71298df9ad8a6fe2987a8baaeff95b1f06b1f50ef37883c1c45ba5bff6c403d9b16e8b654c6b8a869d3e96857da962dd13069ddb6a8b4176cfba3b809766a6f757d5ae10161b072770b7
32 192 0 12000 42 1 :d75b3fc87d2aea91a5b05a4d09da2d60d8611ad59ff71ac3977856f12ddf1fd4a353d678a0c1b45f7e9c404cc080a39a9bfb4d79239815f4f0e966c6dc9a61bfabf87b83fefc6063c039b7d0a1ef3bf934a307a9677dd2417400d33e8ffcb184e259b6e147bb3b989182bd153f4a317a0c696dbe77ae0068343ceca453a51dd5899b3b9b49669495b23c82a4e94c776f308179f0cd178b3413c2c63469f2340bf4f1ff97e8abe07930dfd384a57b64bb95e0a355d5cb0a8ce4a5af1898567dd7
32 193 0 12000 62 1 :029aa8398af24b3697f892af1466f385c89b9a945e10851e14ba7e2701d895c8bab390824f3f209fd7cc4df43b0742d6b5cd6e1b56f2ebe318924d4c2f54687bc800443e0a3b8b8fc1fcaa14bc3c6fb83397785a667522cdf0370dfc1f705e1afc1ffaf1363b800e3890ed8edcbfab5d55ff8f91e834981cd580ae1675bc66a6329d23b7939c0972d6ef826453db14bcd9e19ec74754f025d255d1b16737affb6633a0bb8da6ddcef5df97cfab52cc34d0f8072fc47c6912814776b4fed8225200
32 194 0 12000 69 1 :805dacc77f279ef0c07e6713833025e00ceade6b8e4b4d071c5ecebe5e144724efbeda77340e8f0c7e89780f28654fd0161a5b1afa54322fcded5cf6c6749de635e37a0974f1f793ec91bdf1ac202fca51ea1c3e497316e066b998945f96b0ca1afbc1b2c6e5c0effca39a1b9c9ccce31a553f5d19c23d4bdef9c2620732cd874e7918e1b30b58afd946a4498bfc6badcbb34b9eb20b5799f7325bbe54f43d7b51f16a6971dbf9ba2a886f2ee7bb18b9e17978a48571d4355d737b0cd9585d47af7e
32 195 0 12000 43 1 :628d9c9b3978149c666dda7dad64b517501516051a44509a73c2de8496e4490496de4b072a2b23c2e9dac86f9d4c5df0cc2a39ad140dc20b4d7ae8370df0af12f4a3224535a32fa5c1184894952247780d4956d7385f474cfe9bdead0b99473ab140d3cae86966f6f54575be9c51cd954da98a188b908583928af0dd6528e534b5e78cdd98130a066c4c65e264c1f7dea9c1b6f7570ce9fcace14e9c4fce1dd5ced4b330db261e758293d149f0c7384250f440552f119a66958d27f021c8b2594c97c2
32 196 0 12000 42 1 :4bdec63b8f0457491e3403640e3c0c55ce524b441c4d904bed7dde4c13eb8e76365a0a5641893df1978520e2d59ba1803c95adb3a32461411aeeed451cef2c331c42df2d706af4c6de07d421f1ed3c435fcff76140a526dede665084a36ce02fce982c9a0c896bcd30e248eb9ed2a308d60a3bcbe1e21c44f770b945a64b94e266fcc268530a49f977c1234ca1a83305a53f1685e24efe5963c8ebaa2370054e55048d9840e07a48d0093e472c78fe43633249242f505b59e37fe039d7d5503e3deb77fa
32 197 0 12000 42 1 :bdbde6de9175f46fe145124a8679aafe0de401366a5dae4d0c6b5ac1ffb7c878951f7957bff1af93ae12788b499d8f9d49cf0e732c4d2e508ff8d942f9664fc54c5532902882d57ee81bf7a805e7590d2e00df9f3723cfb59c6abdc84b7017dc3fde0cf35328fdfdc3e6e0c32daddaa4d9ff3f49abc0409aa341a867cf0c2cbf08c4c8ab10e7926751680167bcdb0a91da3040a81c6df64b73b8f2f064d8c17edbb6fb42d6be229e2840613fb74cb8b3cdb516046bb2c19577e0f8670164097e6dc59f060a
32 198 0 12000 42 1 :970e57c2a899e5614e5856f33e87fc3dd853864d55454de7d0e18faa79607172d740bdd6689ddfea2452ec8a0e0ec9207a1d8844f5be78a629f7b3b0ffb2277c35d1dd99329c8629dd707f0217cbce2d27ac2cf4e990bca2b54f25ef6497d3ba470492d5b0d5eb0aaa0de2e7bff8c59d7552e1e9f5a4d4de8f47c42d1008755a5fa9b9429248640e5a8c6fe9de010c90fdf4de03004a9a1825dd7d25501048c87377d926d6b650d38057405ef3556f7592ebd900e59c35d41fa2e72c7dac5578b38290aa4453
32 199 0 12000 42 1 :d423db9ca51cbedeb05b024a63a8b3b307976b1369a4266398ae277f2f18d1faf6c1394036763d46b42f38af747a71e9af087c64a37821b9d167d2cc69681f02e5dafb135dd3c6f33df8259a8cc4564c3fbd6ad86cfacb4ca0f1dba6cadf8f0a4c1a850d32c9e04f2e46a9c87e0044dcde21efb6d4c4e0818469283f367f107c188c807a59fc523ccb8dee6bc83efddd6301c14123036ddc4a1a17d87d7aa6621be8119694bd6bda6c2918288035ef2a5da636f507c65bb17e32b1c9b1f5a76f91df006dd5ffd3
32 200 0 12000 42 1 :6517993206bd0a45465a57153d09c1c2bd2e94dd6ece628af0998203fcbca0e4396d8a79ec606808a8499f624e0cf4c7f8e9de2bf9b0f827f53fbe22ae4222829378a2699ba10dd696ca74ab466bbe4066fae76c6114987ccf9b72bfa191200a776bc46fab5ea8c401cbe43497e68cc4a5dc287081661671ba898050830ea7a467cec2d027df9f5b96c330e75516884e90af780dd7bf40e67ceb53f66979d605e011508cd33ab9d7db23bcc3f4f761876c806f46561e7980d0273dfaa537abd9205130e66c326031
32 201 0 12000 42 1 :527ebcee54fe806f97f6166cd057f860543324c95a2a24b220a70f6bdc4c34ca9cb2a84eab75fdc87f4752d0ede71812785d561c5913ffb66dd5185a84ce86f19d75af82ed44ca4b9051a46857a0ff41ecb4cd2905535f1574f3262274099baf80164feb981f879e61b2e1c03acc529267aa1ad1f0cb3efb2ed8217bdac32456a930b29faecc8a9a67a69146077578bb13e95d6968b8802d290bf3e47eb0830451b01f8dfc81d083c126a231fca3669adc142b7ef192799fd7171c47b36c27291e825f604ce8f44106
32 202 0 12000 42 1 :b01d3276f2a896e19b40587fc5da46baaaad14203fa5f504ae7bfd314b98082306305a2e48b6b9dd27008a0eb2ee2324a98aa867ce89d94357f9fc7a4726b0553264beedd004dea6b1fa77f84daaf5ac79274c66c193441cfae32a808f9cdde2044a4b80d0f8ecec1b54c4643974146c27b3593a06a4c785af15c03fc3aa1ca08b71619de9faf33ab72ca18918501cc0d62cebedf453c684992b413908988e2f55f2b96a1ffbe6c0009d68346d30470a9e643ccf0ea7693a266c0ae861fb603e016d0cc039df0ef72523
32 203 0 12000 42 1 :f0a3d78b9154dd7641ab5a898ed04d0dbba1c741fa8c5c377fba221a68a600b48e33749d67a441af567b413901b5cfaf55ea84c68d5648893aace52352fb75266edd1aaba3555eaa9fca56fb4d1431b66232637c1b356895591b90a453bad4eba8ab5ec11a9e4e209811f815994fbdd848ea49226ddcbab65d91325d2cfc7788e1b93ca2985e209a64897a9077fc9092e89a6684055d4069c9c451b0edd43ffac64b72497490623183d85d1d6e68136796ed3f4aa04d79a08fde1a841ff8640312b3417a37d14765c2e856
32 204 0 12000 42 1 :bc03e4400ce3bae6e668ba8114eecb9086dd6210cba80d30eaf8388a1856091e450dc2ff053237ca41b3272bb41105edae54ba61101d52f7c740cf373ffb1cbec059f25d4c0e926554555ebc75bf99f7d5dc7048d80497e587b3a103ea94b2c4023a1e426077f1649dcd5b9f16c254dc1ba9c88ad88037ee0cff071b67d528dbc11556e8c41b0fa3d5508de1a72cfe6d335dfee8f08ec215b3af133cfbb8eb8a6fe3b35774977acfc3981c1a2ea6ded98f8a5148f802bcc6f7725df30188ab2ff39f7d45fb109d4e597fb25b
32 205 0 12000 42 1 :64877b9d0c727c97fe5acf2c8e66cb7786452292b8a6659441ce8f8f2f28ae8ca0dc3f6f9bf04c91f55379ce792a152aef8ee80be65e0c349c396613096d41f969092b8591a19d5b52ad82e7a68ee20f7d88dcfbc8076ed3106c3c44cb5c88f359573875e32e6e6b8ab33b06a60445616998aab1539a48da240bc7744e2f866191bddcfff00c41477e67951736497945455427109b925142665ba59de1f0e5335d053ae94dcf5823243819df14d423e8fb0fa1dc8352d5b74b0401a36edcdb009ee0fd665b7eb8797696e21c11
32 206 0 12000 42 1 :757ef09ff9a0181873305610d58883a9ebb798e907b156f2d0dfc1221de6489dc7abd6f55fbbb0a8c4c4c61f86715be349451260242a58ef4a3bd34abfdecfb4f36ead675e3d92b34843f59dbaa879fc717541527ec2d083cb73cc359bb66f0dc85c11aa28b5abdde62acd5049529d6b4112a6a9ac9d7e5887a00adc5aede3e8bc8a2b4f04f6958605709e8dae8c00bbfffa084842dc38b38878367e4f551bf0c2bf3421c7007adce787a4fe4ac21cdf981cbda63920538c2fa9e8e9d439764f41e281513b721b6d753d39ad63e4
32 207 0 12000 42 1 :56944546e70648ba4a9c16c5cae0e92d8285392886427086ffbfdf48a53d4f4e318775ec43e6aa50c10d911a58a2ada31197dc4be7d540a3d3f83919caaa69e53374fab7e03763057219594cdff447ea56a81c8a0377a4f852a8d47b3cf29252f5a975c2798ebf6dfa4813c884fc573d7649c2f287b1d1c3e38c2a1be93ec131d6b8a08ef8ca74202723d99ca486704c9d725bafbe6159013091bfa9bdef2bc73caa2829a1737889fd2e8cf0fa2e2e06f87db6bd889d6e119d568a20853710dee30a90ee8bad24a2b9bab4fcb0290f
32 208 0 12000 42 1 :90c1703019cf637c4c9b2b637353ff782d7930500b7f2553b1626b5363b3b003a53953820fbad4021d2c96eb3cbe3301e731e3d3524a9616dabca6340ea5cd5814d2579462603c2df1c9eb5ccc703749a7fe1cb4a9edd489eb4678f4aa45fbfc3f741e22f9e7105759ac0f3ecc03f5d407e3184317704531e5b824ec919bd73c79a15167492d4fc829a35803c395354fc4e4ddc123381ede2c22ef12f061db8efc668c6fd953000f2a8494da9583b0e232a342bf522039906c650ad87f65817f8eaf5a917c639001564f99ecea175706
32 209 0 12000 42 1 :37a9e5de0ad29b7eb17bbdbb3323817a373588619667ae9a8d223b94d211af2c2e60d951f8515302f513f859a93e831102b6deeea9b6e0f66cb547f3c49bbc92ce87986d83ac1ce7303053e85a06b6f448bc28fc55c6efc43b794924f92096f19900ecbb55e0941245c6811f91cd171a613a9ed6940d56a0c18c6ff7a48e033eb610e12b16a8f49613a2f68f70e4e6b3e2998f1261789cff2f6cad83a51a53238a78cdf606eb959aaa37a47736f4d9015ff51d609ec02f53b5384ae75df4bec92fe552c6a51f67ac8e6cff87d0c1ac5c35
32 210 0 12000 42 1 :43bd4ee831392e0bfbd284d997243efd3c9269fecd02e8815c1a80b062f4d60140783265d6b707f3a085eb4ce860e8de1574c6dadd89146a37b41c49c970d9310866cb21ce6af0deb5507faa7ee35010301de50cd06263a8ed9644e561978e3d1e44c72f47cfc6642acfa815e2c9599fa6ab873a3592e4d10342bccf65be9dcf8bf4b0cf54f953f92342189b288dc1864281695e582648eb4f4a7c1f0ca9272cd664ad169c17876593cea197d6cd393b3c9bdcd5245ab68cfc093053a1a06c7a2cbbd67bc21c2f1e79ef3e8c9167215658e4
32 211 0 12000 42 1 :285ac67eeb8726661fbccec67baf7609e507992600f04b1447fc2db51ee405a47fb1091fd953f4f40bb78ec592366c001c9a9d7789d304b20d65607b18e2e5ce859e3c7dd29d60747fb9db02d9c4666214cbce7e638948fade99be8444d9ce7f89840dac6a4bdb9c13f76f6ee49bc7e50f273f6c12d197a465a4d4afaefbaa3cf1ab46045c6aa9b4f234668b0f1e82738e0d56636fdca89bb99052d25c5de77e403e36329f58dda08efec9a7d58e6ca28a8c9514589754cf10971c22d3ea1c7a10dd9d9796174128f27b3c8d6581b180e50623
32 212 0 12000 42 1 :017fd8f5c047464abb63685535dcf0d753f885218c986e17ab51d5cea6226fc95c2dd4614f6947132decf4ca5ad620735fe5dd202701f94f7df58211ebcc7879bdcaa00a8a0cd0d7aa3e67c78ddc131fcd534cc518529e44898860550a1bddb99d853e723ae5565e8f3fe4f5cd42239c440f5f4fba7098d2a8431a4487da96550f0b88966391939f2339cf4be85d297fd390475a35b6c8320ddc1c68dd0c8b3ed37b23f9a7df714b65705d8f154a4a895fa645bb5697850527ab7557ab9a897da2c225fa617f561d323bde798d143f944528ff9e
32 213 0 12000 42 1 :27235059c9a03ea55b914dd5f98b0486526ecc4c21e6c3b3d19e74228b937d88b2afef35cd469816c11bb8ab32834eea966eb49cc9765fb6593843742536f1bca6e6755d113a61203e28ca8fd9e498ce456c3800c2e473800cc84293ed5a48849d9f0a6a64d805cae94628b3433bfd0cbd74e5e9269d52dd9ea128f3837564236630ecdf2fae496591dd13dd00b42d440274b05e45cd2e6ea8ba3e467c1297ae19a7e5d0e8d5b3fc827a6462f38d1a88096611a89098a2cb0d212c40e34d8d932b47417fa86b6121ab21b5536db9b78aafa3214d19
32 214 0 12000 42 1 :2d9cd16c77f363b219811c343a00093bfc0417a3e8c290025e25a57312861a6f3cb218c57ebbfe25d576bc2ab3bf424e2c8354d4dbc9ce36964ec19439e74e118ff81dac382c63b73f5df32daafe3d3666faae35376fa7b3d9b7cb6052f7d70f571ea78ca8cb072edd11af98d9c1682faa1222fd3e4f2c90964e9762ab46fdf06e0459d4583890c881951edd4abbef24933ace234357428b8d9c6e798c25056e6670e315b1b164b4fc822df507faa9b509e537c00a40d83c1709227e31824a1b6833972cd56215bc7461b744463c274d69d319edd22b
32 215 0 12000 42 1 :e3dbd8d9f664e8b2bd8baabe6e282a0e478595346b2fd1267bf6f0d29a818a17041cd52f88a2bb962c5155e8c35cf39e0044fd2608396a7ca50dda96d2d874cc18b8ee9b22f2d3f37062e358d1c64c7255efda3ae223620e0484de7c90bd19ef94706d68a707114f9143a0360ae9b0ee00468ba454c0bb268b0c41771c49ab8a2d002fd3f526375aa980fd7fd0f42c0d7fb657f27d7c59064c8de822bfb71e2150013e493659473fad9b8630a1d667e518ff4685af26ab8357c12b169f39e23cef5dd2b1688bcf2bb6b10885391a9aa39b26444fc652a8
32 216 0 12000 42 1 :5740fc0db754f7959208437120dfa505735a0417e4e37f9f7696e2e6632cb73e842c42af27ced8f05189a10c9d759837bbaec75d39b97274ad3e93e9f8b7af4c8015672b6146d04236a8a3a24ccefa49ca6c87ca196badd26137717ea11e54dcbc19e9590f829b06f8e7b9c02b7a525766d8388bb25e39ab58377591b02724f93e34469a0c6a42ef5b6176550b5ca73ff255d983dea46de0484df3f57b5b0043c04594fa5573537a4b3eca9985889236b2f26060ea2533b4abd36ca3af202354bbf6d04a7e71b65031ddd5b02ca572110c2be32b74d88c32
32 217 0 12000 42 1 :e3c52df28a600e2b2649ed52382dc7f4e2ea4af109a4cc5acc962ccb99f052ed2504ad71d4e8b952126a5cd3c3cf9c1b72935c0a8a998e0404f14adf0ce44a904a8ec278e96333c46b675be2c289cfe469c329b15f47994a5544aa433616aff2b05790866af507a25ebe4c4b36051df825a94548930d76bad4633b1871b808fbd6000ac1b7dc696505930eb23915b5ed19f54fee87248447d836906d62338541f915c6fb06769eb83be168b0bf3db284a00ed4e41a04fe7990ff71daca5b8b91d284e76606da6e279f333d1f6a37dcbf22a75417c6e629155c
32 218 0 12000 42 1 :0dfa032fd2746a5a92b777cb38280a9122a7faa9c7fcab17530e15ea60cac2c4b737a1f4aff8d1bdec0a8ce66005c37f6178b92f87ee6b542da3099da85e7c37d706ec57005b7c184349d297d0f5b0fc940475074191ab015518fbcf4dfb5bb137e4afbe7daad8c8df2496feba399bd45e2d8dfa61970291be2d35e68d07a2d97bf70e8ca162040c3346521989928eb5c959e14890bcf9072d88c5dbfd17b0867d683d3b18d1ed4a3c26693159bc8d3f87405095938999010f3d85406d01d3c9c0ab4c675be46e9226ef987f56cf932dc970598464db80d00317
32 219 0 12000 42 1 :c5f7457e039b52065351c76c81e01f0038104757b96081a293285b86021727e3bee2effd0e509f7bce0c848a5a5f97961553189373324028eb1bc3f7c78a062c27dac26c46aa96cf4c958bbad3e32d05ff9f8aebd13687617d1b2e5a81342397eca2dfff118df07fec02f675f53c7d5158be7b344532da8c04a2b7e277ea8c415f7edf3cf87239d44f57a0ffc131debc5d110cc9e8cfe059b3f28df9dd0f459553b3cd90e2aa07fc9bceb01699bf8d386c49f3e41a83c20a7fe7c0b1e1a24b525090d22790d73be0956b3bac2e6820d9f41c7d667ed8d5243b2296
32 220 0 12000 42 1 :7dd55a4b71498dcfb30a8ff733cc3e5e501d535d35962140d04bc1b12aca9721f24ca99cd876adb4e7159bce5f8f4c01a48fd287c4aedb59aa7d12652f179d8afa5fe26d6771235de4a4af316ec64755645da43639195d8a0efb1854afe55062b06eedb3be4be838d19269c116822910b640c34cfc922a36639e0d5eef2873e539690de64d3bb2d42fd41614152c6da4471d1d8962fd43d89caf0db831b68c9d64b269688295ef14f55a70e4f3dd41fe6735876fcc8af814d76f5fa0fe9c0f539a11bec4561d53d62c396e595977f38bf62bbba50e8b2eb02e8829cc
32 221 0 12000 42 1 :a955bc5c8412ca4e4d1091802e1a1a7e2f70c903b91dd174a5c3f066d41af31dd8b68e06a4bd0b77da74f880cd6bb83fec49ecd7faa9684352b69d20462bdb0c56c3de77109053ccb646dd896f41fbf6cb9f1ce743c06863e7ce2fcd1e587e00a535857082829f56268f520536f5f840474a6c87c9fd32212c81bf1f9b5cabb4fe7b3f2e783d9ade87288eacff8ed2b4cb8edb43cfaf23b93a56d8b462c5a0e6e1476a1c8557bac60b6f389abc212a00b98c810fe02c481cc34769eedf5661a7c7692b33aecfe291b467fdd8043bec814377463a3ac947844f96d3eda7
32 222 0 12000 42 1 :14833cab89719a2e6864e05a11f368d2270ae1d1235918679f8cb763516afd0954947ba1a22f358c10bd2a71c5297130deaa87a757cc2c39f201c49586fa5a23cb745e6f38dae6eaff1177a6d25fa9ddddf96ee3ecd0a3d243f79ccdad53e75915b2c3c61e16b69262c4b19dda4b50383ffbd9151352ec2fba5c76e164325fbbce4c57219b80f5056b3152931ea2c6b063bcd3b75a799a94a2676616dc5854967157ad8d6beed0d5fa0aecb65fe7f524ee036af8e0da52ee944374d0a765d4f8743261216252a91f5511e6f1484c77130157370ba93fb78b2f162910bf55
32 223 0 12000 42 1 :8b84588967f98804413c6a81df7216e9808859ba89c2742081c821782745616430dcfc475df141e4e57013599dd16df35ce679ee0b2b77f4ab02433efd29407bab39cf85cfb3066c642be33cc4357b6a4fea8b613022b954a5dc99d2b6c017753ae6b7d8c771759bb74e438fca002a796d19e8192e6acc4f42e4b739e94ad0fdf9495d28beca2808814582cb3a993ce855352c397a7d585e8a66b2ca6b30bdc8ad6c69d75b19a959554ab5b8d97073ee65937e85735dc61544d1e2594f89b1d9138f9dfe4fc816131352cb3f03076a5853b0edd488a6cb065a79a8a0b19fcd
32 224 0 12000 42 1 :4c9f40717f8faf591921d39eca208df19b11a39e4d7a20814918a55d7ba80f4983afea08c8c5bb5025f51a8e9023bc7259c5f6393b862a30f2d3a8c57e6ccbce0d29c4019690e810974e716679516ad410487530d9c6738a05225f21939e50d9ad75ee5d00b0242a622a1de14be98274cdf9bac81a5e8828582bfcf8ce1304a92951bebebfe19728b574cd77f551442671b7ad9c1c106e67ab5321fb0f8d11582f2d5ee88245e3303fe1c0ca6ac6ec881f4ad728738ceabc1c5e5468c8bc74aa4e7eaefe40221a88b96cf5118bd0d80970388ceaf1158ed42865e698ec235b70
32 225 0 12000 42 1 :4af32fe9bfd9c3eeaa3d275d417867e362ecf048e1dd9e3b1015df684caa03fdc441e22c156f4ac7205bcb1cef516b490a7e32acc50b688e882de84d9090d24b187cdd9b5e18477c231639c7f0435ecddbe7213ed52e5cf6747008c35f2a0902d9a65e7209f23123149730ec978eac3f958da38ae43d7c6b9cfc0d6078ea931b7d7bce2f957640da7a30df33b75000cf1a096bf96f7d4368ed37ba8580fb01dbea520946eb3ef1416d966736423c44271369b06fce117ee231f23cb3e363280de4e7184c4b20f8a89501bed71e367262d50d1cbfaef8fff25169daa62b580b2b46
32 226 0 12000 42 1 :7e589ef4fae7b7e9538cdb50f3add078571a6423e96614edcdcd8bcdd03b4d7a9a4d041a7543e926818677d86d028bd1e2e139b244136b132c46d593cabe241b455f695139ca8fb69d1904fb500951d83bd04ce62ce084a5d574e5962867aac59349c5f019e63df6156bf9bd65752c3bba557d9458cd770e6bb4258fe51b5d554adce85eb4b945682397b75b2d8806688d41dc4510932e51baf8eaa0c2067d5f3b797e66e37fde3fca790edc995370259e502a9e480136ff6844d47d71709827331c54e335123b68c0f123b217866d39ad1e0a24eb7ae44dd2984f731212a8d10f12
32 227 0 12000 42 1 :eaba2f6b3ae45d3e7a4947fb8cccb1e0d35152b678ae1c9a17ea3947f22e518476bb827f5466afd6f443adfacf9cbcb7418c4d7a656a6ebaea155ee56f89d401cb3d85c4bf7920d371c35e70b8138ec062c7d013f2807369d4675b62a0d970a553ccf182a636454912f7b93463bbd8446151c70725e71f5b61da92a5b8355d32d7679bee303ac4aa44aac9f0731e7202b8871af197da8c3e26f8e83bfbf1e62797241d7cc070bc4937595035bea10202cb5d79cc14078e06aafa7b2b72cd3f51926b35d1e864cea271e95d2e8e631256c49952180c56bfdaee2326a938be334d637d4f
32 228 0 12000 42 1 :2a641a6184393d06c4afd4d6441a09eff3e9fce883ebce81a8af6ef9e7708ffd76a916b8c559fa9e33a6ea5916a92ba12f28155ce5fcd59ce9b50d6863a5fa6d738c5eedc2b8b79a53abff34087bd7e860252d823bd3d79cb2b580e410d5f7b2c9d3075bfe4fe4d25b909678a43f798b9a3702c60f6f5ffdaf723dc7e77dc3111b529171463128d18fe36e924816a427c8131ea8e38402d8fa3faebec1638d33294affacfb19f54870575e0020dc39b3c48b14469fbff3209a87004a9f4ed4a2d4f8081521b2a61507fe4f7c9dae43e29ec5cd31a2f03a0f6e09030a07967e7adb6e78e0
32 229 0 12000 62 1 :7c36ba03cfcb1f1a29607c886a15668423b18f435bff48736ce116a8a29ce5b60c87c097d9e627904ca81819e39faff9c055d72eb185d69fc76598d87b063f8fbc98c86eae94eb60d38bb399036bdc2f3b0211863f3c8c830210911095959fec14d2f3d3da21402eb38af52e8b7700a0127b55bd40ff169b9938a78e72df3ae240e60b85175e4a89d8c81b2d1d08101087720875df96bafbb858c8ad0b4f00805fe4f3b8479eb24f12970bc130a1132a3b4cd50bbfd8a3727a6789beda1e6bd723da3a5c2037c92ca059d8f9bed181d8130a0b4443672431563d00607b6844542bd8d28834
32 230 0 12000 69 1 :8ea8ef66825e4e2464b7e513b85037f059afc5b9c4a4d65537f051dd901620aaec14ea2afdaf997af620222ed0cc646b6baf0f67fe4bbb35790880895e7e4d0f803099125ed9090b14d03a026364831f03cf60072758a66269705a4906ec3a67cd08d8437169645584968c536b60d205f60bf82d0b452392995a33828d6fe331f94546d99de82b02949303d3cb75c98470392d05569e7eeb4a2ad00343fdbdc1e3f2075425beb3fa919db111048da7f44993d1c1c97cb08f48fd31474c719f08e9c2d00bf170fab12ec3f171f340b07ac2280e946a78420d14845cb95f0c93b12b3eff0898c6
32 231 0 12000 43 1 :586190ad3dab678470946f97064d54aa22c96984d0a2a92049e393f2088a0ed913b5fac75cd0731bb41b468d59cd64c463dabab806635cbd86b5ec5edb0794185544f8715ec1639a522040a9af884e10821f2b4af40be26aafa1c0d8b1fe5f2835f5a9edaee241bad833ccc2806125797a8dfadb46e75bd280d5429881f5e09736a9a9dfc2b368ea4e1d90c480bba9116df6e5f73c47ccb42a937fb61ffc8f01cf5db1acc8190ed4538a376de0550dccd049f09d0260c57e42d416734c7f2516866ad59cd9c1a7eb0d8159593ef72660edbd9c644f0fc9ff7ab9cf780e09134c3a2e1bb2a3dd0c
32 232 0 12000 42 1 :d8e9b11f9b48033aa691ab6fe9ca5149e4011d83c541544c2886399694eabced39630571bf77ca43ac5ace8cabe76867b0dbc4ec9ccf6ef1a0c13c81981e29f0c4df2e526c0c689319fe9323568496e3b0329f1126fcd4436cafb7a30df1c3dfb4666469731a8cd5ca9bd138a49a91418825b2ac383be40a35d87284cf560120dbc643fcd7353afd034ab6b5ea40cc7e4d2348e588508e5520c9490b18e658d28876e46288dce465fdf08bdbadfc365239a2b6627e8d56398f38d99c33ea4990de77842f7ee1c127b4bd64c49228270a5e3025cb04912d374f609bccdc6f5de0c11e2a791d15a0db
32 233 0 12000 42 1 :aee277e562f66bd431dcc5d8e01b90e27927a48ce44b36d8c40c8494ba6fa73a84bd964347ba29df2565d8eb04387cb5dfa187faab3b3ba455bc865a872846352db9c0a6add5d77288e1140573162426896a4b386572056dc004de2df14def1365e53bc90347f2491ec646516b86c332f66f5a6bd4df6ca382ef3d73954d3e9a9fc383e10f5799ce2bbf2619f20b7a197c9d6452ad2881fa301014f04c0e67d2b84b534fcd3c30ce1fab7b1e383d9dfc26cf312db6766644c2daf92995ed01f195c2f7174ffa9e2f4595a3841ab2696650326bf451d17c01764404cfe52a9125f71e0151d5dfa7dbe4
32 234 0 12000 42 1 :3f9f8944342398e1f8c7cd5c8af914b416f95cce7c0385b1f621427850fc0a640c8056506415d6a0920184cdb2b195a5196a52f5a2837dc7b795a833b31d818d38b59bf66c32f72ea1e74bad683d33f77feea8719e3785f250ff19a0edd80d4528294cde140abb48b071049bf35ca7dda6a103f1182af05fbf5a1a82ad81412cff11bfb19e2f25a691605f74f8e929ae59f1886412c8debecb73ebd568588f0f4ad3149b18a248bedb3b878e3275b7469b29c9763d9a848f465f243997844f85fbe7e664b819d58375301f56a8dc30fabb04bf6cc698d4bdaed667991b3f769a40799793cd6c3021ceac
32 235 0 12000 42 1 :8e96dd5147d7a9e9b2c24c58285261766acfd9bb36699b420f742a9f6c2c4871ece53d00295eed6ca71d34ea4ba46cba66d17b4c323915a1c54dfe90d99a2fe2a3c6eb4076c335e9e1c53bc8dc09c02e2feeda1ff4793e11f66400bb63313140b1f03e65490a1cf5ea46ae601f1433cd22b267917d0935d5a6bac4028ec1b5bff8003d0dfe723472b17d287059815743642e14d457bfdcf2affcc4e94f7bf90770e2682f5d2e80446502d535c8cf88271617ba604a261a32c4a0a6e174844aafad73009733387d0fc033f3508fd69674a1c164b8b41424d874c5e4b985b5a6d255349f97b819bc3b11e822
32 236 0 12000 42 1 :c37b125a16916ca947dcb87479f4aabb33fa8e38eb031bf889b5f0837c02a89fccd2a8f325f913872816c480fa8e78a60dff82c5437434aafe47c9be2b66ec1c694ec27b2da69e3f6ee2f4aceaf41ebb2e78ed1a00718f39170206f2dcf001a8a072b0caaa936736a94b0cfdbdef0aee60cd564f089b751b089e369246e27edfbc758db0e5f961e7d858d1860eb5ac105377d6feeb00c6a74761d819e85ed07a46481ba2d99534c8d2ecfb7f792bb1b2fbb9a6c11da9ff8f4def12ed988c8e6a1cf272472f68c39ba513149477e45edeb004ffcf24801c1ef1976d94e6d112bb1ae82f2bd7b3be211e32ad7a
32 237 0 12000 42 1 :04298d1155b36cf819bc5ffc58b63a999321c3903d79da59c0e1d6ce520deee2c837edc8bd38123408bc2d9286d0de7d7e040111fb0c2cc1c1fc6afe22f55bedad240b466d7c22ceaf7dacd912bef127e47feae027a3241115a125c4cb9a87bdedd431d030b6560fb67f808d29462da3db271e52e49fed332291223f131bb891de7c30445dbfe76599ec081384f08ba408cc8e85fba17959b9ce782a242d837a0fc81d3b46459fcbd3085704b32cdc3b8cea3d2ae05c24316add1d8f5b375e405dcf20626ae8ae2ccc2945fd3c5c49e91335ac91ead5f335e954a4ddc6b6ccfdb30bd998179e1376b6b2defb07
32 238 0 12000 42 1 :0d86e87a2c1fca21ab09c2946ff2c869ca665865ab496c4637051ab4115c76491cf4dd9d6f3116945cf768d4dcd5a5da9cc144c698f0cf328049453f77f03039261a90b4df8968c5b470b57edff14e904172b373d8db14842b61ea2b6f4e6e44281acea822d9f53d9833eef6be22e1f1c7bb0abe4bd91d4e8b89bc3bb86811426df0c816d878471e893a9da5ff7fc403197ca5087be3b8ac77f872515ae6974c627a1bfe6a85787ad86b213b8a11edcb95c09a59bf80fbe01f3066b5a3382641d3b1f650bc6ca45e6a6a0f280cbfdd38b82f55fea185872110e9ea4c86e9509af537891dae33c760b3c4e4c9d78e
32 239 0 12000 42 1 :bb88c9700342e3ec652c056b8cd2ac32b9da671ef983de7c4b84996267e1665d2b974cb0a534e8da063b7ba71aefdf23162869d6e0b7b6818722b26f8071292019b6a11b3671880208637a44e15c68d8a38f7c45789147f72e9f8da0c148e66d8ea975317730117bef6712b9ea7327eb93c35376f737673a5beb2755603ccdc8f60b58680448443ad7cbe5c9e5dad77193aaa88d10bbbdf8673b2455c11d52c2ee28c71c586c970f9d55b1041755828eaeebfa6ed34d7e94225ca24322d2a31b34dcdfe96935816567317508a36076577a3473a3d5763ad23a3ad81616f70ef97262a81b4605c7bc04699b966c1891
32 240 0 12000 42 1 :6f4b8eb6d0a37f4b1ce693d18230582a2de813a8bfd96a7f7c69288f0591aee2efe3b44a84c9f460ad553372626509ad9b7a333c59f2a16155b4fa9e88929a14bb2c7ce600b8ce8d0eb04c9e34d640d0ed39af419942b49c4d3923866f9b468d12d9e1aada221552027cf9a7b1a60e5c50ab91c308d7c4e109f41a8ff597c25fd7c20e0713f0b71d8b846cfe12d4bd9430b62f4eac243c1672f9d9c6d6263485bc4a897d9e83b17b51b0a101f457e1841a96b6c23c893eb2b38a54c334bff35a1032ca8c8cb8318261eaba0c6c11f8dd0481ff826c17e343704eeaf420633e849e9a93d46960e72a44ccfb3695061fe0
32 241 0 12000 42 1 :50a2307a874f431a3412deb7c73601258af358339dba161e4b4470ef9432e56a62abce375a195ab598ce9a42581486ecbcd3db982d49c0d491179a2bc24df2503df7349ffa72f433f974199e926dd8badde02d70594dfd5a8d003a23a6c45099b110a2608d2f23f4dc857aaa210c6f4ee6f79b821aab5c0b973a153f4d4105ab7ffaa1de71941117a2fef5a948df336a006faee9d84b14a65026008e923658ff1e7353252e645efa7dd15ca4985663e3bdcea79f245cd2ae9da44b556f9bbe400f561f04db35a49e35af5771376424f182e3ccd62c60e4a8e71be09aee17f51b01140dc35548f22fe2864d38c042a2d143
32 242 0 12000 42 1 :b76024f8c5c1f6faa7221ef343cae51847f16c5088b7d8d058c3a6258fa512ff9ae288728505054232191c022863ef8c95c9c4279f7b90bb0fccf576fcc65cee4547cba96f7337ffbaaa92cbe5380da38990d2ed8e339badae250d324313a2aa1fa847ce206bc01326fe1bc133ca2e7a78d94fadd3fc2cdecf2c123ed463b4676a99a905af1bee2ab1553241a5f3feed7a7230fcf06c0d243ab8cc46698ba3205c899118eae577751bbee91bdce282c796fc3c7b191fd6438b825a78d9db633e2f2bbf2b2310c38568b39c21a6bab0c8e21db61d8eb6db5202b2b05eee97eb90adeb6b5241352f93b113dc75d757de8ce3bb
32 243 0 12000 42 1 :486c856ed561cee6ed1da5cc873c056a50cef5a20f2897126e9c84e7da528c645f63286d1550398955a01c027772dec39a160e5b9dfa4ad894634ceb23f3d3fa7b6e8f1d6c9577932aee4050a45bd28934eb73aef21e91bdf35e8eb40c18b39e8f3bc8287c033f77758ef86683fe616a57787d915d8549f507be3cc5f48c4ead994db1fa1c176f5c2e4eb960cc8dd5827af9025674ed1b017f013bd6d0ad309c22abecd16a010714f435490677d705536104307f67b03a4e63aa92dab712786c3710c2e47f9ff83f90b8d6308e2900e7871710d18b0fb1971d5c04d7cbfb13abd6fcef48330d76cc9f9220291e55843f8b9566
32 244 0 12000 42 1 :53c67779ea8c71a0e1ba54b6efabdb20a95124550cd7739ee9ed89ad5c4ba0130f75acbd133864e2ba5b2066449e6013e8010a63b2d8b7f1aec0e4c258313f1750c2ceb0befbd2cbd02e905208bf45a9090f02d774bba277492176193e5b7cead538de4c32424358bb52553115115f4538217b938d80703307be33aad30534492af74ce746f8e752d3646ecb2ea9f4e45cdfb6b496fffa04121c8b695d96d17d7bcd4ffd060b80d479ac78f67846f4b426f8b0da1b1399cea26c1cad2ab59f1e5276778f7a1c068e2cbbd75b66e23c902e543aa4b27046c98e6842fd00574a7ce7e6f915388b2c904716700a843887d7e6f787be
32 245 0 12000 42 1 :61d9933b95e2ca7e72cfa34b5d65260c1b6ff1dbda2c74df198afb0e8144a22b9172a6feb5ae8cfb55a6dc759325ba4eecf83e2b9b96df19cae3d40f3c3964bffca50d799f56be45585fb9efc4b6180f48d49bd2ab602e6fea78c03a37cd071f0fedffde43c2f720b337d8ea1763e2ad676e1064820d67325d1a92b66bf8cf1f46cd6bc632e194018b2c4f27019073e5ab9b4cd24f7466a183cc878f894425cd1dbbf5d4de33b54fa521a25eeae968b75fd5b1919a49334a553e3103767f8c8781b6098e57f248862e55aebbb7b73cd5b56ca3b88c6081970dd659b4947ef6e4d977fd1324e152f73e9dbd4508bec8b3b1c6d25af3
32 246 0 12000 42 1 :98740e4b7e37a01e373307cdefc2978edef8afc66bd6061524c2d38ee5390627371ceb5162c11ab5c4e3230d82d79415ff5e12fe0494fb7272fd9f6663d1df63f2f4739a9b8dd9f2312a8237699616da335fe83b5820a9a5544fbeb4e74e3ecae8928387167aa62f19ab6cc16aff719bbdd0b127e0173e89ac8e244a497ee5988ed11d211d20f4dbbce0d7121eca88a5ac39c1ddcea191f34534a570ffc455241a7260a6d2e0420dfb66b3a1679690474fa0ca8ac18f5a91d6403b8880e03e74dfe1c01afc9167dffa6b5e4913b436f57e206e20cbfb7802989fb8d49811b7847a2d1949e9acfa20c0fc28ca07bf9248352202fc1383
32 247 0 12000 42 1 :e574c7ccfc1b2be6c294cdc2a0b118ae4052f903d4c4336c8ba649fbbec0e179255f33cb09e512cc92aad0b46b8ded7d905efe3fbf04d8b23830d8b211d3481b5f940edb4f3eff8b522353dd042a067d4d801a8179637dbfbe148158bb3e6774455faa62763ebfd83da6d6b2faeb7a0be318ad1d29f328a424c4428b2559ec50000d45609374a734a72bcdf9ebfac3663682ff01c9d002522f70fb1c165bb252d0ccbef04472f5f627363e6a2ef5ed58cb14bfaa85a5882f2e3b68db0ee7e4dcdd8843b5c2bbeb4c435f31926d7235d3a1e4b1a15a23f0b0ff6a4e2ab495ffdffd72933f0b2f4255f6b4196a0e75307217f1084eec9e13
32 248 0 12000 42 1 :69d4c57f06bf1620663264942fb1adef342f0b7fb601ffa97d8e3c2dff4697755751b8f61091ea429ae304db0bb41f947125e0fcacc2fefd0a72dfd3c6f401a5c4465494e7833841f989f993acf522ab40d34d1ed35ea285f86b25335a13ecf6a476b832769c947bba52723b791b78548098c2daedcf2d28b55f543fca0467a24ef863541a35291163e6c3dfdd64016f505c826608f3371a7f277048e6bbf18f46b3f8cb6746fd7a13ac9e3d6031b11b40633dd6ce4acfb9e87615c5a9e07e42a829dd4c4ba2410d61318a1cb08ca84f98439809a816ddfdbc464b38f74fe01cb75bcd86ca0541637343df0d5f507d493c233120b9c038ea
32 249 0 12000 42 1 :44482f85e3ee6cbf022a105143ef9ca823a6dc92eeeb9936dadbdd758104c8a994b7484e24889ae3f0d5cfe79141dc66d1c855f89e16976472dc000f6c5f314b30be88b5564c2908f17cda0174801b68fe19025ca3179e174cf83a7573493731749acb42d11f38e703dd1413dfe96af418ba6d4fcc9f58fbd3628bb49a8b70446076dad32a6ff3bd63d4791e2a10f896f4b634fe35c6b5f6141d5ae96f951879cedfc178cb9923b1f1fd60013f480ac0f1576c341596b2425d2ae68773140f63907fd91e38d5409b3f03c78560b2ca1a5e06e5ec3906e0e3bc5780d0908d57bc24896ff6ccf178243d26a2fee4221df442cec527ad9c443197
32 250 0 12000 42 1 :e2335248644f1980b5357385e4a4d36b32016cd1a6da2066dd9e017b7e13baeec49c23ec187b4f48b8db9686273814020b686c1bed36de3aae2c99021cd4fdd1505c4a34e9275af41f5600f90f3328cc3540b3e2138e9911046ea3fff3259e4d1948fab64e838abc34d09dbd830db578733da20ad913a41b33c59b85b4c4e38f54402df94b5dc6ac130d13c52c4ac28109b523ccf7ff1cfad706d3a4ba2c7f72c017dde1d66772c59a51837aacdf2896678272c09cf0b86517fd414ffddc7a0a545e8494331fd2d6fb0f05b25b6ff97175252893b08dff894d4197d5bc6031f964884e5dc4e560ba07aa881d40d72794fe96ead970c83cb1ef0d
32 251 0 12000 42 1 :1205e84c9bc738e73a414de4847109a42c008a458cb77e350c70fda1c2695fb48c659e1370803ba9060d106d3f61f7eb72096909cace7d5dee95fd18bb927ca2af58246482f03eddc5458f308e56eaf000b9b6c73838b325b8ae9cbe1a4b0bac975818e94a06557ff32ae6ef25f68a406cfe9b04d99c32a963cb03bd3b9d34ac16394f2c6c477383fd4e592a6e07862ce02721a7a3bd628f4c9389eb637a17b657ac9b04ede8b1b84903d03bef0d0aeec2adb21bfcdb2bcafc940fca9153204142710282517c28826ea8542b77034895ffe2318ece138ab6f116d3dd6dea8a1aec3f580c0f341662ad15023a214285e6a06fffe2bee40ce27eba56
32 252 0 12000 42 1 :db9ec5c4b7fe6120f898f63341702dfb590d649439eaa6092bed4086df8109fcbe10db52fa37b6952bee6a6e341aff1858263dadfbdf89cbebf8789c7110b4a83babea623706139ee57c235d977e0a4dad53b5c53e13ceaceb9a2290bf85b1eaa8b2fb57c05e6d5632d410f089ad869ee2c9f5f238de725ed56da3ec3434a15fe966db3edb365081e72f1506a9ea7db800de73337f6eddb42e4e5a1a8616a91dd2ed0624084d1b5bf42a2c3e227cffc6372dd1eeb8d0cf8487b35c212d4f56c6b1d7a533a1df2811db8d231a9c372663cbef90df6145a20b391acbfcfc894302ad7966ae6cd477e4fa4d9d532478ec13884c56124c4fcc9ba4932298
32 253 0 12000 42 1 :2879eabb4b84456475f7a0e8361e58c80c2f23b5bf2bf09587cfca3a2a9eb043b9d498d2b8aedf1f45040fbefa26a28a6ceb951fe9a9c10920ec793bd865da77341bcd47ec5c2fc73efe1914c19a86a3582e748997956da28a61b53e0d55566de7d6edbd042ecc6dc93a8ecfd9347ffb2e582f7c62a4952faefacdceb59cfd723443eb7386ee17a80dd14beb9059eeb9cd980f2471d3d0327057ab6342ad667dc7964f4dc035921ae12a789286ce5d098b5fc7c71ed42fef21bac1d43a8637a4998d3ce40ad780f1ed107b3222946b825aa3dd06239b3ca98df93edc96027fbcfcb90c9587d85a75b0f69e26e459b21b72964a12ed6d33426de74e0116
32 254 0 12000 42 1 :783f07d60c11b4670a2cd8d89b22df87ef2e2f74d7fddd75e120fbc8773c01ffe93376162c6c6a2f38413545e8af874b489e1b3c35a0c76f7e73b0c8a2af83a6f223b97f5ea149f7af4d7eab75fbd4d0fb7644098239d504840ce7c42b85b4d9ba6dbaa2593c17ed09ffbf79efab5c182be89923b966aa6613d38fff1ef45264216c51f379fb17bcc6837c49ab1ab6d8e3f9c7946eeb9c9916967266b31668fdf6706857c06473e2ebe21848e27c93bb82f304e7a5c2cc77401a67ef88d9b80ab51a2534212789de2ee4ead020c8a1df2391b609ae4d5e920cca49e61d86c363787ed92fa4bc23b2de78f0a6d3ae3aa4e827fd550f26819ddee7057946bd
32 255 0 12000 42 1 :ec3735344608b9b0966dcea26ca949ebce72d20467ec2f86ac592e5d209a9b25adc169f4d67e9725d649960c007c23ae6dfd3ff0e2bf15ba47b8483c8fc4f67d902a6e4fe02b5beeeb41ad9c3c8bb8dc6c94105bd41a3a5f1cfeba9cb67f5d7ea798bbea5d740b18343e6ca3c482eaa3f6dc5f3f1c359b75c6913fbf7d14a725213d09238f1acef6e10660d147b32c941106894f001d565364dfc5d6ebdb4319672dd57e70634e607b052d38dc7bed01da9017c0c5e2366c751745fef3e2d61da5079fd2606a5d17626dd74c167ce8aa9f9af21e5002473ecb270f39980260af363738ac682c9bc4fa46f2a6c2acced15b7915a9c0650d7f2180f98bac485e
32 256 0 12000 42 1 :fd7ece1bcc69f61337704157b40321dfe35ccde502110c3592c1303dbefc83a7e6122d1693ab5887ff08ca9e46b09d5b5d5b27fbc23b51a6175fb741133bbf533a3244f49c91ac06a5ab46fa5d384a89a623feb7a1858442216ec29019e8f167f3b8d018c51b428f9b897b4a2116d0231ef841a6c201e34ab124f1b60eb44619eb7fe8bae7f9d1affd9164dd5989af4e90f294f12bbee169500b5ea4931f0ca888827bd44c3d9ef69279d64fd522adc045f7a0523d24f93056d9e42129012b02d07fcf256675c6df8eb4cfaa1cb494c50c86a2deaa83f305101b8c798e4b1b7cd1405ff25e9e68e66e36d8968794872ccdc638d3c2c78532ba5305731b7f9cea
32 257 0 12000 42 1 :0e6561b07cca6ae8927d9436931bac62c27aaad6fbedd57734f5100ffe2ffb2d077753ee4c203a342844c991993c1568d5f2ca5c88c204db718c42a7f7d900187ae3f1caf761d42d2a58b2a9ef8acee574721945be4c2ff945178e2b8cfaaf0ad24ed42213e04d1cca304f6ac21128ec8217f9f85da2f12d1bc5144bdb31e7f75b47530a475b8f5ff3dacb6979e55df57e3be4b947c23ed2cad0e16c1777c06c83de6cfbe91f66f19b86ad7fd21f68d3ae73fce2d3cab29d8a19c4c8a55139d05d786c288fb4e80c991d3fcfa838f8bcac7f8e0d9491c9c3a3fbbf34f24f1aeb4e7e0ba277fd27a3eb724dc17faac7805357240f336c85c4f2c71bd92994ba4f94
32 258 0 12000 42 1 :c776b4f14058e1d2cc8f4b96dd3170264dd83c1f6bef92748e8b11518022bb38acd824b39cb09e1190b6ff0c01a305cfccf03185e288e850511284b3e1b9f2cea1c559e65b008c25a3a1c7aed05e8c4135d9b114d7eb753b1fc43d3219913263b00d9454d190e4c1a386415fd04e11af95c3fdd0de766190d5d1e2131749cf9312e758ce5fe8db7e798152c24cf0bc07aebad71660977ebf52fbf1a5ce7c0c9b2cce44a9559382ca01f77e2c16fdffe0618157a88202c14d04fb12fd740ce680ad4671fe417bbb5d4b76c3708eaec07055ecbed03eb955afe4c9f11fd35942c841ed32ffe8f8d81a4631bdbcb0f6884971b951e1b7fd1550f4e3617a3f563ac06a52
32 259 0 12000 42 1 :992e17585a4b95349d678a046bd112618e3048652c4263c613f8259915df17d0139ce3bbb05c0151059ed03c5e3ce14cf036adc8ffc191fe93257d9a11f10f6a98cf3da34a86171785b4a57a7cbc0c01670d4a227c1b526051e2b24887f9f90f2cfe1c8511f5ff5b4448e0fc40c672ed1bf09b7dd2900dfa368fe6f6a385d0b5aa27523c93192bc5572528f22d9fe57b72b44e39dddf01c0afc2e58360e989e536e1f33d2d60c2ca4dbcc1f0a4fc0971ca37ac82e0c588aa54907b85ce23d2457ad65fa89f15d6d265043062d459f36d5006af6a9c49a1f036eab9b0b95cdcced1c7cf8f77850069b606bfc8d8d84984b37956236cbe6ca8e2dcce985f0fe4b1e7e34d
32 260 0 12000 42 1 :8d60994f388b7d9e83f09056f7cedc98643159baee1d2f431375cc3fc2cc81351f4233198a0b3d9674dcf49915872feddc60a70f492cac6b36cc0b9c31e3061878b1ae0d802ced8bbb6a9e92ba1dd05a2215edf956b72167a47e399afcb6c12d21c095e3c802ecec371084dad4c0b1dfaf3ab6fece0cc2a4aed502dcad4c37c551b42a6ec3cb51a2377f1fd53ddcaa849dea1d7c40a37db5539d7d775b5875bdc1f9ac55e8fba389d1ad2f4ee5936011c25055677992214a7e213bc4455ceabf5868b2d6aedb5b1124adc915d85670c8337255604246e8e62ac2a55342bbe866d81e7133a588039d1edad99a1ebd35e715525ef5343827628339992079e5f8423d942efd
32 261 0 12000 42 1 :ff6360e0cf243db13756e704b1a4f48f40b4545fcfd7fddf92adfafe9167482f85a19aeefc9034d318097f0f7b17a3d2fa931217f3bbc84542dbfaa4add79309ced37a712d892022b94739f3d8a33b0edbd9e41465eb7cbd5bb33de98aa208a8fd6d82ac2cea8d67f9d4fc2f42de59a6e7955ab8273ae2e3831392ec876799c27569d0f60cb94321e386ed415934b382779e6e2c7979cf8af3897906d83285354619b69105cf17519e3e49742e02b2b563e281a083b3cd6e4957eb74624fd16917fb98b89916e14be24d7242bc6bb345626d4d7c210fcac6b5bf4e1bb8a1660b05960216319a7a36f9ed016ca162c746837bb227d61cb980bd017f0c625b47f6c34eae129f
32 262 0 12000 42 1 :a194d59924c84cb796339b499629d996be5d7ed199ba2b55862a88a40a6092fb57124a31b8ab4f7509c77f123cea29568d87de9be88b47e94f3a0d62724d5c9dbce874f43a70f811dbeb634a5b8bccda0cf0b0ed889f9f09dfa840f7459b1b3459ccc32235d931afee369a5a47d97e0229a7a7745d376da0cab423e23e9f1a7ff79a7a82738a4ed3f3645eafa071f7455f620ad02d3c4f46baba9b8228e390166b65a93b0b5c55f6ba3b2dc8a95c89f3037bf3b13798220861921160d13ceb4c19c659bfdec5eca8d728041aa238e5eb47807ce321434ff01175509446935e908b616c7ec31cb2c10a4971d08c0a8fce2cbb50f9f120216c66466e79ebc9d88f0b2a2bf97059
32 263 0 12000 42 1 :47bab70262e02f7676e65331dbe8eb1f6da11a344137ea7911d0780e8de25ab3232598869b252d4134fc72a54f576044f1615ab65bebcec5ea46dde83798833c630cfa169158876feb58cd9f3bcbebbece8d42e2718025f6164de41dedceeef993df41a3d56fc9eddb02b41107b318858ab097bce46aa0a5287413bdbcc8581779fb15f7177cf7ea6279b15433752176ddb80614e839a7c4b7ff2a48309577247e8df82fc968bb703bce5b234e133ddb3fd2d41b856f97cbf3024826e0f33b1c1d77003f695de9e17ae4f3186560a65569bfab36a885917dafa4ae888cba36f288088a240713c153bdbf5057b103ebfd3e69a2a52919c9e7bd0e277e372ef580f2a3d005e89d17
32 264 0 12000 42 1 :de9311c25749e3e5c39bed8bd34cafd55dff444dc8e632e844afb1406595da86616a2244e61dcf7d02db2a3d4e203283938ee155bbd4ac35c82ec3851da6e933aca586b426616baa9f68a71514fe29f31b4cf01f6d515f546d806d43540425ea87738fc172936ca83a02e0180c22f0527435c5ea8450614595ab9ef44419806f56f513666e1efc92377ee01df1b5011a7f9ccaa3f4a3c03ac1c26ec10fa4c08b963d26b753184107a15020619cf2ccb9b8cd2878ef5cf7a9a6667c53d820bf679540c1409b9dc6c1ba86d8a9574397c6108a31760714ec0c82f9fd234f5ddb151c148d4efc41546168a12f76d38f0d13031f7dfdb4dfab7aaa665760cb7035bc052f8bc9e3f2edbf
32 265 0 12000 42 1 :9ff8547568a25d940ed1b9d4a59271a0bc9c27f1f1e8a91065416e90c7f99f7bdd9578f30a3e21a3c890b6357fb5b05aa128d7357800b82aae556e9a65b49163cb6210ab8a63621a96fd9a3106e8ee633c8eb9c95d82b9fdc4cedb7e7c2ea07b2dd9d4fd4d66d9abbb5f7785dc2e381f058a09dc4c3e2576db91594c7fb6713b2c80577db28d9afb0c12b5bf672c439a085fc7a015b952ea88bb0742b31a21fb2d8abb04abb8b98065c33f9e1d9366d991bf7ad8387fb801993bd92d5963a263cd084fc76de6c3411932836e7b2a48f30cbe57d206d41a2c7a631e67e4b8df0248917e8cb15ca7ccfde1f029daf3f5582b36ada9c46e2a8a3f708da2ef0a00ef0f86bebb5a137f2c2a
32 266 0 12000 42 1 :e81b9e3c67495371dc8da1599e0d02c9ff18a66a79d6c44ca3c3567fac85964342b4c9f391120aa663db7a7aa26302237619fe98e692cfcf1d92bf798d8d29516b5423eb579258972de57e5a09f7e646077574b4c0f64613869ad9a25330e5251d6a6eb608b5d1c9913d6131e9bb0355446b1b7ea2792ad69976741fdfa18d5d61166735cb898915d2fc086e6583f27d177687a9755cfc6e3032e4eeb5da0ab57f4a65fcb91fe92707f944bded401c7f173b7fd5fef6204f7bb950b122fca9692e3a6a74dc523587da76b4ec2636d952d4279ec36b1c995d4ebee06f31bacf40a2d308c8dfb06c963d76cb86664d2ee2778ca860b0adef21c1189b55b5ad7df00e0da0eafedb8a90a918
32 267 0 12000 42 1 :0b136a992532e3d24ceb828fd81fedc5d3654c743448e126a60c64ddd7beac6183ae02927674c99c834cdab061d255561b81f88195894401cf6efa90ba29ca57688f128c4f3009b84cabbe39705bbe33c0463636b909fc1938cc7b31d8bad4c254c6be2fa5b167d9b1bddf03398171ba5ed7b2cf248edac64914fc5d4bfde49a9f2bfa5d33362c3b3310af5124956e8891ffa010fd167946ed7f0cd9de3c2933a0899e99d995ae3defc4ec81a67597aa58f88585d2c525a0f29b94376d23fdc5d3baf57734048c679922e0942e3df2896af5a837a5be72181ab48db0956df5b3c3c37a67b43df3a33bbda50ecf05c38117236427707eea4ded155b39d0e0da9f5cb8458502e585c95297d5
32 268 0 12000 42 1 :3f7f10e9a64b1b04da633861b28e235d3454c862188331fbf0652f95accc02293051db1b9e9639728d02055b2420dfe236e65a8cb263f76280c9593e5e6e58fc3264db40860862b3158179b101c11f66e7087985b8d94b8de269b5111b6ab87929ae95eb382865672b84716b69a6b1a420874ce38bba755937bdfd8f88974fd7ba1476a9da80e0726214a1a6306c803dd190924bb1f9ae03e0f2430a2f4fb3ba988dbc2871eeca46420471d282a34c08fa726c3d7711de3dd6e3bdb3bd417d40896b71b07fafef8221fc7deca145d5bf1931ddebf4f6ce222da26f73098829d17ad9300c1a62164b834e3269d1fc739f7f8ca47616bde607f3809c6aa91899829eec091e20c06b54e553c91c
32 269 0 12000 42 1 :9ae1f48d93484e80fb304bd14482b0fa1987ecbf1390c2822bf8c33d161d0d6689bd3f69b02d5261b2393a121ac60c6488aa7ebd4172c7100fef34e29ccf425dfe842286b538301133f95f16cdf862b902c3ff397cfd79dc1b585a63a9067881341ff268b4e185d31cebc5ed8a5a0f5ec1fc6f2a660a2b93f2568b2b03c9ec2b22891b03d57639f6a03de40b3f7131348338f5e0c2c0ba39f11f4fa946e0cca147bfd0dcaa965c559364acc6fa1d640ed1daa0958fca04a8279153ac04d97f5af0feb9e56b0fba054275635157d679c428002dc4e851d4d0d1a215f95caa7cd72a7c728f325eb9ebe01369d0a2f0e759736c1f0a66b1b76ac657506b329e68ddb0625d848f5e0f9085ae4de980
32 270 0 12000 42 1 :3192497f791166c9deb861ea991cc77f61b0aefebe2d9362d8f095dc1b15cf8b8b1a61e8d2e187f34a690223a045b00a1c0b9d5cf0edf0406e52419a4aa2e09ba5a774ea69fd59356f346be55fc383c494a081c33f89fcff087a1706a53df0ae7d8edb0925c1500606bc9e6e1d98980cb3af1c7c3e4869fb4475817806e4c4cb1caa4fdaa4291bd7b478d50c6452ec286dc883bcdbe91bece70f6ad5fc63016588a4fa1d430ce3160a640ec43c4276384a3bd1ce0f8438c8ad0ffeb18a6bd177ec3eabe117c64385199fe55fa9dab0514366c6b2eb00b43bf17adce34516b1b212e47e059cb107153920faefbca27921762038ccb621efe15b9dced85e20132a27c633809d56503917c53f68003d
32 271 0 12000 42 1 :ff2d69116ad946a64ff23bdea0dc2e9bcbf7ff2f999cdec2a1f72cccec8e24b3e9191219efdcfd835d13f3a057623e30922b0fa18507bd8661d86128dca5d30f420e04a11ad83b556e9a7f1bc84b9914220d67a0fa296003516359875774bf622549c97180d5848bd80f185155f309165e3e0094224369f3e9bbfc81b505fff85083d83f96799476be51eb066c47f9a5f7d19736a6caf2e34062503aebf6e0434a80a524edbce8208fa307a28a6e3f8295839280f04d30492d9a858edaa43ffa41decbef6a957658884840b6fcadea184108fc939beee890ac985bf055cf3f3b659d04db7bb97692cdf3846e086d7ab31fcb1a144cae1d0d85394ae1c8da0dd66df0c60d07b548a3e19163cee01c58
32 272 0 12000 42 1 :8013ef90bc977d77ebb9cd0db905eccbe8f884b658bf16bd0c7c8dd7d9f0c590f18009c397f9ccdd063189a13afeb17d4081114cd6edea8750818ff4a801705b4dad9e3d7d80b60873e95f1bfd2cf87bb87d21234c25e1c142fe9eb20cd5e960745974481b9e05d86bd53236a8559b0c380abd1f8e63d97f4ab14472694264ad2dab0d8492f39e043a4df4f72cabfea61b85fcf98afe2b3639e4e4fe1865159efe3209abb7d05a072d218e4c88955f54e1ac83ebe2f3b1a1d5f920511cb785712a65dd33e417a6acc8a6d310e6d60294068c813d01528bfc602b8588d6eabec30eec9373fa834895a68718bed8c2db97fa1e5038b032627da6e87b37d7ac3367ced65662e7d8b249fcbc5320271e1bc1
32 273 0 12000 42 1 :409c21e7cdb7b9c9cd337d448da593676c7182834bff44fd534baa26e9f2a2f4667fd83df957c94646e973a1663a925d5ab4110dbe2fdd23a81fb0dde0ee1bcb623dedae3b6841c372081ffcb454f016852bc692bf2cd3aecc376299e4133d33ed5316a76837b654a82b3d08e10e96cefa5846135d737fb572f1efd6d405888c2c26b85c7b7b096ae229749f4ab8fef33ed146664707417a9b074a1b64421c123cee17a65ddf13b2bdade757adc5bdbba1c633e4f1f43d6be685abe56410dcdf1f7a9f1ccdf44ccf8f534d7ee5879155f6e01fdd7342d4526916b11ebc8a4a0d3f5587c2010fd1e5b5877991990fde2f2ce72bbbf7283ac703f790ee4f2c19239f8e2f7ebb33503de2e2fce1937d65142b
32 274 0 12000 42 1 :0806b3330f8fb3adea9dbf835e61582a96781d4e5a33bc4fbf14176aba5cfabcba69ca1f94640f6c713d6cbf986a58c8c8ce0f7af35063d15be06e9fe9834d9d4c21c590bb6072993130263f3767d09f3d6ed0259b02598ecf3c1fdf144385333cfb15237f81e404737111fe886c989a3b6043c4b6cf9835a1d31ebd7669969f51bc089379eb80f61955ae586866b3cc92fcc7d9523efaf34d8d95f877730e8a5a9ea1fb92dffff58bffe9d66d9bdfae68bb672fe6a0a63b5bb092d91ef273dfe163e29dbde04c3a9317235b5ecb285f883bf84e51f65b37029ce06976f75aeba571b068f200ab48354affa448d19f240c6f97b8f1249cc035e14586153e59f7a6a1b46768d662fbf6ac145f3fb6c9efa424
32 275 0 12000 42 1 :ad903a0be79750de3367a9b1aac103e104eefc3039b96844146e2ada5a1d39d7e33bfeba6c8ff4c77eb3e7060079b7e9c7843e006b9616dddf0f28f317012891cbe17290ee4d877e5c487e807249d45e1b0bda8434018416a6eaff1b8311fed57d4ed2799748c17b477129e5d01d6900c1cc8e34357d15e008a242f9d87715cfe53b8183f1ed7db698afb620689ef62810c94a82cf5ce31a9e822f9975fb6930b990f8e5b5610830dfbe0c60691c11b4b88affde3ae8c228781ebeaa22fc06b48f7ad36a57746eded9b7cfbcbfb627a4fee15c9f63233e8e5b50a99824da7437b63a3cdab28adee3bb344ac5fe950df5fd3233e193d8e012b0d1095d9bdd6511ba1491966c106720f4bce449dba054bfb43007
32 276 0 12000 42 1 :349702b35a1ce1b215b7caf6c3ddd667ea376251dcd3ea8eec43f34ad2dbfdd38d77fea151d45383aee263a38ca96e1857ffeb6f11be5a711c68e1e9af5f2ee6ad27ef96b9d22dce14914eac35d95afdff3977b914af57bd0e5d259a5aa7cd6ea44e94023158a3bfbf27beb34d75dc7e1a670435442d5e2bd0c11c2b67fef0bcc280c594d105128d1ac7ef638f0e752f4c74a1bb8025ecc58de8764df0e6ba4d7514cc2ed7fb27e1e7e8aeae1bb9372ce5294d725117dda539296bb5268fc1ee925b8b06a2e1eed87b6595937056ec78a44fbbbf4b7201b80718a6c17800aa9e89a5177ad3e331cf495233f77b44414a5f44b9d7b346e6317f3b3ccfcf0be3eff984a5db18910729272b1fa4761497e5be7354cc
32 277 0 12000 42 1 :f5a32f532de5782a94b22c1f0d5ceb633fda1a4e4820d54f76d7f9d57f2c311aff8604bdbd855a99e1caf8670ecb15c92fb32f88351a16728590d7ba1e6a3b056a5ac019e560808a25c2b62d59722ddb2276158f7bb3ddf09664e1d56c095836deb61087e11166d0fb6d5347614375128d591bffde4cc0ccf8143db0b9b5ae0fdb48f7c302f797d5f49d4fc40efc6f171c992f9a0d4f8f6d7bde8d557960cda60d85ad3fbe25a66c5c5354b76c6f06b672a6184d40a75dbec432e7e441af7a2dc0ddbd13c702ed6f17c6b25dcc7a487840e58cb9b190327fea7965007363855112c8f584855c2119cac9908117f5965854d59f7d1f92525f4d8ffdf6bbf22f155231cb8a4e3cc1ff3a7c80f547325f8ec668ee2a27
32 278 0 12000 42 1 :5e6bac169189e2f33d0cfd286fd2f2ee0597442156f313f6ba56f25ed9e930c59519ce245a5891cedafae5eb66e52295b4a60ca59c00ee75b95bf50bdd48152b4aca89e3b9402bceaf2bdd820032a75be2d1a0db30d7c9f9a40990da0f144f1ca991b9c72f457a601baf5a2848596154dcfda6da524ae87c77aac3bb501165725706ea9a7c4b2969fa6962615c9e0cd4b49a0a5d0022a74ccee070430362542991af9e9a393fb193a30118916c513ff10348096e146ef698799e605260065d426c9942608dba60b06cda25e91f02c030807115144d5156adcb45e7e7bcde64170a32abc2504432cf99f54c21128fb4f8f8929a20c7d27f14c0cc032966f07a1ed0c9556f4b8547b38f0f0bddc5f7a124aeda7ebcf844
32 279 0 12000 42 1 :ae2e940d725c39aa455eeac344a6e229dd37506aafcdc6caf941156eb7acaa49c6e36ebe02081ee7bdaa6d8408a63fe9e097bc2301472497b8e082256e93d49b0172192ac61a9c97b13270fcaf7a41053018b1656646ef7da464c8231693264c12dc40fe119113bb076628480be217226c85d3d8801321270e52893d9458c1907d881229ca5cd988a76f7f94e4ae05d7020b029fb708fd6065fff99c9d7d4cb9c5ca8978ec530f39fd133011dce55c9e344fdc684a825d33d8454c4e60fb12ef047ada9add2967c72d15373021380a74fb30212866f13f09a1702bcf1779c0ed9f37f1e1532380e82ced464781e9f828880f9687d3718e0ec161b92ff672fadb7f95e47fdf531d6a1f074431dd44c98f53b34ef8aba0f1
32 280 0 12000 42 1 :5b73a2a3273ef26cd16db376ff442ca8cc5156feb9ee17690cfee3f03a70211fed471a8cd627f0a8cf773d192a74e17a4797411f2e4961ddb612d55027ae83dd2c4dc1865539eeee97a1272998a9ddd7c0ba5ef671631f356540fbcb1bf83c14cf5af47842c2453b2c3625e964479ad6ebd5c504c6e075450596b46861960a15149cbe65329dde26b9407aa9d1b97175b87a6ae60a119897c2f0030437bd705ca3024b3b84eba23816a0896c335024e63108f70210761b59dfa7951de1a1fb2e2a9510bc99d4ffa84ae576fbb874644edef5dc752d4bf1786b1e68945a6de3805c33910c999d9197676db61f3a5ee805cb0febf56f66fdde55ff26bacd1ff7e873570198885be2842002129a2fe31f5ccbf0237acff446fa
32 281 0 12000 60 1 :ca383415b6c6e38717a865d9762fe8c7e37952a6ffae908c27651da41c145be028de347a22c457895c4eeab64414a1cef990211e9c13551163366b2d78ff6e9c8365e930bace641c686ac8c1a76cd567b894d94c85dc3c486fd2ca8fb19399514c2b61267fbdb8fe91590a83d4b80d216000cfbbd6a585ae641bc718263880e710ba0d969e16b7c6c943cd84c2ec777efab7d53adea103a3a222d2d983257cc4271391da44b34a9a504836618da876c62021e2914467a23bae38a66887e5ad748be9547ca86de4af4dd86f0858c982d77e48a1b19bb5e007fc461e832a4cbd5fc4573c88ea240dbe57834628dc592758c87cd307775eb00b045f5c3328ba6ae4b056461004d057b6dd34ea1698d6d555fef0784b09aa80a3b1
32 282 0 12000 42 1 :993407e54dcdd458380ae1e4fb3df95dfd08aafd554cf3418195bc3f7a8a600a561213556e88193defd8559baf37ddeff1d6bd49bfc611709f831f82d4367fa9497e4fe5896ec7de1b7b45aace081c87fe10003990ebf44226134155c570ad6b5d16773ff2a57001029e98cae84a1efa204ab2776b0177c53f5ff8e0a4de0af4803afd1b29da99ac4ad4f2a4629ae18816ffcb733a2710d55f222881f6d58d5d3a49fc295f2fd10276292a00c5a64f74a8e00ec630f05059baa8dc3d77caa4c49d1e4a03aa451c1834d5fb4d3301fa2664f675ab99a0818490b67ed06cb87c021893f7ed74d9e9995021effa02518a71cb40ca573326047d00942d8aee01fa7fec854bc6ff209ddff4873fb34bc761da8aa0a7844bddfc4de997
32 283 0 12000 42 1 :99a710bc418d652b8daa0710864887b4fb8b5bd91b10cb7130318cb76907a0fa83fa95e829895cdf6c5605d7c25e080b1ddcf5d3164edc9e0867abe4bfb61bf706e881037826ed7ca6bc468b7319fc995aafe9b2ed4ac767a60becf48cd2a2693e40f5c21d4c58a4d9e6668bc259203a08f54060d7d5bf3ac900334b4e66432d2ecabd5b3475c2075f9cd91eb352d7dc7f6f6f729e2f469a8736d0deae7cf53ec8fb8192b04c6f5cc95ea9fcaa5716f194909240307847202a02cf5195a841f8001b1c0bce8378bca77d568a0e55f23c55b06ded45d0122d284b742b8afe530f6d960dcdb3aaf59cd80d5a9e850bff31dc2ba1baaa45ad3dd96b355cd75b1b51ec7d71ed290049392ff7e7ab245c25c5e83fd6a7fe4daba916b37d
32 284 0 12000 42 1 :602586fde25fd75724094b071266d2bca8bfd97e024681f670b060f7aaa5f7dc59d0d2714b039135ad8935cd76a48479c187fa707b3a1e73e42599603c409fcaad8060cfc763265d5e45519af4e259ec6a7d64005ce6992968e095deb9d1797425ac3aabf45f73233f0f987f4fa9c0356274cf6da9e9aba749778427816cbd4a1444b0024a0d700585f185c52430c1237cbdb9e41679921cc633fceb83996f4b0a8b19ff894dd0a3bca553253283875b8702279f8444d60f30acb3e3cc79fdb7f510a63ce6c12f71ba4ba052d9fd427bb0565f75069418c9f009811ad768ca65f8737030c1e4c3a618a1fcb3ec0525b6037d7de6ca8dd5d6bdc4c72f843725439f25cdd81a3374f9dd200dab5fabf685db9998ce01ea14b244ee760e
32 285 0 12000 42 1 :b58ba5a4b9ee941d86ea1da9ef095e6e5742270f24f6e7a64755e202a3e96333cbfc2864be35134ae554a1c2c4eb4a09bc97b76c9f6ea4350ab9f89870367802f19da4babd6ce1253c8de0f6be21fa53037d5a0e413a34c673a74cf933f78ec4a18b55e9fe1d8ef5094e2b36a5e145886ac5a316267310cd5f2d16c5186a08b3d4099ea701dc868747a40086eeb54614bf902fcdd646fef5bfeb058201f70865d63ad4714496b2ee6bacdf89e7a03f827dc70d4dc7fb7f57e7b41b5720a8c208f4c81dcaeefa3ca736ae8d185bd491a2d2ef183a55b6c853b2ab1b813df0024ee1cb633d2d52f0333400cd882e227e1fd3660dec07db94591230af0eec619414ce65559d1930fa9b349a3ee77189f4a83326ac9f9750ab9ac91cc2f74c
32 286 0 12000 42 1 :082b8518f62d4c59fb68903ed982fcf2c858a48d592cf6e1b2ca22414722e1ee1c0e421517c7bd6b453f77b20c26e555ca4075c21bee7a750724c74bd8bfe8387cdb86f34f0958df276f8c11bce74333fb1a032a687b227cfc971de4c5a4a480aebbe8ad123ff3df312ad8d570e40ee8dccd708bf4164b4ab95089a8a6368f4190751abfb792c83d416e04b9a9d0e94b1a944aa7dc0e6718b4e3bef83e52e9b265fa2a8ca38739d8367782b61055fc7c13925da87eb97a5dffaa54b2df9d311866b447cb981d3eae98ba686b70c448d937666374ae80a5ed1a34c168c07d4ae8923776c492e813dbe7fc2b0a588648de8e0104b5f58ade5760c3cfaed6601501920f817d0fb92e9962d76eff92771bcee4b01b1c345c63081d4dd225607e
32 287 0 12000 42 1 :5951696684feccc3b65d3c840d35a648e7d8cc1b63488c636334e716ce3f01a51698fdf036e05e7b008c8f5a50d2df57d5dd87a66594fa4144786501719f58e07dd3471662c0033d3d7176c39939df354ea05979719e2fe463b234451ca48fb880bca5063599acc6027394974a37d9e7d0240d9df3f180456da4aae6b66b3f9bd0f101bba0d36fc5b2b52987f15a32914ebe8bb62db8fb53c592bdce7ccae0cdcf1861e655623288ebc2a7babdd414372f2d11f289b2ee5d5c40c3efbf3e397c11966a6d948cb4148e7e90fac0c73b26cdc03268dd029930fc4f15d6b67ec2d5112bac5a594d211f6c170e09840691328d1ed15a2cb5bcc4f8047c58daf03b17e58e5e3ec50cc4902c8aeafc3332be65925fbd50cdf1addab1b5de7760bf31
32 288 0 12000 42 1 :6e0c4bea380f6c885e23bb0c6328fbd0567ca8330a8221cd0f8977e3a1b3edadd731c0d43ad451fde76b0f0aa4760b7d772c3f8d5627510aa699870f790769ebd451c8d4e1978881565682edd078c8b3434ec1e8af6e14cea2c433678e4e132ae0eba156e9b226be9ad124b0cada54705ca8710a527d1d46e9c920f4579e11b17e47bd641521ee63f84d674e6df12bc084d8fa6e437915b121532d92e02b0b5cdfe3e4a8096c412e6aa3a4995176a4e6e79c4c77043c32ebd0e991b356a76e82c0fe076257a388bfd407fd384a6d01e881735f3487f04ad24b6a86ca098c4ebe9ebcdf49068b7043513fb3951601d4b553b8e8591cef410025e80f24ff9817a7b835dafbb7eb168125e141f6c5e2a39fa3bb86f0819c393a7cefc73163e06f02
32 289 0 12000 42 1 :9e7606a0c9e27902c2c486c1fd1696029f59c15aa95e2b0f6b17527c70f8c4fc57124a31aeef915926ca10b7ce044cc77cdbb4bbce7f1c5c551ce46608fc756afda8bfb31fef66155ed305501fd2bb2006c28e57f7dd2cbdf2eaefcee047749fbbae9336ebf3a9c5da51b4e738eea03aa4f81866abe771947d4449803f77b341648b22e759b86425b27bf6156fe5e23fdb5b523440dee68a405286ef9a1fa710b5b8bfa158de36bcfcc266f45b9e525ac9e88b7c61785e86da59973becfea465e25267b3d180eefee031f1faffff4e6235210c0435c2fc2db9263db74cb3307ff61511484e5810a8d45c5f1bf6bf8dc4443104d376bfefac9821f30c0a1a472fcab78e1d68c1b651b7a9b771699a84acea6b81076ff7fef0fc7dc666c3734f0459
32 290 0 12000 42 1 :706e2b6d7b4cf5f2a20699940684fb4a42bd7c5fcda33c0718f5345264b6b99b7f57e34b60008671dba4619c89c74fc29ef88359efa9007b086e6531e87011091392fc9bb5e27dfba098b9638226498757460ffe27ec66fcdf5c4f599e9bc61c8651b4cf127fe8e65edd669c1d7e331a12fbe336ef0eeb7045b272500f3c8594c0b37eaa0afc5c3f61cb0deb4527d6b109d46fdc8501b74c211d8018300cf362fd8b123b80d405e006ae736c71dd222a6395a750f43a7e4f9b30b1d3e6e9bc9742f0ecfedc1d910ce022d65c0a8599edaadf9c9a31cda3b5677d21cb0325c3852916e873b849c56ce2995e32ec925c02d3686c565b17d39e7d3a710024d04d307c4bdebeb768141d3b16c6382a99e15b45c07989d1ba502c332eac46c6271f51c248
32 291 0 12000 42 1 :9dfad0dbd7d1967dc5ffa372e4d7cad81ddf78f9a4340b7d8a44947a99b6b771813b89fa1414957778d88734594cc83edb5e6eb49758e7d3e1c972a98657754a6362eb55838a5fb3ff07bdc109f6d22845c7f07d6edefa539da33521bfb510f8657e3f1709d0811c27c7bb0a7709759049d10f91c33babf8591874e869c957ef9be1f3840966962f1578f0e4347618dec4d4350fcf7411b2db853906e7827149bebc94aab0014bd24cba694859f087bda80dc55081292420edaaad39cd06b35afb6965cc48488f9d50aa051b5a72fd8d2808d73efb73fc197aa263faff4676f0a5c5b5d1cae13401ad6241c403baf2bbc368e54cb379264a2c0715c58c6dadda29509606053ab43aefb1d6f09c214389388a437b7c7162b405fcb0b3c8b47b34575236
32 292 0 12000 42 1 :73541168f9bb722876530feedf23f72ebc411e8979e91912b20ac4b8390cec472ba72e4b683d9bcafe8da2cb86d230cec18971c3eb097b8025255cca89d75957e99d27325d547e0f1bd3e9852106a6855eba58cbfa0611af402066ed67d3f7276761a4b5a488bfc2ba9fe4e70d56fd73030abff6e970fe70cd86dc855c4c1badf44b81a07da838e86cda57ae3c4a046e8c181fedce152c7ab9c2496b0056eba7afcb633864453e8f58534ade978daa81aac53b38a3c7e45edc261fc30d8f20df8fcc1b245a5ece30e650885972ec729093a10b54dbaec8254467ce6c0f6123bb08ad06de23ccd1cc5e209523e2fb92af8778c8d9fecb32e06833c48cc901613857c6398f06ee252fce66efcef18068a5387251e3dcdc8c212fa92b58a15652457eb0c885
32 293 0 12000 42 1 :a797b8e2b75535f687397bbe51fd51ce813c3c2922ac80a336186d715637ff715f259d255dd540a333c486f492ad8162afd066284f6d1c2deb79b4ef597fd73a401bc505b20d85a878c69f5c6f7c366b11028bed5fcc043cb9d2a685890ceaeadd9d6ba853709819372fb8219e7e228b104bd26f28602e71274fdcadcd88f64b569e8876e4ef513e78d08a55b1afdfad21c15cb1dcbcb934fc5dc1b18c3d481ed77e8627a7f6baec444725614454a04c8b682f4bf247c47ee4fd657763baf4b3f38dfc1df1433aa9ef9696c154ff263230f334da5cc6fcafcffce452cbdb38d088f2ecfa6ee95291572abb48a9043c4066896c10bacc7faf943e57231c8676e6e951dda611e683ee519f559692eff0ba92ac1d148de74a5090140b76b1acd2499efa2b2ca2
32 294 0 12000 42 1 :c5423aac367e2ebff3dd008c22dce7d832dd55368f7c283477b87b4934b6276f64b1f5795714257e9c034cb2dab5ed466751887c89cc765a33072f1e3ff11ee0dea230b3986f0c3ecf4696062202ee26fafc00dcffcdae452a124832af8789fb2c154d45098ba6debc60718c9ff114dcba38b5d9373258a1f235dac341d6b1f59fb7e9baaa8f41d4944837fd962f75578026ad34f0f3525e8903db2e41277f157bd326d57e1d557a01cc93dcb2766efb96fa377f9bcd3c534435736f266c39df7a1399e2f9714e2f6cc1372ea673f445a22537365080e6d3a32fb4b82bb38ae6cfea4707eafdf2a07c3c55f6c6c3676c3dadad37d57ddca30aedff69df673d46adef4526cbf42c5d15194c446c5aa4c3881d3f5b3a017a199e2f734ee9097797b9fd055d2187
32 295 0 12000 42 1 :f1d0c2bf2e3116d3d7a41d925b5753de0a9f33725cdc6aa408820c11ec187a134cdcf4a84bb078dd6a02df4ab1553075e4ce28b224af456d23721c5959653f7de958fd334304c96a902bdca6f31ea857c27be9d88b0deb17cd7d1ada609709df8907cfc836cc7b8701a553449db281edaea8b0d411f42f8812fb50aec77273bc179a4f460fdcc83229a1681ede603164cf6fc1d97292829dc2df025d118c24950a6d0765caa313d8b87244d3838b7b6f72c46d5e64ce28c8129329cb4268e95b2a42569c30815861b24dfdf9dc2ea9afc73ce6972b97176e8c992e4f76746d3a13a890629f63f0b63975d6d80caafd0590bd3fe37257d8e7de6f2eb75214301913829662281f1814c27fe3f043a4edc3f119ac8353b9939bab0f66495ea171008e5898190bf413
32 296 0 12000 42 1 :8b07a48e6768a492f813bff4f51017e1121863ef0ec60b30b1303f7c3926d45eb25614fbe695dc71b2a211b7170b92d68036f9783830f0223551810100f8a6382a396da183660026533b63286e580b5f57f333d42ab1c492e654b59ffafb12abc7a6e3a9530b792b819dc541cde41d298956b127e8831775d7202dfa0ca0eb743a8102e63bd12fb8bd3ebcf718e3094c4721c08e3205b7b67a1bec07f4056296e6d02ba3bb8d907866ba1034d76ba680252d5a417030ac5b775290353186543573df3c5bcdeb8ee1c603508a57b4981ba26b610e5100d56e3d2e5874dd572c71ed1fc3aac20d6e5f6b97028796bc9459eab929f260506da91ef08315813c48a40f26a43b2bb414e416c3a6d4b666cf9fa30cf8c3fc503425aaf55b9f5be3fb511d197e554450b88d
32 297 0 12000 42 1 :c497fa89b13c1f3ca9c04054e0793bdcc18efc0c57ecdc8ac3cb78253dda12dc8b4b2960074c5806ae202cb348e8570df9478de604b225d900f92b90b4ccb78fe84f78a397ad1c85cca6f1783a9807c1db752cec9a773bf1bf0bc4db0adf487bbec0144eb0cdf34a5108981ea6e4e3f4ea60f6940a446ba0e72f909c3e0770c10c90c142f01ad25bc67bc23a1535acc35fb41d4e74459cab89db98059e57fbab0950a04f3e3e7008ac67466dfa8229adbd874d551a3703dc8fbc022e43cad81d21bf76e29ab14a87173d63239d55fde16b44f78986f84fdb98b18737663ff8e71300e392c90f1a01dcdd91f392f3f805243cafed5c160c37083920d7588343ea263ad2e018cf24c31acbd4b49662fa5c01506c6e33b1bc7403fcad7958715e710dd25a2c245a05e23b
32 298 0 12000 42 1 :44c6898e4ed6e1f82ad3429d605c16cb0e909763a5970b069dd873fcebb2163a3fb9c32a8888559d17a790d53296ad01201cc35606de8d78dab5fec3ffe94f24f4c4d9e5222fc9375301d05584e40144b906ec03d82491aee615a1683c746e7a18092f91218b63e167bab294f1d469c2902648dad60f5bc3e58cb013914cac0aae14aaab8bbe3f78f5fcf631a4abbbada2b5efc3d48f866f490226a347dcf219fa051379550862df21eaba516ba646e35d1755055bf1dc9adb25d492c6ab868ef34f14089e523eb61d8ac15d62a8f5a32513976a2a9cf1fba6c559c461af6bf6dbef953fa7f80b7bb33a23add7a6d00a05eae1cb508e42ff72908f7ae63d8e18bdb823e787d22aa2385f1a0fdbf604bd05fe874bbe94bd9f5e87bde4a2eb36be5fc3f0091f0c5b7a02c0
32 299 0 12000 42 1 :31af95b6167491a9e10617049756866fcdfeabc64cbd546f6dd97538b6b5745c34c3892d05fb2d578c972bd4e08eb79b4142d9019a1ce122e410129ac338600a7ddd4854376db30a4eacb4e7e92093665fb45565d11d75d4d52930314d065415fa73105737b83f188ad0100c1094bbb0e2c765d7bcc02b47a4ed3815c94707933e33d6dee34bc651bb000b45c869a54140a861195db3efa97a8e18e4cace99127efdaa8c7612df100fe1fcffe0b73739e10d2e04980e6be32a62601e44313b939d345d0a339afe52c4b6b31f5a6aa7efafb99342dabb48c2387945ce12ec36136d2bc4aa0891886205c50ca5fe8846a5e262aad52fa166e0f6f9ecb8d539723fed5dd7d2f7519feae5f44612e829eef34c6b16e690231840f0e4ff2d104bc6d2b3e4228c3632b419dd4e8b
32 300 0 12000 42 1 :c46b47da4691c0cef80f23d1f2987d4c054a25b206ebb3234e7a88f96a4321628858cbcb084c15f05118fc2a5a0cbda6b94d2ba561e6d3af40a524dbd55b530a72dd76f38b455b84ae89a89dec7072a45197ef9446712f82ca08134230db036ea4f8e04dc699ffdcbd19333149dd03b44caec4a07f5c6644f73d996684284d2ebf9d054628783785264480ae153c48679f17edb7b946a0bf87fa3d3a2888cca8922ef7cd579c7173e14cc7b5e093df49cc682fa2cde798bc178a9c83fc97f96507127ae7a43f63d50d8788831fce6118bbe6bd4cb1107ccd4510f72cdfde3e5500523e5e4483a4a986a47a45ef256a975a161389ead9a2d6ecfa66d69fbd5044d232c29b3d4cf3847f21d83bc7d6bb9e171172a93771a85c12d06cbce066c05fa2d39bb57126d15ce6dd8c79
