32 1 0 80000 49 1 :66
32 2 0 80000 47 1 :66b3
32 3 0 80000 47 1 :66b33f
32 4 0 80000 47 1 :66b33fa9
32 5 0 80000 47 1 :66b33fa9a0
32 6 0 80000 47 1 :66b33fa9a0c6
32 7 0 80000 47 1 :66b33fa9a0c63f
32 8 0 80000 47 1 :66b33fa9a0c63fb3
32 9 0 80000 47 1 :66b33fa9a0c63fb385
32 10 0 80000 47 1 :66b33fa9a0c63fb38504
32 11 0 80000 47 1 :66b33fa9a0c63fb38504d6
32 12 0 80000 47 1 :66b33fa9a0c63fb38504d6eb
32 13 0 80000 47 1 :66b33fa9a0c63fb38504d6eb07
32 14 0 80000 49 1 :66b33fa9a0c63fb38504d6eb0731
32 15 0 80000 47 1 :66b33fa9a0c63fb38504d6eb0731f8
32 16 0 80000 47 1 :66b33fa9a0c63fb38504d6eb0731f8b6
32 17 0 80000 49 1 :66b33fa9a0c63fb38504d6eb0731f8b6a7
32 18 0 80000 47 1 :66b33fa9a0c63fb38504d6eb0731f8b6a76b
32 19 0 80000 47 1 :66b33fa9a0c63fb38504d6eb0731f8b6a76bfd
32 20 0 80000 47 1 :66b33fa9a0c63fb38504d6eb0731f8b6a76bfdec
32 21 0 80000 49 1 :66b33fa9a0c63fb38504d6eb0731f8b6a76bfdeca6
32 22 0 80000 47 1 :66b33fa9a0c63fb38504d6eb0731f8b6a76bfdeca6a3
32 23 0 80000 47 1 :66b33fa9a0c63fb38504d6eb0731f8b6a76bfdeca6a3cf
32 24 0 80000 47 1 :66b33fa9a0c63fb38504d6eb0731f8b6a76bfdeca6a3cff9
32 25 0 80000 67 1 :66b33fa9a0c63fb38504d6eb0731f8b6a76bfdeca6a3cff990
32 26 0 80000 47 1 :66b33fa9a0c63fb38504d6eb0731f8b6a76bfdeca6a3cff990c6
32 27 0 80000 47 1 :66b33fa9a0c63fb38504d6eb0731f8b6a76bfdeca6a3cff990c6ef
32 28 0 80000 47 1 :66b33fa9a0c63fb38504d6eb0731f8b6a76bfdeca6a3cff990c6efa3
32 29 0 80000 47 1 :66b33fa9a0c63fb38504d6eb0731f8b6a76bfdeca6a3cff990c6efa3b5
32 30 0 80000 47 1 :66b33fa9a0c63fb38504d6eb0731f8b6a76bfdeca6a3cff990c6efa3b534
32 31 0 80000 47 1 :66b33fa9a0c63fb38504d6eb0731f8b6a76bfdeca6a3cff990c6efa3b53456
32 32 0 80000 47 1 :66b33fa9a0c63fb38504d6eb0731f8b6a76bfdeca6a3cff990c6efa3b534561b
32 33 0 80000 47 1 :66b33fa9a0c63fb38504d6eb0731f8b6a76bfdeca6a3cff990c6efa3b534561b77
32 34 0 80000 47 1 :66b33fa9a0c63fb38504d6eb0731f8b6a76bfdeca6a3cff990c6efa3b534561b7741
32 35 0 80000 47 1 :66b33fa9a0c63fb38504d6eb0731f8b6a76bfdeca6a3cff990c6efa3b534561b774128
32 36 0 80000 47 1 :66b33fa9a0c63fb38504d6eb0731f8b6a76bfdeca6a3cff990c6efa3b534561b77412876
32 37 0 80000 47 1 :66b33fa9a0c63fb38504d6eb0731f8b6a76bfdeca6a3cff990c6efa3b534561b7741287697
32 38 0 80000 47 1 :66b33fa9a0c63fb38504d6eb0731f8b6a76bfdeca6a3cff990c6efa3b534561b7741287697bb
32 39 0 80000 47 1 :66b33fa9a0c63fb38504d6eb0731f8b6a76bfdeca6a3cff990c6efa3b534561b7741287697bb2d
32 40 0 80000 49 1 :66b33fa9a0c63fb38504d6eb0731f8b6a76bfdeca6a3cff990c6efa3b534561b7741287697bb2d5c
32 41 0 80000 47 1 :66b33fa9a0c63fb38504d6eb0731f8b6a76bfdeca6a3cff990c6efa3b534561b7741287697bb2d5ce6
32 42 0 80000 47 1 :66b33fa9a0c63fb38504d6eb0731f8b6a76bfdeca6a3cff990c6efa3b534561b7741287697bb2d5ce613
32 43 0 80000 47 1 :66b33fa9a0c63fb38504d6eb0731f8b6a76bfdeca6a3cff990c6efa3b534561b7741287697bb2d5ce613df
32 44 0 80000 47 1 :66b33fa9a0c63fb38504d6eb0731f8b6a76bfdeca6a3cff990c6efa3b534561b7741287697bb2d5ce613df09
32 45 0 80000 47 1 :66b33fa9a0c63fb38504d6eb0731f8b6a76bfdeca6a3cff990c6efa3b534561b7741287697bb2d5ce613df09c0
32 46 0 80000 47 1 :66b33fa9a0c63fb38504d6eb0731f8b6a76bfdeca6a3cff990c6efa3b534561b7741287697bb2d5ce613df09c006
32 47 0 80000 47 1 :66b33fa9a0c63fb38504d6eb0731f8b6a76bfdeca6a3cff990c6efa3b534561b7741287697bb2d5ce613df09c0065f
32 48 0 80000 47 1 :66b33fa9a0c63fb38504d6eb0731f8b6a76bfdeca6a3cff990c6efa3b534561b7741287697bb2d5ce613df09c0065fd3
32 49 0 80000 47 1 :66b33fa9a0c63fb38504d6eb0731f8b6a76bfdeca6a3cff990c6efa3b534561b7741287697bb2d5ce613df09c0065fd365
32 50 0 80000 47 1 :66b33fa9a0c63fb38504d6eb0731f8b6a76bfdeca6a3cff990c6efa3b534561b7741287697bb2d5ce613df09c0065fd36564
32 51 0 80000 47 1 :66b33fa9a0c63fb38504d6eb0731f8b6a76bfdeca6a3cff990c6efa3b534561b7741287697bb2d5ce613df09c0065fd3656496
32 52 0 80000 47 1 :66b33fa9a0c63fb38504d6eb0731f8b6a76bfdeca6a3cff990c6efa3b534561b7741287697bb2d5ce613df09c0065fd36564968b
32 53 0 80000 47 1 :66b33fa9a0c63fb38504d6eb0731f8b6a76bfdeca6a3cff990c6efa3b534561b7741287697bb2d5ce613df09c0065fd36564968be7
32 54 0 80000 47 1 :66b33fa9a0c63fb38504d6eb0731f8b6a76bfdeca6a3cff990c6efa3b534561b7741287697bb2d5ce613df09c0065fd36564968be791
32 55 0 80000 47 1 :66b33fa9a0c63fb38504d6eb0731f8b6a76bfdeca6a3cff990c6efa3b534561b7741287697bb2d5ce613df09c0065fd36564968be79158
32 56 0 80000 47 1 :66b33fa9a0c63fb38504d6eb0731f8b6a76bfdeca6a3cff990c6efa3b534561b7741287697bb2d5ce613df09c0065fd36564968be79158b6
32 57 0 80000 47 1 :66b33fa9a0c63fb38504d6eb0731f8b6a76bfdeca6a3cff990c6efa3b534561b7741287697bb2d5ce613df09c0065fd36564968be79158b647
32 58 0 80000 47 1 :66b33fa9a0c63fb38504d6eb0731f8b6a76bfdeca6a3cff990c6efa3b534561b7741287697bb2d5ce613df09c0065fd36564968be79158b6474b
32 59 0 80000 47 1 :66b33fa9a0c63fb38504d6eb0731f8b6a76bfdeca6a3cff990c6efa3b534561b7741287697bb2d5ce613df09c0065fd36564968be79158b6474b1d
32 60 0 80000 47 1 :66b33fa9a0c63fb38504d6eb0731f8b6a76bfdeca6a3cff990c6efa3b534561b7741287697bb2d5ce613df09c0065fd36564968be79158b6474b1d4c
32 61 0 80000 47 1 :66b33fa9a0c63fb38504d6eb0731f8b6a76bfdeca6a3cff990c6efa3b534561b7741287697bb2d5ce613df09c0065fd36564968be79158b6474b1d4c26
32 62 0 80000 47 1 :66b33fa9a0c63fb38504d6eb0731f8b6a76bfdeca6a3cff990c6efa3b534561b7741287697bb2d5ce613df09c0065fd36564968be79158b6474b1d4c2643
32 63 0 80000 47 1 :66b33fa9a0c63fb38504d6eb0731f8b6a76bfdeca6a3cff990c6efa3b534561b7741287697bb2d5ce613df09c0065fd36564968be79158b6474b1d4c26436f
32 64 0 80000 47 1 :66b33fa9a0c63fb38504d6eb0731f8b6a76bfdeca6a3cff990c6efa3b534561b7741287697bb2d5ce613df09c0065fd36564968be79158b6474b1d4c26436fd9
32 65 0 80000 47 1 :66b33fa9a0c63fb38504d6eb0731f8b6a76bfdeca6a3cff990c6efa3b534561b7741287697bb2d5ce613df09c0065fd36564968be79158b6474b1d4c26436fd970
32 66 0 80000 47 1 :66b33fa9a0c63fb38504d6eb0731f8b6a76bfdeca6a3cff990c6efa3b534561b7741287697bb2d5ce613df09c0065fd36564968be79158b6474b1d4c26436fd97086
32 67 0 80000 47 1 :66b33fa9a0c63fb38504d6eb0731f8b6a76bfdeca6a3cff990c6efa3b534561b7741287697bb2d5ce613df09c0065fd36564968be79158b6474b1d4c26436fd970864f
32 68 0 80000 47 1 :66b33fa9a0c63fb38504d6eb0731f8b6a76bfdeca6a3cff990c6efa3b534561b7741287697bb2d5ce613df09c0065fd36564968be79158b6474b1d4c26436fd970864fc3
32 69 0 80000 47 1 :66b33fa9a0c63fb38504d6eb0731f8b6a76bfdeca6a3cff990c6efa3b534561b7741287697bb2d5ce613df09c0065fd36564968be79158b6474b1d4c26436fd970864fc395
32 70 0 80000 47 1 :66b33fa9a0c63fb38504d6eb0731f8b6a76bfdeca6a3cff990c6efa3b534561b7741287697bb2d5ce613df09c0065fd36564968be79158b6474b1d4c26436fd970864fc395d4
32 71 0 80000 47 1 :66b33fa9a0c63fb38504d6eb0731f8b6a76bfdeca6a3cff990c6efa3b534561b7741287697bb2d5ce613df09c0065fd36564968be79158b6474b1d4c26436fd970864fc395d496
32 72 0 80000 47 1 :66b33fa9a0c63fb38504d6eb0731f8b6a76bfdeca6a3cff990c6efa3b534561b7741287697bb2d5ce613df09c0065fd36564968be79158b6474b1d4c26436fd970864fc395d496fb
32 73 0 80000 47 1 :66b33fa9a0c63fb38504d6eb0731f8b6a76bfdeca6a3cff990c6efa3b534561b7741287697bb2d5ce613df09c0065fd36564968be79158b6474b1d4c26436fd970864fc395d496fbd7
32 74 0 80000 47 1 :66b33fa9a0c63fb38504d6eb0731f8b6a76bfdeca6a3cff990c6efa3b534561b7741287697bb2d5ce613df09c0065fd36564968be79158b6474b1d4c26436fd970864fc395d496fbd7a1
32 75 0 80000 47 1 :66b33fa9a0c63fb38504d6eb0731f8b6a76bfdeca6a3cff990c6efa3b534561b7741287697bb2d5ce613df09c0065fd36564968be79158b6474b1d4c26436fd970864fc395d496fbd7a1c8
32 76 0 80000 47 1 :66b33fa9a0c63fb38504d6eb0731f8b6a76bfdeca6a3cff990c6efa3b534561b7741287697bb2d5ce613df09c0065fd36564968be79158b6474b1d4c26436fd970864fc395d496fbd7a1c8f6
32 77 0 80000 47 1 :66b33fa9a0c63fb38504d6eb0731f8b6a76bfdeca6a3cff990c6efa3b534561b7741287697bb2d5ce613df09c0065fd36564968be79158b6474b1d4c26436fd970864fc395d496fbd7a1c8f6f7
32 78 0 80000 47 1 :66b33fa9a0c63fb38504d6eb0731f8b6a76bfdeca6a3cff990c6efa3b534561b7741287697bb2d5ce613df09c0065fd36564968be79158b6474b1d4c26436fd970864fc395d496fbd7a1c8f6f71b
32 79 0 80000 47 1 :66b33fa9a0c63fb38504d6eb0731f8b6a76bfdeca6a3cff990c6efa3b534561b7741287697bb2d5ce613df09c0065fd36564968be79158b6474b1d4c26436fd970864fc395d496fbd7a1c8f6f71bcd
32 80 0 80000 47 1 :66b33fa9a0c63fb38504d6eb0731f8b6a76bfdeca6a3cff990c6efa3b534561b7741287697bb2d5ce613df09c0065fd36564968be79158b6474b1d4c26436fd970864fc395d496fbd7a1c8f6f71bcd7c
32 81 0 80000 47 1 :66b33fa9a0c63fb38504d6eb0731f8b6a76bfdeca6a3cff990c6efa3b534561b7741287697bb2d5ce613df09c0065fd36564968be79158b6474b1d4c26436fd970864fc395d496fbd7a1c8f6f71bcd7c66
32 82 0 80000 47 1 :66b33fa9a0c63fb38504d6eb0731f8b6a76bfdeca6a3cff990c6efa3b534561b7741287697bb2d5ce613df09c0065fd36564968be79158b6474b1d4c26436fd970864fc395d496fbd7a1c8f6f71bcd7c66f3
32 83 0 80000 47 1 :66b33fa9a0c63fb38504d6eb0731f8b6a76bfdeca6a3cff990c6efa3b534561b7741287697bb2d5ce613df09c0065fd36564968be79158b6474b1d4c26436fd970864fc395d496fbd7a1c8f6f71bcd7c66f37f
32 84 0 80000 49 1 :66b33fa9a0c63fb38504d6eb0731f8b6a76bfdeca6a3cff990c6efa3b534561b7741287697bb2d5ce613df09c0065fd36564968be79158b6474b1d4c26436fd970864fc395d496fbd7a1c8f6f71bcd7c66f37fe9
32 85 0 80000 47 1 :66b33fa9a0c63fb38504d6eb0731f8b6a76bfdeca6a3cff990c6efa3b534561b7741287697bb2d5ce613df09c0065fd36564968be79158b6474b1d4c26436fd970864fc395d496fbd7a1c8f6f71bcd7c66f37fe960
32 86 0 80000 47 1 :66b33fa9a0c63fb38504d6eb0731f8b6a76bfdeca6a3cff990c6efa3b534561b7741287697bb2d5ce613df09c0065fd36564968be79158b6474b1d4c26436fd970864fc395d496fbd7a1c8f6f71bcd7c66f37fe96046
32 87 0 80000 47 1 :66b33fa9a0c63fb38504d6eb0731f8b6a76bfdeca6a3cff990c6efa3b534561b7741287697bb2d5ce613df09c0065fd36564968be79158b6474b1d4c26436fd970864fc395d496fbd7a1c8f6f71bcd7c66f37fe96046ff
32 88 0 80000 47 1 :66b33fa9a0c63fb38504d6eb0731f8b6a76bfdeca6a3cff990c6efa3b534561b7741287697bb2d5ce613df09c0065fd36564968be79158b6474b1d4c26436fd970864fc395d496fbd7a1c8f6f71bcd7c66f37fe96046ff73
32 89 0 80000 47 1 :66b33fa9a0c63fb38504d6eb0731f8b6a76bfdeca6a3cff990c6efa3b534561b7741287697bb2d5ce613df09c0065fd36564968be79158b6474b1d4c26436fd970864fc395d496fbd7a1c8f6f71bcd7c66f37fe96046ff73c5
32 90 0 80000 47 1 :66b33fa9a0c63fb38504d6eb0731f8b6a76bfdeca6a3cff990c6efa3b534561b7741287697bb2d5ce613df09c0065fd36564968be79158b6474b1d4c26436fd970864fc395d496fbd7a1c8f6f71bcd7c66f37fe96046ff73c5c4
32 91 0 80000 47 1 :66b33fa9a0c63fb38504d6eb0731f8b6a76bfdeca6a3cff990c6efa3b534561b7741287697bb2d5ce613df09c0065fd36564968be79158b6474b1d4c26436fd970864fc395d496fbd7a1c8f6f71bcd7c66f37fe96046ff73c5c4d6
32 92 0 80000 47 1 :66b33fa9a0c63fb38504d6eb0731f8b6a76bfdeca6a3cff990c6efa3b534561b7741287697bb2d5ce613df09c0065fd36564968be79158b6474b1d4c26436fd970864fc395d496fbd7a1c8f6f71bcd7c66f37fe96046ff73c5c4d62b
32 93 0 80000 47 1 :66b33fa9a0c63fb38504d6eb0731f8b6a76bfdeca6a3cff990c6efa3b534561b7741287697bb2d5ce613df09c0065fd36564968be79158b6474b1d4c26436fd970864fc395d496fbd7a1c8f6f71bcd7c66f37fe96046ff73c5c4d62bc7
32 94 0 80000 47 1 :66b33fa9a0c63fb38504d6eb0731f8b6a76bfdeca6a3cff990c6efa3b534561b7741287697bb2d5ce613df09c0065fd36564968be79158b6474b1d4c26436fd970864fc395d496fbd7a1c8f6f71bcd7c66f37fe96046ff73c5c4d62bc7f1
32 95 0 80000 47 1 :66b33fa9a0c63fb38504d6eb0731f8b6a76bfdeca6a3cff990c6efa3b534561b7741287697bb2d5ce613df09c0065fd36564968be79158b6474b1d4c26436fd970864fc395d496fbd7a1c8f6f71bcd7c66f37fe96046ff73c5c4d62bc7f138
32 96 0 80000 47 1 :66b33fa9a0c63fb38504d6eb0731f8b6a76bfdeca6a3cff990c6efa3b534561b7741287697bb2d5ce613df09c0065fd36564968be79158b6474b1d4c26436fd970864fc395d496fbd7a1c8f6f71bcd7c66f37fe96046ff73c5c4d62bc7f13836
32 97 0 80000 47 1 :66b33fa9a0c63fb38504d6eb0731f8b6a76bfdeca6a3cff990c6efa3b534561b7741287697bb2d5ce613df09c0065fd36564968be79158b6474b1d4c26436fd970864fc395d496fbd7a1c8f6f71bcd7c66f37fe96046ff73c5c4d62bc7f1383667
32 98 0 80000 47 1 :66b33fa9a0c63fb38504d6eb0731f8b6a76bfdeca6a3cff990c6efa3b534561b7741287697bb2d5ce613df09c0065fd36564968be79158b6474b1d4c26436fd970864fc395d496fbd7a1c8f6f71bcd7c66f37fe96046ff73c5c4d62bc7f1383667ab
32 99 0 80000 47 1 :66b33fa9a0c63fb38504d6eb0731f8b6a76bfdeca6a3cff990c6efa3b534561b7741287697bb2d5ce613df09c0065fd36564968be79158b6474b1d4c26436fd970864fc395d496fbd7a1c8f6f71bcd7c66f37fe96046ff73c5c4d62bc7f1383667ab3d
32 100 0 80000 47 1 :66b33fa9a0c63fb38504d6eb0731f8b6a76bfdeca6a3cff990c6efa3b534561b7741287697bb2d5ce613df09c0065fd36564968be79158b6474b1d4c26436fd970864fc395d496fbd7a1c8f6f71bcd7c66f37fe96046ff73c5c4d62bc7f1383667ab3dac
32 101 0 80000 49 1 :66b33fa9a0c63fb38504d6eb0731f8b6a76bfdeca6a3cff990c6efa3b534561b7741287697bb2d5ce613df09c0065fd36564968be79158b6474b1d4c26436fd970864fc395d496fbd7a1c8f6f71bcd7c66f37fe96046ff73c5c4d62bc7f1383667ab3daca6
32 102 0 80000 47 1 :66b33fa9a0c63fb38504d6eb0731f8b6a76bfdeca6a3cff990c6efa3b534561b7741287697bb2d5ce613df09c0065fd36564968be79158b6474b1d4c26436fd970864fc395d496fbd7a1c8f6f71bcd7c66f37fe96046ff73c5c4d62bc7f1383667ab3daca6e3
32 103 0 80000 47 1 :66b33fa9a0c63fb38504d6eb0731f8b6a76bfdeca6a3cff990c6efa3b534561b7741287697bb2d5ce613df09c0065fd36564968be79158b6474b1d4c26436fd970864fc395d496fbd7a1c8f6f71bcd7c66f37fe96046ff73c5c4d62bc7f1383667ab3daca6e38f
32 104 0 80000 49 1 :66b33fa9a0c63fb38504d6eb0731f8b6a76bfdeca6a3cff990c6efa3b534561b7741287697bb2d5ce613df09c0065fd36564968be79158b6474b1d4c26436fd970864fc395d496fbd7a1c8f6f71bcd7c66f37fe96046ff73c5c4d62bc7f1383667ab3daca6e38fb9
32 105 0 80000 47 1 :66b33fa9a0c63fb38504d6eb0731f8b6a76bfdeca6a3cff990c6efa3b534561b7741287697bb2d5ce613df09c0065fd36564968be79158b6474b1d4c26436fd970864fc395d496fbd7a1c8f6f71bcd7c66f37fe96046ff73c5c4d62bc7f1383667ab3daca6e38fb9d0
32 106 0 80000 47 1 :66b33fa9a0c63fb38504d6eb0731f8b6a76bfdeca6a3cff990c6efa3b534561b7741287697bb2d5ce613df09c0065fd36564968be79158b6474b1d4c26436fd970864fc395d496fbd7a1c8f6f71bcd7c66f37fe96046ff73c5c4d62bc7f1383667ab3daca6e38fb9d046
32 107 0 80000 47 1 :66b33fa9a0c63fb38504d6eb0731f8b6a76bfdeca6a3cff990c6efa3b534561b7741287697bb2d5ce613df09c0065fd36564968be79158b6474b1d4c26436fd970864fc395d496fbd7a1c8f6f71bcd7c66f37fe96046ff73c5c4d62bc7f1383667ab3daca6e38fb9d0462f
32 108 0 80000 47 1 :66b33fa9a0c63fb38504d6eb0731f8b6a76bfdeca6a3cff990c6efa3b534561b7741287697bb2d5ce613df09c0065fd36564968be79158b6474b1d4c26436fd970864fc395d496fbd7a1c8f6f71bcd7c66f37fe96046ff73c5c4d62bc7f1383667ab3daca6e38fb9d0462fe3
32 109 0 80000 67 1 :66b33fa9a0c63fb38504d6eb0731f8b6a76bfdeca6a3cff990c6efa3b534561b7741287697bb2d5ce613df09c0065fd36564968be79158b6474b1d4c26436fd970864fc395d496fbd7a1c8f6f71bcd7c66f37fe96046ff73c5c4d62bc7f1383667ab3daca6e38fb9d0462fe3f5
32 110 0 80000 47 1 :66b33fa9a0c63fb38504d6eb0731f8b6a76bfdeca6a3cff990c6efa3b534561b7741287697bb2d5ce613df09c0065fd36564968be79158b6474b1d4c26436fd970864fc395d496fbd7a1c8f6f71bcd7c66f37fe96046ff73c5c4d62bc7f1383667ab3daca6e38fb9d0462fe3f574
32 111 0 80000 47 1 :66b33fa9a0c63fb38504d6eb0731f8b6a76bfdeca6a3cff990c6efa3b534561b7741287697bb2d5ce613df09c0065fd36564968be79158b6474b1d4c26436fd970864fc395d496fbd7a1c8f6f71bcd7c66f37fe96046ff73c5c4d62bc7f1383667ab3daca6e38fb9d0462fe3f57456
32 112 0 80000 47 1 :66b33fa9a0c63fb38504d6eb0731f8b6a76bfdeca6a3cff990c6efa3b534561b7741287697bb2d5ce613df09c0065fd36564968be79158b6474b1d4c26436fd970864fc395d496fbd7a1c8f6f71bcd7c66f37fe96046ff73c5c4d62bc7f1383667ab3daca6e38fb9d0462fe3f574565b
32 113 0 80000 47 1 :66b33fa9a0c63fb38504d6eb0731f8b6a76bfdeca6a3cff990c6efa3b534561b7741287697bb2d5ce613df09c0065fd36564968be79158b6474b1d4c26436fd970864fc395d496fbd7a1c8f6f71bcd7c66f37fe96046ff73c5c4d62bc7f1383667ab3daca6e38fb9d0462fe3f574565b37
32 114 0 80000 47 1 :66b33fa9a0c63fb38504d6eb0731f8b6a76bfdeca6a3cff990c6efa3b534561b7741287697bb2d5ce613df09c0065fd36564968be79158b6474b1d4c26436fd970864fc395d496fbd7a1c8f6f71bcd7c66f37fe96046ff73c5c4d62bc7f1383667ab3daca6e38fb9d0462fe3f574565b3701
32 115 0 80000 47 1 :66b33fa9a0c63fb38504d6eb0731f8b6a76bfdeca6a3cff990c6efa3b534561b7741287697bb2d5ce613df09c0065fd36564968be79158b6474b1d4c26436fd970864fc395d496fbd7a1c8f6f71bcd7c66f37fe96046ff73c5c4d62bc7f1383667ab3daca6e38fb9d0462fe3f574565b3701e8
32 116 0 80000 47 1 :66b33fa9a0c63fb38504d6eb0731f8b6a76bfdeca6a3cff990c6efa3b534561b7741287697bb2d5ce613df09c0065fd36564968be79158b6474b1d4c26436fd970864fc395d496fbd7a1c8f6f71bcd7c66f37fe96046ff73c5c4d62bc7f1383667ab3daca6e38fb9d0462fe3f574565b3701e876
32 117 0 80000 47 1 :66b33fa9a0c63fb38504d6eb0731f8b6a76bfdeca6a3cff990c6efa3b534561b7741287697bb2d5ce613df09c0065fd36564968be79158b6474b1d4c26436fd970864fc395d496fbd7a1c8f6f71bcd7c66f37fe96046ff73c5c4d62bc7f1383667ab3daca6e38fb9d0462fe3f574565b3701e876d7
32 118 0 80000 47 1 :66b33fa9a0c63fb38504d6eb0731f8b6a76bfdeca6a3cff990c6efa3b534561b7741287697bb2d5ce613df09c0065fd36564968be79158b6474b1d4c26436fd970864fc395d496fbd7a1c8f6f71bcd7c66f37fe96046ff73c5c4d62bc7f1383667ab3daca6e38fb9d0462fe3f574565b3701e876d77b
32 119 0 80000 47 1 :66b33fa9a0c63fb38504d6eb0731f8b6a76bfdeca6a3cff990c6efa3b534561b7741287697bb2d5ce613df09c0065fd36564968be79158b6474b1d4c26436fd970864fc395d496fbd7a1c8f6f71bcd7c66f37fe96046ff73c5c4d62bc7f1383667ab3daca6e38fb9d0462fe3f574565b3701e876d77bed
32 120 0 80000 47 1 :66b33fa9a0c63fb38504d6eb0731f8b6a76bfdeca6a3cff990c6efa3b534561b7741287697bb2d5ce613df09c0065fd36564968be79158b6474b1d4c26436fd970864fc395d496fbd7a1c8f6f71bcd7c66f37fe96046ff73c5c4d62bc7f1383667ab3daca6e38fb9d0462fe3f574565b3701e876d77bed9c
32 121 0 80000 47 1 :66b33fa9a0c63fb38504d6eb0731f8b6a76bfdeca6a3cff990c6efa3b534561b7741287697bb2d5ce613df09c0065fd36564968be79158b6474b1d4c26436fd970864fc395d496fbd7a1c8f6f71bcd7c66f37fe96046ff73c5c4d62bc7f1383667ab3daca6e38fb9d0462fe3f574565b3701e876d77bed9c66
32 122 0 80000 47 1 :66b33fa9a0c63fb38504d6eb0731f8b6a76bfdeca6a3cff990c6efa3b534561b7741287697bb2d5ce613df09c0065fd36564968be79158b6474b1d4c26436fd970864fc395d496fbd7a1c8f6f71bcd7c66f37fe96046ff73c5c4d62bc7f1383667ab3daca6e38fb9d0462fe3f574565b3701e876d77bed9c6653
32 123 0 80000 47 1 :66b33fa9a0c63fb38504d6eb0731f8b6a76bfdeca6a3cff990c6efa3b534561b7741287697bb2d5ce613df09c0065fd36564968be79158b6474b1d4c26436fd970864fc395d496fbd7a1c8f6f71bcd7c66f37fe96046ff73c5c4d62bc7f1383667ab3daca6e38fb9d0462fe3f574565b3701e876d77bed9c66539f
32 124 0 80000 47 1 :66b33fa9a0c63fb38504d6eb0731f8b6a76bfdeca6a3cff990c6efa3b534561b7741287697bb2d5ce613df09c0065fd36564968be79158b6474b1d4c26436fd970864fc395d496fbd7a1c8f6f71bcd7c66f37fe96046ff73c5c4d62bc7f1383667ab3daca6e38fb9d0462fe3f574565b3701e876d77bed9c66539f49
32 125 0 80000 47 1 :66b33fa9a0c63fb38504d6eb0731f8b6a76bfdeca6a3cff990c6efa3b534561b7741287697bb2d5ce613df09c0065fd36564968be79158b6474b1d4c26436fd970864fc395d496fbd7a1c8f6f71bcd7c66f37fe96046ff73c5c4d62bc7f1383667ab3daca6e38fb9d0462fe3f574565b3701e876d77bed9c66539f4980
32 126 0 80000 47 1 :66b33fa9a0c63fb38504d6eb0731f8b6a76bfdeca6a3cff990c6efa3b534561b7741287697bb2d5ce613df09c0065fd36564968be79158b6474b1d4c26436fd970864fc395d496fbd7a1c8f6f71bcd7c66f37fe96046ff73c5c4d62bc7f1383667ab3daca6e38fb9d0462fe3f574565b3701e876d77bed9c66539f498086
32 127 0 80000 47 1 :66b33fa9a0c63fb38504d6eb0731f8b6a76bfdeca6a3cff990c6efa3b534561b7741287697bb2d5ce613df09c0065fd36564968be79158b6474b1d4c26436fd970864fc395d496fbd7a1c8f6f71bcd7c66f37fe96046ff73c5c4d62bc7f1383667ab3daca6e38fb9d0462fe3f574565b3701e876d77bed9c66539f4980861f
32 128 0 80000 47 1 :66b33fa9a0c63fb38504d6eb0731f8b6a76bfdeca6a3cff990c6efa3b534561b7741287697bb2d5ce613df09c0065fd36564968be79158b6474b1d4c26436fd970864fc395d496fbd7a1c8f6f71bcd7c66f37fe96046ff73c5c4d62bc7f1383667ab3daca6e38fb9d0462fe3f574565b3701e876d77bed9c66539f4980861f13
32 129 0 80000 47 1 :66b33fa9a0c63fb38504d6eb0731f8b6a76bfdeca6a3cff990c6efa3b534561b7741287697bb2d5ce613df09c0065fd36564968be79158b6474b1d4c26436fd970864fc395d496fbd7a1c8f6f71bcd7c66f37fe96046ff73c5c4d62bc7f1383667ab3daca6e38fb9d0462fe3f574565b3701e876d77bed9c66539f4980861f13a5
32 130 0 80000 47 1 :66b33fa9a0c63fb38504d6eb0731f8b6a76bfdeca6a3cff990c6efa3b534561b7741287697bb2d5ce613df09c0065fd36564968be79158b6474b1d4c26436fd970864fc395d496fbd7a1c8f6f71bcd7c66f37fe96046ff73c5c4d62bc7f1383667ab3daca6e38fb9d0462fe3f574565b3701e876d77bed9c66539f4980861f13a524
32 131 0 80000 47 1 :66b33fa9a0c63fb38504d6eb0731f8b6a76bfdeca6a3cff990c6efa3b534561b7741287697bb2d5ce613df09c0065fd36564968be79158b6474b1d4c26436fd970864fc395d496fbd7a1c8f6f71bcd7c66f37fe96046ff73c5c4d62bc7f1383667ab3daca6e38fb9d0462fe3f574565b3701e876d77bed9c66539f4980861f13a52496
32 132 0 80000 47 1 :66b33fa9a0c63fb38504d6eb0731f8b6a76bfdeca6a3cff990c6efa3b534561b7741287697bb2d5ce613df09c0065fd36564968be79158b6474b1d4c26436fd970864fc395d496fbd7a1c8f6f71bcd7c66f37fe96046ff73c5c4d62bc7f1383667ab3daca6e38fb9d0462fe3f574565b3701e876d77bed9c66539f4980861f13a52496cb
32 133 0 80000 47 1 :66b33fa9a0c63fb38504d6eb0731f8b6a76bfdeca6a3cff990c6efa3b534561b7741287697bb2d5ce613df09c0065fd36564968be79158b6474b1d4c26436fd970864fc395d496fbd7a1c8f6f71bcd7c66f37fe96046ff73c5c4d62bc7f1383667ab3daca6e38fb9d0462fe3f574565b3701e876d77bed9c66539f4980861f13a52496cb27
32 134 0 80000 47 1 :66b33fa9a0c63fb38504d6eb0731f8b6a76bfdeca6a3cff990c6efa3b534561b7741287697bb2d5ce613df09c0065fd36564968be79158b6474b1d4c26436fd970864fc395d496fbd7a1c8f6f71bcd7c66f37fe96046ff73c5c4d62bc7f1383667ab3daca6e38fb9d0462fe3f574565b3701e876d77bed9c66539f4980861f13a52496cb2751
32 135 0 80000 47 1 :66b33fa9a0c63fb38504d6eb0731f8b6a76bfdeca6a3cff990c6efa3b534561b7741287697bb2d5ce613df09c0065fd36564968be79158b6474b1d4c26436fd970864fc395d496fbd7a1c8f6f71bcd7c66f37fe96046ff73c5c4d62bc7f1383667ab3daca6e38fb9d0462fe3f574565b3701e876d77bed9c66539f4980861f13a52496cb275198
32 136 0 80000 47 1 :66b33fa9a0c63fb38504d6eb0731f8b6a76bfdeca6a3cff990c6efa3b534561b7741287697bb2d5ce613df09c0065fd36564968be79158b6474b1d4c26436fd970864fc395d496fbd7a1c8f6f71bcd7c66f37fe96046ff73c5c4d62bc7f1383667ab3daca6e38fb9d0462fe3f574565b3701e876d77bed9c66539f4980861f13a52496cb275198b6
32 137 0 80000 47 1 :66b33fa9a0c63fb38504d6eb0731f8b6a76bfdeca6a3cff990c6efa3b534561b7741287697bb2d5ce613df09c0065fd36564968be79158b6474b1d4c26436fd970864fc395d496fbd7a1c8f6f71bcd7c66f37fe96046ff73c5c4d62bc7f1383667ab3daca6e38fb9d0462fe3f574565b3701e876d77bed9c66539f4980861f13a52496cb275198b607
32 138 0 80000 47 1 :66b33fa9a0c63fb38504d6eb0731f8b6a76bfdeca6a3cff990c6efa3b534561b7741287697bb2d5ce613df09c0065fd36564968be79158b6474b1d4c26436fd970864fc395d496fbd7a1c8f6f71bcd7c66f37fe96046ff73c5c4d62bc7f1383667ab3daca6e38fb9d0462fe3f574565b3701e876d77bed9c66539f4980861f13a52496cb275198b6070b
32 139 0 80000 47 1 :66b33fa9a0c63fb38504d6eb0731f8b6a76bfdeca6a3cff990c6efa3b534561b7741287697bb2d5ce613df09c0065fd36564968be79158b6474b1d4c26436fd970864fc395d496fbd7a1c8f6f71bcd7c66f37fe96046ff73c5c4d62bc7f1383667ab3daca6e38fb9d0462fe3f574565b3701e876d77bed9c66539f4980861f13a52496cb275198b6070b5d
32 140 0 80000 47 1 :66b33fa9a0c63fb38504d6eb0731f8b6a76bfdeca6a3cff990c6efa3b534561b7741287697bb2d5ce613df09c0065fd36564968be79158b6474b1d4c26436fd970864fc395d496fbd7a1c8f6f71bcd7c66f37fe96046ff73c5c4d62bc7f1383667ab3daca6e38fb9d0462fe3f574565b3701e876d77bed9c66539f4980861f13a52496cb275198b6070b5d0c
32 141 0 80000 47 1 :66b33fa9a0c63fb38504d6eb0731f8b6a76bfdeca6a3cff990c6efa3b534561b7741287697bb2d5ce613df09c0065fd36564968be79158b6474b1d4c26436fd970864fc395d496fbd7a1c8f6f71bcd7c66f37fe96046ff73c5c4d62bc7f1383667ab3daca6e38fb9d0462fe3f574565b3701e876d77bed9c66539f4980861f13a52496cb275198b6070b5d0ca6
32 142 0 80000 47 1 :66b33fa9a0c63fb38504d6eb0731f8b6a76bfdeca6a3cff990c6efa3b534561b7741287697bb2d5ce613df09c0065fd36564968be79158b6474b1d4c26436fd970864fc395d496fbd7a1c8f6f71bcd7c66f37fe96046ff73c5c4d62bc7f1383667ab3daca6e38fb9d0462fe3f574565b3701e876d77bed9c66539f4980861f13a52496cb275198b6070b5d0ca683
32 143 0 80000 47 1 :66b33fa9a0c63fb38504d6eb0731f8b6a76bfdeca6a3cff990c6efa3b534561b7741287697bb2d5ce613df09c0065fd36564968be79158b6474b1d4c26436fd970864fc395d496fbd7a1c8f6f71bcd7c66f37fe96046ff73c5c4d62bc7f1383667ab3daca6e38fb9d0462fe3f574565b3701e876d77bed9c66539f4980861f13a52496cb275198b6070b5d0ca683af
32 144 0 80000 47 1 :66b33fa9a0c63fb38504d6eb0731f8b6a76bfdeca6a3cff990c6efa3b534561b7741287697bb2d5ce613df09c0065fd36564968be79158b6474b1d4c26436fd970864fc395d496fbd7a1c8f6f71bcd7c66f37fe96046ff73c5c4d62bc7f1383667ab3daca6e38fb9d0462fe3f574565b3701e876d77bed9c66539f4980861f13a52496cb275198b6070b5d0ca683af99
32 145 0 80000 47 1 :66b33fa9a0c63fb38504d6eb0731f8b6a76bfdeca6a3cff990c6efa3b534561b7741287697bb2d5ce613df09c0065fd36564968be79158b6474b1d4c26436fd970864fc395d496fbd7a1c8f6f71bcd7c66f37fe96046ff73c5c4d62bc7f1383667ab3daca6e38fb9d0462fe3f574565b3701e876d77bed9c66539f4980861f13a52496cb275198b6070b5d0ca683af99b0
32 146 0 80000 47 1 :66b33fa9a0c63fb38504d6eb0731f8b6a76bfdeca6a3cff990c6efa3b534561b7741287697bb2d5ce613df09c0065fd36564968be79158b6474b1d4c26436fd970864fc395d496fbd7a1c8f6f71bcd7c66f37fe96046ff73c5c4d62bc7f1383667ab3daca6e38fb9d0462fe3f574565b3701e876d77bed9c66539f4980861f13a52496cb275198b6070b5d0ca683af99b006
32 147 0 80000 47 1 :66b33fa9a0c63fb38504d6eb0731f8b6a76bfdeca6a3cff990c6efa3b534561b7741287697bb2d5ce613df09c0065fd36564968be79158b6474b1d4c26436fd970864fc395d496fbd7a1c8f6f71bcd7c66f37fe96046ff73c5c4d62bc7f1383667ab3daca6e38fb9d0462fe3f574565b3701e876d77bed9c66539f4980861f13a52496cb275198b6070b5d0ca683af99b0068f
32 148 0 80000 47 1 :66b33fa9a0c63fb38504d6eb0731f8b6a76bfdeca6a3cff990c6efa3b534561b7741287697bb2d5ce613df09c0065fd36564968be79158b6474b1d4c26436fd970864fc395d496fbd7a1c8f6f71bcd7c66f37fe96046ff73c5c4d62bc7f1383667ab3daca6e38fb9d0462fe3f574565b3701e876d77bed9c66539f4980861f13a52496cb275198b6070b5d0ca683af99b0068f83
32 149 0 80000 49 1 :66b33fa9a0c63fb38504d6eb0731f8b6a76bfdeca6a3cff990c6efa3b534561b7741287697bb2d5ce613df09c0065fd36564968be79158b6474b1d4c26436fd970864fc395d496fbd7a1c8f6f71bcd7c66f37fe96046ff73c5c4d62bc7f1383667ab3daca6e38fb9d0462fe3f574565b3701e876d77bed9c66539f4980861f13a52496cb275198b6070b5d0ca683af99b0068f83d5
32 150 0 80000 47 1 :66b33fa9a0c63fb38504d6eb0731f8b6a76bfdeca6a3cff990c6efa3b534561b7741287697bb2d5ce613df09c0065fd36564968be79158b6474b1d4c26436fd970864fc395d496fbd7a1c8f6f71bcd7c66f37fe96046ff73c5c4d62bc7f1383667ab3daca6e38fb9d0462fe3f574565b3701e876d77bed9c66539f4980861f13a52496cb275198b6070b5d0ca683af99b0068f83d514
32 151 0 80000 47 1 :66b33fa9a0c63fb38504d6eb0731f8b6a76bfdeca6a3cff990c6efa3b534561b7741287697bb2d5ce613df09c0065fd36564968be79158b6474b1d4c26436fd970864fc395d496fbd7a1c8f6f71bcd7c66f37fe96046ff73c5c4d62bc7f1383667ab3daca6e38fb9d0462fe3f574565b3701e876d77bed9c66539f4980861f13a52496cb275198b6070b5d0ca683af99b0068f83d51496
32 152 0 80000 47 1 :66b33fa9a0c63fb38504d6eb0731f8b6a76bfdeca6a3cff990c6efa3b534561b7741287697bb2d5ce613df09c0065fd36564968be79158b6474b1d4c26436fd970864fc395d496fbd7a1c8f6f71bcd7c66f37fe96046ff73c5c4d62bc7f1383667ab3daca6e38fb9d0462fe3f574565b3701e876d77bed9c66539f4980861f13a52496cb275198b6070b5d0ca683af99b0068f83d514963b
32 153 0 80000 47 1 :66b33fa9a0c63fb38504d6eb0731f8b6a76bfdeca6a3cff990c6efa3b534561b7741287697bb2d5ce613df09c0065fd36564968be79158b6474b1d4c26436fd970864fc395d496fbd7a1c8f6f71bcd7c66f37fe96046ff73c5c4d62bc7f1383667ab3daca6e38fb9d0462fe3f574565b3701e876d77bed9c66539f4980861f13a52496cb275198b6070b5d0ca683af99b0068f83d514963b17
32 154 0 80000 47 1 :66b33fa9a0c63fb38504d6eb0731f8b6a76bfdeca6a3cff990c6efa3b534561b7741287697bb2d5ce613df09c0065fd36564968be79158b6474b1d4c26436fd970864fc395d496fbd7a1c8f6f71bcd7c66f37fe96046ff73c5c4d62bc7f1383667ab3daca6e38fb9d0462fe3f574565b3701e876d77bed9c66539f4980861f13a52496cb275198b6070b5d0ca683af99b0068f83d514963b1761
32 155 0 80000 49 1 :66b33fa9a0c63fb38504d6eb0731f8b6a76bfdeca6a3cff990c6efa3b534561b7741287697bb2d5ce613df09c0065fd36564968be79158b6474b1d4c26436fd970864fc395d496fbd7a1c8f6f71bcd7c66f37fe96046ff73c5c4d62bc7f1383667ab3daca6e38fb9d0462fe3f574565b3701e876d77bed9c66539f4980861f13a52496cb275198b6070b5d0ca683af99b0068f83d514963b176188
32 156 0 80000 47 1 :66b33fa9a0c63fb38504d6eb0731f8b6a76bfdeca6a3cff990c6efa3b534561b7741287697bb2d5ce613df09c0065fd36564968be79158b6474b1d4c26436fd970864fc395d496fbd7a1c8f6f71bcd7c66f37fe96046ff73c5c4d62bc7f1383667ab3daca6e38fb9d0462fe3f574565b3701e876d77bed9c66539f4980861f13a52496cb275198b6070b5d0ca683af99b0068f83d514963b17618876
32 157 0 80000 47 1 :66b33fa9a0c63fb38504d6eb0731f8b6a76bfdeca6a3cff990c6efa3b534561b7741287697bb2d5ce613df09c0065fd36564968be79158b6474b1d4c26436fd970864fc395d496fbd7a1c8f6f71bcd7c66f37fe96046ff73c5c4d62bc7f1383667ab3daca6e38fb9d0462fe3f574565b3701e876d77bed9c66539f4980861f13a52496cb275198b6070b5d0ca683af99b0068f83d514963b1761887637
32 158 0 80000 47 1 :66b33fa9a0c63fb38504d6eb0731f8b6a76bfdeca6a3cff990c6efa3b534561b7741287697bb2d5ce613df09c0065fd36564968be79158b6474b1d4c26436fd970864fc395d496fbd7a1c8f6f71bcd7c66f37fe96046ff73c5c4d62bc7f1383667ab3daca6e38fb9d0462fe3f574565b3701e876d77bed9c66539f4980861f13a52496cb275198b6070b5d0ca683af99b0068f83d514963b17618876375b
32 159 0 80000 47 1 :66b33fa9a0c63fb38504d6eb0731f8b6a76bfdeca6a3cff990c6efa3b534561b7741287697bb2d5ce613df09c0065fd36564968be79158b6474b1d4c26436fd970864fc395d496fbd7a1c8f6f71bcd7c66f37fe96046ff73c5c4d62bc7f1383667ab3daca6e38fb9d0462fe3f574565b3701e876d77bed9c66539f4980861f13a52496cb275198b6070b5d0ca683af99b0068f83d514963b17618876375b8d
32 160 0 80000 47 1 :66b33fa9a0c63fb38504d6eb0731f8b6a76bfdeca6a3cff990c6efa3b534561b7741287697bb2d5ce613df09c0065fd36564968be79158b6474b1d4c26436fd970864fc395d496fbd7a1c8f6f71bcd7c66f37fe96046ff73c5c4d62bc7f1383667ab3daca6e38fb9d0462fe3f574565b3701e876d77bed9c66539f4980861f13a52496cb275198b6070b5d0ca683af99b0068f83d514963b17618876375b8dbc
32 161 0 80000 49 1 :66b33fa9a0c63fb38504d6eb0731f8b6a76bfdeca6a3cff990c6efa3b534561b7741287697bb2d5ce613df09c0065fd36564968be79158b6474b1d4c26436fd970864fc395d496fbd7a1c8f6f71bcd7c66f37fe96046ff73c5c4d62bc7f1383667ab3daca6e38fb9d0462fe3f574565b3701e876d77bed9c66539f4980861f13a52496cb275198b6070b5d0ca683af99b0068f83d514963b17618876375b8dbc66
32 162 0 80000 47 1 :66b33fa9a0c63fb38504d6eb0731f8b6a76bfdeca6a3cff990c6efa3b534561b7741287697bb2d5ce613df09c0065fd36564968be79158b6474b1d4c26436fd970864fc395d496fbd7a1c8f6f71bcd7c66f37fe96046ff73c5c4d62bc7f1383667ab3daca6e38fb9d0462fe3f574565b3701e876d77bed9c66539f4980861f13a52496cb275198b6070b5d0ca683af99b0068f83d514963b17618876375b8dbc6633
32 163 0 80000 47 1 :66b33fa9a0c63fb38504d6eb0731f8b6a76bfdeca6a3cff990c6efa3b534561b7741287697bb2d5ce613df09c0065fd36564968be79158b6474b1d4c26436fd970864fc395d496fbd7a1c8f6f71bcd7c66f37fe96046ff73c5c4d62bc7f1383667ab3daca6e38fb9d0462fe3f574565b3701e876d77bed9c66539f4980861f13a52496cb275198b6070b5d0ca683af99b0068f83d514963b17618876375b8dbc6633bf
32 164 0 80000 47 1 :66b33fa9a0c63fb38504d6eb0731f8b6a76bfdeca6a3cff990c6efa3b534561b7741287697bb2d5ce613df09c0065fd36564968be79158b6474b1d4c26436fd970864fc395d496fbd7a1c8f6f71bcd7c66f37fe96046ff73c5c4d62bc7f1383667ab3daca6e38fb9d0462fe3f574565b3701e876d77bed9c66539f4980861f13a52496cb275198b6070b5d0ca683af99b0068f83d514963b17618876375b8dbc6633bf29
32 165 0 80000 47 1 :66b33fa9a0c63fb38504d6eb0731f8b6a76bfdeca6a3cff990c6efa3b534561b7741287697bb2d5ce613df09c0065fd36564968be79158b6474b1d4c26436fd970864fc395d496fbd7a1c8f6f71bcd7c66f37fe96046ff73c5c4d62bc7f1383667ab3daca6e38fb9d0462fe3f574565b3701e876d77bed9c66539f4980861f13a52496cb275198b6070b5d0ca683af99b0068f83d514963b17618876375b8dbc6633bf2920
32 166 0 80000 47 1 :66b33fa9a0c63fb38504d6eb0731f8b6a76bfdeca6a3cff990c6efa3b534561b7741287697bb2d5ce613df09c0065fd36564968be79158b6474b1d4c26436fd970864fc395d496fbd7a1c8f6f71bcd7c66f37fe96046ff73c5c4d62bc7f1383667ab3daca6e38fb9d0462fe3f574565b3701e876d77bed9c66539f4980861f13a52496cb275198b6070b5d0ca683af99b0068f83d514963b17618876375b8dbc6633bf2920c6
32 167 0 80000 47 1 :66b33fa9a0c63fb38504d6eb0731f8b6a76bfdeca6a3cff990c6efa3b534561b7741287697bb2d5ce613df09c0065fd36564968be79158b6474b1d4c26436fd970864fc395d496fbd7a1c8f6f71bcd7c66f37fe96046ff73c5c4d62bc7f1383667ab3daca6e38fb9d0462fe3f574565b3701e876d77bed9c66539f4980861f13a52496cb275198b6070b5d0ca683af99b0068f83d514963b17618876375b8dbc6633bf2920c6bf
32 168 0 80000 47 1 :66b33fa9a0c63fb38504d6eb0731f8b6a76bfdeca6a3cff990c6efa3b534561b7741287697bb2d5ce613df09c0065fd36564968be79158b6474b1d4c26436fd970864fc395d496fbd7a1c8f6f71bcd7c66f37fe96046ff73c5c4d62bc7f1383667ab3daca6e38fb9d0462fe3f574565b3701e876d77bed9c66539f4980861f13a52496cb275198b6070b5d0ca683af99b0068f83d514963b17618876375b8dbc6633bf2920c6bf33
32 169 0 80000 47 1 :66b33fa9a0c63fb38504d6eb0731f8b6a76bfdeca6a3cff990c6efa3b534561b7741287697bb2d5ce613df09c0065fd36564968be79158b6474b1d4c26436fd970864fc395d496fbd7a1c8f6f71bcd7c66f37fe96046ff73c5c4d62bc7f1383667ab3daca6e38fb9d0462fe3f574565b3701e876d77bed9c66539f4980861f13a52496cb275198b6070b5d0ca683af99b0068f83d514963b17618876375b8dbc6633bf2920c6bf3305
32 170 0 80000 47 1 :66b33fa9a0c63fb38504d6eb0731f8b6a76bfdeca6a3cff990c6efa3b534561b7741287697bb2d5ce613df09c0065fd36564968be79158b6474b1d4c26436fd970864fc395d496fbd7a1c8f6f71bcd7c66f37fe96046ff73c5c4d62bc7f1383667ab3daca6e38fb9d0462fe3f574565b3701e876d77bed9c66539f4980861f13a52496cb275198b6070b5d0ca683af99b0068f83d514963b17618876375b8dbc6633bf2920c6bf330584
32 171 0 80000 49 1 :66b33fa9a0c63fb38504d6eb0731f8b6a76bfdeca6a3cff990c6efa3b534561b7741287697bb2d5ce613df09c0065fd36564968be79158b6474b1d4c26436fd970864fc395d496fbd7a1c8f6f71bcd7c66f37fe96046ff73c5c4d62bc7f1383667ab3daca6e38fb9d0462fe3f574565b3701e876d77bed9c66539f4980861f13a52496cb275198b6070b5d0ca683af99b0068f83d514963b17618876375b8dbc6633bf2920c6bf330584d6
32 172 0 80000 47 1 :66b33fa9a0c63fb38504d6eb0731f8b6a76bfdeca6a3cff990c6efa3b534561b7741287697bb2d5ce613df09c0065fd36564968be79158b6474b1d4c26436fd970864fc395d496fbd7a1c8f6f71bcd7c66f37fe96046ff73c5c4d62bc7f1383667ab3daca6e38fb9d0462fe3f574565b3701e876d77bed9c66539f4980861f13a52496cb275198b6070b5d0ca683af99b0068f83d514963b17618876375b8dbc6633bf2920c6bf330584d66b
32 173 0 80000 47 1 :66b33fa9a0c63fb38504d6eb0731f8b6a76bfdeca6a3cff990c6efa3b534561b7741287697bb2d5ce613df09c0065fd36564968be79158b6474b1d4c26436fd970864fc395d496fbd7a1c8f6f71bcd7c66f37fe96046ff73c5c4d62bc7f1383667ab3daca6e38fb9d0462fe3f574565b3701e876d77bed9c66539f4980861f13a52496cb275198b6070b5d0ca683af99b0068f83d514963b17618876375b8dbc6633bf2920c6bf330584d66b87
32 174 0 80000 47 1 :66b33fa9a0c63fb38504d6eb0731f8b6a76bfdeca6a3cff990c6efa3b534561b7741287697bb2d5ce613df09c0065fd36564968be79158b6474b1d4c26436fd970864fc395d496fbd7a1c8f6f71bcd7c66f37fe96046ff73c5c4d62bc7f1383667ab3daca6e38fb9d0462fe3f574565b3701e876d77bed9c66539f4980861f13a52496cb275198b6070b5d0ca683af99b0068f83d514963b17618876375b8dbc6633bf2920c6bf330584d66b87b1
32 175 0 80000 47 1 :66b33fa9a0c63fb38504d6eb0731f8b6a76bfdeca6a3cff990c6efa3b534561b7741287697bb2d5ce613df09c0065fd36564968be79158b6474b1d4c26436fd970864fc395d496fbd7a1c8f6f71bcd7c66f37fe96046ff73c5c4d62bc7f1383667ab3daca6e38fb9d0462fe3f574565b3701e876d77bed9c66539f4980861f13a52496cb275198b6070b5d0ca683af99b0068f83d514963b17618876375b8dbc6633bf2920c6bf330584d66b87b178
32 176 0 80000 47 1 :66b33fa9a0c63fb38504d6eb0731f8b6a76bfdeca6a3cff990c6efa3b534561b7741287697bb2d5ce613df09c0065fd36564968be79158b6474b1d4c26436fd970864fc395d496fbd7a1c8f6f71bcd7c66f37fe96046ff73c5c4d62bc7f1383667ab3daca6e38fb9d0462fe3f574565b3701e876d77bed9c66539f4980861f13a52496cb275198b6070b5d0ca683af99b0068f83d514963b17618876375b8dbc6633bf2920c6bf330584d66b87b178b6
32 177 0 80000 47 1 :66b33fa9a0c63fb38504d6eb0731f8b6a76bfdeca6a3cff990c6efa3b534561b7741287697bb2d5ce613df09c0065fd36564968be79158b6474b1d4c26436fd970864fc395d496fbd7a1c8f6f71bcd7c66f37fe96046ff73c5c4d62bc7f1383667ab3daca6e38fb9d0462fe3f574565b3701e876d77bed9c66539f4980861f13a52496cb275198b6070b5d0ca683af99b0068f83d514963b17618876375b8dbc6633bf2920c6bf330584d66b87b178b627
32 178 0 80000 47 1 :66b33fa9a0c63fb38504d6eb0731f8b6a76bfdeca6a3cff990c6efa3b534561b7741287697bb2d5ce613df09c0065fd36564968be79158b6474b1d4c26436fd970864fc395d496fbd7a1c8f6f71bcd7c66f37fe96046ff73c5c4d62bc7f1383667ab3daca6e38fb9d0462fe3f574565b3701e876d77bed9c66539f4980861f13a52496cb275198b6070b5d0ca683af99b0068f83d514963b17618876375b8dbc6633bf2920c6bf330584d66b87b178b627eb
32 179 0 80000 47 1 :66b33fa9a0c63fb38504d6eb0731f8b6a76bfdeca6a3cff990c6efa3b534561b7741287697bb2d5ce613df09c0065fd36564968be79158b6474b1d4c26436fd970864fc395d496fbd7a1c8f6f71bcd7c66f37fe96046ff73c5c4d62bc7f1383667ab3daca6e38fb9d0462fe3f574565b3701e876d77bed9c66539f4980861f13a52496cb275198b6070b5d0ca683af99b0068f83d514963b17618876375b8dbc6633bf2920c6bf330584d66b87b178b627eb7d
32 180 0 80000 47 1 :66b33fa9a0c63fb38504d6eb0731f8b6a76bfdeca6a3cff990c6efa3b534561b7741287697bb2d5ce613df09c0065fd36564968be79158b6474b1d4c26436fd970864fc395d496fbd7a1c8f6f71bcd7c66f37fe96046ff73c5c4d62bc7f1383667ab3daca6e38fb9d0462fe3f574565b3701e876d77bed9c66539f4980861f13a52496cb275198b6070b5d0ca683af99b0068f83d514963b17618876375b8dbc6633bf2920c6bf330584d66b87b178b627eb7d6c
32 181 0 80000 47 1 :66b33fa9a0c63fb38504d6eb0731f8b6a76bfdeca6a3cff990c6efa3b534561b7741287697bb2d5ce613df09c0065fd36564968be79158b6474b1d4c26436fd970864fc395d496fbd7a1c8f6f71bcd7c66f37fe96046ff73c5c4d62bc7f1383667ab3daca6e38fb9d0462fe3f574565b3701e876d77bed9c66539f4980861f13a52496cb275198b6070b5d0ca683af99b0068f83d514963b17618876375b8dbc6633bf2920c6bf330584d66b87b178b627eb7d6ca6
32 182 0 80000 47 1 :66b33fa9a0c63fb38504d6eb0731f8b6a76bfdeca6a3cff990c6efa3b534561b7741287697bb2d5ce613df09c0065fd36564968be79158b6474b1d4c26436fd970864fc395d496fbd7a1c8f6f71bcd7c66f37fe96046ff73c5c4d62bc7f1383667ab3daca6e38fb9d0462fe3f574565b3701e876d77bed9c66539f4980861f13a52496cb275198b6070b5d0ca683af99b0068f83d514963b17618876375b8dbc6633bf2920c6bf330584d66b87b178b627eb7d6ca623
32 183 0 80000 49 1 :66b33fa9a0c63fb38504d6eb0731f8b6a76bfdeca6a3cff990c6efa3b534561b7741287697bb2d5ce613df09c0065fd36564968be79158b6474b1d4c26436fd970864fc395d496fbd7a1c8f6f71bcd7c66f37fe96046ff73c5c4d62bc7f1383667ab3daca6e38fb9d0462fe3f574565b3701e876d77bed9c66539f4980861f13a52496cb275198b6070b5d0ca683af99b0068f83d514963b17618876375b8dbc6633bf2920c6bf330584d66b87b178b627eb7d6ca6234f
32 184 0 80000 47 1 :66b33fa9a0c63fb38504d6eb0731f8b6a76bfdeca6a3cff990c6efa3b534561b7741287697bb2d5ce613df09c0065fd36564968be79158b6474b1d4c26436fd970864fc395d496fbd7a1c8f6f71bcd7c66f37fe96046ff73c5c4d62bc7f1383667ab3daca6e38fb9d0462fe3f574565b3701e876d77bed9c66539f4980861f13a52496cb275198b6070b5d0ca683af99b0068f83d514963b17618876375b8dbc6633bf2920c6bf330584d66b87b178b627eb7d6ca6234f79
32 185 0 80000 47 1 :66b33fa9a0c63fb38504d6eb0731f8b6a76bfdeca6a3cff990c6efa3b534561b7741287697bb2d5ce613df09c0065fd36564968be79158b6474b1d4c26436fd970864fc395d496fbd7a1c8f6f71bcd7c66f37fe96046ff73c5c4d62bc7f1383667ab3daca6e38fb9d0462fe3f574565b3701e876d77bed9c66539f4980861f13a52496cb275198b6070b5d0ca683af99b0068f83d514963b17618876375b8dbc6633bf2920c6bf330584d66b87b178b627eb7d6ca6234f7910
32 186 0 80000 47 1 :66b33fa9a0c63fb38504d6eb0731f8b6a76bfdeca6a3cff990c6efa3b534561b7741287697bb2d5ce613df09c0065fd36564968be79158b6474b1d4c26436fd970864fc395d496fbd7a1c8f6f71bcd7c66f37fe96046ff73c5c4d62bc7f1383667ab3daca6e38fb9d0462fe3f574565b3701e876d77bed9c66539f4980861f13a52496cb275198b6070b5d0ca683af99b0068f83d514963b17618876375b8dbc6633bf2920c6bf330584d66b87b178b627eb7d6ca6234f7910c6
32 187 0 80000 47 1 :66b33fa9a0c63fb38504d6eb0731f8b6a76bfdeca6a3cff990c6efa3b534561b7741287697bb2d5ce613df09c0065fd36564968be79158b6474b1d4c26436fd970864fc395d496fbd7a1c8f6f71bcd7c66f37fe96046ff73c5c4d62bc7f1383667ab3daca6e38fb9d0462fe3f574565b3701e876d77bed9c66539f4980861f13a52496cb275198b6070b5d0ca683af99b0068f83d514963b17618876375b8dbc6633bf2920c6bf330584d66b87b178b627eb7d6ca6234f7910c66f
32 188 0 80000 47 1 :66b33fa9a0c63fb38504d6eb0731f8b6a76bfdeca6a3cff990c6efa3b534561b7741287697bb2d5ce613df09c0065fd36564968be79158b6474b1d4c26436fd970864fc395d496fbd7a1c8f6f71bcd7c66f37fe96046ff73c5c4d62bc7f1383667ab3daca6e38fb9d0462fe3f574565b3701e876d77bed9c66539f4980861f13a52496cb275198b6070b5d0ca683af99b0068f83d514963b17618876375b8dbc6633bf2920c6bf330584d66b87b178b627eb7d6ca6234f7910c66f23
32 189 0 80000 47 1 :66b33fa9a0c63fb38504d6eb0731f8b6a76bfdeca6a3cff990c6efa3b534561b7741287697bb2d5ce613df09c0065fd36564968be79158b6474b1d4c26436fd970864fc395d496fbd7a1c8f6f71bcd7c66f37fe96046ff73c5c4d62bc7f1383667ab3daca6e38fb9d0462fe3f574565b3701e876d77bed9c66539f4980861f13a52496cb275198b6070b5d0ca683af99b0068f83d514963b17618876375b8dbc6633bf2920c6bf330584d66b87b178b627eb7d6ca6234f7910c66f2335
32 190 0 80000 47 1 :66b33fa9a0c63fb38504d6eb0731f8b6a76bfdeca6a3cff990c6efa3b534561b7741287697bb2d5ce613df09c0065fd36564968be79158b6474b1d4c26436fd970864fc395d496fbd7a1c8f6f71bcd7c66f37fe96046ff73c5c4d62bc7f1383667ab3daca6e38fb9d0462fe3f574565b3701e876d77bed9c66539f4980861f13a52496cb275198b6070b5d0ca683af99b0068f83d514963b17618876375b8dbc6633bf2920c6bf330584d66b87b178b627eb7d6ca6234f7910c66f2335b4
32 191 0 80000 47 1 :66b33fa9a0c63fb38504d6eb0731f8b6a76bfdeca6a3cff990c6efa3b534561b7741287697bb2d5ce613df09c0065fd36564968be79158b6474b1d4c26436fd970864fc395d496fbd7a1c8f6f71bcd7c66f37fe96046ff73c5c4d62bc7f1383667ab3daca6e38fb9d0462fe3f574565b3701e876d77bed9c66539f4980861f13a52496cb275198b6070b5d0ca683af99b0068f83d514963b17618876375b8dbc6633bf2920c6bf330584d66b87b178b627eb7d6ca6234f7910c66f2335b456
32 192 0 80000 49 1 :66b33fa9a0c63fb38504d6eb0731f8b6a76bfdeca6a3cff990c6efa3b534561b7741287697bb2d5ce613df09c0065fd36564968be79158b6474b1d4c26436fd970864fc395d496fbd7a1c8f6f71bcd7c66f37fe96046ff73c5c4d62bc7f1383667ab3daca6e38fb9d0462fe3f574565b3701e876d77bed9c66539f4980861f13a52496cb275198b6070b5d0ca683af99b0068f83d514963b17618876375b8dbc6633bf2920c6bf330584d66b87b178b627eb7d6ca6234f7910c66f2335b4569b
32 193 0 80000 47 1 :66b33fa9a0c63fb38504d6eb0731f8b6a76bfdeca6a3cff990c6efa3b534561b7741287697bb2d5ce613df09c0065fd36564968be79158b6474b1d4c26436fd970864fc395d496fbd7a1c8f6f71bcd7c66f37fe96046ff73c5c4d62bc7f1383667ab3daca6e38fb9d0462fe3f574565b3701e876d77bed9c66539f4980861f13a52496cb275198b6070b5d0ca683af99b0068f83d514963b17618876375b8dbc6633bf2920c6bf330584d66b87b178b627eb7d6ca6234f7910c66f2335b4569bf7
32 194 0 80000 47 1 :66b33fa9a0c63fb38504d6eb0731f8b6a76bfdeca6a3cff990c6efa3b534561b7741287697bb2d5ce613df09c0065fd36564968be79158b6474b1d4c26436fd970864fc395d496fbd7a1c8f6f71bcd7c66f37fe96046ff73c5c4d62bc7f1383667ab3daca6e38fb9d0462fe3f574565b3701e876d77bed9c66539f4980861f13a52496cb275198b6070b5d0ca683af99b0068f83d514963b17618876375b8dbc6633bf2920c6bf330584d66b87b178b627eb7d6ca6234f7910c66f2335b4569bf7c1
32 195 0 80000 47 1 :66b33fa9a0c63fb38504d6eb0731f8b6a76bfdeca6a3cff990c6efa3b534561b7741287697bb2d5ce613df09c0065fd36564968be79158b6474b1d4c26436fd970864fc395d496fbd7a1c8f6f71bcd7c66f37fe96046ff73c5c4d62bc7f1383667ab3daca6e38fb9d0462fe3f574565b3701e876d77bed9c66539f4980861f13a52496cb275198b6070b5d0ca683af99b0068f83d514963b17618876375b8dbc6633bf2920c6bf330584d66b87b178b627eb7d6ca6234f7910c66f2335b4569bf7c1a8
32 196 0 80000 47 1 :66b33fa9a0c63fb38504d6eb0731f8b6a76bfdeca6a3cff990c6efa3b534561b7741287697bb2d5ce613df09c0065fd36564968be79158b6474b1d4c26436fd970864fc395d496fbd7a1c8f6f71bcd7c66f37fe96046ff73c5c4d62bc7f1383667ab3daca6e38fb9d0462fe3f574565b3701e876d77bed9c66539f4980861f13a52496cb275198b6070b5d0ca683af99b0068f83d514963b17618876375b8dbc6633bf2920c6bf330584d66b87b178b627eb7d6ca6234f7910c66f2335b4569bf7c1a876
32 197 0 80000 47 1 :66b33fa9a0c63fb38504d6eb0731f8b6a76bfdeca6a3cff990c6efa3b534561b7741287697bb2d5ce613df09c0065fd36564968be79158b6474b1d4c26436fd970864fc395d496fbd7a1c8f6f71bcd7c66f37fe96046ff73c5c4d62bc7f1383667ab3daca6e38fb9d0462fe3f574565b3701e876d77bed9c66539f4980861f13a52496cb275198b6070b5d0ca683af99b0068f83d514963b17618876375b8dbc6633bf2920c6bf330584d66b87b178b627eb7d6ca6234f7910c66f2335b4569bf7c1a87617
32 198 0 80000 47 1 :66b33fa9a0c63fb38504d6eb0731f8b6a76bfdeca6a3cff990c6efa3b534561b7741287697bb2d5ce613df09c0065fd36564968be79158b6474b1d4c26436fd970864fc395d496fbd7a1c8f6f71bcd7c66f37fe96046ff73c5c4d62bc7f1383667ab3daca6e38fb9d0462fe3f574565b3701e876d77bed9c66539f4980861f13a52496cb275198b6070b5d0ca683af99b0068f83d514963b17618876375b8dbc6633bf2920c6bf330584d66b87b178b627eb7d6ca6234f7910c66f2335b4569bf7c1a876173b
32 199 0 80000 47 1 :66b33fa9a0c63fb38504d6eb0731f8b6a76bfdeca6a3cff990c6efa3b534561b7741287697bb2d5ce613df09c0065fd36564968be79158b6474b1d4c26436fd970864fc395d496fbd7a1c8f6f71bcd7c66f37fe96046ff73c5c4d62bc7f1383667ab3daca6e38fb9d0462fe3f574565b3701e876d77bed9c66539f4980861f13a52496cb275198b6070b5d0ca683af99b0068f83d514963b17618876375b8dbc6633bf2920c6bf330584d66b87b178b627eb7d6ca6234f7910c66f2335b4569bf7c1a876173bad
32 200 0 80000 47 1 :66b33fa9a0c63fb38504d6eb0731f8b6a76bfdeca6a3cff990c6efa3b534561b7741287697bb2d5ce613df09c0065fd36564968be79158b6474b1d4c26436fd970864fc395d496fbd7a1c8f6f71bcd7c66f37fe96046ff73c5c4d62bc7f1383667ab3daca6e38fb9d0462fe3f574565b3701e876d77bed9c66539f4980861f13a52496cb275198b6070b5d0ca683af99b0068f83d514963b17618876375b8dbc6633bf2920c6bf330584d66b87b178b627eb7d6ca6234f7910c66f2335b4569bf7c1a876173baddc
32 201 0 80000 49 1 :66b33fa9a0c63fb38504d6eb0731f8b6a76bfdeca6a3cff990c6efa3b534561b7741287697bb2d5ce613df09c0065fd36564968be79158b6474b1d4c26436fd970864fc395d496fbd7a1c8f6f71bcd7c66f37fe96046ff73c5c4d62bc7f1383667ab3daca6e38fb9d0462fe3f574565b3701e876d77bed9c66539f4980861f13a52496cb275198b6070b5d0ca683af99b0068f83d514963b17618876375b8dbc6633bf2920c6bf330584d66b87b178b627eb7d6ca6234f7910c66f2335b4569bf7c1a876173baddce6
32 202 0 80000 47 1 :66b33fa9a0c63fb38504d6eb0731f8b6a76bfdeca6a3cff990c6efa3b534561b7741287697bb2d5ce613df09c0065fd36564968be79158b6474b1d4c26436fd970864fc395d496fbd7a1c8f6f71bcd7c66f37fe96046ff73c5c4d62bc7f1383667ab3daca6e38fb9d0462fe3f574565b3701e876d77bed9c66539f4980861f13a52496cb275198b6070b5d0ca683af99b0068f83d514963b17618876375b8dbc6633bf2920c6bf330584d66b87b178b627eb7d6ca6234f7910c66f2335b4569bf7c1a876173baddce693
32 203 0 80000 47 1 :66b33fa9a0c63fb38504d6eb0731f8b6a76bfdeca6a3cff990c6efa3b534561b7741287697bb2d5ce613df09c0065fd36564968be79158b6474b1d4c26436fd970864fc395d496fbd7a1c8f6f71bcd7c66f37fe96046ff73c5c4d62bc7f1383667ab3daca6e38fb9d0462fe3f574565b3701e876d77bed9c66539f4980861f13a52496cb275198b6070b5d0ca683af99b0068f83d514963b17618876375b8dbc6633bf2920c6bf330584d66b87b178b627eb7d6ca6234f7910c66f2335b4569bf7c1a876173baddce6935f
32 204 0 80000 47 1 :66b33fa9a0c63fb38504d6eb0731f8b6a76bfdeca6a3cff990c6efa3b534561b7741287697bb2d5ce613df09c0065fd36564968be79158b6474b1d4c26436fd970864fc395d496fbd7a1c8f6f71bcd7c66f37fe96046ff73c5c4d62bc7f1383667ab3daca6e38fb9d0462fe3f574565b3701e876d77bed9c66539f4980861f13a52496cb275198b6070b5d0ca683af99b0068f83d514963b17618876375b8dbc6633bf2920c6bf330584d66b87b178b627eb7d6ca6234f7910c66f2335b4569bf7c1a876173baddce6935f89
32 205 0 80000 47 1 :66b33fa9a0c63fb38504d6eb0731f8b6a76bfdeca6a3cff990c6efa3b534561b7741287697bb2d5ce613df09c0065fd36564968be79158b6474b1d4c26436fd970864fc395d496fbd7a1c8f6f71bcd7c66f37fe96046ff73c5c4d62bc7f1383667ab3daca6e38fb9d0462fe3f574565b3701e876d77bed9c66539f4980861f13a52496cb275198b6070b5d0ca683af99b0068f83d514963b17618876375b8dbc6633bf2920c6bf330584d66b87b178b627eb7d6ca6234f7910c66f2335b4569bf7c1a876173baddce6935f8940
32 206 0 80000 47 1 :66b33fa9a0c63fb38504d6eb0731f8b6a76bfdeca6a3cff990c6efa3b534561b7741287697bb2d5ce613df09c0065fd36564968be79158b6474b1d4c26436fd970864fc395d496fbd7a1c8f6f71bcd7c66f37fe96046ff73c5c4d62bc7f1383667ab3daca6e38fb9d0462fe3f574565b3701e876d77bed9c66539f4980861f13a52496cb275198b6070b5d0ca683af99b0068f83d514963b17618876375b8dbc6633bf2920c6bf330584d66b87b178b627eb7d6ca6234f7910c66f2335b4569bf7c1a876173baddce6935f894006
32 207 0 80000 47 1 :66b33fa9a0c63fb38504d6eb0731f8b6a76bfdeca6a3cff990c6efa3b534561b7741287697bb2d5ce613df09c0065fd36564968be79158b6474b1d4c26436fd970864fc395d496fbd7a1c8f6f71bcd7c66f37fe96046ff73c5c4d62bc7f1383667ab3daca6e38fb9d0462fe3f574565b3701e876d77bed9c66539f4980861f13a52496cb275198b6070b5d0ca683af99b0068f83d514963b17618876375b8dbc6633bf2920c6bf330584d66b87b178b627eb7d6ca6234f7910c66f2335b4569bf7c1a876173baddce6935f894006df
32 208 0 80000 47 1 :66b33fa9a0c63fb38504d6eb0731f8b6a76bfdeca6a3cff990c6efa3b534561b7741287697bb2d5ce613df09c0065fd36564968be79158b6474b1d4c26436fd970864fc395d496fbd7a1c8f6f71bcd7c66f37fe96046ff73c5c4d62bc7f1383667ab3daca6e38fb9d0462fe3f574565b3701e876d77bed9c66539f4980861f13a52496cb275198b6070b5d0ca683af99b0068f83d514963b17618876375b8dbc6633bf2920c6bf330584d66b87b178b627eb7d6ca6234f7910c66f2335b4569bf7c1a876173baddce6935f894006df53
32 209 0 80000 47 1 :66b33fa9a0c63fb38504d6eb0731f8b6a76bfdeca6a3cff990c6efa3b534561b7741287697bb2d5ce613df09c0065fd36564968be79158b6474b1d4c26436fd970864fc395d496fbd7a1c8f6f71bcd7c66f37fe96046ff73c5c4d62bc7f1383667ab3daca6e38fb9d0462fe3f574565b3701e876d77bed9c66539f4980861f13a52496cb275198b6070b5d0ca683af99b0068f83d514963b17618876375b8dbc6633bf2920c6bf330584d66b87b178b627eb7d6ca6234f7910c66f2335b4569bf7c1a876173baddce6935f894006df53e5
32 210 0 80000 47 1 :66b33fa9a0c63fb38504d6eb0731f8b6a76bfdeca6a3cff990c6efa3b534561b7741287697bb2d5ce613df09c0065fd36564968be79158b6474b1d4c26436fd970864fc395d496fbd7a1c8f6f71bcd7c66f37fe96046ff73c5c4d62bc7f1383667ab3daca6e38fb9d0462fe3f574565b3701e876d77bed9c66539f4980861f13a52496cb275198b6070b5d0ca683af99b0068f83d514963b17618876375b8dbc6633bf2920c6bf330584d66b87b178b627eb7d6ca6234f7910c66f2335b4569bf7c1a876173baddce6935f894006df53e5e4
32 211 0 80000 47 1 :66b33fa9a0c63fb38504d6eb0731f8b6a76bfdeca6a3cff990c6efa3b534561b7741287697bb2d5ce613df09c0065fd36564968be79158b6474b1d4c26436fd970864fc395d496fbd7a1c8f6f71bcd7c66f37fe96046ff73c5c4d62bc7f1383667ab3daca6e38fb9d0462fe3f574565b3701e876d77bed9c66539f4980861f13a52496cb275198b6070b5d0ca683af99b0068f83d514963b17618876375b8dbc6633bf2920c6bf330584d66b87b178b627eb7d6ca6234f7910c66f2335b4569bf7c1a876173baddce6935f894006df53e5e496
32 212 0 80000 47 1 :66b33fa9a0c63fb38504d6eb0731f8b6a76bfdeca6a3cff990c6efa3b534561b7741287697bb2d5ce613df09c0065fd36564968be79158b6474b1d4c26436fd970864fc395d496fbd7a1c8f6f71bcd7c66f37fe96046ff73c5c4d62bc7f1383667ab3daca6e38fb9d0462fe3f574565b3701e876d77bed9c66539f4980861f13a52496cb275198b6070b5d0ca683af99b0068f83d514963b17618876375b8dbc6633bf2920c6bf330584d66b87b178b627eb7d6ca6234f7910c66f2335b4569bf7c1a876173baddce6935f894006df53e5e4960b
32 213 0 80000 47 1 :66b33fa9a0c63fb38504d6eb0731f8b6a76bfdeca6a3cff990c6efa3b534561b7741287697bb2d5ce613df09c0065fd36564968be79158b6474b1d4c26436fd970864fc395d496fbd7a1c8f6f71bcd7c66f37fe96046ff73c5c4d62bc7f1383667ab3daca6e38fb9d0462fe3f574565b3701e876d77bed9c66539f4980861f13a52496cb275198b6070b5d0ca683af99b0068f83d514963b17618876375b8dbc6633bf2920c6bf330584d66b87b178b627eb7d6ca6234f7910c66f2335b4569bf7c1a876173baddce6935f894006df53e5e4960b67
32 214 0 80000 49 1 :66b33fa9a0c63fb38504d6eb0731f8b6a76bfdeca6a3cff990c6efa3b534561b7741287697bb2d5ce613df09c0065fd36564968be79158b6474b1d4c26436fd970864fc395d496fbd7a1c8f6f71bcd7c66f37fe96046ff73c5c4d62bc7f1383667ab3daca6e38fb9d0462fe3f574565b3701e876d77bed9c66539f4980861f13a52496cb275198b6070b5d0ca683af99b0068f83d514963b17618876375b8dbc6633bf2920c6bf330584d66b87b178b627eb7d6ca6234f7910c66f2335b4569bf7c1a876173baddce6935f894006df53e5e4960b6711
32 215 0 80000 47 1 :66b33fa9a0c63fb38504d6eb0731f8b6a76bfdeca6a3cff990c6efa3b534561b7741287697bb2d5ce613df09c0065fd36564968be79158b6474b1d4c26436fd970864fc395d496fbd7a1c8f6f71bcd7c66f37fe96046ff73c5c4d62bc7f1383667ab3daca6e38fb9d0462fe3f574565b3701e876d77bed9c66539f4980861f13a52496cb275198b6070b5d0ca683af99b0068f83d514963b17618876375b8dbc6633bf2920c6bf330584d66b87b178b627eb7d6ca6234f7910c66f2335b4569bf7c1a876173baddce6935f894006df53e5e4960b6711d8
32 216 0 80000 47 1 :66b33fa9a0c63fb38504d6eb0731f8b6a76bfdeca6a3cff990c6efa3b534561b7741287697bb2d5ce613df09c0065fd36564968be79158b6474b1d4c26436fd970864fc395d496fbd7a1c8f6f71bcd7c66f37fe96046ff73c5c4d62bc7f1383667ab3daca6e38fb9d0462fe3f574565b3701e876d77bed9c66539f4980861f13a52496cb275198b6070b5d0ca683af99b0068f83d514963b17618876375b8dbc6633bf2920c6bf330584d66b87b178b627eb7d6ca6234f7910c66f2335b4569bf7c1a876173baddce6935f894006df53e5e4960b6711d8b6
32 217 0 80000 47 1 :66b33fa9a0c63fb38504d6eb0731f8b6a76bfdeca6a3cff990c6efa3b534561b7741287697bb2d5ce613df09c0065fd36564968be79158b6474b1d4c26436fd970864fc395d496fbd7a1c8f6f71bcd7c66f37fe96046ff73c5c4d62bc7f1383667ab3daca6e38fb9d0462fe3f574565b3701e876d77bed9c66539f4980861f13a52496cb275198b6070b5d0ca683af99b0068f83d514963b17618876375b8dbc6633bf2920c6bf330584d66b87b178b627eb7d6ca6234f7910c66f2335b4569bf7c1a876173baddce6935f894006df53e5e4960b6711d8b6c7
32 218 0 80000 47 1 :66b33fa9a0c63fb38504d6eb0731f8b6a76bfdeca6a3cff990c6efa3b534561b7741287697bb2d5ce613df09c0065fd36564968be79158b6474b1d4c26436fd970864fc395d496fbd7a1c8f6f71bcd7c66f37fe96046ff73c5c4d62bc7f1383667ab3daca6e38fb9d0462fe3f574565b3701e876d77bed9c66539f4980861f13a52496cb275198b6070b5d0ca683af99b0068f83d514963b17618876375b8dbc6633bf2920c6bf330584d66b87b178b627eb7d6ca6234f7910c66f2335b4569bf7c1a876173baddce6935f894006df53e5e4960b6711d8b6c7cb
32 219 0 80000 47 1 :66b33fa9a0c63fb38504d6eb0731f8b6a76bfdeca6a3cff990c6efa3b534561b7741287697bb2d5ce613df09c0065fd36564968be79158b6474b1d4c26436fd970864fc395d496fbd7a1c8f6f71bcd7c66f37fe96046ff73c5c4d62bc7f1383667ab3daca6e38fb9d0462fe3f574565b3701e876d77bed9c66539f4980861f13a52496cb275198b6070b5d0ca683af99b0068f83d514963b17618876375b8dbc6633bf2920c6bf330584d66b87b178b627eb7d6ca6234f7910c66f2335b4569bf7c1a876173baddce6935f894006df53e5e4960b6711d8b6c7cb9d
32 220 0 80000 47 1 :66b33fa9a0c63fb38504d6eb0731f8b6a76bfdeca6a3cff990c6efa3b534561b7741287697bb2d5ce613df09c0065fd36564968be79158b6474b1d4c26436fd970864fc395d496fbd7a1c8f6f71bcd7c66f37fe96046ff73c5c4d62bc7f1383667ab3daca6e38fb9d0462fe3f574565b3701e876d77bed9c66539f4980861f13a52496cb275198b6070b5d0ca683af99b0068f83d514963b17618876375b8dbc6633bf2920c6bf330584d66b87b178b627eb7d6ca6234f7910c66f2335b4569bf7c1a876173baddce6935f894006df53e5e4960b6711d8b6c7cb9dcc
32 221 0 80000 47 1 :66b33fa9a0c63fb38504d6eb0731f8b6a76bfdeca6a3cff990c6efa3b534561b7741287697bb2d5ce613df09c0065fd36564968be79158b6474b1d4c26436fd970864fc395d496fbd7a1c8f6f71bcd7c66f37fe96046ff73c5c4d62bc7f1383667ab3daca6e38fb9d0462fe3f574565b3701e876d77bed9c66539f4980861f13a52496cb275198b6070b5d0ca683af99b0068f83d514963b17618876375b8dbc6633bf2920c6bf330584d66b87b178b627eb7d6ca6234f7910c66f2335b4569bf7c1a876173baddce6935f894006df53e5e4960b6711d8b6c7cb9dcc26
32 222 0 80000 47 1 :66b33fa9a0c63fb38504d6eb0731f8b6a76bfdeca6a3cff990c6efa3b534561b7741287697bb2d5ce613df09c0065fd36564968be79158b6474b1d4c26436fd970864fc395d496fbd7a1c8f6f71bcd7c66f37fe96046ff73c5c4d62bc7f1383667ab3daca6e38fb9d0462fe3f574565b3701e876d77bed9c66539f4980861f13a52496cb275198b6070b5d0ca683af99b0068f83d514963b17618876375b8dbc6633bf2920c6bf330584d66b87b178b627eb7d6ca6234f7910c66f2335b4569bf7c1a876173baddce6935f894006df53e5e4960b6711d8b6c7cb9dcc26c3
32 223 0 80000 47 1 :66b33fa9a0c63fb38504d6eb0731f8b6a76bfdeca6a3cff990c6efa3b534561b7741287697bb2d5ce613df09c0065fd36564968be79158b6474b1d4c26436fd970864fc395d496fbd7a1c8f6f71bcd7c66f37fe96046ff73c5c4d62bc7f1383667ab3daca6e38fb9d0462fe3f574565b3701e876d77bed9c66539f4980861f13a52496cb275198b6070b5d0ca683af99b0068f83d514963b17618876375b8dbc6633bf2920c6bf330584d66b87b178b627eb7d6ca6234f7910c66f2335b4569bf7c1a876173baddce6935f894006df53e5e4960b6711d8b6c7cb9dcc26c3ef
32 224 0 80000 47 1 :66b33fa9a0c63fb38504d6eb0731f8b6a76bfdeca6a3cff990c6efa3b534561b7741287697bb2d5ce613df09c0065fd36564968be79158b6474b1d4c26436fd970864fc395d496fbd7a1c8f6f71bcd7c66f37fe96046ff73c5c4d62bc7f1383667ab3daca6e38fb9d0462fe3f574565b3701e876d77bed9c66539f4980861f13a52496cb275198b6070b5d0ca683af99b0068f83d514963b17618876375b8dbc6633bf2920c6bf330584d66b87b178b627eb7d6ca6234f7910c66f2335b4569bf7c1a876173baddce6935f894006df53e5e4960b6711d8b6c7cb9dcc26c3ef59
32 225 0 80000 47 1 :66b33fa9a0c63fb38504d6eb0731f8b6a76bfdeca6a3cff990c6efa3b534561b7741287697bb2d5ce613df09c0065fd36564968be79158b6474b1d4c26436fd970864fc395d496fbd7a1c8f6f71bcd7c66f37fe96046ff73c5c4d62bc7f1383667ab3daca6e38fb9d0462fe3f574565b3701e876d77bed9c66539f4980861f13a52496cb275198b6070b5d0ca683af99b0068f83d514963b17618876375b8dbc6633bf2920c6bf330584d66b87b178b627eb7d6ca6234f7910c66f2335b4569bf7c1a876173baddce6935f894006df53e5e4960b6711d8b6c7cb9dcc26c3ef59f0
32 226 0 80000 47 1 :66b33fa9a0c63fb38504d6eb0731f8b6a76bfdeca6a3cff990c6efa3b534561b7741287697bb2d5ce613df09c0065fd36564968be79158b6474b1d4c26436fd970864fc395d496fbd7a1c8f6f71bcd7c66f37fe96046ff73c5c4d62bc7f1383667ab3daca6e38fb9d0462fe3f574565b3701e876d77bed9c66539f4980861f13a52496cb275198b6070b5d0ca683af99b0068f83d514963b17618876375b8dbc6633bf2920c6bf330584d66b87b178b627eb7d6ca6234f7910c66f2335b4569bf7c1a876173baddce6935f894006df53e5e4960b6711d8b6c7cb9dcc26c3ef59f086
32 227 0 80000 47 1 :66b33fa9a0c63fb38504d6eb0731f8b6a76bfdeca6a3cff990c6efa3b534561b7741287697bb2d5ce613df09c0065fd36564968be79158b6474b1d4c26436fd970864fc395d496fbd7a1c8f6f71bcd7c66f37fe96046ff73c5c4d62bc7f1383667ab3daca6e38fb9d0462fe3f574565b3701e876d77bed9c66539f4980861f13a52496cb275198b6070b5d0ca683af99b0068f83d514963b17618876375b8dbc6633bf2920c6bf330584d66b87b178b627eb7d6ca6234f7910c66f2335b4569bf7c1a876173baddce6935f894006df53e5e4960b6711d8b6c7cb9dcc26c3ef59f086cf
32 228 0 80000 47 1 :66b33fa9a0c63fb38504d6eb0731f8b6a76bfdeca6a3cff990c6efa3b534561b7741287697bb2d5ce613df09c0065fd36564968be79158b6474b1d4c26436fd970864fc395d496fbd7a1c8f6f71bcd7c66f37fe96046ff73c5c4d62bc7f1383667ab3daca6e38fb9d0462fe3f574565b3701e876d77bed9c66539f4980861f13a52496cb275198b6070b5d0ca683af99b0068f83d514963b17618876375b8dbc6633bf2920c6bf330584d66b87b178b627eb7d6ca6234f7910c66f2335b4569bf7c1a876173baddce6935f894006df53e5e4960b6711d8b6c7cb9dcc26c3ef59f086cf43
32 229 0 80000 47 1 :66b33fa9a0c63fb38504d6eb0731f8b6a76bfdeca6a3cff990c6efa3b534561b7741287697bb2d5ce613df09c0065fd36564968be79158b6474b1d4c26436fd970864fc395d496fbd7a1c8f6f71bcd7c66f37fe96046ff73c5c4d62bc7f1383667ab3daca6e38fb9d0462fe3f574565b3701e876d77bed9c66539f4980861f13a52496cb275198b6070b5d0ca683af99b0068f83d514963b17618876375b8dbc6633bf2920c6bf330584d66b87b178b627eb7d6ca6234f7910c66f2335b4569bf7c1a876173baddce6935f894006df53e5e4960b6711d8b6c7cb9dcc26c3ef59f086cf4315
32 230 0 80000 47 1 :66b33fa9a0c63fb38504d6eb0731f8b6a76bfdeca6a3cff990c6efa3b534561b7741287697bb2d5ce613df09c0065fd36564968be79158b6474b1d4c26436fd970864fc395d496fbd7a1c8f6f71bcd7c66f37fe96046ff73c5c4d62bc7f1383667ab3daca6e38fb9d0462fe3f574565b3701e876d77bed9c66539f4980861f13a52496cb275198b6070b5d0ca683af99b0068f83d514963b17618876375b8dbc6633bf2920c6bf330584d66b87b178b627eb7d6ca6234f7910c66f2335b4569bf7c1a876173baddce6935f894006df53e5e4960b6711d8b6c7cb9dcc26c3ef59f086cf431554
32 231 0 80000 49 1 :66b33fa9a0c63fb38504d6eb0731f8b6a76bfdeca6a3cff990c6efa3b534561b7741287697bb2d5ce613df09c0065fd36564968be79158b6474b1d4c26436fd970864fc395d496fbd7a1c8f6f71bcd7c66f37fe96046ff73c5c4d62bc7f1383667ab3daca6e38fb9d0462fe3f574565b3701e876d77bed9c66539f4980861f13a52496cb275198b6070b5d0ca683af99b0068f83d514963b17618876375b8dbc6633bf2920c6bf330584d66b87b178b627eb7d6ca6234f7910c66f2335b4569bf7c1a876173baddce6935f894006df53e5e4960b6711d8b6c7cb9dcc26c3ef59f086cf43155496
32 232 0 80000 47 1 :66b33fa9a0c63fb38504d6eb0731f8b6a76bfdeca6a3cff990c6efa3b534561b7741287697bb2d5ce613df09c0065fd36564968be79158b6474b1d4c26436fd970864fc395d496fbd7a1c8f6f71bcd7c66f37fe96046ff73c5c4d62bc7f1383667ab3daca6e38fb9d0462fe3f574565b3701e876d77bed9c66539f4980861f13a52496cb275198b6070b5d0ca683af99b0068f83d514963b17618876375b8dbc6633bf2920c6bf330584d66b87b178b627eb7d6ca6234f7910c66f2335b4569bf7c1a876173baddce6935f894006df53e5e4960b6711d8b6c7cb9dcc26c3ef59f086cf431554967b
32 233 0 80000 47 1 :66b33fa9a0c63fb38504d6eb0731f8b6a76bfdeca6a3cff990c6efa3b534561b7741287697bb2d5ce613df09c0065fd36564968be79158b6474b1d4c26436fd970864fc395d496fbd7a1c8f6f71bcd7c66f37fe96046ff73c5c4d62bc7f1383667ab3daca6e38fb9d0462fe3f574565b3701e876d77bed9c66539f4980861f13a52496cb275198b6070b5d0ca683af99b0068f83d514963b17618876375b8dbc6633bf2920c6bf330584d66b87b178b627eb7d6ca6234f7910c66f2335b4569bf7c1a876173baddce6935f894006df53e5e4960b6711d8b6c7cb9dcc26c3ef59f086cf431554967b57
32 234 0 80000 47 1 :66b33fa9a0c63fb38504d6eb0731f8b6a76bfdeca6a3cff990c6efa3b534561b7741287697bb2d5ce613df09c0065fd36564968be79158b6474b1d4c26436fd970864fc395d496fbd7a1c8f6f71bcd7c66f37fe96046ff73c5c4d62bc7f1383667ab3daca6e38fb9d0462fe3f574565b3701e876d77bed9c66539f4980861f13a52496cb275198b6070b5d0ca683af99b0068f83d514963b17618876375b8dbc6633bf2920c6bf330584d66b87b178b627eb7d6ca6234f7910c66f2335b4569bf7c1a876173baddce6935f894006df53e5e4960b6711d8b6c7cb9dcc26c3ef59f086cf431554967b5721
32 235 0 80000 47 1 :66b33fa9a0c63fb38504d6eb0731f8b6a76bfdeca6a3cff990c6efa3b534561b7741287697bb2d5ce613df09c0065fd36564968be79158b6474b1d4c26436fd970864fc395d496fbd7a1c8f6f71bcd7c66f37fe96046ff73c5c4d62bc7f1383667ab3daca6e38fb9d0462fe3f574565b3701e876d77bed9c66539f4980861f13a52496cb275198b6070b5d0ca683af99b0068f83d514963b17618876375b8dbc6633bf2920c6bf330584d66b87b178b627eb7d6ca6234f7910c66f2335b4569bf7c1a876173baddce6935f894006df53e5e4960b6711d8b6c7cb9dcc26c3ef59f086cf431554967b572148
32 236 0 80000 47 1 :66b33fa9a0c63fb38504d6eb0731f8b6a76bfdeca6a3cff990c6efa3b534561b7741287697bb2d5ce613df09c0065fd36564968be79158b6474b1d4c26436fd970864fc395d496fbd7a1c8f6f71bcd7c66f37fe96046ff73c5c4d62bc7f1383667ab3daca6e38fb9d0462fe3f574565b3701e876d77bed9c66539f4980861f13a52496cb275198b6070b5d0ca683af99b0068f83d514963b17618876375b8dbc6633bf2920c6bf330584d66b87b178b627eb7d6ca6234f7910c66f2335b4569bf7c1a876173baddce6935f894006df53e5e4960b6711d8b6c7cb9dcc26c3ef59f086cf431554967b572148f6
32 237 0 80000 47 1 :66b33fa9a0c63fb38504d6eb0731f8b6a76bfdeca6a3cff990c6efa3b534561b7741287697bb2d5ce613df09c0065fd36564968be79158b6474b1d4c26436fd970864fc395d496fbd7a1c8f6f71bcd7c66f37fe96046ff73c5c4d62bc7f1383667ab3daca6e38fb9d0462fe3f574565b3701e876d77bed9c66539f4980861f13a52496cb275198b6070b5d0ca683af99b0068f83d514963b17618876375b8dbc6633bf2920c6bf330584d66b87b178b627eb7d6ca6234f7910c66f2335b4569bf7c1a876173baddce6935f894006df53e5e4960b6711d8b6c7cb9dcc26c3ef59f086cf431554967b572148f677
32 238 0 80000 47 1 :66b33fa9a0c63fb38504d6eb0731f8b6a76bfdeca6a3cff990c6efa3b534561b7741287697bb2d5ce613df09c0065fd36564968be79158b6474b1d4c26436fd970864fc395d496fbd7a1c8f6f71bcd7c66f37fe96046ff73c5c4d62bc7f1383667ab3daca6e38fb9d0462fe3f574565b3701e876d77bed9c66539f4980861f13a52496cb275198b6070b5d0ca683af99b0068f83d514963b17618876375b8dbc6633bf2920c6bf330584d66b87b178b627eb7d6ca6234f7910c66f2335b4569bf7c1a876173baddce6935f894006df53e5e4960b6711d8b6c7cb9dcc26c3ef59f086cf431554967b572148f6779b
32 239 0 80000 47 1 :66b33fa9a0c63fb38504d6eb0731f8b6a76bfdeca6a3cff990c6efa3b534561b7741287697bb2d5ce613df09c0065fd36564968be79158b6474b1d4c26436fd970864fc395d496fbd7a1c8f6f71bcd7c66f37fe96046ff73c5c4d62bc7f1383667ab3daca6e38fb9d0462fe3f574565b3701e876d77bed9c66539f4980861f13a52496cb275198b6070b5d0ca683af99b0068f83d514963b17618876375b8dbc6633bf2920c6bf330584d66b87b178b627eb7d6ca6234f7910c66f2335b4569bf7c1a876173baddce6935f894006df53e5e4960b6711d8b6c7cb9dcc26c3ef59f086cf431554967b572148f6779b4d
32 240 0 80000 47 1 :66b33fa9a0c63fb38504d6eb0731f8b6a76bfdeca6a3cff990c6efa3b534561b7741287697bb2d5ce613df09c0065fd36564968be79158b6474b1d4c26436fd970864fc395d496fbd7a1c8f6f71bcd7c66f37fe96046ff73c5c4d62bc7f1383667ab3daca6e38fb9d0462fe3f574565b3701e876d77bed9c66539f4980861f13a52496cb275198b6070b5d0ca683af99b0068f83d514963b17618876375b8dbc6633bf2920c6bf330584d66b87b178b627eb7d6ca6234f7910c66f2335b4569bf7c1a876173baddce6935f894006df53e5e4960b6711d8b6c7cb9dcc26c3ef59f086cf431554967b572148f6779b4dfc
32 241 0 80000 47 1 :66b33fa9a0c63fb38504d6eb0731f8b6a76bfdeca6a3cff990c6efa3b534561b7741287697bb2d5ce613df09c0065fd36564968be79158b6474b1d4c26436fd970864fc395d496fbd7a1c8f6f71bcd7c66f37fe96046ff73c5c4d62bc7f1383667ab3daca6e38fb9d0462fe3f574565b3701e876d77bed9c66539f4980861f13a52496cb275198b6070b5d0ca683af99b0068f83d514963b17618876375b8dbc6633bf2920c6bf330584d66b87b178b627eb7d6ca6234f7910c66f2335b4569bf7c1a876173baddce6935f894006df53e5e4960b6711d8b6c7cb9dcc26c3ef59f086cf431554967b572148f6779b4dfc66
32 242 0 80000 47 1 :66b33fa9a0c63fb38504d6eb0731f8b6a76bfdeca6a3cff990c6efa3b534561b7741287697bb2d5ce613df09c0065fd36564968be79158b6474b1d4c26436fd970864fc395d496fbd7a1c8f6f71bcd7c66f37fe96046ff73c5c4d62bc7f1383667ab3daca6e38fb9d0462fe3f574565b3701e876d77bed9c66539f4980861f13a52496cb275198b6070b5d0ca683af99b0068f83d514963b17618876375b8dbc6633bf2920c6bf330584d66b87b178b627eb7d6ca6234f7910c66f2335b4569bf7c1a876173baddce6935f894006df53e5e4960b6711d8b6c7cb9dcc26c3ef59f086cf431554967b572148f6779b4dfc6673
32 243 0 80000 47 1 :66b33fa9a0c63fb38504d6eb0731f8b6a76bfdeca6a3cff990c6efa3b534561b7741287697bb2d5ce613df09c0065fd36564968be79158b6474b1d4c26436fd970864fc395d496fbd7a1c8f6f71bcd7c66f37fe96046ff73c5c4d62bc7f1383667ab3daca6e38fb9d0462fe3f574565b3701e876d77bed9c66539f4980861f13a52496cb275198b6070b5d0ca683af99b0068f83d514963b17618876375b8dbc6633bf2920c6bf330584d66b87b178b627eb7d6ca6234f7910c66f2335b4569bf7c1a876173baddce6935f894006df53e5e4960b6711d8b6c7cb9dcc26c3ef59f086cf431554967b572148f6779b4dfc6673ff
32 244 0 80000 49 1 :66b33fa9a0c63fb38504d6eb0731f8b6a76bfdeca6a3cff990c6efa3b534561b7741287697bb2d5ce613df09c0065fd36564968be79158b6474b1d4c26436fd970864fc395d496fbd7a1c8f6f71bcd7c66f37fe96046ff73c5c4d62bc7f1383667ab3daca6e38fb9d0462fe3f574565b3701e876d77bed9c66539f4980861f13a52496cb275198b6070b5d0ca683af99b0068f83d514963b17618876375b8dbc6633bf2920c6bf330584d66b87b178b627eb7d6ca6234f7910c66f2335b4569bf7c1a876173baddce6935f894006df53e5e4960b6711d8b6c7cb9dcc26c3ef59f086cf431554967b572148f6779b4dfc6673ff69
32 245 0 80000 47 1 :66b33fa9a0c63fb38504d6eb0731f8b6a76bfdeca6a3cff990c6efa3b534561b7741287697bb2d5ce613df09c0065fd36564968be79158b6474b1d4c26436fd970864fc395d496fbd7a1c8f6f71bcd7c66f37fe96046ff73c5c4d62bc7f1383667ab3daca6e38fb9d0462fe3f574565b3701e876d77bed9c66539f4980861f13a52496cb275198b6070b5d0ca683af99b0068f83d514963b17618876375b8dbc6633bf2920c6bf330584d66b87b178b627eb7d6ca6234f7910c66f2335b4569bf7c1a876173baddce6935f894006df53e5e4960b6711d8b6c7cb9dcc26c3ef59f086cf431554967b572148f6779b4dfc6673ff69e0
32 246 0 80000 47 1 :66b33fa9a0c63fb38504d6eb0731f8b6a76bfdeca6a3cff990c6efa3b534561b7741287697bb2d5ce613df09c0065fd36564968be79158b6474b1d4c26436fd970864fc395d496fbd7a1c8f6f71bcd7c66f37fe96046ff73c5c4d62bc7f1383667ab3daca6e38fb9d0462fe3f574565b3701e876d77bed9c66539f4980861f13a52496cb275198b6070b5d0ca683af99b0068f83d514963b17618876375b8dbc6633bf2920c6bf330584d66b87b178b627eb7d6ca6234f7910c66f2335b4569bf7c1a876173baddce6935f894006df53e5e4960b6711d8b6c7cb9dcc26c3ef59f086cf431554967b572148f6779b4dfc6673ff69e046
32 247 0 80000 47 1 :66b33fa9a0c63fb38504d6eb0731f8b6a76bfdeca6a3cff990c6efa3b534561b7741287697bb2d5ce613df09c0065fd36564968be79158b6474b1d4c26436fd970864fc395d496fbd7a1c8f6f71bcd7c66f37fe96046ff73c5c4d62bc7f1383667ab3daca6e38fb9d0462fe3f574565b3701e876d77bed9c66539f4980861f13a52496cb275198b6070b5d0ca683af99b0068f83d514963b17618876375b8dbc6633bf2920c6bf330584d66b87b178b627eb7d6ca6234f7910c66f2335b4569bf7c1a876173baddce6935f894006df53e5e4960b6711d8b6c7cb9dcc26c3ef59f086cf431554967b572148f6779b4dfc6673ff69e0467f
32 248 0 80000 47 1 :66b33fa9a0c63fb38504d6eb0731f8b6a76bfdeca6a3cff990c6efa3b534561b7741287697bb2d5ce613df09c0065fd36564968be79158b6474b1d4c26436fd970864fc395d496fbd7a1c8f6f71bcd7c66f37fe96046ff73c5c4d62bc7f1383667ab3daca6e38fb9d0462fe3f574565b3701e876d77bed9c66539f4980861f13a52496cb275198b6070b5d0ca683af99b0068f83d514963b17618876375b8dbc6633bf2920c6bf330584d66b87b178b627eb7d6ca6234f7910c66f2335b4569bf7c1a876173baddce6935f894006df53e5e4960b6711d8b6c7cb9dcc26c3ef59f086cf431554967b572148f6779b4dfc6673ff69e0467ff3
32 249 0 80000 47 1 :66b33fa9a0c63fb38504d6eb0731f8b6a76bfdeca6a3cff990c6efa3b534561b7741287697bb2d5ce613df09c0065fd36564968be79158b6474b1d4c26436fd970864fc395d496fbd7a1c8f6f71bcd7c66f37fe96046ff73c5c4d62bc7f1383667ab3daca6e38fb9d0462fe3f574565b3701e876d77bed9c66539f4980861f13a52496cb275198b6070b5d0ca683af99b0068f83d514963b17618876375b8dbc6633bf2920c6bf330584d66b87b178b627eb7d6ca6234f7910c66f2335b4569bf7c1a876173baddce6935f894006df53e5e4960b6711d8b6c7cb9dcc26c3ef59f086cf431554967b572148f6779b4dfc6673ff69e0467ff345
32 250 0 80000 47 1 :66b33fa9a0c63fb38504d6eb0731f8b6a76bfdeca6a3cff990c6efa3b534561b7741287697bb2d5ce613df09c0065fd36564968be79158b6474b1d4c26436fd970864fc395d496fbd7a1c8f6f71bcd7c66f37fe96046ff73c5c4d62bc7f1383667ab3daca6e38fb9d0462fe3f574565b3701e876d77bed9c66539f4980861f13a52496cb275198b6070b5d0ca683af99b0068f83d514963b17618876375b8dbc6633bf2920c6bf330584d66b87b178b627eb7d6ca6234f7910c66f2335b4569bf7c1a876173baddce6935f894006df53e5e4960b6711d8b6c7cb9dcc26c3ef59f086cf431554967b572148f6779b4dfc6673ff69e0467ff34544
32 251 0 80000 47 1 :66b33fa9a0c63fb38504d6eb0731f8b6a76bfdeca6a3cff990c6efa3b534561b7741287697bb2d5ce613df09c0065fd36564968be79158b6474b1d4c26436fd970864fc395d496fbd7a1c8f6f71bcd7c66f37fe96046ff73c5c4d62bc7f1383667ab3daca6e38fb9d0462fe3f574565b3701e876d77bed9c66539f4980861f13a52496cb275198b6070b5d0ca683af99b0068f83d514963b17618876375b8dbc6633bf2920c6bf330584d66b87b178b627eb7d6ca6234f7910c66f2335b4569bf7c1a876173baddce6935f894006df53e5e4960b6711d8b6c7cb9dcc26c3ef59f086cf431554967b572148f6779b4dfc6673ff69e0467ff34544d6
32 252 0 80000 47 1 :66b33fa9a0c63fb38504d6eb0731f8b6a76bfdeca6a3cff990c6efa3b534561b7741287697bb2d5ce613df09c0065fd36564968be79158b6474b1d4c26436fd970864fc395d496fbd7a1c8f6f71bcd7c66f37fe96046ff73c5c4d62bc7f1383667ab3daca6e38fb9d0462fe3f574565b3701e876d77bed9c66539f4980861f13a52496cb275198b6070b5d0ca683af99b0068f83d514963b17618876375b8dbc6633bf2920c6bf330584d66b87b178b627eb7d6ca6234f7910c66f2335b4569bf7c1a876173baddce6935f894006df53e5e4960b6711d8b6c7cb9dcc26c3ef59f086cf431554967b572148f6779b4dfc6673ff69e0467ff34544d6ab
32 253 0 80000 47 1 :66b33fa9a0c63fb38504d6eb0731f8b6a76bfdeca6a3cff990c6efa3b534561b7741287697bb2d5ce613df09c0065fd36564968be79158b6474b1d4c26436fd970864fc395d496fbd7a1c8f6f71bcd7c66f37fe96046ff73c5c4d62bc7f1383667ab3daca6e38fb9d0462fe3f574565b3701e876d77bed9c66539f4980861f13a52496cb275198b6070b5d0ca683af99b0068f83d514963b17618876375b8dbc6633bf2920c6bf330584d66b87b178b627eb7d6ca6234f7910c66f2335b4569bf7c1a876173baddce6935f894006df53e5e4960b6711d8b6c7cb9dcc26c3ef59f086cf431554967b572148f6779b4dfc6673ff69e0467ff34544d6ab47
32 254 0 80000 47 1 :66b33fa9a0c63fb38504d6eb0731f8b6a76bfdeca6a3cff990c6efa3b534561b7741287697bb2d5ce613df09c0065fd36564968be79158b6474b1d4c26436fd970864fc395d496fbd7a1c8f6f71bcd7c66f37fe96046ff73c5c4d62bc7f1383667ab3daca6e38fb9d0462fe3f574565b3701e876d77bed9c66539f4980861f13a52496cb275198b6070b5d0ca683af99b0068f83d514963b17618876375b8dbc6633bf2920c6bf330584d66b87b178b627eb7d6ca6234f7910c66f2335b4569bf7c1a876173baddce6935f894006df53e5e4960b6711d8b6c7cb9dcc26c3ef59f086cf431554967b572148f6779b4dfc6673ff69e0467ff34544d6ab4771
32 255 0 80000 47 1 :66b33fa9a0c63fb38504d6eb0731f8b6a76bfdeca6a3cff990c6efa3b534561b7741287697bb2d5ce613df09c0065fd36564968be79158b6474b1d4c26436fd970864fc395d496fbd7a1c8f6f71bcd7c66f37fe96046ff73c5c4d62bc7f1383667ab3daca6e38fb9d0462fe3f574565b3701e876d77bed9c66539f4980861f13a52496cb275198b6070b5d0ca683af99b0068f83d514963b17618876375b8dbc6633bf2920c6bf330584d66b87b178b627eb7d6ca6234f7910c66f2335b4569bf7c1a876173baddce6935f894006df53e5e4960b6711d8b6c7cb9dcc26c3ef59f086cf431554967b572148f6779b4dfc6673ff69e0467ff34544d6ab4771b8
32 256 0 80000 47 1 :66b33fa9a0c63fb38504d6eb0731f8b6a76bfdeca6a3cff990c6efa3b534561b7741287697bb2d5ce613df09c0065fd36564968be79158b6474b1d4c26436fd970864fc395d496fbd7a1c8f6f71bcd7c66f37fe96046ff73c5c4d62bc7f1383667ab3daca6e38fb9d0462fe3f574565b3701e876d77bed9c66539f4980861f13a52496cb275198b6070b5d0ca683af99b0068f83d514963b17618876375b8dbc6633bf2920c6bf330584d66b87b178b627eb7d6ca6234f7910c66f2335b4569bf7c1a876173baddce6935f894006df53e5e4960b6711d8b6c7cb9dcc26c3ef59f086cf431554967b572148f6779b4dfc6673ff69e0467ff34544d6ab4771b836
32 257 0 80000 47 1 :66b33fa9a0c63fb38504d6eb0731f8b6a76bfdeca6a3cff990c6efa3b534561b7741287697bb2d5ce613df09c0065fd36564968be79158b6474b1d4c26436fd970864fc395d496fbd7a1c8f6f71bcd7c66f37fe96046ff73c5c4d62bc7f1383667ab3daca6e38fb9d0462fe3f574565b3701e876d77bed9c66539f4980861f13a52496cb275198b6070b5d0ca683af99b0068f83d514963b17618876375b8dbc6633bf2920c6bf330584d66b87b178b627eb7d6ca6234f7910c66f2335b4569bf7c1a876173baddce6935f894006df53e5e4960b6711d8b6c7cb9dcc26c3ef59f086cf431554967b572148f6779b4dfc6673ff69e0467ff34544d6ab4771b836e7
32 258 0 80000 47 1 :66b33fa9a0c63fb38504d6eb0731f8b6a76bfdeca6a3cff990c6efa3b534561b7741287697bb2d5ce613df09c0065fd36564968be79158b6474b1d4c26436fd970864fc395d496fbd7a1c8f6f71bcd7c66f37fe96046ff73c5c4d62bc7f1383667ab3daca6e38fb9d0462fe3f574565b3701e876d77bed9c66539f4980861f13a52496cb275198b6070b5d0ca683af99b0068f83d514963b17618876375b8dbc6633bf2920c6bf330584d66b87b178b627eb7d6ca6234f7910c66f2335b4569bf7c1a876173baddce6935f894006df53e5e4960b6711d8b6c7cb9dcc26c3ef59f086cf431554967b572148f6779b4dfc6673ff69e0467ff34544d6ab4771b836e72b
32 259 0 80000 47 1 :66b33fa9a0c63fb38504d6eb0731f8b6a76bfdeca6a3cff990c6efa3b534561b7741287697bb2d5ce613df09c0065fd36564968be79158b6474b1d4c26436fd970864fc395d496fbd7a1c8f6f71bcd7c66f37fe96046ff73c5c4d62bc7f1383667ab3daca6e38fb9d0462fe3f574565b3701e876d77bed9c66539f4980861f13a52496cb275198b6070b5d0ca683af99b0068f83d514963b17618876375b8dbc6633bf2920c6bf330584d66b87b178b627eb7d6ca6234f7910c66f2335b4569bf7c1a876173baddce6935f894006df53e5e4960b6711d8b6c7cb9dcc26c3ef59f086cf431554967b572148f6779b4dfc6673ff69e0467ff34544d6ab4771b836e72bbd
32 260 0 80000 47 1 :66b33fa9a0c63fb38504d6eb0731f8b6a76bfdeca6a3cff990c6efa3b534561b7741287697bb2d5ce613df09c0065fd36564968be79158b6474b1d4c26436fd970864fc395d496fbd7a1c8f6f71bcd7c66f37fe96046ff73c5c4d62bc7f1383667ab3daca6e38fb9d0462fe3f574565b3701e876d77bed9c66539f4980861f13a52496cb275198b6070b5d0ca683af99b0068f83d514963b17618876375b8dbc6633bf2920c6bf330584d66b87b178b627eb7d6ca6234f7910c66f2335b4569bf7c1a876173baddce6935f894006df53e5e4960b6711d8b6c7cb9dcc26c3ef59f086cf431554967b572148f6779b4dfc6673ff69e0467ff34544d6ab4771b836e72bbd2c
32 261 0 80000 47 1 :66b33fa9a0c63fb38504d6eb0731f8b6a76bfdeca6a3cff990c6efa3b534561b7741287697bb2d5ce613df09c0065fd36564968be79158b6474b1d4c26436fd970864fc395d496fbd7a1c8f6f71bcd7c66f37fe96046ff73c5c4d62bc7f1383667ab3daca6e38fb9d0462fe3f574565b3701e876d77bed9c66539f4980861f13a52496cb275198b6070b5d0ca683af99b0068f83d514963b17618876375b8dbc6633bf2920c6bf330584d66b87b178b627eb7d6ca6234f7910c66f2335b4569bf7c1a876173baddce6935f894006df53e5e4960b6711d8b6c7cb9dcc26c3ef59f086cf431554967b572148f6779b4dfc6673ff69e0467ff34544d6ab4771b836e72bbd2ca6
32 262 0 80000 47 1 :66b33fa9a0c63fb38504d6eb0731f8b6a76bfdeca6a3cff990c6efa3b534561b7741287697bb2d5ce613df09c0065fd36564968be79158b6474b1d4c26436fd970864fc395d496fbd7a1c8f6f71bcd7c66f37fe96046ff73c5c4d62bc7f1383667ab3daca6e38fb9d0462fe3f574565b3701e876d77bed9c66539f4980861f13a52496cb275198b6070b5d0ca683af99b0068f83d514963b17618876375b8dbc6633bf2920c6bf330584d66b87b178b627eb7d6ca6234f7910c66f2335b4569bf7c1a876173baddce6935f894006df53e5e4960b6711d8b6c7cb9dcc26c3ef59f086cf431554967b572148f6779b4dfc6673ff69e0467ff34544d6ab4771b836e72bbd2ca663
32 263 0 80000 47 1 :66b33fa9a0c63fb38504d6eb0731f8b6a76bfdeca6a3cff990c6efa3b534561b7741287697bb2d5ce613df09c0065fd36564968be79158b6474b1d4c26436fd970864fc395d496fbd7a1c8f6f71bcd7c66f37fe96046ff73c5c4d62bc7f1383667ab3daca6e38fb9d0462fe3f574565b3701e876d77bed9c66539f4980861f13a52496cb275198b6070b5d0ca683af99b0068f83d514963b17618876375b8dbc6633bf2920c6bf330584d66b87b178b627eb7d6ca6234f7910c66f2335b4569bf7c1a876173baddce6935f894006df53e5e4960b6711d8b6c7cb9dcc26c3ef59f086cf431554967b572148f6779b4dfc6673ff69e0467ff34544d6ab4771b836e72bbd2ca6630f
32 264 0 80000 47 1 :66b33fa9a0c63fb38504d6eb0731f8b6a76bfdeca6a3cff990c6efa3b534561b7741287697bb2d5ce613df09c0065fd36564968be79158b6474b1d4c26436fd970864fc395d496fbd7a1c8f6f71bcd7c66f37fe96046ff73c5c4d62bc7f1383667ab3daca6e38fb9d0462fe3f574565b3701e876d77bed9c66539f4980861f13a52496cb275198b6070b5d0ca683af99b0068f83d514963b17618876375b8dbc6633bf2920c6bf330584d66b87b178b627eb7d6ca6234f7910c66f2335b4569bf7c1a876173baddce6935f894006df53e5e4960b6711d8b6c7cb9dcc26c3ef59f086cf431554967b572148f6779b4dfc6673ff69e0467ff34544d6ab4771b836e72bbd2ca6630f39
32 265 0 80000 47 1 :66b33fa9a0c63fb38504d6eb0731f8b6a76bfdeca6a3cff990c6efa3b534561b7741287697bb2d5ce613df09c0065fd36564968be79158b6474b1d4c26436fd970864fc395d496fbd7a1c8f6f71bcd7c66f37fe96046ff73c5c4d62bc7f1383667ab3daca6e38fb9d0462fe3f574565b3701e876d77bed9c66539f4980861f13a52496cb275198b6070b5d0ca683af99b0068f83d514963b17618876375b8dbc6633bf2920c6bf330584d66b87b178b627eb7d6ca6234f7910c66f2335b4569bf7c1a876173baddce6935f894006df53e5e4960b6711d8b6c7cb9dcc26c3ef59f086cf431554967b572148f6779b4dfc6673ff69e0467ff34544d6ab4771b836e72bbd2ca6630f3950
32 266 0 80000 47 1 :66b33fa9a0c63fb38504d6eb0731f8b6a76bfdeca6a3cff990c6efa3b534561b7741287697bb2d5ce613df09c0065fd36564968be79158b6474b1d4c26436fd970864fc395d496fbd7a1c8f6f71bcd7c66f37fe96046ff73c5c4d62bc7f1383667ab3daca6e38fb9d0462fe3f574565b3701e876d77bed9c66539f4980861f13a52496cb275198b6070b5d0ca683af99b0068f83d514963b17618876375b8dbc6633bf2920c6bf330584d66b87b178b627eb7d6ca6234f7910c66f2335b4569bf7c1a876173baddce6935f894006df53e5e4960b6711d8b6c7cb9dcc26c3ef59f086cf431554967b572148f6779b4dfc6673ff69e0467ff34544d6ab4771b836e72bbd2ca6630f395046
32 267 0 80000 47 1 :66b33fa9a0c63fb38504d6eb0731f8b6a76bfdeca6a3cff990c6efa3b534561b7741287697bb2d5ce613df09c0065fd36564968be79158b6474b1d4c26436fd970864fc395d496fbd7a1c8f6f71bcd7c66f37fe96046ff73c5c4d62bc7f1383667ab3daca6e38fb9d0462fe3f574565b3701e876d77bed9c66539f4980861f13a52496cb275198b6070b5d0ca683af99b0068f83d514963b17618876375b8dbc6633bf2920c6bf330584d66b87b178b627eb7d6ca6234f7910c66f2335b4569bf7c1a876173baddce6935f894006df53e5e4960b6711d8b6c7cb9dcc26c3ef59f086cf431554967b572148f6779b4dfc6673ff69e0467ff34544d6ab4771b836e72bbd2ca6630f395046af
32 268 0 80000 47 1 :66b33fa9a0c63fb38504d6eb0731f8b6a76bfdeca6a3cff990c6efa3b534561b7741287697bb2d5ce613df09c0065fd36564968be79158b6474b1d4c26436fd970864fc395d496fbd7a1c8f6f71bcd7c66f37fe96046ff73c5c4d62bc7f1383667ab3daca6e38fb9d0462fe3f574565b3701e876d77bed9c66539f4980861f13a52496cb275198b6070b5d0ca683af99b0068f83d514963b17618876375b8dbc6633bf2920c6bf330584d66b87b178b627eb7d6ca6234f7910c66f2335b4569bf7c1a876173baddce6935f894006df53e5e4960b6711d8b6c7cb9dcc26c3ef59f086cf431554967b572148f6779b4dfc6673ff69e0467ff34544d6ab4771b836e72bbd2ca6630f395046af63
32 269 0 80000 47 1 :66b33fa9a0c63fb38504d6eb0731f8b6a76bfdeca6a3cff990c6efa3b534561b7741287697bb2d5ce613df09c0065fd36564968be79158b6474b1d4c26436fd970864fc395d496fbd7a1c8f6f71bcd7c66f37fe96046ff73c5c4d62bc7f1383667ab3daca6e38fb9d0462fe3f574565b3701e876d77bed9c66539f4980861f13a52496cb275198b6070b5d0ca683af99b0068f83d514963b17618876375b8dbc6633bf2920c6bf330584d66b87b178b627eb7d6ca6234f7910c66f2335b4569bf7c1a876173baddce6935f894006df53e5e4960b6711d8b6c7cb9dcc26c3ef59f086cf431554967b572148f6779b4dfc6673ff69e0467ff34544d6ab4771b836e72bbd2ca6630f395046af6375
32 270 0 80000 47 1 :66b33fa9a0c63fb38504d6eb0731f8b6a76bfdeca6a3cff990c6efa3b534561b7741287697bb2d5ce613df09c0065fd36564968be79158b6474b1d4c26436fd970864fc395d496fbd7a1c8f6f71bcd7c66f37fe96046ff73c5c4d62bc7f1383667ab3daca6e38fb9d0462fe3f574565b3701e876d77bed9c66539f4980861f13a52496cb275198b6070b5d0ca683af99b0068f83d514963b17618876375b8dbc6633bf2920c6bf330584d66b87b178b627eb7d6ca6234f7910c66f2335b4569bf7c1a876173baddce6935f894006df53e5e4960b6711d8b6c7cb9dcc26c3ef59f086cf431554967b572148f6779b4dfc6673ff69e0467ff34544d6ab4771b836e72bbd2ca6630f395046af6375f4
32 271 0 80000 47 1 :66b33fa9a0c63fb38504d6eb0731f8b6a76bfdeca6a3cff990c6efa3b534561b7741287697bb2d5ce613df09c0065fd36564968be79158b6474b1d4c26436fd970864fc395d496fbd7a1c8f6f71bcd7c66f37fe96046ff73c5c4d62bc7f1383667ab3daca6e38fb9d0462fe3f574565b3701e876d77bed9c66539f4980861f13a52496cb275198b6070b5d0ca683af99b0068f83d514963b17618876375b8dbc6633bf2920c6bf330584d66b87b178b627eb7d6ca6234f7910c66f2335b4569bf7c1a876173baddce6935f894006df53e5e4960b6711d8b6c7cb9dcc26c3ef59f086cf431554967b572148f6779b4dfc6673ff69e0467ff34544d6ab4771b836e72bbd2ca6630f395046af6375f456
32 272 0 80000 47 1 :66b33fa9a0c63fb38504d6eb0731f8b6a76bfdeca6a3cff990c6efa3b534561b7741287697bb2d5ce613df09c0065fd36564968be79158b6474b1d4c26436fd970864fc395d496fbd7a1c8f6f71bcd7c66f37fe96046ff73c5c4d62bc7f1383667ab3daca6e38fb9d0462fe3f574565b3701e876d77bed9c66539f4980861f13a52496cb275198b6070b5d0ca683af99b0068f83d514963b17618876375b8dbc6633bf2920c6bf330584d66b87b178b627eb7d6ca6234f7910c66f2335b4569bf7c1a876173baddce6935f894006df53e5e4960b6711d8b6c7cb9dcc26c3ef59f086cf431554967b572148f6779b4dfc6673ff69e0467ff34544d6ab4771b836e72bbd2ca6630f395046af6375f456db
32 273 0 80000 47 1 :66b33fa9a0c63fb38504d6eb0731f8b6a76bfdeca6a3cff990c6efa3b534561b7741287697bb2d5ce613df09c0065fd36564968be79158b6474b1d4c26436fd970864fc395d496fbd7a1c8f6f71bcd7c66f37fe96046ff73c5c4d62bc7f1383667ab3daca6e38fb9d0462fe3f574565b3701e876d77bed9c66539f4980861f13a52496cb275198b6070b5d0ca683af99b0068f83d514963b17618876375b8dbc6633bf2920c6bf330584d66b87b178b627eb7d6ca6234f7910c66f2335b4569bf7c1a876173baddce6935f894006df53e5e4960b6711d8b6c7cb9dcc26c3ef59f086cf431554967b572148f6779b4dfc6673ff69e0467ff34544d6ab4771b836e72bbd2ca6630f395046af6375f456dbb7
32 274 0 80000 49 1 :66b33fa9a0c63fb38504d6eb0731f8b6a76bfdeca6a3cff990c6efa3b534561b7741287697bb2d5ce613df09c0065fd36564968be79158b6474b1d4c26436fd970864fc395d496fbd7a1c8f6f71bcd7c66f37fe96046ff73c5c4d62bc7f1383667ab3daca6e38fb9d0462fe3f574565b3701e876d77bed9c66539f4980861f13a52496cb275198b6070b5d0ca683af99b0068f83d514963b17618876375b8dbc6633bf2920c6bf330584d66b87b178b627eb7d6ca6234f7910c66f2335b4569bf7c1a876173baddce6935f894006df53e5e4960b6711d8b6c7cb9dcc26c3ef59f086cf431554967b572148f6779b4dfc6673ff69e0467ff34544d6ab4771b836e72bbd2ca6630f395046af6375f456dbb781
32 275 0 80000 47 1 :66b33fa9a0c63fb38504d6eb0731f8b6a76bfdeca6a3cff990c6efa3b534561b7741287697bb2d5ce613df09c0065fd36564968be79158b6474b1d4c26436fd970864fc395d496fbd7a1c8f6f71bcd7c66f37fe96046ff73c5c4d62bc7f1383667ab3daca6e38fb9d0462fe3f574565b3701e876d77bed9c66539f4980861f13a52496cb275198b6070b5d0ca683af99b0068f83d514963b17618876375b8dbc6633bf2920c6bf330584d66b87b178b627eb7d6ca6234f7910c66f2335b4569bf7c1a876173baddce6935f894006df53e5e4960b6711d8b6c7cb9dcc26c3ef59f086cf431554967b572148f6779b4dfc6673ff69e0467ff34544d6ab4771b836e72bbd2ca6630f395046af6375f456dbb78168
32 276 0 80000 49 1 :66b33fa9a0c63fb38504d6eb0731f8b6a76bfdeca6a3cff990c6efa3b534561b7741287697bb2d5ce613df09c0065fd36564968be79158b6474b1d4c26436fd970864fc395d496fbd7a1c8f6f71bcd7c66f37fe96046ff73c5c4d62bc7f1383667ab3daca6e38fb9d0462fe3f574565b3701e876d77bed9c66539f4980861f13a52496cb275198b6070b5d0ca683af99b0068f83d514963b17618876375b8dbc6633bf2920c6bf330584d66b87b178b627eb7d6ca6234f7910c66f2335b4569bf7c1a876173baddce6935f894006df53e5e4960b6711d8b6c7cb9dcc26c3ef59f086cf431554967b572148f6779b4dfc6673ff69e0467ff34544d6ab4771b836e72bbd2ca6630f395046af6375f456dbb7816876
32 277 0 80000 47 1 :66b33fa9a0c63fb38504d6eb0731f8b6a76bfdeca6a3cff990c6efa3b534561b7741287697bb2d5ce613df09c0065fd36564968be79158b6474b1d4c26436fd970864fc395d496fbd7a1c8f6f71bcd7c66f37fe96046ff73c5c4d62bc7f1383667ab3daca6e38fb9d0462fe3f574565b3701e876d77bed9c66539f4980861f13a52496cb275198b6070b5d0ca683af99b0068f83d514963b17618876375b8dbc6633bf2920c6bf330584d66b87b178b627eb7d6ca6234f7910c66f2335b4569bf7c1a876173baddce6935f894006df53e5e4960b6711d8b6c7cb9dcc26c3ef59f086cf431554967b572148f6779b4dfc6673ff69e0467ff34544d6ab4771b836e72bbd2ca6630f395046af6375f456dbb781687657
32 278 0 80000 47 1 :66b33fa9a0c63fb38504d6eb0731f8b6a76bfdeca6a3cff990c6efa3b534561b7741287697bb2d5ce613df09c0065fd36564968be79158b6474b1d4c26436fd970864fc395d496fbd7a1c8f6f71bcd7c66f37fe96046ff73c5c4d62bc7f1383667ab3daca6e38fb9d0462fe3f574565b3701e876d77bed9c66539f4980861f13a52496cb275198b6070b5d0ca683af99b0068f83d514963b17618876375b8dbc6633bf2920c6bf330584d66b87b178b627eb7d6ca6234f7910c66f2335b4569bf7c1a876173baddce6935f894006df53e5e4960b6711d8b6c7cb9dcc26c3ef59f086cf431554967b572148f6779b4dfc6673ff69e0467ff34544d6ab4771b836e72bbd2ca6630f395046af6375f456dbb781687657fb
32 279 0 80000 49 1 :66b33fa9a0c63fb38504d6eb0731f8b6a76bfdeca6a3cff990c6efa3b534561b7741287697bb2d5ce613df09c0065fd36564968be79158b6474b1d4c26436fd970864fc395d496fbd7a1c8f6f71bcd7c66f37fe96046ff73c5c4d62bc7f1383667ab3daca6e38fb9d0462fe3f574565b3701e876d77bed9c66539f4980861f13a52496cb275198b6070b5d0ca683af99b0068f83d514963b17618876375b8dbc6633bf2920c6bf330584d66b87b178b627eb7d6ca6234f7910c66f2335b4569bf7c1a876173baddce6935f894006df53e5e4960b6711d8b6c7cb9dcc26c3ef59f086cf431554967b572148f6779b4dfc6673ff69e0467ff34544d6ab4771b836e72bbd2ca6630f395046af6375f456dbb781687657fb6d
32 280 0 80000 49 1 :66b33fa9a0c63fb38504d6eb0731f8b6a76bfdeca6a3cff990c6efa3b534561b7741287697bb2d5ce613df09c0065fd36564968be79158b6474b1d4c26436fd970864fc395d496fbd7a1c8f6f71bcd7c66f37fe96046ff73c5c4d62bc7f1383667ab3daca6e38fb9d0462fe3f574565b3701e876d77bed9c66539f4980861f13a52496cb275198b6070b5d0ca683af99b0068f83d514963b17618876375b8dbc6633bf2920c6bf330584d66b87b178b627eb7d6ca6234f7910c66f2335b4569bf7c1a876173baddce6935f894006df53e5e4960b6711d8b6c7cb9dcc26c3ef59f086cf431554967b572148f6779b4dfc6673ff69e0467ff34544d6ab4771b836e72bbd2ca6630f395046af6375f456dbb781687657fb6d1c
32 281 0 80000 47 1 :66b33fa9a0c63fb38504d6eb0731f8b6a76bfdeca6a3cff990c6efa3b534561b7741287697bb2d5ce613df09c0065fd36564968be79158b6474b1d4c26436fd970864fc395d496fbd7a1c8f6f71bcd7c66f37fe96046ff73c5c4d62bc7f1383667ab3daca6e38fb9d0462fe3f574565b3701e876d77bed9c66539f4980861f13a52496cb275198b6070b5d0ca683af99b0068f83d514963b17618876375b8dbc6633bf2920c6bf330584d66b87b178b627eb7d6ca6234f7910c66f2335b4569bf7c1a876173baddce6935f894006df53e5e4960b6711d8b6c7cb9dcc26c3ef59f086cf431554967b572148f6779b4dfc6673ff69e0467ff34544d6ab4771b836e72bbd2ca6630f395046af6375f456dbb781687657fb6d1c66
32 282 0 80000 47 1 :66b33fa9a0c63fb38504d6eb0731f8b6a76bfdeca6a3cff990c6efa3b534561b7741287697bb2d5ce613df09c0065fd36564968be79158b6474b1d4c26436fd970864fc395d496fbd7a1c8f6f71bcd7c66f37fe96046ff73c5c4d62bc7f1383667ab3daca6e38fb9d0462fe3f574565b3701e876d77bed9c66539f4980861f13a52496cb275198b6070b5d0ca683af99b0068f83d514963b17618876375b8dbc6633bf2920c6bf330584d66b87b178b627eb7d6ca6234f7910c66f2335b4569bf7c1a876173baddce6935f894006df53e5e4960b6711d8b6c7cb9dcc26c3ef59f086cf431554967b572148f6779b4dfc6673ff69e0467ff34544d6ab4771b836e72bbd2ca6630f395046af6375f456dbb781687657fb6d1c66d3
32 283 0 80000 49 1 :66b33fa9a0c63fb38504d6eb0731f8b6a76bfdeca6a3cff990c6efa3b534561b7741287697bb2d5ce613df09c0065fd36564968be79158b6474b1d4c26436fd970864fc395d496fbd7a1c8f6f71bcd7c66f37fe96046ff73c5c4d62bc7f1383667ab3daca6e38fb9d0462fe3f574565b3701e876d77bed9c66539f4980861f13a52496cb275198b6070b5d0ca683af99b0068f83d514963b17618876375b8dbc6633bf2920c6bf330584d66b87b178b627eb7d6ca6234f7910c66f2335b4569bf7c1a876173baddce6935f894006df53e5e4960b6711d8b6c7cb9dcc26c3ef59f086cf431554967b572148f6779b4dfc6673ff69e0467ff34544d6ab4771b836e72bbd2ca6630f395046af6375f456dbb781687657fb6d1c66d31f
32 284 0 80000 49 1 :66b33fa9a0c63fb38504d6eb0731f8b6a76bfdeca6a3cff990c6efa3b534561b7741287697bb2d5ce613df09c0065fd36564968be79158b6474b1d4c26436fd970864fc395d496fbd7a1c8f6f71bcd7c66f37fe96046ff73c5c4d62bc7f1383667ab3daca6e38fb9d0462fe3f574565b3701e876d77bed9c66539f4980861f13a52496cb275198b6070b5d0ca683af99b0068f83d514963b17618876375b8dbc6633bf2920c6bf330584d66b87b178b627eb7d6ca6234f7910c66f2335b4569bf7c1a876173baddce6935f894006df53e5e4960b6711d8b6c7cb9dcc26c3ef59f086cf431554967b572148f6779b4dfc6673ff69e0467ff34544d6ab4771b836e72bbd2ca6630f395046af6375f456dbb781687657fb6d1c66d31fc9
32 285 0 80000 49 1 :66b33fa9a0c63fb38504d6eb0731f8b6a76bfdeca6a3cff990c6efa3b534561b7741287697bb2d5ce613df09c0065fd36564968be79158b6474b1d4c26436fd970864fc395d496fbd7a1c8f6f71bcd7c66f37fe96046ff73c5c4d62bc7f1383667ab3daca6e38fb9d0462fe3f574565b3701e876d77bed9c66539f4980861f13a52496cb275198b6070b5d0ca683af99b0068f83d514963b17618876375b8dbc6633bf2920c6bf330584d66b87b178b627eb7d6ca6234f7910c66f2335b4569bf7c1a876173baddce6935f894006df53e5e4960b6711d8b6c7cb9dcc26c3ef59f086cf431554967b572148f6779b4dfc6673ff69e0467ff34544d6ab4771b836e72bbd2ca6630f395046af6375f456dbb781687657fb6d1c66d31fc900
32 286 0 80000 47 1 :66b33fa9a0c63fb38504d6eb0731f8b6a76bfdeca6a3cff990c6efa3b534561b7741287697bb2d5ce613df09c0065fd36564968be79158b6474b1d4c26436fd970864fc395d496fbd7a1c8f6f71bcd7c66f37fe96046ff73c5c4d62bc7f1383667ab3daca6e38fb9d0462fe3f574565b3701e876d77bed9c66539f4980861f13a52496cb275198b6070b5d0ca683af99b0068f83d514963b17618876375b8dbc6633bf2920c6bf330584d66b87b178b627eb7d6ca6234f7910c66f2335b4569bf7c1a876173baddce6935f894006df53e5e4960b6711d8b6c7cb9dcc26c3ef59f086cf431554967b572148f6779b4dfc6673ff69e0467ff34544d6ab4771b836e72bbd2ca6630f395046af6375f456dbb781687657fb6d1c66d31fc90086
32 287 0 80000 47 1 :66b33fa9a0c63fb38504d6eb0731f8b6a76bfdeca6a3cff990c6efa3b534561b7741287697bb2d5ce613df09c0065fd36564968be79158b6474b1d4c26436fd970864fc395d496fbd7a1c8f6f71bcd7c66f37fe96046ff73c5c4d62bc7f1383667ab3daca6e38fb9d0462fe3f574565b3701e876d77bed9c66539f4980861f13a52496cb275198b6070b5d0ca683af99b0068f83d514963b17618876375b8dbc6633bf2920c6bf330584d66b87b178b627eb7d6ca6234f7910c66f2335b4569bf7c1a876173baddce6935f894006df53e5e4960b6711d8b6c7cb9dcc26c3ef59f086cf431554967b572148f6779b4dfc6673ff69e0467ff34544d6ab4771b836e72bbd2ca6630f395046af6375f456dbb781687657fb6d1c66d31fc900869f
32 288 0 80000 47 1 :66b33fa9a0c63fb38504d6eb0731f8b6a76bfdeca6a3cff990c6efa3b534561b7741287697bb2d5ce613df09c0065fd36564968be79158b6474b1d4c26436fd970864fc395d496fbd7a1c8f6f71bcd7c66f37fe96046ff73c5c4d62bc7f1383667ab3daca6e38fb9d0462fe3f574565b3701e876d77bed9c66539f4980861f13a52496cb275198b6070b5d0ca683af99b0068f83d514963b17618876375b8dbc6633bf2920c6bf330584d66b87b178b627eb7d6ca6234f7910c66f2335b4569bf7c1a876173baddce6935f894006df53e5e4960b6711d8b6c7cb9dcc26c3ef59f086cf431554967b572148f6779b4dfc6673ff69e0467ff34544d6ab4771b836e72bbd2ca6630f395046af6375f456dbb781687657fb6d1c66d31fc900869f93
32 289 0 80000 47 1 :66b33fa9a0c63fb38504d6eb0731f8b6a76bfdeca6a3cff990c6efa3b534561b7741287697bb2d5ce613df09c0065fd36564968be79158b6474b1d4c26436fd970864fc395d496fbd7a1c8f6f71bcd7c66f37fe96046ff73c5c4d62bc7f1383667ab3daca6e38fb9d0462fe3f574565b3701e876d77bed9c66539f4980861f13a52496cb275198b6070b5d0ca683af99b0068f83d514963b17618876375b8dbc6633bf2920c6bf330584d66b87b178b627eb7d6ca6234f7910c66f2335b4569bf7c1a876173baddce6935f894006df53e5e4960b6711d8b6c7cb9dcc26c3ef59f086cf431554967b572148f6779b4dfc6673ff69e0467ff34544d6ab4771b836e72bbd2ca6630f395046af6375f456dbb781687657fb6d1c66d31fc900869f9325
32 290 0 80000 47 1 :66b33fa9a0c63fb38504d6eb0731f8b6a76bfdeca6a3cff990c6efa3b534561b7741287697bb2d5ce613df09c0065fd36564968be79158b6474b1d4c26436fd970864fc395d496fbd7a1c8f6f71bcd7c66f37fe96046ff73c5c4d62bc7f1383667ab3daca6e38fb9d0462fe3f574565b3701e876d77bed9c66539f4980861f13a52496cb275198b6070b5d0ca683af99b0068f83d514963b17618876375b8dbc6633bf2920c6bf330584d66b87b178b627eb7d6ca6234f7910c66f2335b4569bf7c1a876173baddce6935f894006df53e5e4960b6711d8b6c7cb9dcc26c3ef59f086cf431554967b572148f6779b4dfc6673ff69e0467ff34544d6ab4771b836e72bbd2ca6630f395046af6375f456dbb781687657fb6d1c66d31fc900869f9325a4
32 291 0 80000 47 1 :66b33fa9a0c63fb38504d6eb0731f8b6a76bfdeca6a3cff990c6efa3b534561b7741287697bb2d5ce613df09c0065fd36564968be79158b6474b1d4c26436fd970864fc395d496fbd7a1c8f6f71bcd7c66f37fe96046ff73c5c4d62bc7f1383667ab3daca6e38fb9d0462fe3f574565b3701e876d77bed9c66539f4980861f13a52496cb275198b6070b5d0ca683af99b0068f83d514963b17618876375b8dbc6633bf2920c6bf330584d66b87b178b627eb7d6ca6234f7910c66f2335b4569bf7c1a876173baddce6935f894006df53e5e4960b6711d8b6c7cb9dcc26c3ef59f086cf431554967b572148f6779b4dfc6673ff69e0467ff34544d6ab4771b836e72bbd2ca6630f395046af6375f456dbb781687657fb6d1c66d31fc900869f9325a496
32 292 0 80000 47 1 :66b33fa9a0c63fb38504d6eb0731f8b6a76bfdeca6a3cff990c6efa3b534561b7741287697bb2d5ce613df09c0065fd36564968be79158b6474b1d4c26436fd970864fc395d496fbd7a1c8f6f71bcd7c66f37fe96046ff73c5c4d62bc7f1383667ab3daca6e38fb9d0462fe3f574565b3701e876d77bed9c66539f4980861f13a52496cb275198b6070b5d0ca683af99b0068f83d514963b17618876375b8dbc6633bf2920c6bf330584d66b87b178b627eb7d6ca6234f7910c66f2335b4569bf7c1a876173baddce6935f894006df53e5e4960b6711d8b6c7cb9dcc26c3ef59f086cf431554967b572148f6779b4dfc6673ff69e0467ff34544d6ab4771b836e72bbd2ca6630f395046af6375f456dbb781687657fb6d1c66d31fc900869f9325a4964b
32 293 0 80000 47 1 :66b33fa9a0c63fb38504d6eb0731f8b6a76bfdeca6a3cff990c6efa3b534561b7741287697bb2d5ce613df09c0065fd36564968be79158b6474b1d4c26436fd970864fc395d496fbd7a1c8f6f71bcd7c66f37fe96046ff73c5c4d62bc7f1383667ab3daca6e38fb9d0462fe3f574565b3701e876d77bed9c66539f4980861f13a52496cb275198b6070b5d0ca683af99b0068f83d514963b17618876375b8dbc6633bf2920c6bf330584d66b87b178b627eb7d6ca6234f7910c66f2335b4569bf7c1a876173baddce6935f894006df53e5e4960b6711d8b6c7cb9dcc26c3ef59f086cf431554967b572148f6779b4dfc6673ff69e0467ff34544d6ab4771b836e72bbd2ca6630f395046af6375f456dbb781687657fb6d1c66d31fc900869f9325a4964ba7
32 294 0 80000 47 1 :66b33fa9a0c63fb38504d6eb0731f8b6a76bfdeca6a3cff990c6efa3b534561b7741287697bb2d5ce613df09c0065fd36564968be79158b6474b1d4c26436fd970864fc395d496fbd7a1c8f6f71bcd7c66f37fe96046ff73c5c4d62bc7f1383667ab3daca6e38fb9d0462fe3f574565b3701e876d77bed9c66539f4980861f13a52496cb275198b6070b5d0ca683af99b0068f83d514963b17618876375b8dbc6633bf2920c6bf330584d66b87b178b627eb7d6ca6234f7910c66f2335b4569bf7c1a876173baddce6935f894006df53e5e4960b6711d8b6c7cb9dcc26c3ef59f086cf431554967b572148f6779b4dfc6673ff69e0467ff34544d6ab4771b836e72bbd2ca6630f395046af6375f456dbb781687657fb6d1c66d31fc900869f9325a4964ba7d1
32 295 0 80000 47 1 :66b33fa9a0c63fb38504d6eb0731f8b6a76bfdeca6a3cff990c6efa3b534561b7741287697bb2d5ce613df09c0065fd36564968be79158b6474b1d4c26436fd970864fc395d496fbd7a1c8f6f71bcd7c66f37fe96046ff73c5c4d62bc7f1383667ab3daca6e38fb9d0462fe3f574565b3701e876d77bed9c66539f4980861f13a52496cb275198b6070b5d0ca683af99b0068f83d514963b17618876375b8dbc6633bf2920c6bf330584d66b87b178b627eb7d6ca6234f7910c66f2335b4569bf7c1a876173baddce6935f894006df53e5e4960b6711d8b6c7cb9dcc26c3ef59f086cf431554967b572148f6779b4dfc6673ff69e0467ff34544d6ab4771b836e72bbd2ca6630f395046af6375f456dbb781687657fb6d1c66d31fc900869f9325a4964ba7d118
32 296 0 80000 47 1 :66b33fa9a0c63fb38504d6eb0731f8b6a76bfdeca6a3cff990c6efa3b534561b7741287697bb2d5ce613df09c0065fd36564968be79158b6474b1d4c26436fd970864fc395d496fbd7a1c8f6f71bcd7c66f37fe96046ff73c5c4d62bc7f1383667ab3daca6e38fb9d0462fe3f574565b3701e876d77bed9c66539f4980861f13a52496cb275198b6070b5d0ca683af99b0068f83d514963b17618876375b8dbc6633bf2920c6bf330584d66b87b178b627eb7d6ca6234f7910c66f2335b4569bf7c1a876173baddce6935f894006df53e5e4960b6711d8b6c7cb9dcc26c3ef59f086cf431554967b572148f6779b4dfc6673ff69e0467ff34544d6ab4771b836e72bbd2ca6630f395046af6375f456dbb781687657fb6d1c66d31fc900869f9325a4964ba7d118b6
32 297 0 80000 49 1 :66b33fa9a0c63fb38504d6eb0731f8b6a76bfdeca6a3cff990c6efa3b534561b7741287697bb2d5ce613df09c0065fd36564968be79158b6474b1d4c26436fd970864fc395d496fbd7a1c8f6f71bcd7c66f37fe96046ff73c5c4d62bc7f1383667ab3daca6e38fb9d0462fe3f574565b3701e876d77bed9c66539f4980861f13a52496cb275198b6070b5d0ca683af99b0068f83d514963b17618876375b8dbc6633bf2920c6bf330584d66b87b178b627eb7d6ca6234f7910c66f2335b4569bf7c1a876173baddce6935f894006df53e5e4960b6711d8b6c7cb9dcc26c3ef59f086cf431554967b572148f6779b4dfc6673ff69e0467ff34544d6ab4771b836e72bbd2ca6630f395046af6375f456dbb781687657fb6d1c66d31fc900869f9325a4964ba7d118b687
32 298 0 80000 47 1 :66b33fa9a0c63fb38504d6eb0731f8b6a76bfdeca6a3cff990c6efa3b534561b7741287697bb2d5ce613df09c0065fd36564968be79158b6474b1d4c26436fd970864fc395d496fbd7a1c8f6f71bcd7c66f37fe96046ff73c5c4d62bc7f1383667ab3daca6e38fb9d0462fe3f574565b3701e876d77bed9c66539f4980861f13a52496cb275198b6070b5d0ca683af99b0068f83d514963b17618876375b8dbc6633bf2920c6bf330584d66b87b178b627eb7d6ca6234f7910c66f2335b4569bf7c1a876173baddce6935f894006df53e5e4960b6711d8b6c7cb9dcc26c3ef59f086cf431554967b572148f6779b4dfc6673ff69e0467ff34544d6ab4771b836e72bbd2ca6630f395046af6375f456dbb781687657fb6d1c66d31fc900869f9325a4964ba7d118b6878b
32 299 0 80000 49 1 :66b33fa9a0c63fb38504d6eb0731f8b6a76bfdeca6a3cff990c6efa3b534561b7741287697bb2d5ce613df09c0065fd36564968be79158b6474b1d4c26436fd970864fc395d496fbd7a1c8f6f71bcd7c66f37fe96046ff73c5c4d62bc7f1383667ab3daca6e38fb9d0462fe3f574565b3701e876d77bed9c66539f4980861f13a52496cb275198b6070b5d0ca683af99b0068f83d514963b17618876375b8dbc6633bf2920c6bf330584d66b87b178b627eb7d6ca6234f7910c66f2335b4569bf7c1a876173baddce6935f894006df53e5e4960b6711d8b6c7cb9dcc26c3ef59f086cf431554967b572148f6779b4dfc6673ff69e0467ff34544d6ab4771b836e72bbd2ca6630f395046af6375f456dbb781687657fb6d1c66d31fc900869f9325a4964ba7d118b6878bdd
32 300 0 80000 47 1 :66b33fa9a0c63fb38504d6eb0731f8b6a76bfdeca6a3cff990c6efa3b534561b7741287697bb2d5ce613df09c0065fd36564968be79158b6474b1d4c26436fd970864fc395d496fbd7a1c8f6f71bcd7c66f37fe96046ff73c5c4d62bc7f1383667ab3daca6e38fb9d0462fe3f574565b3701e876d77bed9c66539f4980861f13a52496cb275198b6070b5d0ca683af99b0068f83d514963b17618876375b8dbc6633bf2920c6bf330584d66b87b178b627eb7d6ca6234f7910c66f2335b4569bf7c1a876173baddce6935f894006df53e5e4960b6711d8b6c7cb9dcc26c3ef59f086cf431554967b572148f6779b4dfc6673ff69e0467ff34544d6ab4771b836e72bbd2ca6630f395046af6375f456dbb781687657fb6d1c66d31fc900869f9325a4964ba7d118b6878bdd8c
