32 1 10 10 56 3104 :ff
32 2 10 10 52 3064 :ffce
32 3 10 10 52 3080 :ffcef7
32 4 10 10 52 3101 :ffcef72a
32 5 10 10 52 3045 :ffcef72a9d
32 6 10 10 52 3114 :ffcef72a9dd7
32 7 10 10 52 3064 :ffcef72a9dd7b5
32 8 10 10 52 3060 :ffcef72a9dd7b565
32 9 10 10 52 3102 :ffcef72a9dd7b5652e
32 10 10 10 52 3045 :ffcef72a9dd7b5652e73
32 11 10 10 52 3060 :ffcef72a9dd7b5652e7322
32 12 10 10 52 3096 :ffcef72a9dd7b5652e732274
32 13 10 10 52 3101 :ffcef72a9dd7b5652e732274e0
32 14 10 10 52 3060 :ffcef72a9dd7b5652e732274e088
32 15 10 10 52 3096 :ffcef72a9dd7b5652e732274e088f1
32 16 10 10 52 3096 :ffcef72a9dd7b5652e732274e088f102
32 17 10 10 52 3104 :ffcef72a9dd7b5652e732274e088f1029d
32 18 10 10 52 3082 :ffcef72a9dd7b5652e732274e088f1029daf
32 19 10 10 52 3101 :ffcef72a9dd7b5652e732274e088f1029daf6c
32 20 10 10 52 3076 :ffcef72a9dd7b5652e732274e088f1029daf6c06
32 21 10 10 52 3090 :ffcef72a9dd7b5652e732274e088f1029daf6c0699
32 22 10 10 52 3104 :ffcef72a9dd7b5652e732274e088f1029daf6c069924
32 23 10 10 52 3045 :ffcef72a9dd7b5652e732274e088f1029daf6c069924a3
32 24 10 10 52 3062 :ffcef72a9dd7b5652e732274e088f1029daf6c069924a3fd
32 25 10 10 52 3096 :ffcef72a9dd7b5652e732274e088f1029daf6c069924a3fd30
32 26 10 10 52 3060 :ffcef72a9dd7b5652e732274e088f1029daf6c069924a3fd3027
32 27 10 10 52 3045 :ffcef72a9dd7b5652e732274e088f1029daf6c069924a3fd302752
32 28 10 10 52 3053 :ffcef72a9dd7b5652e732274e088f1029daf6c069924a3fd302752db
32 29 10 10 52 3082 :ffcef72a9dd7b5652e732274e088f1029daf6c069924a3fd302752db61
32 30 10 10 52 3054 :ffcef72a9dd7b5652e732274e088f1029daf6c069924a3fd302752db61eb
32 31 10 10 52 3045 :ffcef72a9dd7b5652e732274e088f1029daf6c069924a3fd302752db61ebe1
32 32 10 10 52 3090 :7ae3f38c1287c2c46f2ff2fb3ec251ee6a236c3fdad7d6ebaaa17a4a11c84543
32 33 10 10 52 3076 :ffcef72a9dd7b5652e732274e088f1029daf6c069924a3fd302752db61ebe1c2ea
32 34 10 10 52 3082 :ffcef72a9dd7b5652e732274e088f1029daf6c069924a3fd302752db61ebe1c2ead1
32 35 10 10 52 3101 :ffcef72a9dd7b5652e732274e088f1029daf6c069924a3fd302752db61ebe1c2ead153
32 36 10 10 52 3104 :ffcef72a9dd7b5652e732274e088f1029daf6c069924a3fd302752db61ebe1c2ead15370
32 37 10 10 52 3101 :ffcef72a9dd7b5652e732274e088f1029daf6c069924a3fd302752db61ebe1c2ead15370d7
32 38 10 10 52 3082 :ffcef72a9dd7b5652e732274e088f1029daf6c069924a3fd302752db61ebe1c2ead15370d7c0
32 39 10 10 52 3045 :ffcef72a9dd7b5652e732274e088f1029daf6c069924a3fd302752db61ebe1c2ead15370d7c035
32 40 10 10 52 3096 :ffcef72a9dd7b5652e732274e088f1029daf6c069924a3fd302752db61ebe1c2ead15370d7c035c9
32 41 10 10 52 3090 :ffcef72a9dd7b5652e732274e088f1029daf6c069924a3fd302752db61ebe1c2ead15370d7c035c905
32 42 10 10 52 3102 :ffcef72a9dd7b5652e732274e088f1029daf6c069924a3fd302752db61ebe1c2ead15370d7c035c9055f
32 43 10 10 52 3101 :ffcef72a9dd7b5652e732274e088f1029daf6c069924a3fd302752db61ebe1c2ead15370d7c035c9055f41
32 44 10 10 52 3096 :ffcef72a9dd7b5652e732274e088f1029daf6c069924a3fd302752db61ebe1c2ead15370d7c035c9055f410a
32 45 10 10 52 3084 :ffcef72a9dd7b5652e732274e088f1029daf6c069924a3fd302752db61ebe1c2ead15370d7c035c9055f410a2a
32 46 10 10 52 3065 :ffcef72a9dd7b5652e732274e088f1029daf6c069924a3fd302752db61ebe1c2ead15370d7c035c9055f410a2aa7
32 47 10 10 52 3082 :ffcef72a9dd7b5652e732274e088f1029daf6c069924a3fd302752db61ebe1c2ead15370d7c035c9055f410a2aa771
32 48 10 10 52 3060 :ffcef72a9dd7b5652e732274e088f1029daf6c069924a3fd302752db61ebe1c2ead15370d7c035c9055f410a2aa771c8
32 49 10 10 52 3114 :ffcef72a9dd7b5652e732274e088f1029daf6c069924a3fd302752db61ebe1c2ead15370d7c035c9055f410a2aa771c857
32 50 10 10 52 3096 :ffcef72a9dd7b5652e732274e088f1029daf6c069924a3fd302752db61ebe1c2ead15370d7c035c9055f410a2aa771c857e4
32 51 10 10 52 3060 :ffcef72a9dd7b5652e732274e088f1029daf6c069924a3fd302752db61ebe1c2ead15370d7c035c9055f410a2aa771c857e47b
32 52 10 10 52 3082 :ffcef72a9dd7b5652e732274e088f1029daf6c069924a3fd302752db61ebe1c2ead15370d7c035c9055f410a2aa771c857e47b4f
32 53 10 10 52 3082 :ffcef72a9dd7b5652e732274e088f1029daf6c069924a3fd302752db61ebe1c2ead15370d7c035c9055f410a2aa771c857e47b4f06
32 54 10 10 52 3114 :ffcef72a9dd7b5652e732274e088f1029daf6c069924a3fd302752db61ebe1c2ead15370d7c035c9055f410a2aa771c857e47b4f06b0
32 55 10 10 52 3052 :ffcef72a9dd7b5652e732274e088f1029daf6c069924a3fd302752db61ebe1c2ead15370d7c035c9055f410a2aa771c857e47b4f06b0fb
32 56 10 10 52 3104 :ffcef72a9dd7b5652e732274e088f1029daf6c069924a3fd302752db61ebe1c2ead15370d7c035c9055f410a2aa771c857e47b4f06b0fbcd
32 57 10 10 52 3064 :ffcef72a9dd7b5652e732274e088f1029daf6c069924a3fd302752db61ebe1c2ead15370d7c035c9055f410a2aa771c857e47b4f06b0fbcd85
32 58 10 10 52 3054 :ffcef72a9dd7b5652e732274e088f1029daf6c069924a3fd302752db61ebe1c2ead15370d7c035c9055f410a2aa771c857e47b4f06b0fbcd857a
32 59 10 10 52 3065 :ffcef72a9dd7b5652e732274e088f1029daf6c069924a3fd302752db61ebe1c2ead15370d7c035c9055f410a2aa771c857e47b4f06b0fbcd857ac7
32 60 10 10 52 3102 :ffcef72a9dd7b5652e732274e088f1029daf6c069924a3fd302752db61ebe1c2ead15370d7c035c9055f410a2aa771c857e47b4f06b0fbcd857ac74e
32 61 10 10 52 3065 :ffcef72a9dd7b5652e732274e088f1029daf6c069924a3fd302752db61ebe1c2ead15370d7c035c9055f410a2aa771c857e47b4f06b0fbcd857ac74ee5
32 62 10 10 52 3054 :ffcef72a9dd7b5652e732274e088f1029daf6c069924a3fd302752db61ebe1c2ead15370d7c035c9055f410a2aa771c857e47b4f06b0fbcd857ac74ee539
32 63 10 10 52 3052 :ffcef72a9dd7b5652e732274e088f1029daf6c069924a3fd302752db61ebe1c2ead15370d7c035c9055f410a2aa771c857e47b4f06b0fbcd857ac74ee539f5
32 64 10 10 52 3060 :ffcef72a9dd7b5652e732274e088f1029daf6c069924a3fd302752db61ebe1c2ead15370d7c035c9055f410a2aa771c857e47b4f06b0fbcd857ac74ee539f59d
32 65 10 10 52 3064 :ffcef72a9dd7b5652e732274e088f1029daf6c069924a3fd302752db61ebe1c2ead15370d7c035c9055f410a2aa771c857e47b4f06b0fbcd857ac74ee539f59d3b
32 66 10 10 52 3082 :ffcef72a9dd7b5652e732274e088f1029daf6c069924a3fd302752db61ebe1c2ead15370d7c035c9055f410a2aa771c857e47b4f06b0fbcd857ac74ee539f59d3ba8
32 67 10 10 52 3096 :ffcef72a9dd7b5652e732274e088f1029daf6c069924a3fd302752db61ebe1c2ead15370d7c035c9055f410a2aa771c857e47b4f06b0fbcd857ac74ee539f59d3ba8cb
32 68 10 10 52 3114 :ffcef72a9dd7b5652e732274e088f1029daf6c069924a3fd302752db61ebe1c2ead15370d7c035c9055f410a2aa771c857e47b4f06b0fbcd857ac74ee539f59d3ba8cb6a
32 69 10 10 52 3102 :ffcef72a9dd7b5652e732274e088f1029daf6c069924a3fd302752db61ebe1c2ead15370d7c035c9055f410a2aa771c857e47b4f06b0fbcd857ac74ee539f59d3ba8cb6a17
32 70 10 10 52 3104 :ffcef72a9dd7b5652e732274e088f1029daf6c069924a3fd302752db61ebe1c2ead15370d7c035c9055f410a2aa771c857e47b4f06b0fbcd857ac74ee539f59d3ba8cb6a17f2
32 71 10 10 52 3045 :ffcef72a9dd7b5652e732274e088f1029daf6c069924a3fd302752db61ebe1c2ead15370d7c035c9055f410a2aa771c857e47b4f06b0fbcd857ac74ee539f59d3ba8cb6a17f20d
32 72 10 10 52 3090 :ffcef72a9dd7b5652e732274e088f1029daf6c069924a3fd302752db61ebe1c2ead15370d7c035c9055f410a2aa771c857e47b4f06b0fbcd857ac74ee539f59d3ba8cb6a17f20d85
32 73 10 10 52 3052 :ffcef72a9dd7b5652e732274e088f1029daf6c069924a3fd302752db61ebe1c2ead15370d7c035c9055f410a2aa771c857e47b4f06b0fbcd857ac74ee539f59d3ba8cb6a17f20d85c2
32 74 10 10 52 3060 :ffcef72a9dd7b5652e732274e088f1029daf6c069924a3fd302752db61ebe1c2ead15370d7c035c9055f410a2aa771c857e47b4f06b0fbcd857ac74ee539f59d3ba8cb6a17f20d85c272
32 75 10 10 52 3096 :ffcef72a9dd7b5652e732274e088f1029daf6c069924a3fd302752db61ebe1c2ead15370d7c035c9055f410a2aa771c857e47b4f06b0fbcd857ac74ee539f59d3ba8cb6a17f20d85c27297
32 76 10 10 52 3054 :ffcef72a9dd7b5652e732274e088f1029daf6c069924a3fd302752db61ebe1c2ead15370d7c035c9055f410a2aa771c857e47b4f06b0fbcd857ac74ee539f59d3ba8cb6a17f20d85c272973d
32 77 10 10 52 3052 :ffcef72a9dd7b5652e732274e088f1029daf6c069924a3fd302752db61ebe1c2ead15370d7c035c9055f410a2aa771c857e47b4f06b0fbcd857ac74ee539f59d3ba8cb6a17f20d85c272973d95
32 78 10 10 52 3104 :ffcef72a9dd7b5652e732274e088f1029daf6c069924a3fd302752db61ebe1c2ead15370d7c035c9055f410a2aa771c857e47b4f06b0fbcd857ac74ee539f59d3ba8cb6a17f20d85c272973d9503
32 79 10 10 52 3065 :ffcef72a9dd7b5652e732274e088f1029daf6c069924a3fd302752db61ebe1c2ead15370d7c035c9055f410a2aa771c857e47b4f06b0fbcd857ac74ee539f59d3ba8cb6a17f20d85c272973d9503e2
32 80 10 10 52 3054 :ffcef72a9dd7b5652e732274e088f1029daf6c069924a3fd302752db61ebe1c2ead15370d7c035c9055f410a2aa771c857e47b4f06b0fbcd857ac74ee539f59d3ba8cb6a17f20d85c272973d9503e21a
32 81 10 10 52 3076 :ffcef72a9dd7b5652e732274e088f1029daf6c069924a3fd302752db61ebe1c2ead15370d7c035c9055f410a2aa771c857e47b4f06b0fbcd857ac74ee539f59d3ba8cb6a17f20d85c272973d9503e21a1a
32 82 10 10 52 3062 :ffcef72a9dd7b5652e732274e088f1029daf6c069924a3fd302752db61ebe1c2ead15370d7c035c9055f410a2aa771c857e47b4f06b0fbcd857ac74ee539f59d3ba8cb6a17f20d85c272973d9503e21a1a28
32 83 10 10 52 3054 :ffcef72a9dd7b5652e732274e088f1029daf6c069924a3fd302752db61ebe1c2ead15370d7c035c9055f410a2aa771c857e47b4f06b0fbcd857ac74ee539f59d3ba8cb6a17f20d85c272973d9503e21a1a28b2
32 84 10 10 52 3044 :ffcef72a9dd7b5652e732274e088f1029daf6c069924a3fd302752db61ebe1c2ead15370d7c035c9055f410a2aa771c857e47b4f06b0fbcd857ac74ee539f59d3ba8cb6a17f20d85c272973d9503e21a1a28b2c9
32 85 10 10 52 3045 :ffcef72a9dd7b5652e732274e088f1029daf6c069924a3fd302752db61ebe1c2ead15370d7c035c9055f410a2aa771c857e47b4f06b0fbcd857ac74ee539f59d3ba8cb6a17f20d85c272973d9503e21a1a28b2c923
32 86 10 10 52 3040 :ffcef72a9dd7b5652e732274e088f1029daf6c069924a3fd302752db61ebe1c2ead15370d7c035c9055f410a2aa771c857e47b4f06b0fbcd857ac74ee539f59d3ba8cb6a17f20d85c272973d9503e21a1a28b2c92379
32 87 10 10 52 3112 :ffcef72a9dd7b5652e732274e088f1029daf6c069924a3fd302752db61ebe1c2ead15370d7c035c9055f410a2aa771c857e47b4f06b0fbcd857ac74ee539f59d3ba8cb6a17f20d85c272973d9503e21a1a28b2c9237974
32 88 10 10 52 3045 :ffcef72a9dd7b5652e732274e088f1029daf6c069924a3fd302752db61ebe1c2ead15370d7c035c9055f410a2aa771c857e47b4f06b0fbcd857ac74ee539f59d3ba8cb6a17f20d85c272973d9503e21a1a28b2c9237974e6
32 89 10 10 52 3044 :ffcef72a9dd7b5652e732274e088f1029daf6c069924a3fd302752db61ebe1c2ead15370d7c035c9055f410a2aa771c857e47b4f06b0fbcd857ac74ee539f59d3ba8cb6a17f20d85c272973d9503e21a1a28b2c9237974e64b
32 90 10 10 52 3104 :ffcef72a9dd7b5652e732274e088f1029daf6c069924a3fd302752db61ebe1c2ead15370d7c035c9055f410a2aa771c857e47b4f06b0fbcd857ac74ee539f59d3ba8cb6a17f20d85c272973d9503e21a1a28b2c9237974e64b82
32 91 10 10 52 3102 :ffcef72a9dd7b5652e732274e088f1029daf6c069924a3fd302752db61ebe1c2ead15370d7c035c9055f410a2aa771c857e47b4f06b0fbcd857ac74ee539f59d3ba8cb6a17f20d85c272973d9503e21a1a28b2c9237974e64b8204
32 92 10 10 52 3104 :ffcef72a9dd7b5652e732274e088f1029daf6c069924a3fd302752db61ebe1c2ead15370d7c035c9055f410a2aa771c857e47b4f06b0fbcd857ac74ee539f59d3ba8cb6a17f20d85c272973d9503e21a1a28b2c9237974e64b82048c
32 93 10 10 52 3096 :ffcef72a9dd7b5652e732274e088f1029daf6c069924a3fd302752db61ebe1c2ead15370d7c035c9055f410a2aa771c857e47b4f06b0fbcd857ac74ee539f59d3ba8cb6a17f20d85c272973d9503e21a1a28b2c9237974e64b82048ced
32 94 10 10 52 3104 :ffcef72a9dd7b5652e732274e088f1029daf6c069924a3fd302752db61ebe1c2ead15370d7c035c9055f410a2aa771c857e47b4f06b0fbcd857ac74ee539f59d3ba8cb6a17f20d85c272973d9503e21a1a28b2c9237974e64b82048ced89
32 95 10 10 52 3025 :ffcef72a9dd7b5652e732274e088f1029daf6c069924a3fd302752db61ebe1c2ead15370d7c035c9055f410a2aa771c857e47b4f06b0fbcd857ac74ee539f59d3ba8cb6a17f20d85c272973d9503e21a1a28b2c9237974e64b82048ced89e9
32 96 10 10 52 3045 :ffcef72a9dd7b5652e732274e088f1029daf6c069924a3fd302752db61ebe1c2ead15370d7c035c9055f410a2aa771c857e47b4f06b0fbcd857ac74ee539f59d3ba8cb6a17f20d85c272973d9503e21a1a28b2c9237974e64b82048ced89e97b
32 97 10 10 52 3101 :ffcef72a9dd7b5652e732274e088f1029daf6c069924a3fd302752db61ebe1c2ead15370d7c035c9055f410a2aa771c857e47b4f06b0fbcd857ac74ee539f59d3ba8cb6a17f20d85c272973d9503e21a1a28b2c9237974e64b82048ced89e97b0b
32 98 10 10 52 3032 :ffcef72a9dd7b5652e732274e088f1029daf6c069924a3fd302752db61ebe1c2ead15370d7c035c9055f410a2aa771c857e47b4f06b0fbcd857ac74ee539f59d3ba8cb6a17f20d85c272973d9503e21a1a28b2c9237974e64b82048ced89e97b0bee
32 99 10 10 52 3101 :ffcef72a9dd7b5652e732274e088f1029daf6c069924a3fd302752db61ebe1c2ead15370d7c035c9055f410a2aa771c857e47b4f06b0fbcd857ac74ee539f59d3ba8cb6a17f20d85c272973d9503e21a1a28b2c9237974e64b82048ced89e97b0bee3d
32 100 10 10 52 3101 :ffcef72a9dd7b5652e732274e088f1029daf6c069924a3fd302752db61ebe1c2ead15370d7c035c9055f410a2aa771c857e47b4f06b0fbcd857ac74ee539f59d3ba8cb6a17f20d85c272973d9503e21a1a28b2c9237974e64b82048ced89e97b0bee3d60
32 101 10 10 52 3076 :ffcef72a9dd7b5652e732274e088f1029daf6c069924a3fd302752db61ebe1c2ead15370d7c035c9055f410a2aa771c857e47b4f06b0fbcd857ac74ee539f59d3ba8cb6a17f20d85c272973d9503e21a1a28b2c9237974e64b82048ced89e97b0bee3d6024
32 102 10 10 52 3104 :ffcef72a9dd7b5652e732274e088f1029daf6c069924a3fd302752db61ebe1c2ead15370d7c035c9055f410a2aa771c857e47b4f06b0fbcd857ac74ee539f59d3ba8cb6a17f20d85c272973d9503e21a1a28b2c9237974e64b82048ced89e97b0bee3d60243b
32 103 10 10 52 3032 :ffcef72a9dd7b5652e732274e088f1029daf6c069924a3fd302752db61ebe1c2ead15370d7c035c9055f410a2aa771c857e47b4f06b0fbcd857ac74ee539f59d3ba8cb6a17f20d85c272973d9503e21a1a28b2c9237974e64b82048ced89e97b0bee3d60243bfa
32 104 10 10 52 3033 :ffcef72a9dd7b5652e732274e088f1029daf6c069924a3fd302752db61ebe1c2ead15370d7c035c9055f410a2aa771c857e47b4f06b0fbcd857ac74ee539f59d3ba8cb6a17f20d85c272973d9503e21a1a28b2c9237974e64b82048ced89e97b0bee3d60243bfa76
32 105 10 10 52 3032 :ffcef72a9dd7b5652e732274e088f1029daf6c069924a3fd302752db61ebe1c2ead15370d7c035c9055f410a2aa771c857e47b4f06b0fbcd857ac74ee539f59d3ba8cb6a17f20d85c272973d9503e21a1a28b2c9237974e64b82048ced89e97b0bee3d60243bfa76e6
32 106 10 10 52 3062 :ffcef72a9dd7b5652e732274e088f1029daf6c069924a3fd302752db61ebe1c2ead15370d7c035c9055f410a2aa771c857e47b4f06b0fbcd857ac74ee539f59d3ba8cb6a17f20d85c272973d9503e21a1a28b2c9237974e64b82048ced89e97b0bee3d60243bfa76e6a2
32 107 10 10 52 3054 :ffcef72a9dd7b5652e732274e088f1029daf6c069924a3fd302752db61ebe1c2ead15370d7c035c9055f410a2aa771c857e47b4f06b0fbcd857ac74ee539f59d3ba8cb6a17f20d85c272973d9503e21a1a28b2c9237974e64b82048ced89e97b0bee3d60243bfa76e6a2ff
32 108 10 10 52 3025 :ffcef72a9dd7b5652e732274e088f1029daf6c069924a3fd302752db61ebe1c2ead15370d7c035c9055f410a2aa771c857e47b4f06b0fbcd857ac74ee539f59d3ba8cb6a17f20d85c272973d9503e21a1a28b2c9237974e64b82048ced89e97b0bee3d60243bfa76e6a2ff34
32 109 10 10 52 3076 :ffcef72a9dd7b5652e732274e088f1029daf6c069924a3fd302752db61ebe1c2ead15370d7c035c9055f410a2aa771c857e47b4f06b0fbcd857ac74ee539f59d3ba8cb6a17f20d85c272973d9503e21a1a28b2c9237974e64b82048ced89e97b0bee3d60243bfa76e6a2ff34dc
32 110 10 10 52 3070 :ffcef72a9dd7b5652e732274e088f1029daf6c069924a3fd302752db61ebe1c2ead15370d7c035c9055f410a2aa771c857e47b4f06b0fbcd857ac74ee539f59d3ba8cb6a17f20d85c272973d9503e21a1a28b2c9237974e64b82048ced89e97b0bee3d60243bfa76e6a2ff34dc71
32 111 10 10 52 3032 :ffcef72a9dd7b5652e732274e088f1029daf6c069924a3fd302752db61ebe1c2ead15370d7c035c9055f410a2aa771c857e47b4f06b0fbcd857ac74ee539f59d3ba8cb6a17f20d85c272973d9503e21a1a28b2c9237974e64b82048ced89e97b0bee3d60243bfa76e6a2ff34dc712a
32 112 10 10 52 3062 :ffcef72a9dd7b5652e732274e088f1029daf6c069924a3fd302752db61ebe1c2ead15370d7c035c9055f410a2aa771c857e47b4f06b0fbcd857ac74ee539f59d3ba8cb6a17f20d85c272973d9503e21a1a28b2c9237974e64b82048ced89e97b0bee3d60243bfa76e6a2ff34dc712aaf
32 113 10 10 52 3104 :ffcef72a9dd7b5652e732274e088f1029daf6c069924a3fd302752db61ebe1c2ead15370d7c035c9055f410a2aa771c857e47b4f06b0fbcd857ac74ee539f59d3ba8cb6a17f20d85c272973d9503e21a1a28b2c9237974e64b82048ced89e97b0bee3d60243bfa76e6a2ff34dc712aaff1
32 114 10 10 52 3104 :ffcef72a9dd7b5652e732274e088f1029daf6c069924a3fd302752db61ebe1c2ead15370d7c035c9055f410a2aa771c857e47b4f06b0fbcd857ac74ee539f59d3ba8cb6a17f20d85c272973d9503e21a1a28b2c9237974e64b82048ced89e97b0bee3d60243bfa76e6a2ff34dc712aaff1f0
32 115 10 10 52 3054 :ffcef72a9dd7b5652e732274e088f1029daf6c069924a3fd302752db61ebe1c2ead15370d7c035c9055f410a2aa771c857e47b4f06b0fbcd857ac74ee539f59d3ba8cb6a17f20d85c272973d9503e21a1a28b2c9237974e64b82048ced89e97b0bee3d60243bfa76e6a2ff34dc712aaff1f039
32 116 10 10 52 3040 :ffcef72a9dd7b5652e732274e088f1029daf6c069924a3fd302752db61ebe1c2ead15370d7c035c9055f410a2aa771c857e47b4f06b0fbcd857ac74ee539f59d3ba8cb6a17f20d85c272973d9503e21a1a28b2c9237974e64b82048ced89e97b0bee3d60243bfa76e6a2ff34dc712aaff1f0390e
32 117 10 10 52 3025 :ffcef72a9dd7b5652e732274e088f1029daf6c069924a3fd302752db61ebe1c2ead15370d7c035c9055f410a2aa771c857e47b4f06b0fbcd857ac74ee539f59d3ba8cb6a17f20d85c272973d9503e21a1a28b2c9237974e64b82048ced89e97b0bee3d60243bfa76e6a2ff34dc712aaff1f0390e12
32 118 10 10 52 3045 :ffcef72a9dd7b5652e732274e088f1029daf6c069924a3fd302752db61ebe1c2ead15370d7c035c9055f410a2aa771c857e47b4f06b0fbcd857ac74ee539f59d3ba8cb6a17f20d85c272973d9503e21a1a28b2c9237974e64b82048ced89e97b0bee3d60243bfa76e6a2ff34dc712aaff1f0390e1218
32 119 10 10 52 3054 :ffcef72a9dd7b5652e732274e088f1029daf6c069924a3fd302752db61ebe1c2ead15370d7c035c9055f410a2aa771c857e47b4f06b0fbcd857ac74ee539f59d3ba8cb6a17f20d85c272973d9503e21a1a28b2c9237974e64b82048ced89e97b0bee3d60243bfa76e6a2ff34dc712aaff1f0390e1218e3
32 120 10 10 52 3096 :ffcef72a9dd7b5652e732274e088f1029daf6c069924a3fd302752db61ebe1c2ead15370d7c035c9055f410a2aa771c857e47b4f06b0fbcd857ac74ee539f59d3ba8cb6a17f20d85c272973d9503e21a1a28b2c9237974e64b82048ced89e97b0bee3d60243bfa76e6a2ff34dc712aaff1f0390e1218e323
32 121 10 10 52 3076 :ffcef72a9dd7b5652e732274e088f1029daf6c069924a3fd302752db61ebe1c2ead15370d7c035c9055f410a2aa771c857e47b4f06b0fbcd857ac74ee539f59d3ba8cb6a17f20d85c272973d9503e21a1a28b2c9237974e64b82048ced89e97b0bee3d60243bfa76e6a2ff34dc712aaff1f0390e1218e323d1
32 122 10 10 52 3070 :ffcef72a9dd7b5652e732274e088f1029daf6c069924a3fd302752db61ebe1c2ead15370d7c035c9055f410a2aa771c857e47b4f06b0fbcd857ac74ee539f59d3ba8cb6a17f20d85c272973d9503e21a1a28b2c9237974e64b82048ced89e97b0bee3d60243bfa76e6a2ff34dc712aaff1f0390e1218e323d19b
32 123 10 10 52 3101 :ffcef72a9dd7b5652e732274e088f1029daf6c069924a3fd302752db61ebe1c2ead15370d7c035c9055f410a2aa771c857e47b4f06b0fbcd857ac74ee539f59d3ba8cb6a17f20d85c272973d9503e21a1a28b2c9237974e64b82048ced89e97b0bee3d60243bfa76e6a2ff34dc712aaff1f0390e1218e323d19b65
32 124 10 10 52 3026 :ffcef72a9dd7b5652e732274e088f1029daf6c069924a3fd302752db61ebe1c2ead15370d7c035c9055f410a2aa771c857e47b4f06b0fbcd857ac74ee539f59d3ba8cb6a17f20d85c272973d9503e21a1a28b2c9237974e64b82048ced89e97b0bee3d60243bfa76e6a2ff34dc712aaff1f0390e1218e323d19b65cb
32 125 10 10 52 3101 :ffcef72a9dd7b5652e732274e088f1029daf6c069924a3fd302752db61ebe1c2ead15370d7c035c9055f410a2aa771c857e47b4f06b0fbcd857ac74ee539f59d3ba8cb6a17f20d85c272973d9503e21a1a28b2c9237974e64b82048ced89e97b0bee3d60243bfa76e6a2ff34dc712aaff1f0390e1218e323d19b65cb4e
32 126 10 10 52 3102 :ffcef72a9dd7b5652e732274e088f1029daf6c069924a3fd302752db61ebe1c2ead15370d7c035c9055f410a2aa771c857e47b4f06b0fbcd857ac74ee539f59d3ba8cb6a17f20d85c272973d9503e21a1a28b2c9237974e64b82048ced89e97b0bee3d60243bfa76e6a2ff34dc712aaff1f0390e1218e323d19b65cb4ed8
32 127 10 10 52 3104 :ffcef72a9dd7b5652e732274e088f1029daf6c069924a3fd302752db61ebe1c2ead15370d7c035c9055f410a2aa771c857e47b4f06b0fbcd857ac74ee539f59d3ba8cb6a17f20d85c272973d9503e21a1a28b2c9237974e64b82048ced89e97b0bee3d60243bfa76e6a2ff34dc712aaff1f0390e1218e323d19b65cb4ed8b1
32 128 10 10 52 3061 :ffcef72a9dd7b5652e732274e088f1029daf6c069924a3fd302752db61ebe1c2ead15370d7c035c9055f410a2aa771c857e47b4f06b0fbcd857ac74ee539f59d3ba8cb6a17f20d85c272973d9503e21a1a28b2c9237974e64b82048ced89e97b0bee3d60243bfa76e6a2ff34dc712aaff1f0390e1218e323d19b65cb4ed8b141
32 129 10 10 52 3104 :ffcef72a9dd7b5652e732274e088f1029daf6c069924a3fd302752db61ebe1c2ead15370d7c035c9055f410a2aa771c857e47b4f06b0fbcd857ac74ee539f59d3ba8cb6a17f20d85c272973d9503e21a1a28b2c9237974e64b82048ced89e97b0bee3d60243bfa76e6a2ff34dc712aaff1f0390e1218e323d19b65cb4ed8b1414e
32 130 10 10 52 3104 :ffcef72a9dd7b5652e732274e088f1029daf6c069924a3fd302752db61ebe1c2ead15370d7c035c9055f410a2aa771c857e47b4f06b0fbcd857ac74ee539f59d3ba8cb6a17f20d85c272973d9503e21a1a28b2c9237974e64b82048ced89e97b0bee3d60243bfa76e6a2ff34dc712aaff1f0390e1218e323d19b65cb4ed8b1414e3b
32 131 10 10 52 3025 :ffcef72a9dd7b5652e732274e088f1029daf6c069924a3fd302752db61ebe1c2ead15370d7c035c9055f410a2aa771c857e47b4f06b0fbcd857ac74ee539f59d3ba8cb6a17f20d85c272973d9503e21a1a28b2c9237974e64b82048ced89e97b0bee3d60243bfa76e6a2ff34dc712aaff1f0390e1218e323d19b65cb4ed8b1414e3ba5
32 132 10 10 52 3025 :ffcef72a9dd7b5652e732274e088f1029daf6c069924a3fd302752db61ebe1c2ead15370d7c035c9055f410a2aa771c857e47b4f06b0fbcd857ac74ee539f59d3ba8cb6a17f20d85c272973d9503e21a1a28b2c9237974e64b82048ced89e97b0bee3d60243bfa76e6a2ff34dc712aaff1f0390e1218e323d19b65cb4ed8b1414e3ba58c
32 133 10 10 52 3054 :ffcef72a9dd7b5652e732274e088f1029daf6c069924a3fd302752db61ebe1c2ead15370d7c035c9055f410a2aa771c857e47b4f06b0fbcd857ac74ee539f59d3ba8cb6a17f20d85c272973d9503e21a1a28b2c9237974e64b82048ced89e97b0bee3d60243bfa76e6a2ff34dc712aaff1f0390e1218e323d19b65cb4ed8b1414e3ba58ca5
32 134 10 10 52 3032 :ffcef72a9dd7b5652e732274e088f1029daf6c069924a3fd302752db61ebe1c2ead15370d7c035c9055f410a2aa771c857e47b4f06b0fbcd857ac74ee539f59d3ba8cb6a17f20d85c272973d9503e21a1a28b2c9237974e64b82048ced89e97b0bee3d60243bfa76e6a2ff34dc712aaff1f0390e1218e323d19b65cb4ed8b1414e3ba58ca58b
32 135 10 10 52 3040 :ffcef72a9dd7b5652e732274e088f1029daf6c069924a3fd302752db61ebe1c2ead15370d7c035c9055f410a2aa771c857e47b4f06b0fbcd857ac74ee539f59d3ba8cb6a17f20d85c272973d9503e21a1a28b2c9237974e64b82048ced89e97b0bee3d60243bfa76e6a2ff34dc712aaff1f0390e1218e323d19b65cb4ed8b1414e3ba58ca58b57
32 136 10 10 52 3060 :ffcef72a9dd7b5652e732274e088f1029daf6c069924a3fd302752db61ebe1c2ead15370d7c035c9055f410a2aa771c857e47b4f06b0fbcd857ac74ee539f59d3ba8cb6a17f20d85c272973d9503e21a1a28b2c9237974e64b82048ced89e97b0bee3d60243bfa76e6a2ff34dc712aaff1f0390e1218e323d19b65cb4ed8b1414e3ba58ca58b57dd
32 137 10 10 52 3054 :ffcef72a9dd7b5652e732274e088f1029daf6c069924a3fd302752db61ebe1c2ead15370d7c035c9055f410a2aa771c857e47b4f06b0fbcd857ac74ee539f59d3ba8cb6a17f20d85c272973d9503e21a1a28b2c9237974e64b82048ced89e97b0bee3d60243bfa76e6a2ff34dc712aaff1f0390e1218e323d19b65cb4ed8b1414e3ba58ca58b57ddba
32 138 10 10 52 3025 :ffcef72a9dd7b5652e732274e088f1029daf6c069924a3fd302752db61ebe1c2ead15370d7c035c9055f410a2aa771c857e47b4f06b0fbcd857ac74ee539f59d3ba8cb6a17f20d85c272973d9503e21a1a28b2c9237974e64b82048ced89e97b0bee3d60243bfa76e6a2ff34dc712aaff1f0390e1218e323d19b65cb4ed8b1414e3ba58ca58b57ddbaee
32 139 10 10 52 3054 :ffcef72a9dd7b5652e732274e088f1029daf6c069924a3fd302752db61ebe1c2ead15370d7c035c9055f410a2aa771c857e47b4f06b0fbcd857ac74ee539f59d3ba8cb6a17f20d85c272973d9503e21a1a28b2c9237974e64b82048ced89e97b0bee3d60243bfa76e6a2ff34dc712aaff1f0390e1218e323d19b65cb4ed8b1414e3ba58ca58b57ddbaeee9
32 140 10 10 52 3025 :ffcef72a9dd7b5652e732274e088f1029daf6c069924a3fd302752db61ebe1c2ead15370d7c035c9055f410a2aa771c857e47b4f06b0fbcd857ac74ee539f59d3ba8cb6a17f20d85c272973d9503e21a1a28b2c9237974e64b82048ced89e97b0bee3d60243bfa76e6a2ff34dc712aaff1f0390e1218e323d19b65cb4ed8b1414e3ba58ca58b57ddbaeee9b8
32 141 10 10 52 3076 :ffcef72a9dd7b5652e732274e088f1029daf6c069924a3fd302752db61ebe1c2ead15370d7c035c9055f410a2aa771c857e47b4f06b0fbcd857ac74ee539f59d3ba8cb6a17f20d85c272973d9503e21a1a28b2c9237974e64b82048ced89e97b0bee3d60243bfa76e6a2ff34dc712aaff1f0390e1218e323d19b65cb4ed8b1414e3ba58ca58b57ddbaeee9b884
32 142 10 10 52 3104 :ffcef72a9dd7b5652e732274e088f1029daf6c069924a3fd302752db61ebe1c2ead15370d7c035c9055f410a2aa771c857e47b4f06b0fbcd857ac74ee539f59d3ba8cb6a17f20d85c272973d9503e21a1a28b2c9237974e64b82048ced89e97b0bee3d60243bfa76e6a2ff34dc712aaff1f0390e1218e323d19b65cb4ed8b1414e3ba58ca58b57ddbaeee9b884b9
32 143 10 10 52 3076 :ffcef72a9dd7b5652e732274e088f1029daf6c069924a3fd302752db61ebe1c2ead15370d7c035c9055f410a2aa771c857e47b4f06b0fbcd857ac74ee539f59d3ba8cb6a17f20d85c272973d9503e21a1a28b2c9237974e64b82048ced89e97b0bee3d60243bfa76e6a2ff34dc712aaff1f0390e1218e323d19b65cb4ed8b1414e3ba58ca58b57ddbaeee9b884b9c2
32 144 10 10 52 3076 :ffcef72a9dd7b5652e732274e088f1029daf6c069924a3fd302752db61ebe1c2ead15370d7c035c9055f410a2aa771c857e47b4f06b0fbcd857ac74ee539f59d3ba8cb6a17f20d85c272973d9503e21a1a28b2c9237974e64b82048ced89e97b0bee3d60243bfa76e6a2ff34dc712aaff1f0390e1218e323d19b65cb4ed8b1414e3ba58ca58b57ddbaeee9b884b9c2b5
32 145 10 10 52 3045 :ffcef72a9dd7b5652e732274e088f1029daf6c069924a3fd302752db61ebe1c2ead15370d7c035c9055f410a2aa771c857e47b4f06b0fbcd857ac74ee539f59d3ba8cb6a17f20d85c272973d9503e21a1a28b2c9237974e64b82048ced89e97b0bee3d60243bfa76e6a2ff34dc712aaff1f0390e1218e323d19b65cb4ed8b1414e3ba58ca58b57ddbaeee9b884b9c2b5b7
32 146 10 10 52 3032 :ffcef72a9dd7b5652e732274e088f1029daf6c069924a3fd302752db61ebe1c2ead15370d7c035c9055f410a2aa771c857e47b4f06b0fbcd857ac74ee539f59d3ba8cb6a17f20d85c272973d9503e21a1a28b2c9237974e64b82048ced89e97b0bee3d60243bfa76e6a2ff34dc712aaff1f0390e1218e323d19b65cb4ed8b1414e3ba58ca58b57ddbaeee9b884b9c2b5b79a
32 147 10 10 52 3040 :ffcef72a9dd7b5652e732274e088f1029daf6c069924a3fd302752db61ebe1c2ead15370d7c035c9055f410a2aa771c857e47b4f06b0fbcd857ac74ee539f59d3ba8cb6a17f20d85c272973d9503e21a1a28b2c9237974e64b82048ced89e97b0bee3d60243bfa76e6a2ff34dc712aaff1f0390e1218e323d19b65cb4ed8b1414e3ba58ca58b57ddbaeee9b884b9c2b5b79ad6
32 148 10 10 52 3025 :ffcef72a9dd7b5652e732274e088f1029daf6c069924a3fd302752db61ebe1c2ead15370d7c035c9055f410a2aa771c857e47b4f06b0fbcd857ac74ee539f59d3ba8cb6a17f20d85c272973d9503e21a1a28b2c9237974e64b82048ced89e97b0bee3d60243bfa76e6a2ff34dc712aaff1f0390e1218e323d19b65cb4ed8b1414e3ba58ca58b57ddbaeee9b884b9c2b5b79ad6f3
32 149 10 10 52 3096 :ffcef72a9dd7b5652e732274e088f1029daf6c069924a3fd302752db61ebe1c2ead15370d7c035c9055f410a2aa771c857e47b4f06b0fbcd857ac74ee539f59d3ba8cb6a17f20d85c272973d9503e21a1a28b2c9237974e64b82048ced89e97b0bee3d60243bfa76e6a2ff34dc712aaff1f0390e1218e323d19b65cb4ed8b1414e3ba58ca58b57ddbaeee9b884b9c2b5b79ad6f37d
32 150 10 10 52 3032 :ffcef72a9dd7b5652e732274e088f1029daf6c069924a3fd302752db61ebe1c2ead15370d7c035c9055f410a2aa771c857e47b4f06b0fbcd857ac74ee539f59d3ba8cb6a17f20d85c272973d9503e21a1a28b2c9237974e64b82048ced89e97b0bee3d60243bfa76e6a2ff34dc712aaff1f0390e1218e323d19b65cb4ed8b1414e3ba58ca58b57ddbaeee9b884b9c2b5b79ad6f37d5e
32 151 10 10 52 3070 :ffcef72a9dd7b5652e732274e088f1029daf6c069924a3fd302752db61ebe1c2ead15370d7c035c9055f410a2aa771c857e47b4f06b0fbcd857ac74ee539f59d3ba8cb6a17f20d85c272973d9503e21a1a28b2c9237974e64b82048ced89e97b0bee3d60243bfa76e6a2ff34dc712aaff1f0390e1218e323d19b65cb4ed8b1414e3ba58ca58b57ddbaeee9b884b9c2b5b79ad6f37d5ed4
32 152 10 10 52 3076 :ffcef72a9dd7b5652e732274e088f1029daf6c069924a3fd302752db61ebe1c2ead15370d7c035c9055f410a2aa771c857e47b4f06b0fbcd857ac74ee539f59d3ba8cb6a17f20d85c272973d9503e21a1a28b2c9237974e64b82048ced89e97b0bee3d60243bfa76e6a2ff34dc712aaff1f0390e1218e323d19b65cb4ed8b1414e3ba58ca58b57ddbaeee9b884b9c2b5b79ad6f37d5ed4f1
32 153 10 10 52 3045 :ffcef72a9dd7b5652e732274e088f1029daf6c069924a3fd302752db61ebe1c2ead15370d7c035c9055f410a2aa771c857e47b4f06b0fbcd857ac74ee539f59d3ba8cb6a17f20d85c272973d9503e21a1a28b2c9237974e64b82048ced89e97b0bee3d60243bfa76e6a2ff34dc712aaff1f0390e1218e323d19b65cb4ed8b1414e3ba58ca58b57ddbaeee9b884b9c2b5b79ad6f37d5ed4f1fb
32 154 10 10 52 3062 :ffcef72a9dd7b5652e732274e088f1029daf6c069924a3fd302752db61ebe1c2ead15370d7c035c9055f410a2aa771c857e47b4f06b0fbcd857ac74ee539f59d3ba8cb6a17f20d85c272973d9503e21a1a28b2c9237974e64b82048ced89e97b0bee3d60243bfa76e6a2ff34dc712aaff1f0390e1218e323d19b65cb4ed8b1414e3ba58ca58b57ddbaeee9b884b9c2b5b79ad6f37d5ed4f1fb06
32 155 10 10 52 3044 :ffcef72a9dd7b5652e732274e088f1029daf6c069924a3fd302752db61ebe1c2ead15370d7c035c9055f410a2aa771c857e47b4f06b0fbcd857ac74ee539f59d3ba8cb6a17f20d85c272973d9503e21a1a28b2c9237974e64b82048ced89e97b0bee3d60243bfa76e6a2ff34dc712aaff1f0390e1218e323d19b65cb4ed8b1414e3ba58ca58b57ddbaeee9b884b9c2b5b79ad6f37d5ed4f1fb0681
32 156 10 10 52 3040 :ffcef72a9dd7b5652e732274e088f1029daf6c069924a3fd302752db61ebe1c2ead15370d7c035c9055f410a2aa771c857e47b4f06b0fbcd857ac74ee539f59d3ba8cb6a17f20d85c272973d9503e21a1a28b2c9237974e64b82048ced89e97b0bee3d60243bfa76e6a2ff34dc712aaff1f0390e1218e323d19b65cb4ed8b1414e3ba58ca58b57ddbaeee9b884b9c2b5b79ad6f37d5ed4f1fb0681ad
32 157 10 10 52 3046 :ffcef72a9dd7b5652e732274e088f1029daf6c069924a3fd302752db61ebe1c2ead15370d7c035c9055f410a2aa771c857e47b4f06b0fbcd857ac74ee539f59d3ba8cb6a17f20d85c272973d9503e21a1a28b2c9237974e64b82048ced89e97b0bee3d60243bfa76e6a2ff34dc712aaff1f0390e1218e323d19b65cb4ed8b1414e3ba58ca58b57ddbaeee9b884b9c2b5b79ad6f37d5ed4f1fb0681ada6
32 158 10 10 52 3101 :ffcef72a9dd7b5652e732274e088f1029daf6c069924a3fd302752db61ebe1c2ead15370d7c035c9055f410a2aa771c857e47b4f06b0fbcd857ac74ee539f59d3ba8cb6a17f20d85c272973d9503e21a1a28b2c9237974e64b82048ced89e97b0bee3d60243bfa76e6a2ff34dc712aaff1f0390e1218e323d19b65cb4ed8b1414e3ba58ca58b57ddbaeee9b884b9c2b5b79ad6f37d5ed4f1fb0681ada6eb
32 159 10 10 52 3044 :ffcef72a9dd7b5652e732274e088f1029daf6c069924a3fd302752db61ebe1c2ead15370d7c035c9055f410a2aa771c857e47b4f06b0fbcd857ac74ee539f59d3ba8cb6a17f20d85c272973d9503e21a1a28b2c9237974e64b82048ced89e97b0bee3d60243bfa76e6a2ff34dc712aaff1f0390e1218e323d19b65cb4ed8b1414e3ba58ca58b57ddbaeee9b884b9c2b5b79ad6f37d5ed4f1fb0681ada6eb38
32 160 10 10 52 3070 :ffcef72a9dd7b5652e732274e088f1029daf6c069924a3fd302752db61ebe1c2ead15370d7c035c9055f410a2aa771c857e47b4f06b0fbcd857ac74ee539f59d3ba8cb6a17f20d85c272973d9503e21a1a28b2c9237974e64b82048ced89e97b0bee3d60243bfa76e6a2ff34dc712aaff1f0390e1218e323d19b65cb4ed8b1414e3ba58ca58b57ddbaeee9b884b9c2b5b79ad6f37d5ed4f1fb0681ada6eb38a4
32 161 10 10 52 3096 :ffcef72a9dd7b5652e732274e088f1029daf6c069924a3fd302752db61ebe1c2ead15370d7c035c9055f410a2aa771c857e47b4f06b0fbcd857ac74ee539f59d3ba8cb6a17f20d85c272973d9503e21a1a28b2c9237974e64b82048ced89e97b0bee3d60243bfa76e6a2ff34dc712aaff1f0390e1218e323d19b65cb4ed8b1414e3ba58ca58b57ddbaeee9b884b9c2b5b79ad6f37d5ed4f1fb0681ada6eb38a4b3
32 162 10 10 52 3076 :ffcef72a9dd7b5652e732274e088f1029daf6c069924a3fd302752db61ebe1c2ead15370d7c035c9055f410a2aa771c857e47b4f06b0fbcd857ac74ee539f59d3ba8cb6a17f20d85c272973d9503e21a1a28b2c9237974e64b82048ced89e97b0bee3d60243bfa76e6a2ff34dc712aaff1f0390e1218e323d19b65cb4ed8b1414e3ba58ca58b57ddbaeee9b884b9c2b5b79ad6f37d5ed4f1fb0681ada6eb38a4b389
32 163 10 10 52 3076 :ffcef72a9dd7b5652e732274e088f1029daf6c069924a3fd302752db61ebe1c2ead15370d7c035c9055f410a2aa771c857e47b4f06b0fbcd857ac74ee539f59d3ba8cb6a17f20d85c272973d9503e21a1a28b2c9237974e64b82048ced89e97b0bee3d60243bfa76e6a2ff34dc712aaff1f0390e1218e323d19b65cb4ed8b1414e3ba58ca58b57ddbaeee9b884b9c2b5b79ad6f37d5ed4f1fb0681ada6eb38a4b389d9
32 164 10 10 52 3096 :ffcef72a9dd7b5652e732274e088f1029daf6c069924a3fd302752db61ebe1c2ead15370d7c035c9055f410a2aa771c857e47b4f06b0fbcd857ac74ee539f59d3ba8cb6a17f20d85c272973d9503e21a1a28b2c9237974e64b82048ced89e97b0bee3d60243bfa76e6a2ff34dc712aaff1f0390e1218e323d19b65cb4ed8b1414e3ba58ca58b57ddbaeee9b884b9c2b5b79ad6f37d5ed4f1fb0681ada6eb38a4b389d992
32 165 10 10 52 3050 :ffcef72a9dd7b5652e732274e088f1029daf6c069924a3fd302752db61ebe1c2ead15370d7c035c9055f410a2aa771c857e47b4f06b0fbcd857ac74ee539f59d3ba8cb6a17f20d85c272973d9503e21a1a28b2c9237974e64b82048ced89e97b0bee3d60243bfa76e6a2ff34dc712aaff1f0390e1218e323d19b65cb4ed8b1414e3ba58ca58b57ddbaeee9b884b9c2b5b79ad6f37d5ed4f1fb0681ada6eb38a4b389d99241
32 166 10 10 52 3104 :ffcef72a9dd7b5652e732274e088f1029daf6c069924a3fd302752db61ebe1c2ead15370d7c035c9055f410a2aa771c857e47b4f06b0fbcd857ac74ee539f59d3ba8cb6a17f20d85c272973d9503e21a1a28b2c9237974e64b82048ced89e97b0bee3d60243bfa76e6a2ff34dc712aaff1f0390e1218e323d19b65cb4ed8b1414e3ba58ca58b57ddbaeee9b884b9c2b5b79ad6f37d5ed4f1fb0681ada6eb38a4b389d9924121
32 167 10 10 52 3102 :ffcef72a9dd7b5652e732274e088f1029daf6c069924a3fd302752db61ebe1c2ead15370d7c035c9055f410a2aa771c857e47b4f06b0fbcd857ac74ee539f59d3ba8cb6a17f20d85c272973d9503e21a1a28b2c9237974e64b82048ced89e97b0bee3d60243bfa76e6a2ff34dc712aaff1f0390e1218e323d19b65cb4ed8b1414e3ba58ca58b57ddbaeee9b884b9c2b5b79ad6f37d5ed4f1fb0681ada6eb38a4b389d99241216d
32 168 10 10 52 3104 :ffcef72a9dd7b5652e732274e088f1029daf6c069924a3fd302752db61ebe1c2ead15370d7c035c9055f410a2aa771c857e47b4f06b0fbcd857ac74ee539f59d3ba8cb6a17f20d85c272973d9503e21a1a28b2c9237974e64b82048ced89e97b0bee3d60243bfa76e6a2ff34dc712aaff1f0390e1218e323d19b65cb4ed8b1414e3ba58ca58b57ddbaeee9b884b9c2b5b79ad6f37d5ed4f1fb0681ada6eb38a4b389d99241216dc5
32 169 10 10 52 3025 :ffcef72a9dd7b5652e732274e088f1029daf6c069924a3fd302752db61ebe1c2ead15370d7c035c9055f410a2aa771c857e47b4f06b0fbcd857ac74ee539f59d3ba8cb6a17f20d85c272973d9503e21a1a28b2c9237974e64b82048ced89e97b0bee3d60243bfa76e6a2ff34dc712aaff1f0390e1218e323d19b65cb4ed8b1414e3ba58ca58b57ddbaeee9b884b9c2b5b79ad6f37d5ed4f1fb0681ada6eb38a4b389d99241216dc55b
32 170 10 10 52 3104 :ffcef72a9dd7b5652e732274e088f1029daf6c069924a3fd302752db61ebe1c2ead15370d7c035c9055f410a2aa771c857e47b4f06b0fbcd857ac74ee539f59d3ba8cb6a17f20d85c272973d9503e21a1a28b2c9237974e64b82048ced89e97b0bee3d60243bfa76e6a2ff34dc712aaff1f0390e1218e323d19b65cb4ed8b1414e3ba58ca58b57ddbaeee9b884b9c2b5b79ad6f37d5ed4f1fb0681ada6eb38a4b389d99241216dc55b8a
32 171 10 10 52 3104 :ffcef72a9dd7b5652e732274e088f1029daf6c069924a3fd302752db61ebe1c2ead15370d7c035c9055f410a2aa771c857e47b4f06b0fbcd857ac74ee539f59d3ba8cb6a17f20d85c272973d9503e21a1a28b2c9237974e64b82048ced89e97b0bee3d60243bfa76e6a2ff34dc712aaff1f0390e1218e323d19b65cb4ed8b1414e3ba58ca58b57ddbaeee9b884b9c2b5b79ad6f37d5ed4f1fb0681ada6eb38a4b389d99241216dc55b8a6e
32 172 10 10 52 3070 :ffcef72a9dd7b5652e732274e088f1029daf6c069924a3fd302752db61ebe1c2ead15370d7c035c9055f410a2aa771c857e47b4f06b0fbcd857ac74ee539f59d3ba8cb6a17f20d85c272973d9503e21a1a28b2c9237974e64b82048ced89e97b0bee3d60243bfa76e6a2ff34dc712aaff1f0390e1218e323d19b65cb4ed8b1414e3ba58ca58b57ddbaeee9b884b9c2b5b79ad6f37d5ed4f1fb0681ada6eb38a4b389d99241216dc55b8a6e49
32 173 10 10 52 3025 :ffcef72a9dd7b5652e732274e088f1029daf6c069924a3fd302752db61ebe1c2ead15370d7c035c9055f410a2aa771c857e47b4f06b0fbcd857ac74ee539f59d3ba8cb6a17f20d85c272973d9503e21a1a28b2c9237974e64b82048ced89e97b0bee3d60243bfa76e6a2ff34dc712aaff1f0390e1218e323d19b65cb4ed8b1414e3ba58ca58b57ddbaeee9b884b9c2b5b79ad6f37d5ed4f1fb0681ada6eb38a4b389d99241216dc55b8a6e49b5
32 174 10 10 52 3101 :ffcef72a9dd7b5652e732274e088f1029daf6c069924a3fd302752db61ebe1c2ead15370d7c035c9055f410a2aa771c857e47b4f06b0fbcd857ac74ee539f59d3ba8cb6a17f20d85c272973d9503e21a1a28b2c9237974e64b82048ced89e97b0bee3d60243bfa76e6a2ff34dc712aaff1f0390e1218e323d19b65cb4ed8b1414e3ba58ca58b57ddbaeee9b884b9c2b5b79ad6f37d5ed4f1fb0681ada6eb38a4b389d99241216dc55b8a6e49b5bc
32 175 10 10 52 3096 :ffcef72a9dd7b5652e732274e088f1029daf6c069924a3fd302752db61ebe1c2ead15370d7c035c9055f410a2aa771c857e47b4f06b0fbcd857ac74ee539f59d3ba8cb6a17f20d85c272973d9503e21a1a28b2c9237974e64b82048ced89e97b0bee3d60243bfa76e6a2ff34dc712aaff1f0390e1218e323d19b65cb4ed8b1414e3ba58ca58b57ddbaeee9b884b9c2b5b79ad6f37d5ed4f1fb0681ada6eb38a4b389d99241216dc55b8a6e49b5bc69
32 176 10 10 52 3062 :ffcef72a9dd7b5652e732274e088f1029daf6c069924a3fd302752db61ebe1c2ead15370d7c035c9055f410a2aa771c857e47b4f06b0fbcd857ac74ee539f59d3ba8cb6a17f20d85c272973d9503e21a1a28b2c9237974e64b82048ced89e97b0bee3d60243bfa76e6a2ff34dc712aaff1f0390e1218e323d19b65cb4ed8b1414e3ba58ca58b57ddbaeee9b884b9c2b5b79ad6f37d5ed4f1fb0681ada6eb38a4b389d99241216dc55b8a6e49b5bc6981
32 177 10 10 52 3072 :ffcef72a9dd7b5652e732274e088f1029daf6c069924a3fd302752db61ebe1c2ead15370d7c035c9055f410a2aa771c857e47b4f06b0fbcd857ac74ee539f59d3ba8cb6a17f20d85c272973d9503e21a1a28b2c9237974e64b82048ced89e97b0bee3d60243bfa76e6a2ff34dc712aaff1f0390e1218e323d19b65cb4ed8b1414e3ba58ca58b57ddbaeee9b884b9c2b5b79ad6f37d5ed4f1fb0681ada6eb38a4b389d99241216dc55b8a6e49b5bc69819c
32 178 10 10 52 3040 :ffcef72a9dd7b5652e732274e088f1029daf6c069924a3fd302752db61ebe1c2ead15370d7c035c9055f410a2aa771c857e47b4f06b0fbcd857ac74ee539f59d3ba8cb6a17f20d85c272973d9503e21a1a28b2c9237974e64b82048ced89e97b0bee3d60243bfa76e6a2ff34dc712aaff1f0390e1218e323d19b65cb4ed8b1414e3ba58ca58b57ddbaeee9b884b9c2b5b79ad6f37d5ed4f1fb0681ada6eb38a4b389d99241216dc55b8a6e49b5bc69819c77
32 179 10 10 52 3104 :ffcef72a9dd7b5652e732274e088f1029daf6c069924a3fd302752db61ebe1c2ead15370d7c035c9055f410a2aa771c857e47b4f06b0fbcd857ac74ee539f59d3ba8cb6a17f20d85c272973d9503e21a1a28b2c9237974e64b82048ced89e97b0bee3d60243bfa76e6a2ff34dc712aaff1f0390e1218e323d19b65cb4ed8b1414e3ba58ca58b57ddbaeee9b884b9c2b5b79ad6f37d5ed4f1fb0681ada6eb38a4b389d99241216dc55b8a6e49b5bc69819c7786
32 180 10 10 52 3096 :ffcef72a9dd7b5652e732274e088f1029daf6c069924a3fd302752db61ebe1c2ead15370d7c035c9055f410a2aa771c857e47b4f06b0fbcd857ac74ee539f59d3ba8cb6a17f20d85c272973d9503e21a1a28b2c9237974e64b82048ced89e97b0bee3d60243bfa76e6a2ff34dc712aaff1f0390e1218e323d19b65cb4ed8b1414e3ba58ca58b57ddbaeee9b884b9c2b5b79ad6f37d5ed4f1fb0681ada6eb38a4b389d99241216dc55b8a6e49b5bc69819c778666
32 181 10 10 52 3040 :ffcef72a9dd7b5652e732274e088f1029daf6c069924a3fd302752db61ebe1c2ead15370d7c035c9055f410a2aa771c857e47b4f06b0fbcd857ac74ee539f59d3ba8cb6a17f20d85c272973d9503e21a1a28b2c9237974e64b82048ced89e97b0bee3d60243bfa76e6a2ff34dc712aaff1f0390e1218e323d19b65cb4ed8b1414e3ba58ca58b57ddbaeee9b884b9c2b5b79ad6f37d5ed4f1fb0681ada6eb38a4b389d99241216dc55b8a6e49b5bc69819c7786663f
32 182 10 10 52 3062 :ffcef72a9dd7b5652e732274e088f1029daf6c069924a3fd302752db61ebe1c2ead15370d7c035c9055f410a2aa771c857e47b4f06b0fbcd857ac74ee539f59d3ba8cb6a17f20d85c272973d9503e21a1a28b2c9237974e64b82048ced89e97b0bee3d60243bfa76e6a2ff34dc712aaff1f0390e1218e323d19b65cb4ed8b1414e3ba58ca58b57ddbaeee9b884b9c2b5b79ad6f37d5ed4f1fb0681ada6eb38a4b389d99241216dc55b8a6e49b5bc69819c7786663f26
32 183 10 10 71 3045 :ffcef72a9dd7b5652e732274e088f1029daf6c069924a3fd302752db61ebe1c2ead15370d7c035c9055f410a2aa771c857e47b4f06b0fbcd857ac74ee539f59d3ba8cb6a17f20d85c272973d9503e21a1a28b2c9237974e64b82048ced89e97b0bee3d60243bfa76e6a2ff34dc712aaff1f0390e1218e323d19b65cb4ed8b1414e3ba58ca58b57ddbaeee9b884b9c2b5b79ad6f37d5ed4f1fb0681ada6eb38a4b389d99241216dc55b8a6e49b5bc69819c7786663f26ef
32 184 10 10 52 3025 :ffcef72a9dd7b5652e732274e088f1029daf6c069924a3fd302752db61ebe1c2ead15370d7c035c9055f410a2aa771c857e47b4f06b0fbcd857ac74ee539f59d3ba8cb6a17f20d85c272973d9503e21a1a28b2c9237974e64b82048ced89e97b0bee3d60243bfa76e6a2ff34dc712aaff1f0390e1218e323d19b65cb4ed8b1414e3ba58ca58b57ddbaeee9b884b9c2b5b79ad6f37d5ed4f1fb0681ada6eb38a4b389d99241216dc55b8a6e49b5bc69819c7786663f26ef9e
32 185 10 10 52 3096 :ffcef72a9dd7b5652e732274e088f1029daf6c069924a3fd302752db61ebe1c2ead15370d7c035c9055f410a2aa771c857e47b4f06b0fbcd857ac74ee539f59d3ba8cb6a17f20d85c272973d9503e21a1a28b2c9237974e64b82048ced89e97b0bee3d60243bfa76e6a2ff34dc712aaff1f0390e1218e323d19b65cb4ed8b1414e3ba58ca58b57ddbaeee9b884b9c2b5b79ad6f37d5ed4f1fb0681ada6eb38a4b389d99241216dc55b8a6e49b5bc69819c7786663f26ef9e1f
32 186 10 10 52 3062 :ffcef72a9dd7b5652e732274e088f1029daf6c069924a3fd302752db61ebe1c2ead15370d7c035c9055f410a2aa771c857e47b4f06b0fbcd857ac74ee539f59d3ba8cb6a17f20d85c272973d9503e21a1a28b2c9237974e64b82048ced89e97b0bee3d60243bfa76e6a2ff34dc712aaff1f0390e1218e323d19b65cb4ed8b1414e3ba58ca58b57ddbaeee9b884b9c2b5b79ad6f37d5ed4f1fb0681ada6eb38a4b389d99241216dc55b8a6e49b5bc69819c7786663f26ef9e1f58
32 187 10 10 52 3045 :ffcef72a9dd7b5652e732274e088f1029daf6c069924a3fd302752db61ebe1c2ead15370d7c035c9055f410a2aa771c857e47b4f06b0fbcd857ac74ee539f59d3ba8cb6a17f20d85c272973d9503e21a1a28b2c9237974e64b82048ced89e97b0bee3d60243bfa76e6a2ff34dc712aaff1f0390e1218e323d19b65cb4ed8b1414e3ba58ca58b57ddbaeee9b884b9c2b5b79ad6f37d5ed4f1fb0681ada6eb38a4b389d99241216dc55b8a6e49b5bc69819c7786663f26ef9e1f58c1
32 188 10 10 52 3062 :ffcef72a9dd7b5652e732274e088f1029daf6c069924a3fd302752db61ebe1c2ead15370d7c035c9055f410a2aa771c857e47b4f06b0fbcd857ac74ee539f59d3ba8cb6a17f20d85c272973d9503e21a1a28b2c9237974e64b82048ced89e97b0bee3d60243bfa76e6a2ff34dc712aaff1f0390e1218e323d19b65cb4ed8b1414e3ba58ca58b57ddbaeee9b884b9c2b5b79ad6f37d5ed4f1fb0681ada6eb38a4b389d99241216dc55b8a6e49b5bc69819c7786663f26ef9e1f58c1c4
32 189 10 10 52 3062 :ffcef72a9dd7b5652e732274e088f1029daf6c069924a3fd302752db61ebe1c2ead15370d7c035c9055f410a2aa771c857e47b4f06b0fbcd857ac74ee539f59d3ba8cb6a17f20d85c272973d9503e21a1a28b2c9237974e64b82048ced89e97b0bee3d60243bfa76e6a2ff34dc712aaff1f0390e1218e323d19b65cb4ed8b1414e3ba58ca58b57ddbaeee9b884b9c2b5b79ad6f37d5ed4f1fb0681ada6eb38a4b389d99241216dc55b8a6e49b5bc69819c7786663f26ef9e1f58c1c4a9
32 190 10 10 52 3062 :ffcef72a9dd7b5652e732274e088f1029daf6c069924a3fd302752db61ebe1c2ead15370d7c035c9055f410a2aa771c857e47b4f06b0fbcd857ac74ee539f59d3ba8cb6a17f20d85c272973d9503e21a1a28b2c9237974e64b82048ced89e97b0bee3d60243bfa76e6a2ff34dc712aaff1f0390e1218e323d19b65cb4ed8b1414e3ba58ca58b57ddbaeee9b884b9c2b5b79ad6f37d5ed4f1fb0681ada6eb38a4b389d99241216dc55b8a6e49b5bc69819c7786663f26ef9e1f58c1c4a9b9
32 191 10 10 52 3070 :ffcef72a9dd7b5652e732274e088f1029daf6c069924a3fd302752db61ebe1c2ead15370d7c035c9055f410a2aa771c857e47b4f06b0fbcd857ac74ee539f59d3ba8cb6a17f20d85c272973d9503e21a1a28b2c9237974e64b82048ced89e97b0bee3d60243bfa76e6a2ff34dc712aaff1f0390e1218e323d19b65cb4ed8b1414e3ba58ca58b57ddbaeee9b884b9c2b5b79ad6f37d5ed4f1fb0681ada6eb38a4b389d99241216dc55b8a6e49b5bc69819c7786663f26ef9e1f58c1c4a9b990
32 192 10 10 52 3045 :ffcef72a9dd7b5652e732274e088f1029daf6c069924a3fd302752db61ebe1c2ead15370d7c035c9055f410a2aa771c857e47b4f06b0fbcd857ac74ee539f59d3ba8cb6a17f20d85c272973d9503e21a1a28b2c9237974e64b82048ced89e97b0bee3d60243bfa76e6a2ff34dc712aaff1f0390e1218e323d19b65cb4ed8b1414e3ba58ca58b57ddbaeee9b884b9c2b5b79ad6f37d5ed4f1fb0681ada6eb38a4b389d99241216dc55b8a6e49b5bc69819c7786663f26ef9e1f58c1c4a9b990df
32 193 10 10 52 3054 :ffcef72a9dd7b5652e732274e088f1029daf6c069924a3fd302752db61ebe1c2ead15370d7c035c9055f410a2aa771c857e47b4f06b0fbcd857ac74ee539f59d3ba8cb6a17f20d85c272973d9503e21a1a28b2c9237974e64b82048ced89e97b0bee3d60243bfa76e6a2ff34dc712aaff1f0390e1218e323d19b65cb4ed8b1414e3ba58ca58b57ddbaeee9b884b9c2b5b79ad6f37d5ed4f1fb0681ada6eb38a4b389d99241216dc55b8a6e49b5bc69819c7786663f26ef9e1f58c1c4a9b990dfdb
32 194 10 10 52 3101 :ffcef72a9dd7b5652e732274e088f1029daf6c069924a3fd302752db61ebe1c2ead15370d7c035c9055f410a2aa771c857e47b4f06b0fbcd857ac74ee539f59d3ba8cb6a17f20d85c272973d9503e21a1a28b2c9237974e64b82048ced89e97b0bee3d60243bfa76e6a2ff34dc712aaff1f0390e1218e323d19b65cb4ed8b1414e3ba58ca58b57ddbaeee9b884b9c2b5b79ad6f37d5ed4f1fb0681ada6eb38a4b389d99241216dc55b8a6e49b5bc69819c7786663f26ef9e1f58c1c4a9b990dfdb4a
32 195 10 10 52 3054 :ffcef72a9dd7b5652e732274e088f1029daf6c069924a3fd302752db61ebe1c2ead15370d7c035c9055f410a2aa771c857e47b4f06b0fbcd857ac74ee539f59d3ba8cb6a17f20d85c272973d9503e21a1a28b2c9237974e64b82048ced89e97b0bee3d60243bfa76e6a2ff34dc712aaff1f0390e1218e323d19b65cb4ed8b1414e3ba58ca58b57ddbaeee9b884b9c2b5b79ad6f37d5ed4f1fb0681ada6eb38a4b389d99241216dc55b8a6e49b5bc69819c7786663f26ef9e1f58c1c4a9b990dfdb4a58
32 196 10 10 52 3112 :ffcef72a9dd7b5652e732274e088f1029daf6c069924a3fd302752db61ebe1c2ead15370d7c035c9055f410a2aa771c857e47b4f06b0fbcd857ac74ee539f59d3ba8cb6a17f20d85c272973d9503e21a1a28b2c9237974e64b82048ced89e97b0bee3d60243bfa76e6a2ff34dc712aaff1f0390e1218e323d19b65cb4ed8b1414e3ba58ca58b57ddbaeee9b884b9c2b5b79ad6f37d5ed4f1fb0681ada6eb38a4b389d99241216dc55b8a6e49b5bc69819c7786663f26ef9e1f58c1c4a9b990dfdb4a5851
32 197 10 10 52 3025 :ffcef72a9dd7b5652e732274e088f1029daf6c069924a3fd302752db61ebe1c2ead15370d7c035c9055f410a2aa771c857e47b4f06b0fbcd857ac74ee539f59d3ba8cb6a17f20d85c272973d9503e21a1a28b2c9237974e64b82048ced89e97b0bee3d60243bfa76e6a2ff34dc712aaff1f0390e1218e323d19b65cb4ed8b1414e3ba58ca58b57ddbaeee9b884b9c2b5b79ad6f37d5ed4f1fb0681ada6eb38a4b389d99241216dc55b8a6e49b5bc69819c7786663f26ef9e1f58c1c4a9b990dfdb4a5851a0
32 198 10 10 52 3101 :ffcef72a9dd7b5652e732274e088f1029daf6c069924a3fd302752db61ebe1c2ead15370d7c035c9055f410a2aa771c857e47b4f06b0fbcd857ac74ee539f59d3ba8cb6a17f20d85c272973d9503e21a1a28b2c9237974e64b82048ced89e97b0bee3d60243bfa76e6a2ff34dc712aaff1f0390e1218e323d19b65cb4ed8b1414e3ba58ca58b57ddbaeee9b884b9c2b5b79ad6f37d5ed4f1fb0681ada6eb38a4b389d99241216dc55b8a6e49b5bc69819c7786663f26ef9e1f58c1c4a9b990dfdb4a5851a0c8
32 199 10 10 52 3104 :ffcef72a9dd7b5652e732274e088f1029daf6c069924a3fd302752db61ebe1c2ead15370d7c035c9055f410a2aa771c857e47b4f06b0fbcd857ac74ee539f59d3ba8cb6a17f20d85c272973d9503e21a1a28b2c9237974e64b82048ced89e97b0bee3d60243bfa76e6a2ff34dc712aaff1f0390e1218e323d19b65cb4ed8b1414e3ba58ca58b57ddbaeee9b884b9c2b5b79ad6f37d5ed4f1fb0681ada6eb38a4b389d99241216dc55b8a6e49b5bc69819c7786663f26ef9e1f58c1c4a9b990dfdb4a5851a0c8b5
32 200 10 10 52 3096 :ffcef72a9dd7b5652e732274e088f1029daf6c069924a3fd302752db61ebe1c2ead15370d7c035c9055f410a2aa771c857e47b4f06b0fbcd857ac74ee539f59d3ba8cb6a17f20d85c272973d9503e21a1a28b2c9237974e64b82048ced89e97b0bee3d60243bfa76e6a2ff34dc712aaff1f0390e1218e323d19b65cb4ed8b1414e3ba58ca58b57ddbaeee9b884b9c2b5b79ad6f37d5ed4f1fb0681ada6eb38a4b389d99241216dc55b8a6e49b5bc69819c7786663f26ef9e1f58c1c4a9b990dfdb4a5851a0c8b541
32 201 10 10 52 3072 :ffcef72a9dd7b5652e732274e088f1029daf6c069924a3fd302752db61ebe1c2ead15370d7c035c9055f410a2aa771c857e47b4f06b0fbcd857ac74ee539f59d3ba8cb6a17f20d85c272973d9503e21a1a28b2c9237974e64b82048ced89e97b0bee3d60243bfa76e6a2ff34dc712aaff1f0390e1218e323d19b65cb4ed8b1414e3ba58ca58b57ddbaeee9b884b9c2b5b79ad6f37d5ed4f1fb0681ada6eb38a4b389d99241216dc55b8a6e49b5bc69819c7786663f26ef9e1f58c1c4a9b990dfdb4a5851a0c8b54178
32 202 10 10 52 3076 :ffcef72a9dd7b5652e732274e088f1029daf6c069924a3fd302752db61ebe1c2ead15370d7c035c9055f410a2aa771c857e47b4f06b0fbcd857ac74ee539f59d3ba8cb6a17f20d85c272973d9503e21a1a28b2c9237974e64b82048ced89e97b0bee3d60243bfa76e6a2ff34dc712aaff1f0390e1218e323d19b65cb4ed8b1414e3ba58ca58b57ddbaeee9b884b9c2b5b79ad6f37d5ed4f1fb0681ada6eb38a4b389d99241216dc55b8a6e49b5bc69819c7786663f26ef9e1f58c1c4a9b990dfdb4a5851a0c8b54178ea
32 203 10 10 52 3025 :ffcef72a9dd7b5652e732274e088f1029daf6c069924a3fd302752db61ebe1c2ead15370d7c035c9055f410a2aa771c857e47b4f06b0fbcd857ac74ee539f59d3ba8cb6a17f20d85c272973d9503e21a1a28b2c9237974e64b82048ced89e97b0bee3d60243bfa76e6a2ff34dc712aaff1f0390e1218e323d19b65cb4ed8b1414e3ba58ca58b57ddbaeee9b884b9c2b5b79ad6f37d5ed4f1fb0681ada6eb38a4b389d99241216dc55b8a6e49b5bc69819c7786663f26ef9e1f58c1c4a9b990dfdb4a5851a0c8b54178ea79
32 204 10 10 52 3104 :ffcef72a9dd7b5652e732274e088f1029daf6c069924a3fd302752db61ebe1c2ead15370d7c035c9055f410a2aa771c857e47b4f06b0fbcd857ac74ee539f59d3ba8cb6a17f20d85c272973d9503e21a1a28b2c9237974e64b82048ced89e97b0bee3d60243bfa76e6a2ff34dc712aaff1f0390e1218e323d19b65cb4ed8b1414e3ba58ca58b57ddbaeee9b884b9c2b5b79ad6f37d5ed4f1fb0681ada6eb38a4b389d99241216dc55b8a6e49b5bc69819c7786663f26ef9e1f58c1c4a9b990dfdb4a5851a0c8b54178ea794a
32 205 10 10 52 3096 :ffcef72a9dd7b5652e732274e088f1029daf6c069924a3fd302752db61ebe1c2ead15370d7c035c9055f410a2aa771c857e47b4f06b0fbcd857ac74ee539f59d3ba8cb6a17f20d85c272973d9503e21a1a28b2c9237974e64b82048ced89e97b0bee3d60243bfa76e6a2ff34dc712aaff1f0390e1218e323d19b65cb4ed8b1414e3ba58ca58b57ddbaeee9b884b9c2b5b79ad6f37d5ed4f1fb0681ada6eb38a4b389d99241216dc55b8a6e49b5bc69819c7786663f26ef9e1f58c1c4a9b990dfdb4a5851a0c8b54178ea794a34
32 206 10 10 52 3062 :ffcef72a9dd7b5652e732274e088f1029daf6c069924a3fd302752db61ebe1c2ead15370d7c035c9055f410a2aa771c857e47b4f06b0fbcd857ac74ee539f59d3ba8cb6a17f20d85c272973d9503e21a1a28b2c9237974e64b82048ced89e97b0bee3d60243bfa76e6a2ff34dc712aaff1f0390e1218e323d19b65cb4ed8b1414e3ba58ca58b57ddbaeee9b884b9c2b5b79ad6f37d5ed4f1fb0681ada6eb38a4b389d99241216dc55b8a6e49b5bc69819c7786663f26ef9e1f58c1c4a9b990dfdb4a5851a0c8b54178ea794a3492
32 207 10 10 52 3033 :ffcef72a9dd7b5652e732274e088f1029daf6c069924a3fd302752db61ebe1c2ead15370d7c035c9055f410a2aa771c857e47b4f06b0fbcd857ac74ee539f59d3ba8cb6a17f20d85c272973d9503e21a1a28b2c9237974e64b82048ced89e97b0bee3d60243bfa76e6a2ff34dc712aaff1f0390e1218e323d19b65cb4ed8b1414e3ba58ca58b57ddbaeee9b884b9c2b5b79ad6f37d5ed4f1fb0681ada6eb38a4b389d99241216dc55b8a6e49b5bc69819c7786663f26ef9e1f58c1c4a9b990dfdb4a5851a0c8b54178ea794a34921e
32 208 10 10 52 3032 :ffcef72a9dd7b5652e732274e088f1029daf6c069924a3fd302752db61ebe1c2ead15370d7c035c9055f410a2aa771c857e47b4f06b0fbcd857ac74ee539f59d3ba8cb6a17f20d85c272973d9503e21a1a28b2c9237974e64b82048ced89e97b0bee3d60243bfa76e6a2ff34dc712aaff1f0390e1218e323d19b65cb4ed8b1414e3ba58ca58b57ddbaeee9b884b9c2b5b79ad6f37d5ed4f1fb0681ada6eb38a4b389d99241216dc55b8a6e49b5bc69819c7786663f26ef9e1f58c1c4a9b990dfdb4a5851a0c8b54178ea794a34921e60
32 209 10 10 52 3062 :ffcef72a9dd7b5652e732274e088f1029daf6c069924a3fd302752db61ebe1c2ead15370d7c035c9055f410a2aa771c857e47b4f06b0fbcd857ac74ee539f59d3ba8cb6a17f20d85c272973d9503e21a1a28b2c9237974e64b82048ced89e97b0bee3d60243bfa76e6a2ff34dc712aaff1f0390e1218e323d19b65cb4ed8b1414e3ba58ca58b57ddbaeee9b884b9c2b5b79ad6f37d5ed4f1fb0681ada6eb38a4b389d99241216dc55b8a6e49b5bc69819c7786663f26ef9e1f58c1c4a9b990dfdb4a5851a0c8b54178ea794a34921e6058
32 210 10 10 52 3096 :ffcef72a9dd7b5652e732274e088f1029daf6c069924a3fd302752db61ebe1c2ead15370d7c035c9055f410a2aa771c857e47b4f06b0fbcd857ac74ee539f59d3ba8cb6a17f20d85c272973d9503e21a1a28b2c9237974e64b82048ced89e97b0bee3d60243bfa76e6a2ff34dc712aaff1f0390e1218e323d19b65cb4ed8b1414e3ba58ca58b57ddbaeee9b884b9c2b5b79ad6f37d5ed4f1fb0681ada6eb38a4b389d99241216dc55b8a6e49b5bc69819c7786663f26ef9e1f58c1c4a9b990dfdb4a5851a0c8b54178ea794a34921e6058d0
32 211 10 10 52 3032 :ffcef72a9dd7b5652e732274e088f1029daf6c069924a3fd302752db61ebe1c2ead15370d7c035c9055f410a2aa771c857e47b4f06b0fbcd857ac74ee539f59d3ba8cb6a17f20d85c272973d9503e21a1a28b2c9237974e64b82048ced89e97b0bee3d60243bfa76e6a2ff34dc712aaff1f0390e1218e323d19b65cb4ed8b1414e3ba58ca58b57ddbaeee9b884b9c2b5b79ad6f37d5ed4f1fb0681ada6eb38a4b389d99241216dc55b8a6e49b5bc69819c7786663f26ef9e1f58c1c4a9b990dfdb4a5851a0c8b54178ea794a34921e6058d024
32 212 10 10 52 3041 :ffcef72a9dd7b5652e732274e088f1029daf6c069924a3fd302752db61ebe1c2ead15370d7c035c9055f410a2aa771c857e47b4f06b0fbcd857ac74ee539f59d3ba8cb6a17f20d85c272973d9503e21a1a28b2c9237974e64b82048ced89e97b0bee3d60243bfa76e6a2ff34dc712aaff1f0390e1218e323d19b65cb4ed8b1414e3ba58ca58b57ddbaeee9b884b9c2b5b79ad6f37d5ed4f1fb0681ada6eb38a4b389d99241216dc55b8a6e49b5bc69819c7786663f26ef9e1f58c1c4a9b990dfdb4a5851a0c8b54178ea794a34921e6058d024d2
32 213 10 10 52 3104 :ffcef72a9dd7b5652e732274e088f1029daf6c069924a3fd302752db61ebe1c2ead15370d7c035c9055f410a2aa771c857e47b4f06b0fbcd857ac74ee539f59d3ba8cb6a17f20d85c272973d9503e21a1a28b2c9237974e64b82048ced89e97b0bee3d60243bfa76e6a2ff34dc712aaff1f0390e1218e323d19b65cb4ed8b1414e3ba58ca58b57ddbaeee9b884b9c2b5b79ad6f37d5ed4f1fb0681ada6eb38a4b389d99241216dc55b8a6e49b5bc69819c7786663f26ef9e1f58c1c4a9b990dfdb4a5851a0c8b54178ea794a34921e6058d024d261
32 214 10 10 71 3070 :ffcef72a9dd7b5652e732274e088f1029daf6c069924a3fd302752db61ebe1c2ead15370d7c035c9055f410a2aa771c857e47b4f06b0fbcd857ac74ee539f59d3ba8cb6a17f20d85c272973d9503e21a1a28b2c9237974e64b82048ced89e97b0bee3d60243bfa76e6a2ff34dc712aaff1f0390e1218e323d19b65cb4ed8b1414e3ba58ca58b57ddbaeee9b884b9c2b5b79ad6f37d5ed4f1fb0681ada6eb38a4b389d99241216dc55b8a6e49b5bc69819c7786663f26ef9e1f58c1c4a9b990dfdb4a5851a0c8b54178ea794a34921e6058d024d2614e
32 215 10 10 52 3104 :ffcef72a9dd7b5652e732274e088f1029daf6c069924a3fd302752db61ebe1c2ead15370d7c035c9055f410a2aa771c857e47b4f06b0fbcd857ac74ee539f59d3ba8cb6a17f20d85c272973d9503e21a1a28b2c9237974e64b82048ced89e97b0bee3d60243bfa76e6a2ff34dc712aaff1f0390e1218e323d19b65cb4ed8b1414e3ba58ca58b57ddbaeee9b884b9c2b5b79ad6f37d5ed4f1fb0681ada6eb38a4b389d99241216dc55b8a6e49b5bc69819c7786663f26ef9e1f58c1c4a9b990dfdb4a5851a0c8b54178ea794a34921e6058d024d2614e51
32 216 10 10 52 3045 :ffcef72a9dd7b5652e732274e088f1029daf6c069924a3fd302752db61ebe1c2ead15370d7c035c9055f410a2aa771c857e47b4f06b0fbcd857ac74ee539f59d3ba8cb6a17f20d85c272973d9503e21a1a28b2c9237974e64b82048ced89e97b0bee3d60243bfa76e6a2ff34dc712aaff1f0390e1218e323d19b65cb4ed8b1414e3ba58ca58b57ddbaeee9b884b9c2b5b79ad6f37d5ed4f1fb0681ada6eb38a4b389d99241216dc55b8a6e49b5bc69819c7786663f26ef9e1f58c1c4a9b990dfdb4a5851a0c8b54178ea794a34921e6058d024d2614e5123
32 217 10 10 52 3096 :ffcef72a9dd7b5652e732274e088f1029daf6c069924a3fd302752db61ebe1c2ead15370d7c035c9055f410a2aa771c857e47b4f06b0fbcd857ac74ee539f59d3ba8cb6a17f20d85c272973d9503e21a1a28b2c9237974e64b82048ced89e97b0bee3d60243bfa76e6a2ff34dc712aaff1f0390e1218e323d19b65cb4ed8b1414e3ba58ca58b57ddbaeee9b884b9c2b5b79ad6f37d5ed4f1fb0681ada6eb38a4b389d99241216dc55b8a6e49b5bc69819c7786663f26ef9e1f58c1c4a9b990dfdb4a5851a0c8b54178ea794a34921e6058d024d2614e5123f1
32 218 10 10 52 3102 :ffcef72a9dd7b5652e732274e088f1029daf6c069924a3fd302752db61ebe1c2ead15370d7c035c9055f410a2aa771c857e47b4f06b0fbcd857ac74ee539f59d3ba8cb6a17f20d85c272973d9503e21a1a28b2c9237974e64b82048ced89e97b0bee3d60243bfa76e6a2ff34dc712aaff1f0390e1218e323d19b65cb4ed8b1414e3ba58ca58b57ddbaeee9b884b9c2b5b79ad6f37d5ed4f1fb0681ada6eb38a4b389d99241216dc55b8a6e49b5bc69819c7786663f26ef9e1f58c1c4a9b990dfdb4a5851a0c8b54178ea794a34921e6058d024d2614e5123f154
32 219 10 10 52 3060 :ffcef72a9dd7b5652e732274e088f1029daf6c069924a3fd302752db61ebe1c2ead15370d7c035c9055f410a2aa771c857e47b4f06b0fbcd857ac74ee539f59d3ba8cb6a17f20d85c272973d9503e21a1a28b2c9237974e64b82048ced89e97b0bee3d60243bfa76e6a2ff34dc712aaff1f0390e1218e323d19b65cb4ed8b1414e3ba58ca58b57ddbaeee9b884b9c2b5b79ad6f37d5ed4f1fb0681ada6eb38a4b389d99241216dc55b8a6e49b5bc69819c7786663f26ef9e1f58c1c4a9b990dfdb4a5851a0c8b54178ea794a34921e6058d024d2614e5123f15491
32 220 10 10 52 3076 :ffcef72a9dd7b5652e732274e088f1029daf6c069924a3fd302752db61ebe1c2ead15370d7c035c9055f410a2aa771c857e47b4f06b0fbcd857ac74ee539f59d3ba8cb6a17f20d85c272973d9503e21a1a28b2c9237974e64b82048ced89e97b0bee3d60243bfa76e6a2ff34dc712aaff1f0390e1218e323d19b65cb4ed8b1414e3ba58ca58b57ddbaeee9b884b9c2b5b79ad6f37d5ed4f1fb0681ada6eb38a4b389d99241216dc55b8a6e49b5bc69819c7786663f26ef9e1f58c1c4a9b990dfdb4a5851a0c8b54178ea794a34921e6058d024d2614e5123f154912f
32 221 10 10 52 3065 :ffcef72a9dd7b5652e732274e088f1029daf6c069924a3fd302752db61ebe1c2ead15370d7c035c9055f410a2aa771c857e47b4f06b0fbcd857ac74ee539f59d3ba8cb6a17f20d85c272973d9503e21a1a28b2c9237974e64b82048ced89e97b0bee3d60243bfa76e6a2ff34dc712aaff1f0390e1218e323d19b65cb4ed8b1414e3ba58ca58b57ddbaeee9b884b9c2b5b79ad6f37d5ed4f1fb0681ada6eb38a4b389d99241216dc55b8a6e49b5bc69819c7786663f26ef9e1f58c1c4a9b990dfdb4a5851a0c8b54178ea794a34921e6058d024d2614e5123f154912f37
32 222 10 10 52 3033 :ffcef72a9dd7b5652e732274e088f1029daf6c069924a3fd302752db61ebe1c2ead15370d7c035c9055f410a2aa771c857e47b4f06b0fbcd857ac74ee539f59d3ba8cb6a17f20d85c272973d9503e21a1a28b2c9237974e64b82048ced89e97b0bee3d60243bfa76e6a2ff34dc712aaff1f0390e1218e323d19b65cb4ed8b1414e3ba58ca58b57ddbaeee9b884b9c2b5b79ad6f37d5ed4f1fb0681ada6eb38a4b389d99241216dc55b8a6e49b5bc69819c7786663f26ef9e1f58c1c4a9b990dfdb4a5851a0c8b54178ea794a34921e6058d024d2614e5123f154912f3732
32 223 10 10 52 3041 :ffcef72a9dd7b5652e732274e088f1029daf6c069924a3fd302752db61ebe1c2ead15370d7c035c9055f410a2aa771c857e47b4f06b0fbcd857ac74ee539f59d3ba8cb6a17f20d85c272973d9503e21a1a28b2c9237974e64b82048ced89e97b0bee3d60243bfa76e6a2ff34dc712aaff1f0390e1218e323d19b65cb4ed8b1414e3ba58ca58b57ddbaeee9b884b9c2b5b79ad6f37d5ed4f1fb0681ada6eb38a4b389d99241216dc55b8a6e49b5bc69819c7786663f26ef9e1f58c1c4a9b990dfdb4a5851a0c8b54178ea794a34921e6058d024d2614e5123f154912f3732d9
32 224 10 10 52 3104 :ffcef72a9dd7b5652e732274e088f1029daf6c069924a3fd302752db61ebe1c2ead15370d7c035c9055f410a2aa771c857e47b4f06b0fbcd857ac74ee539f59d3ba8cb6a17f20d85c272973d9503e21a1a28b2c9237974e64b82048ced89e97b0bee3d60243bfa76e6a2ff34dc712aaff1f0390e1218e323d19b65cb4ed8b1414e3ba58ca58b57ddbaeee9b884b9c2b5b79ad6f37d5ed4f1fb0681ada6eb38a4b389d99241216dc55b8a6e49b5bc69819c7786663f26ef9e1f58c1c4a9b990dfdb4a5851a0c8b54178ea794a34921e6058d024d2614e5123f154912f3732d9a0
32 225 10 10 52 3032 :ffcef72a9dd7b5652e732274e088f1029daf6c069924a3fd302752db61ebe1c2ead15370d7c035c9055f410a2aa771c857e47b4f06b0fbcd857ac74ee539f59d3ba8cb6a17f20d85c272973d9503e21a1a28b2c9237974e64b82048ced89e97b0bee3d60243bfa76e6a2ff34dc712aaff1f0390e1218e323d19b65cb4ed8b1414e3ba58ca58b57ddbaeee9b884b9c2b5b79ad6f37d5ed4f1fb0681ada6eb38a4b389d99241216dc55b8a6e49b5bc69819c7786663f26ef9e1f58c1c4a9b990dfdb4a5851a0c8b54178ea794a34921e6058d024d2614e5123f154912f3732d9a078
32 226 10 10 52 3070 :ffcef72a9dd7b5652e732274e088f1029daf6c069924a3fd302752db61ebe1c2ead15370d7c035c9055f410a2aa771c857e47b4f06b0fbcd857ac74ee539f59d3ba8cb6a17f20d85c272973d9503e21a1a28b2c9237974e64b82048ced89e97b0bee3d60243bfa76e6a2ff34dc712aaff1f0390e1218e323d19b65cb4ed8b1414e3ba58ca58b57ddbaeee9b884b9c2b5b79ad6f37d5ed4f1fb0681ada6eb38a4b389d99241216dc55b8a6e49b5bc69819c7786663f26ef9e1f58c1c4a9b990dfdb4a5851a0c8b54178ea794a34921e6058d024d2614e5123f154912f3732d9a07857
32 227 10 10 52 3096 :ffcef72a9dd7b5652e732274e088f1029daf6c069924a3fd302752db61ebe1c2ead15370d7c035c9055f410a2aa771c857e47b4f06b0fbcd857ac74ee539f59d3ba8cb6a17f20d85c272973d9503e21a1a28b2c9237974e64b82048ced89e97b0bee3d60243bfa76e6a2ff34dc712aaff1f0390e1218e323d19b65cb4ed8b1414e3ba58ca58b57ddbaeee9b884b9c2b5b79ad6f37d5ed4f1fb0681ada6eb38a4b389d99241216dc55b8a6e49b5bc69819c7786663f26ef9e1f58c1c4a9b990dfdb4a5851a0c8b54178ea794a34921e6058d024d2614e5123f154912f3732d9a078572f
32 228 10 10 52 3033 :ffcef72a9dd7b5652e732274e088f1029daf6c069924a3fd302752db61ebe1c2ead15370d7c035c9055f410a2aa771c857e47b4f06b0fbcd857ac74ee539f59d3ba8cb6a17f20d85c272973d9503e21a1a28b2c9237974e64b82048ced89e97b0bee3d60243bfa76e6a2ff34dc712aaff1f0390e1218e323d19b65cb4ed8b1414e3ba58ca58b57ddbaeee9b884b9c2b5b79ad6f37d5ed4f1fb0681ada6eb38a4b389d99241216dc55b8a6e49b5bc69819c7786663f26ef9e1f58c1c4a9b990dfdb4a5851a0c8b54178ea794a34921e6058d024d2614e5123f154912f3732d9a078572f00
32 229 10 10 52 3076 :ffcef72a9dd7b5652e732274e088f1029daf6c069924a3fd302752db61ebe1c2ead15370d7c035c9055f410a2aa771c857e47b4f06b0fbcd857ac74ee539f59d3ba8cb6a17f20d85c272973d9503e21a1a28b2c9237974e64b82048ced89e97b0bee3d60243bfa76e6a2ff34dc712aaff1f0390e1218e323d19b65cb4ed8b1414e3ba58ca58b57ddbaeee9b884b9c2b5b79ad6f37d5ed4f1fb0681ada6eb38a4b389d99241216dc55b8a6e49b5bc69819c7786663f26ef9e1f58c1c4a9b990dfdb4a5851a0c8b54178ea794a34921e6058d024d2614e5123f154912f3732d9a078572f00f8
32 230 10 10 52 3076 :ffcef72a9dd7b5652e732274e088f1029daf6c069924a3fd302752db61ebe1c2ead15370d7c035c9055f410a2aa771c857e47b4f06b0fbcd857ac74ee539f59d3ba8cb6a17f20d85c272973d9503e21a1a28b2c9237974e64b82048ced89e97b0bee3d60243bfa76e6a2ff34dc712aaff1f0390e1218e323d19b65cb4ed8b1414e3ba58ca58b57ddbaeee9b884b9c2b5b79ad6f37d5ed4f1fb0681ada6eb38a4b389d99241216dc55b8a6e49b5bc69819c7786663f26ef9e1f58c1c4a9b990dfdb4a5851a0c8b54178ea794a34921e6058d024d2614e5123f154912f3732d9a078572f00f8de
32 231 10 10 52 3104 :ffcef72a9dd7b5652e732274e088f1029daf6c069924a3fd302752db61ebe1c2ead15370d7c035c9055f410a2aa771c857e47b4f06b0fbcd857ac74ee539f59d3ba8cb6a17f20d85c272973d9503e21a1a28b2c9237974e64b82048ced89e97b0bee3d60243bfa76e6a2ff34dc712aaff1f0390e1218e323d19b65cb4ed8b1414e3ba58ca58b57ddbaeee9b884b9c2b5b79ad6f37d5ed4f1fb0681ada6eb38a4b389d99241216dc55b8a6e49b5bc69819c7786663f26ef9e1f58c1c4a9b990dfdb4a5851a0c8b54178ea794a34921e6058d024d2614e5123f154912f3732d9a078572f00f8de85
32 232 10 10 52 3040 :ffcef72a9dd7b5652e732274e088f1029daf6c069924a3fd302752db61ebe1c2ead15370d7c035c9055f410a2aa771c857e47b4f06b0fbcd857ac74ee539f59d3ba8cb6a17f20d85c272973d9503e21a1a28b2c9237974e64b82048ced89e97b0bee3d60243bfa76e6a2ff34dc712aaff1f0390e1218e323d19b65cb4ed8b1414e3ba58ca58b57ddbaeee9b884b9c2b5b79ad6f37d5ed4f1fb0681ada6eb38a4b389d99241216dc55b8a6e49b5bc69819c7786663f26ef9e1f58c1c4a9b990dfdb4a5851a0c8b54178ea794a34921e6058d024d2614e5123f154912f3732d9a078572f00f8de8577
32 233 10 10 52 3076 :ffcef72a9dd7b5652e732274e088f1029daf6c069924a3fd302752db61ebe1c2ead15370d7c035c9055f410a2aa771c857e47b4f06b0fbcd857ac74ee539f59d3ba8cb6a17f20d85c272973d9503e21a1a28b2c9237974e64b82048ced89e97b0bee3d60243bfa76e6a2ff34dc712aaff1f0390e1218e323d19b65cb4ed8b1414e3ba58ca58b57ddbaeee9b884b9c2b5b79ad6f37d5ed4f1fb0681ada6eb38a4b389d99241216dc55b8a6e49b5bc69819c7786663f26ef9e1f58c1c4a9b990dfdb4a5851a0c8b54178ea794a34921e6058d024d2614e5123f154912f3732d9a078572f00f8de857725
32 234 10 10 52 3040 :ffcef72a9dd7b5652e732274e088f1029daf6c069924a3fd302752db61ebe1c2ead15370d7c035c9055f410a2aa771c857e47b4f06b0fbcd857ac74ee539f59d3ba8cb6a17f20d85c272973d9503e21a1a28b2c9237974e64b82048ced89e97b0bee3d60243bfa76e6a2ff34dc712aaff1f0390e1218e323d19b65cb4ed8b1414e3ba58ca58b57ddbaeee9b884b9c2b5b79ad6f37d5ed4f1fb0681ada6eb38a4b389d99241216dc55b8a6e49b5bc69819c7786663f26ef9e1f58c1c4a9b990dfdb4a5851a0c8b54178ea794a34921e6058d024d2614e5123f154912f3732d9a078572f00f8de85772519
32 235 10 10 52 3040 :ffcef72a9dd7b5652e732274e088f1029daf6c069924a3fd302752db61ebe1c2ead15370d7c035c9055f410a2aa771c857e47b4f06b0fbcd857ac74ee539f59d3ba8cb6a17f20d85c272973d9503e21a1a28b2c9237974e64b82048ced89e97b0bee3d60243bfa76e6a2ff34dc712aaff1f0390e1218e323d19b65cb4ed8b1414e3ba58ca58b57ddbaeee9b884b9c2b5b79ad6f37d5ed4f1fb0681ada6eb38a4b389d99241216dc55b8a6e49b5bc69819c7786663f26ef9e1f58c1c4a9b990dfdb4a5851a0c8b54178ea794a34921e6058d024d2614e5123f154912f3732d9a078572f00f8de8577251993
32 236 10 10 52 3045 :ffcef72a9dd7b5652e732274e088f1029daf6c069924a3fd302752db61ebe1c2ead15370d7c035c9055f410a2aa771c857e47b4f06b0fbcd857ac74ee539f59d3ba8cb6a17f20d85c272973d9503e21a1a28b2c9237974e64b82048ced89e97b0bee3d60243bfa76e6a2ff34dc712aaff1f0390e1218e323d19b65cb4ed8b1414e3ba58ca58b57ddbaeee9b884b9c2b5b79ad6f37d5ed4f1fb0681ada6eb38a4b389d99241216dc55b8a6e49b5bc69819c7786663f26ef9e1f58c1c4a9b990dfdb4a5851a0c8b54178ea794a34921e6058d024d2614e5123f154912f3732d9a078572f00f8de8577251993f4
32 237 10 10 52 3040 :ffcef72a9dd7b5652e732274e088f1029daf6c069924a3fd302752db61ebe1c2ead15370d7c035c9055f410a2aa771c857e47b4f06b0fbcd857ac74ee539f59d3ba8cb6a17f20d85c272973d9503e21a1a28b2c9237974e64b82048ced89e97b0bee3d60243bfa76e6a2ff34dc712aaff1f0390e1218e323d19b65cb4ed8b1414e3ba58ca58b57ddbaeee9b884b9c2b5b79ad6f37d5ed4f1fb0681ada6eb38a4b389d99241216dc55b8a6e49b5bc69819c7786663f26ef9e1f58c1c4a9b990dfdb4a5851a0c8b54178ea794a34921e6058d024d2614e5123f154912f3732d9a078572f00f8de8577251993f48d
32 238 10 10 52 3097 :ffcef72a9dd7b5652e732274e088f1029daf6c069924a3fd302752db61ebe1c2ead15370d7c035c9055f410a2aa771c857e47b4f06b0fbcd857ac74ee539f59d3ba8cb6a17f20d85c272973d9503e21a1a28b2c9237974e64b82048ced89e97b0bee3d60243bfa76e6a2ff34dc712aaff1f0390e1218e323d19b65cb4ed8b1414e3ba58ca58b57ddbaeee9b884b9c2b5b79ad6f37d5ed4f1fb0681ada6eb38a4b389d99241216dc55b8a6e49b5bc69819c7786663f26ef9e1f58c1c4a9b990dfdb4a5851a0c8b54178ea794a34921e6058d024d2614e5123f154912f3732d9a078572f00f8de8577251993f48db6
32 239 10 10 52 3070 :ffcef72a9dd7b5652e732274e088f1029daf6c069924a3fd302752db61ebe1c2ead15370d7c035c9055f410a2aa771c857e47b4f06b0fbcd857ac74ee539f59d3ba8cb6a17f20d85c272973d9503e21a1a28b2c9237974e64b82048ced89e97b0bee3d60243bfa76e6a2ff34dc712aaff1f0390e1218e323d19b65cb4ed8b1414e3ba58ca58b57ddbaeee9b884b9c2b5b79ad6f37d5ed4f1fb0681ada6eb38a4b389d99241216dc55b8a6e49b5bc69819c7786663f26ef9e1f58c1c4a9b990dfdb4a5851a0c8b54178ea794a34921e6058d024d2614e5123f154912f3732d9a078572f00f8de8577251993f48db6ab
32 240 10 10 52 3097 :ffcef72a9dd7b5652e732274e088f1029daf6c069924a3fd302752db61ebe1c2ead15370d7c035c9055f410a2aa771c857e47b4f06b0fbcd857ac74ee539f59d3ba8cb6a17f20d85c272973d9503e21a1a28b2c9237974e64b82048ced89e97b0bee3d60243bfa76e6a2ff34dc712aaff1f0390e1218e323d19b65cb4ed8b1414e3ba58ca58b57ddbaeee9b884b9c2b5b79ad6f37d5ed4f1fb0681ada6eb38a4b389d99241216dc55b8a6e49b5bc69819c7786663f26ef9e1f58c1c4a9b990dfdb4a5851a0c8b54178ea794a34921e6058d024d2614e5123f154912f3732d9a078572f00f8de8577251993f48db6ab4e
32 241 10 10 52 3045 :ffcef72a9dd7b5652e732274e088f1029daf6c069924a3fd302752db61ebe1c2ead15370d7c035c9055f410a2aa771c857e47b4f06b0fbcd857ac74ee539f59d3ba8cb6a17f20d85c272973d9503e21a1a28b2c9237974e64b82048ced89e97b0bee3d60243bfa76e6a2ff34dc712aaff1f0390e1218e323d19b65cb4ed8b1414e3ba58ca58b57ddbaeee9b884b9c2b5b79ad6f37d5ed4f1fb0681ada6eb38a4b389d99241216dc55b8a6e49b5bc69819c7786663f26ef9e1f58c1c4a9b990dfdb4a5851a0c8b54178ea794a34921e6058d024d2614e5123f154912f3732d9a078572f00f8de8577251993f48db6ab4e11
32 242 10 10 52 3025 :ffcef72a9dd7b5652e732274e088f1029daf6c069924a3fd302752db61ebe1c2ead15370d7c035c9055f410a2aa771c857e47b4f06b0fbcd857ac74ee539f59d3ba8cb6a17f20d85c272973d9503e21a1a28b2c9237974e64b82048ced89e97b0bee3d60243bfa76e6a2ff34dc712aaff1f0390e1218e323d19b65cb4ed8b1414e3ba58ca58b57ddbaeee9b884b9c2b5b79ad6f37d5ed4f1fb0681ada6eb38a4b389d99241216dc55b8a6e49b5bc69819c7786663f26ef9e1f58c1c4a9b990dfdb4a5851a0c8b54178ea794a34921e6058d024d2614e5123f154912f3732d9a078572f00f8de8577251993f48db6ab4e115c
32 243 10 10 52 3102 :ffcef72a9dd7b5652e732274e088f1029daf6c069924a3fd302752db61ebe1c2ead15370d7c035c9055f410a2aa771c857e47b4f06b0fbcd857ac74ee539f59d3ba8cb6a17f20d85c272973d9503e21a1a28b2c9237974e64b82048ced89e97b0bee3d60243bfa76e6a2ff34dc712aaff1f0390e1218e323d19b65cb4ed8b1414e3ba58ca58b57ddbaeee9b884b9c2b5b79ad6f37d5ed4f1fb0681ada6eb38a4b389d99241216dc55b8a6e49b5bc69819c7786663f26ef9e1f58c1c4a9b990dfdb4a5851a0c8b54178ea794a34921e6058d024d2614e5123f154912f3732d9a078572f00f8de8577251993f48db6ab4e115ce9
32 244 10 10 52 3044 :ffcef72a9dd7b5652e732274e088f1029daf6c069924a3fd302752db61ebe1c2ead15370d7c035c9055f410a2aa771c857e47b4f06b0fbcd857ac74ee539f59d3ba8cb6a17f20d85c272973d9503e21a1a28b2c9237974e64b82048ced89e97b0bee3d60243bfa76e6a2ff34dc712aaff1f0390e1218e323d19b65cb4ed8b1414e3ba58ca58b57ddbaeee9b884b9c2b5b79ad6f37d5ed4f1fb0681ada6eb38a4b389d99241216dc55b8a6e49b5bc69819c7786663f26ef9e1f58c1c4a9b990dfdb4a5851a0c8b54178ea794a34921e6058d024d2614e5123f154912f3732d9a078572f00f8de8577251993f48db6ab4e115ce9d7
32 245 10 10 52 3054 :ffcef72a9dd7b5652e732274e088f1029daf6c069924a3fd302752db61ebe1c2ead15370d7c035c9055f410a2aa771c857e47b4f06b0fbcd857ac74ee539f59d3ba8cb6a17f20d85c272973d9503e21a1a28b2c9237974e64b82048ced89e97b0bee3d60243bfa76e6a2ff34dc712aaff1f0390e1218e323d19b65cb4ed8b1414e3ba58ca58b57ddbaeee9b884b9c2b5b79ad6f37d5ed4f1fb0681ada6eb38a4b389d99241216dc55b8a6e49b5bc69819c7786663f26ef9e1f58c1c4a9b990dfdb4a5851a0c8b54178ea794a34921e6058d024d2614e5123f154912f3732d9a078572f00f8de8577251993f48db6ab4e115ce9d7f1
32 246 10 10 52 3104 :ffcef72a9dd7b5652e732274e088f1029daf6c069924a3fd302752db61ebe1c2ead15370d7c035c9055f410a2aa771c857e47b4f06b0fbcd857ac74ee539f59d3ba8cb6a17f20d85c272973d9503e21a1a28b2c9237974e64b82048ced89e97b0bee3d60243bfa76e6a2ff34dc712aaff1f0390e1218e323d19b65cb4ed8b1414e3ba58ca58b57ddbaeee9b884b9c2b5b79ad6f37d5ed4f1fb0681ada6eb38a4b389d99241216dc55b8a6e49b5bc69819c7786663f26ef9e1f58c1c4a9b990dfdb4a5851a0c8b54178ea794a34921e6058d024d2614e5123f154912f3732d9a078572f00f8de8577251993f48db6ab4e115ce9d7f1dd
32 247 10 10 52 3032 :ffcef72a9dd7b5652e732274e088f1029daf6c069924a3fd302752db61ebe1c2ead15370d7c035c9055f410a2aa771c857e47b4f06b0fbcd857ac74ee539f59d3ba8cb6a17f20d85c272973d9503e21a1a28b2c9237974e64b82048ced89e97b0bee3d60243bfa76e6a2ff34dc712aaff1f0390e1218e323d19b65cb4ed8b1414e3ba58ca58b57ddbaeee9b884b9c2b5b79ad6f37d5ed4f1fb0681ada6eb38a4b389d99241216dc55b8a6e49b5bc69819c7786663f26ef9e1f58c1c4a9b990dfdb4a5851a0c8b54178ea794a34921e6058d024d2614e5123f154912f3732d9a078572f00f8de8577251993f48db6ab4e115ce9d7f1ddf4
32 248 10 10 52 3054 :ffcef72a9dd7b5652e732274e088f1029daf6c069924a3fd302752db61ebe1c2ead15370d7c035c9055f410a2aa771c857e47b4f06b0fbcd857ac74ee539f59d3ba8cb6a17f20d85c272973d9503e21a1a28b2c9237974e64b82048ced89e97b0bee3d60243bfa76e6a2ff34dc712aaff1f0390e1218e323d19b65cb4ed8b1414e3ba58ca58b57ddbaeee9b884b9c2b5b79ad6f37d5ed4f1fb0681ada6eb38a4b389d99241216dc55b8a6e49b5bc69819c7786663f26ef9e1f58c1c4a9b990dfdb4a5851a0c8b54178ea794a34921e6058d024d2614e5123f154912f3732d9a078572f00f8de8577251993f48db6ab4e115ce9d7f1ddf4e6
32 249 10 10 52 3054 :ffcef72a9dd7b5652e732274e088f1029daf6c069924a3fd302752db61ebe1c2ead15370d7c035c9055f410a2aa771c857e47b4f06b0fbcd857ac74ee539f59d3ba8cb6a17f20d85c272973d9503e21a1a28b2c9237974e64b82048ced89e97b0bee3d60243bfa76e6a2ff34dc712aaff1f0390e1218e323d19b65cb4ed8b1414e3ba58ca58b57ddbaeee9b884b9c2b5b79ad6f37d5ed4f1fb0681ada6eb38a4b389d99241216dc55b8a6e49b5bc69819c7786663f26ef9e1f58c1c4a9b990dfdb4a5851a0c8b54178ea794a34921e6058d024d2614e5123f154912f3732d9a078572f00f8de8577251993f48db6ab4e115ce9d7f1ddf4e6b8
32 250 10 10 52 3045 :ffcef72a9dd7b5652e732274e088f1029daf6c069924a3fd302752db61ebe1c2ead15370d7c035c9055f410a2aa771c857e47b4f06b0fbcd857ac74ee539f59d3ba8cb6a17f20d85c272973d9503e21a1a28b2c9237974e64b82048ced89e97b0bee3d60243bfa76e6a2ff34dc712aaff1f0390e1218e323d19b65cb4ed8b1414e3ba58ca58b57ddbaeee9b884b9c2b5b79ad6f37d5ed4f1fb0681ada6eb38a4b389d99241216dc55b8a6e49b5bc69819c7786663f26ef9e1f58c1c4a9b990dfdb4a5851a0c8b54178ea794a34921e6058d024d2614e5123f154912f3732d9a078572f00f8de8577251993f48db6ab4e115ce9d7f1ddf4e6b893
32 251 10 10 52 3105 :ffcef72a9dd7b5652e732274e088f1029daf6c069924a3fd302752db61ebe1c2ead15370d7c035c9055f410a2aa771c857e47b4f06b0fbcd857ac74ee539f59d3ba8cb6a17f20d85c272973d9503e21a1a28b2c9237974e64b82048ced89e97b0bee3d60243bfa76e6a2ff34dc712aaff1f0390e1218e323d19b65cb4ed8b1414e3ba58ca58b57ddbaeee9b884b9c2b5b79ad6f37d5ed4f1fb0681ada6eb38a4b389d99241216dc55b8a6e49b5bc69819c7786663f26ef9e1f58c1c4a9b990dfdb4a5851a0c8b54178ea794a34921e6058d024d2614e5123f154912f3732d9a078572f00f8de8577251993f48db6ab4e115ce9d7f1ddf4e6b893e3
32 252 10 10 52 3104 :ffcef72a9dd7b5652e732274e088f1029daf6c069924a3fd302752db61ebe1c2ead15370d7c035c9055f410a2aa771c857e47b4f06b0fbcd857ac74ee539f59d3ba8cb6a17f20d85c272973d9503e21a1a28b2c9237974e64b82048ced89e97b0bee3d60243bfa76e6a2ff34dc712aaff1f0390e1218e323d19b65cb4ed8b1414e3ba58ca58b57ddbaeee9b884b9c2b5b79ad6f37d5ed4f1fb0681ada6eb38a4b389d99241216dc55b8a6e49b5bc69819c7786663f26ef9e1f58c1c4a9b990dfdb4a5851a0c8b54178ea794a34921e6058d024d2614e5123f154912f3732d9a078572f00f8de8577251993f48db6ab4e115ce9d7f1ddf4e6b893e392
32 253 10 10 52 3054 :ffcef72a9dd7b5652e732274e088f1029daf6c069924a3fd302752db61ebe1c2ead15370d7c035c9055f410a2aa771c857e47b4f06b0fbcd857ac74ee539f59d3ba8cb6a17f20d85c272973d9503e21a1a28b2c9237974e64b82048ced89e97b0bee3d60243bfa76e6a2ff34dc712aaff1f0390e1218e323d19b65cb4ed8b1414e3ba58ca58b57ddbaeee9b884b9c2b5b79ad6f37d5ed4f1fb0681ada6eb38a4b389d99241216dc55b8a6e49b5bc69819c7786663f26ef9e1f58c1c4a9b990dfdb4a5851a0c8b54178ea794a34921e6058d024d2614e5123f154912f3732d9a078572f00f8de8577251993f48db6ab4e115ce9d7f1ddf4e6b893e39271
32 254 10 10 52 3032 :ffcef72a9dd7b5652e732274e088f1029daf6c069924a3fd302752db61ebe1c2ead15370d7c035c9055f410a2aa771c857e47b4f06b0fbcd857ac74ee539f59d3ba8cb6a17f20d85c272973d9503e21a1a28b2c9237974e64b82048ced89e97b0bee3d60243bfa76e6a2ff34dc712aaff1f0390e1218e323d19b65cb4ed8b1414e3ba58ca58b57ddbaeee9b884b9c2b5b79ad6f37d5ed4f1fb0681ada6eb38a4b389d99241216dc55b8a6e49b5bc69819c7786663f26ef9e1f58c1c4a9b990dfdb4a5851a0c8b54178ea794a34921e6058d024d2614e5123f154912f3732d9a078572f00f8de8577251993f48db6ab4e115ce9d7f1ddf4e6b893e39271d4
32 255 10 10 52 3032 :ffcef72a9dd7b5652e732274e088f1029daf6c069924a3fd302752db61ebe1c2ead15370d7c035c9055f410a2aa771c857e47b4f06b0fbcd857ac74ee539f59d3ba8cb6a17f20d85c272973d9503e21a1a28b2c9237974e64b82048ced89e97b0bee3d60243bfa76e6a2ff34dc712aaff1f0390e1218e323d19b65cb4ed8b1414e3ba58ca58b57ddbaeee9b884b9c2b5b79ad6f37d5ed4f1fb0681ada6eb38a4b389d99241216dc55b8a6e49b5bc69819c7786663f26ef9e1f58c1c4a9b990dfdb4a5851a0c8b54178ea794a34921e6058d024d2614e5123f154912f3732d9a078572f00f8de8577251993f48db6ab4e115ce9d7f1ddf4e6b893e39271d4f5
32 256 10 10 52 3096 :ffcef72a9dd7b5652e732274e088f1029daf6c069924a3fd302752db61ebe1c2ead15370d7c035c9055f410a2aa771c857e47b4f06b0fbcd857ac74ee539f59d3ba8cb6a17f20d85c272973d9503e21a1a28b2c9237974e64b82048ced89e97b0bee3d60243bfa76e6a2ff34dc712aaff1f0390e1218e323d19b65cb4ed8b1414e3ba58ca58b57ddbaeee9b884b9c2b5b79ad6f37d5ed4f1fb0681ada6eb38a4b389d99241216dc55b8a6e49b5bc69819c7786663f26ef9e1f58c1c4a9b990dfdb4a5851a0c8b54178ea794a34921e6058d024d2614e5123f154912f3732d9a078572f00f8de8577251993f48db6ab4e115ce9d7f1ddf4e6b893e39271d4f56e
32 257 10 10 52 3025 :ffcef72a9dd7b5652e732274e088f1029daf6c069924a3fd302752db61ebe1c2ead15370d7c035c9055f410a2aa771c857e47b4f06b0fbcd857ac74ee539f59d3ba8cb6a17f20d85c272973d9503e21a1a28b2c9237974e64b82048ced89e97b0bee3d60243bfa76e6a2ff34dc712aaff1f0390e1218e323d19b65cb4ed8b1414e3ba58ca58b57ddbaeee9b884b9c2b5b79ad6f37d5ed4f1fb0681ada6eb38a4b389d99241216dc55b8a6e49b5bc69819c7786663f26ef9e1f58c1c4a9b990dfdb4a5851a0c8b54178ea794a34921e6058d024d2614e5123f154912f3732d9a078572f00f8de8577251993f48db6ab4e115ce9d7f1ddf4e6b893e39271d4f56e15
32 258 10 10 52 3040 :ffcef72a9dd7b5652e732274e088f1029daf6c069924a3fd302752db61ebe1c2ead15370d7c035c9055f410a2aa771c857e47b4f06b0fbcd857ac74ee539f59d3ba8cb6a17f20d85c272973d9503e21a1a28b2c9237974e64b82048ced89e97b0bee3d60243bfa76e6a2ff34dc712aaff1f0390e1218e323d19b65cb4ed8b1414e3ba58ca58b57ddbaeee9b884b9c2b5b79ad6f37d5ed4f1fb0681ada6eb38a4b389d99241216dc55b8a6e49b5bc69819c7786663f26ef9e1f58c1c4a9b990dfdb4a5851a0c8b54178ea794a34921e6058d024d2614e5123f154912f3732d9a078572f00f8de8577251993f48db6ab4e115ce9d7f1ddf4e6b893e39271d4f56e15e2
32 259 10 10 52 3104 :ffcef72a9dd7b5652e732274e088f1029daf6c069924a3fd302752db61ebe1c2ead15370d7c035c9055f410a2aa771c857e47b4f06b0fbcd857ac74ee539f59d3ba8cb6a17f20d85c272973d9503e21a1a28b2c9237974e64b82048ced89e97b0bee3d60243bfa76e6a2ff34dc712aaff1f0390e1218e323d19b65cb4ed8b1414e3ba58ca58b57ddbaeee9b884b9c2b5b79ad6f37d5ed4f1fb0681ada6eb38a4b389d99241216dc55b8a6e49b5bc69819c7786663f26ef9e1f58c1c4a9b990dfdb4a5851a0c8b54178ea794a34921e6058d024d2614e5123f154912f3732d9a078572f00f8de8577251993f48db6ab4e115ce9d7f1ddf4e6b893e39271d4f56e15e2a0
32 260 10 10 52 3102 :ffcef72a9dd7b5652e732274e088f1029daf6c069924a3fd302752db61ebe1c2ead15370d7c035c9055f410a2aa771c857e47b4f06b0fbcd857ac74ee539f59d3ba8cb6a17f20d85c272973d9503e21a1a28b2c9237974e64b82048ced89e97b0bee3d60243bfa76e6a2ff34dc712aaff1f0390e1218e323d19b65cb4ed8b1414e3ba58ca58b57ddbaeee9b884b9c2b5b79ad6f37d5ed4f1fb0681ada6eb38a4b389d99241216dc55b8a6e49b5bc69819c7786663f26ef9e1f58c1c4a9b990dfdb4a5851a0c8b54178ea794a34921e6058d024d2614e5123f154912f3732d9a078572f00f8de8577251993f48db6ab4e115ce9d7f1ddf4e6b893e39271d4f56e15e2a08f
32 261 10 10 52 3104 :ffcef72a9dd7b5652e732274e088f1029daf6c069924a3fd302752db61ebe1c2ead15370d7c035c9055f410a2aa771c857e47b4f06b0fbcd857ac74ee539f59d3ba8cb6a17f20d85c272973d9503e21a1a28b2c9237974e64b82048ced89e97b0bee3d60243bfa76e6a2ff34dc712aaff1f0390e1218e323d19b65cb4ed8b1414e3ba58ca58b57ddbaeee9b884b9c2b5b79ad6f37d5ed4f1fb0681ada6eb38a4b389d99241216dc55b8a6e49b5bc69819c7786663f26ef9e1f58c1c4a9b990dfdb4a5851a0c8b54178ea794a34921e6058d024d2614e5123f154912f3732d9a078572f00f8de8577251993f48db6ab4e115ce9d7f1ddf4e6b893e39271d4f56e15e2a08f16
32 262 10 10 52 3062 :ffcef72a9dd7b5652e732274e088f1029daf6c069924a3fd302752db61ebe1c2ead15370d7c035c9055f410a2aa771c857e47b4f06b0fbcd857ac74ee539f59d3ba8cb6a17f20d85c272973d9503e21a1a28b2c9237974e64b82048ced89e97b0bee3d60243bfa76e6a2ff34dc712aaff1f0390e1218e323d19b65cb4ed8b1414e3ba58ca58b57ddbaeee9b884b9c2b5b79ad6f37d5ed4f1fb0681ada6eb38a4b389d99241216dc55b8a6e49b5bc69819c7786663f26ef9e1f58c1c4a9b990dfdb4a5851a0c8b54178ea794a34921e6058d024d2614e5123f154912f3732d9a078572f00f8de8577251993f48db6ab4e115ce9d7f1ddf4e6b893e39271d4f56e15e2a08f166a
32 263 10 10 52 3054 :ffcef72a9dd7b5652e732274e088f1029daf6c069924a3fd302752db61ebe1c2ead15370d7c035c9055f410a2aa771c857e47b4f06b0fbcd857ac74ee539f59d3ba8cb6a17f20d85c272973d9503e21a1a28b2c9237974e64b82048ced89e97b0bee3d60243bfa76e6a2ff34dc712aaff1f0390e1218e323d19b65cb4ed8b1414e3ba58ca58b57ddbaeee9b884b9c2b5b79ad6f37d5ed4f1fb0681ada6eb38a4b389d99241216dc55b8a6e49b5bc69819c7786663f26ef9e1f58c1c4a9b990dfdb4a5851a0c8b54178ea794a34921e6058d024d2614e5123f154912f3732d9a078572f00f8de8577251993f48db6ab4e115ce9d7f1ddf4e6b893e39271d4f56e15e2a08f166a7b
32 264 10 10 52 3025 :ffcef72a9dd7b5652e732274e088f1029daf6c069924a3fd302752db61ebe1c2ead15370d7c035c9055f410a2aa771c857e47b4f06b0fbcd857ac74ee539f59d3ba8cb6a17f20d85c272973d9503e21a1a28b2c9237974e64b82048ced89e97b0bee3d60243bfa76e6a2ff34dc712aaff1f0390e1218e323d19b65cb4ed8b1414e3ba58ca58b57ddbaeee9b884b9c2b5b79ad6f37d5ed4f1fb0681ada6eb38a4b389d99241216dc55b8a6e49b5bc69819c7786663f26ef9e1f58c1c4a9b990dfdb4a5851a0c8b54178ea794a34921e6058d024d2614e5123f154912f3732d9a078572f00f8de8577251993f48db6ab4e115ce9d7f1ddf4e6b893e39271d4f56e15e2a08f166a7b6f
32 265 10 10 52 3104 :ffcef72a9dd7b5652e732274e088f1029daf6c069924a3fd302752db61ebe1c2ead15370d7c035c9055f410a2aa771c857e47b4f06b0fbcd857ac74ee539f59d3ba8cb6a17f20d85c272973d9503e21a1a28b2c9237974e64b82048ced89e97b0bee3d60243bfa76e6a2ff34dc712aaff1f0390e1218e323d19b65cb4ed8b1414e3ba58ca58b57ddbaeee9b884b9c2b5b79ad6f37d5ed4f1fb0681ada6eb38a4b389d99241216dc55b8a6e49b5bc69819c7786663f26ef9e1f58c1c4a9b990dfdb4a5851a0c8b54178ea794a34921e6058d024d2614e5123f154912f3732d9a078572f00f8de8577251993f48db6ab4e115ce9d7f1ddf4e6b893e39271d4f56e15e2a08f166a7b6f45
32 266 10 10 52 3102 :ffcef72a9dd7b5652e732274e088f1029daf6c069924a3fd302752db61ebe1c2ead15370d7c035c9055f410a2aa771c857e47b4f06b0fbcd857ac74ee539f59d3ba8cb6a17f20d85c272973d9503e21a1a28b2c9237974e64b82048ced89e97b0bee3d60243bfa76e6a2ff34dc712aaff1f0390e1218e323d19b65cb4ed8b1414e3ba58ca58b57ddbaeee9b884b9c2b5b79ad6f37d5ed4f1fb0681ada6eb38a4b389d99241216dc55b8a6e49b5bc69819c7786663f26ef9e1f58c1c4a9b990dfdb4a5851a0c8b54178ea794a34921e6058d024d2614e5123f154912f3732d9a078572f00f8de8577251993f48db6ab4e115ce9d7f1ddf4e6b893e39271d4f56e15e2a08f166a7b6f45dd
32 267 10 10 52 3062 :ffcef72a9dd7b5652e732274e088f1029daf6c069924a3fd302752db61ebe1c2ead15370d7c035c9055f410a2aa771c857e47b4f06b0fbcd857ac74ee539f59d3ba8cb6a17f20d85c272973d9503e21a1a28b2c9237974e64b82048ced89e97b0bee3d60243bfa76e6a2ff34dc712aaff1f0390e1218e323d19b65cb4ed8b1414e3ba58ca58b57ddbaeee9b884b9c2b5b79ad6f37d5ed4f1fb0681ada6eb38a4b389d99241216dc55b8a6e49b5bc69819c7786663f26ef9e1f58c1c4a9b990dfdb4a5851a0c8b54178ea794a34921e6058d024d2614e5123f154912f3732d9a078572f00f8de8577251993f48db6ab4e115ce9d7f1ddf4e6b893e39271d4f56e15e2a08f166a7b6f45ddfe
32 268 10 10 52 3032 :ffcef72a9dd7b5652e732274e088f1029daf6c069924a3fd302752db61ebe1c2ead15370d7c035c9055f410a2aa771c857e47b4f06b0fbcd857ac74ee539f59d3ba8cb6a17f20d85c272973d9503e21a1a28b2c9237974e64b82048ced89e97b0bee3d60243bfa76e6a2ff34dc712aaff1f0390e1218e323d19b65cb4ed8b1414e3ba58ca58b57ddbaeee9b884b9c2b5b79ad6f37d5ed4f1fb0681ada6eb38a4b389d99241216dc55b8a6e49b5bc69819c7786663f26ef9e1f58c1c4a9b990dfdb4a5851a0c8b54178ea794a34921e6058d024d2614e5123f154912f3732d9a078572f00f8de8577251993f48db6ab4e115ce9d7f1ddf4e6b893e39271d4f56e15e2a08f166a7b6f45ddfeaf
32 269 10 10 52 3104 :ffcef72a9dd7b5652e732274e088f1029daf6c069924a3fd302752db61ebe1c2ead15370d7c035c9055f410a2aa771c857e47b4f06b0fbcd857ac74ee539f59d3ba8cb6a17f20d85c272973d9503e21a1a28b2c9237974e64b82048ced89e97b0bee3d60243bfa76e6a2ff34dc712aaff1f0390e1218e323d19b65cb4ed8b1414e3ba58ca58b57ddbaeee9b884b9c2b5b79ad6f37d5ed4f1fb0681ada6eb38a4b389d99241216dc55b8a6e49b5bc69819c7786663f26ef9e1f58c1c4a9b990dfdb4a5851a0c8b54178ea794a34921e6058d024d2614e5123f154912f3732d9a078572f00f8de8577251993f48db6ab4e115ce9d7f1ddf4e6b893e39271d4f56e15e2a08f166a7b6f45ddfeaf47
32 270 10 10 52 3040 :ffcef72a9dd7b5652e732274e088f1029daf6c069924a3fd302752db61ebe1c2ead15370d7c035c9055f410a2aa771c857e47b4f06b0fbcd857ac74ee539f59d3ba8cb6a17f20d85c272973d9503e21a1a28b2c9237974e64b82048ced89e97b0bee3d60243bfa76e6a2ff34dc712aaff1f0390e1218e323d19b65cb4ed8b1414e3ba58ca58b57ddbaeee9b884b9c2b5b79ad6f37d5ed4f1fb0681ada6eb38a4b389d99241216dc55b8a6e49b5bc69819c7786663f26ef9e1f58c1c4a9b990dfdb4a5851a0c8b54178ea794a34921e6058d024d2614e5123f154912f3732d9a078572f00f8de8577251993f48db6ab4e115ce9d7f1ddf4e6b893e39271d4f56e15e2a08f166a7b6f45ddfeaf47f1
32 271 10 10 52 3104 :ffcef72a9dd7b5652e732274e088f1029daf6c069924a3fd302752db61ebe1c2ead15370d7c035c9055f410a2aa771c857e47b4f06b0fbcd857ac74ee539f59d3ba8cb6a17f20d85c272973d9503e21a1a28b2c9237974e64b82048ced89e97b0bee3d60243bfa76e6a2ff34dc712aaff1f0390e1218e323d19b65cb4ed8b1414e3ba58ca58b57ddbaeee9b884b9c2b5b79ad6f37d5ed4f1fb0681ada6eb38a4b389d99241216dc55b8a6e49b5bc69819c7786663f26ef9e1f58c1c4a9b990dfdb4a5851a0c8b54178ea794a34921e6058d024d2614e5123f154912f3732d9a078572f00f8de8577251993f48db6ab4e115ce9d7f1ddf4e6b893e39271d4f56e15e2a08f166a7b6f45ddfeaf47f172
32 272 10 10 52 3044 :ffcef72a9dd7b5652e732274e088f1029daf6c069924a3fd302752db61ebe1c2ead15370d7c035c9055f410a2aa771c857e47b4f06b0fbcd857ac74ee539f59d3ba8cb6a17f20d85c272973d9503e21a1a28b2c9237974e64b82048ced89e97b0bee3d60243bfa76e6a2ff34dc712aaff1f0390e1218e323d19b65cb4ed8b1414e3ba58ca58b57ddbaeee9b884b9c2b5b79ad6f37d5ed4f1fb0681ada6eb38a4b389d99241216dc55b8a6e49b5bc69819c7786663f26ef9e1f58c1c4a9b990dfdb4a5851a0c8b54178ea794a34921e6058d024d2614e5123f154912f3732d9a078572f00f8de8577251993f48db6ab4e115ce9d7f1ddf4e6b893e39271d4f56e15e2a08f166a7b6f45ddfeaf47f17269
32 273 10 10 52 3070 :ffcef72a9dd7b5652e732274e088f1029daf6c069924a3fd302752db61ebe1c2ead15370d7c035c9055f410a2aa771c857e47b4f06b0fbcd857ac74ee539f59d3ba8cb6a17f20d85c272973d9503e21a1a28b2c9237974e64b82048ced89e97b0bee3d60243bfa76e6a2ff34dc712aaff1f0390e1218e323d19b65cb4ed8b1414e3ba58ca58b57ddbaeee9b884b9c2b5b79ad6f37d5ed4f1fb0681ada6eb38a4b389d99241216dc55b8a6e49b5bc69819c7786663f26ef9e1f58c1c4a9b990dfdb4a5851a0c8b54178ea794a34921e6058d024d2614e5123f154912f3732d9a078572f00f8de8577251993f48db6ab4e115ce9d7f1ddf4e6b893e39271d4f56e15e2a08f166a7b6f45ddfeaf47f17269a4
32 274 10 10 52 3046 :ffcef72a9dd7b5652e732274e088f1029daf6c069924a3fd302752db61ebe1c2ead15370d7c035c9055f410a2aa771c857e47b4f06b0fbcd857ac74ee539f59d3ba8cb6a17f20d85c272973d9503e21a1a28b2c9237974e64b82048ced89e97b0bee3d60243bfa76e6a2ff34dc712aaff1f0390e1218e323d19b65cb4ed8b1414e3ba58ca58b57ddbaeee9b884b9c2b5b79ad6f37d5ed4f1fb0681ada6eb38a4b389d99241216dc55b8a6e49b5bc69819c7786663f26ef9e1f58c1c4a9b990dfdb4a5851a0c8b54178ea794a34921e6058d024d2614e5123f154912f3732d9a078572f00f8de8577251993f48db6ab4e115ce9d7f1ddf4e6b893e39271d4f56e15e2a08f166a7b6f45ddfeaf47f17269a4b2
32 275 10 10 52 3062 :ffcef72a9dd7b5652e732274e088f1029daf6c069924a3fd302752db61ebe1c2ead15370d7c035c9055f410a2aa771c857e47b4f06b0fbcd857ac74ee539f59d3ba8cb6a17f20d85c272973d9503e21a1a28b2c9237974e64b82048ced89e97b0bee3d60243bfa76e6a2ff34dc712aaff1f0390e1218e323d19b65cb4ed8b1414e3ba58ca58b57ddbaeee9b884b9c2b5b79ad6f37d5ed4f1fb0681ada6eb38a4b389d99241216dc55b8a6e49b5bc69819c7786663f26ef9e1f58c1c4a9b990dfdb4a5851a0c8b54178ea794a34921e6058d024d2614e5123f154912f3732d9a078572f00f8de8577251993f48db6ab4e115ce9d7f1ddf4e6b893e39271d4f56e15e2a08f166a7b6f45ddfeaf47f17269a4b2ca
32 276 10 10 52 3076 :ffcef72a9dd7b5652e732274e088f1029daf6c069924a3fd302752db61ebe1c2ead15370d7c035c9055f410a2aa771c857e47b4f06b0fbcd857ac74ee539f59d3ba8cb6a17f20d85c272973d9503e21a1a28b2c9237974e64b82048ced89e97b0bee3d60243bfa76e6a2ff34dc712aaff1f0390e1218e323d19b65cb4ed8b1414e3ba58ca58b57ddbaeee9b884b9c2b5b79ad6f37d5ed4f1fb0681ada6eb38a4b389d99241216dc55b8a6e49b5bc69819c7786663f26ef9e1f58c1c4a9b990dfdb4a5851a0c8b54178ea794a34921e6058d024d2614e5123f154912f3732d9a078572f00f8de8577251993f48db6ab4e115ce9d7f1ddf4e6b893e39271d4f56e15e2a08f166a7b6f45ddfeaf47f17269a4b2ca6f
32 277 10 10 52 3056 :ffcef72a9dd7b5652e732274e088f1029daf6c069924a3fd302752db61ebe1c2ead15370d7c035c9055f410a2aa771c857e47b4f06b0fbcd857ac74ee539f59d3ba8cb6a17f20d85c272973d9503e21a1a28b2c9237974e64b82048ced89e97b0bee3d60243bfa76e6a2ff34dc712aaff1f0390e1218e323d19b65cb4ed8b1414e3ba58ca58b57ddbaeee9b884b9c2b5b79ad6f37d5ed4f1fb0681ada6eb38a4b389d99241216dc55b8a6e49b5bc69819c7786663f26ef9e1f58c1c4a9b990dfdb4a5851a0c8b54178ea794a34921e6058d024d2614e5123f154912f3732d9a078572f00f8de8577251993f48db6ab4e115ce9d7f1ddf4e6b893e39271d4f56e15e2a08f166a7b6f45ddfeaf47f17269a4b2ca6f2c
32 278 10 10 52 3104 :ffcef72a9dd7b5652e732274e088f1029daf6c069924a3fd302752db61ebe1c2ead15370d7c035c9055f410a2aa771c857e47b4f06b0fbcd857ac74ee539f59d3ba8cb6a17f20d85c272973d9503e21a1a28b2c9237974e64b82048ced89e97b0bee3d60243bfa76e6a2ff34dc712aaff1f0390e1218e323d19b65cb4ed8b1414e3ba58ca58b57ddbaeee9b884b9c2b5b79ad6f37d5ed4f1fb0681ada6eb38a4b389d99241216dc55b8a6e49b5bc69819c7786663f26ef9e1f58c1c4a9b990dfdb4a5851a0c8b54178ea794a34921e6058d024d2614e5123f154912f3732d9a078572f00f8de8577251993f48db6ab4e115ce9d7f1ddf4e6b893e39271d4f56e15e2a08f166a7b6f45ddfeaf47f17269a4b2ca6f2c1e
32 279 10 10 52 3044 :ffcef72a9dd7b5652e732274e088f1029daf6c069924a3fd302752db61ebe1c2ead15370d7c035c9055f410a2aa771c857e47b4f06b0fbcd857ac74ee539f59d3ba8cb6a17f20d85c272973d9503e21a1a28b2c9237974e64b82048ced89e97b0bee3d60243bfa76e6a2ff34dc712aaff1f0390e1218e323d19b65cb4ed8b1414e3ba58ca58b57ddbaeee9b884b9c2b5b79ad6f37d5ed4f1fb0681ada6eb38a4b389d99241216dc55b8a6e49b5bc69819c7786663f26ef9e1f58c1c4a9b990dfdb4a5851a0c8b54178ea794a34921e6058d024d2614e5123f154912f3732d9a078572f00f8de8577251993f48db6ab4e115ce9d7f1ddf4e6b893e39271d4f56e15e2a08f166a7b6f45ddfeaf47f17269a4b2ca6f2c1e7f
32 280 10 10 52 3070 :ffcef72a9dd7b5652e732274e088f1029daf6c069924a3fd302752db61ebe1c2ead15370d7c035c9055f410a2aa771c857e47b4f06b0fbcd857ac74ee539f59d3ba8cb6a17f20d85c272973d9503e21a1a28b2c9237974e64b82048ced89e97b0bee3d60243bfa76e6a2ff34dc712aaff1f0390e1218e323d19b65cb4ed8b1414e3ba58ca58b57ddbaeee9b884b9c2b5b79ad6f37d5ed4f1fb0681ada6eb38a4b389d99241216dc55b8a6e49b5bc69819c7786663f26ef9e1f58c1c4a9b990dfdb4a5851a0c8b54178ea794a34921e6058d024d2614e5123f154912f3732d9a078572f00f8de8577251993f48db6ab4e115ce9d7f1ddf4e6b893e39271d4f56e15e2a08f166a7b6f45ddfeaf47f17269a4b2ca6f2c1e7fdd
32 281 10 10 52 3045 :ffcef72a9dd7b5652e732274e088f1029daf6c069924a3fd302752db61ebe1c2ead15370d7c035c9055f410a2aa771c857e47b4f06b0fbcd857ac74ee539f59d3ba8cb6a17f20d85c272973d9503e21a1a28b2c9237974e64b82048ced89e97b0bee3d60243bfa76e6a2ff34dc712aaff1f0390e1218e323d19b65cb4ed8b1414e3ba58ca58b57ddbaeee9b884b9c2b5b79ad6f37d5ed4f1fb0681ada6eb38a4b389d99241216dc55b8a6e49b5bc69819c7786663f26ef9e1f58c1c4a9b990dfdb4a5851a0c8b54178ea794a34921e6058d024d2614e5123f154912f3732d9a078572f00f8de8577251993f48db6ab4e115ce9d7f1ddf4e6b893e39271d4f56e15e2a08f166a7b6f45ddfeaf47f17269a4b2ca6f2c1e7fdd95
32 282 10 10 52 3032 :ffcef72a9dd7b5652e732274e088f1029daf6c069924a3fd302752db61ebe1c2ead15370d7c035c9055f410a2aa771c857e47b4f06b0fbcd857ac74ee539f59d3ba8cb6a17f20d85c272973d9503e21a1a28b2c9237974e64b82048ced89e97b0bee3d60243bfa76e6a2ff34dc712aaff1f0390e1218e323d19b65cb4ed8b1414e3ba58ca58b57ddbaeee9b884b9c2b5b79ad6f37d5ed4f1fb0681ada6eb38a4b389d99241216dc55b8a6e49b5bc69819c7786663f26ef9e1f58c1c4a9b990dfdb4a5851a0c8b54178ea794a34921e6058d024d2614e5123f154912f3732d9a078572f00f8de8577251993f48db6ab4e115ce9d7f1ddf4e6b893e39271d4f56e15e2a08f166a7b6f45ddfeaf47f17269a4b2ca6f2c1e7fdd95e5
32 283 10 10 52 3045 :ffcef72a9dd7b5652e732274e088f1029daf6c069924a3fd302752db61ebe1c2ead15370d7c035c9055f410a2aa771c857e47b4f06b0fbcd857ac74ee539f59d3ba8cb6a17f20d85c272973d9503e21a1a28b2c9237974e64b82048ced89e97b0bee3d60243bfa76e6a2ff34dc712aaff1f0390e1218e323d19b65cb4ed8b1414e3ba58ca58b57ddbaeee9b884b9c2b5b79ad6f37d5ed4f1fb0681ada6eb38a4b389d99241216dc55b8a6e49b5bc69819c7786663f26ef9e1f58c1c4a9b990dfdb4a5851a0c8b54178ea794a34921e6058d024d2614e5123f154912f3732d9a078572f00f8de8577251993f48db6ab4e115ce9d7f1ddf4e6b893e39271d4f56e15e2a08f166a7b6f45ddfeaf47f17269a4b2ca6f2c1e7fdd95e592
32 284 10 10 52 3096 :ffcef72a9dd7b5652e732274e088f1029daf6c069924a3fd302752db61ebe1c2ead15370d7c035c9055f410a2aa771c857e47b4f06b0fbcd857ac74ee539f59d3ba8cb6a17f20d85c272973d9503e21a1a28b2c9237974e64b82048ced89e97b0bee3d60243bfa76e6a2ff34dc712aaff1f0390e1218e323d19b65cb4ed8b1414e3ba58ca58b57ddbaeee9b884b9c2b5b79ad6f37d5ed4f1fb0681ada6eb38a4b389d99241216dc55b8a6e49b5bc69819c7786663f26ef9e1f58c1c4a9b990dfdb4a5851a0c8b54178ea794a34921e6058d024d2614e5123f154912f3732d9a078572f00f8de8577251993f48db6ab4e115ce9d7f1ddf4e6b893e39271d4f56e15e2a08f166a7b6f45ddfeaf47f17269a4b2ca6f2c1e7fdd95e5924c
32 285 10 10 52 3062 :ffcef72a9dd7b5652e732274e088f1029daf6c069924a3fd302752db61ebe1c2ead15370d7c035c9055f410a2aa771c857e47b4f06b0fbcd857ac74ee539f59d3ba8cb6a17f20d85c272973d9503e21a1a28b2c9237974e64b82048ced89e97b0bee3d60243bfa76e6a2ff34dc712aaff1f0390e1218e323d19b65cb4ed8b1414e3ba58ca58b57ddbaeee9b884b9c2b5b79ad6f37d5ed4f1fb0681ada6eb38a4b389d99241216dc55b8a6e49b5bc69819c7786663f26ef9e1f58c1c4a9b990dfdb4a5851a0c8b54178ea794a34921e6058d024d2614e5123f154912f3732d9a078572f00f8de8577251993f48db6ab4e115ce9d7f1ddf4e6b893e39271d4f56e15e2a08f166a7b6f45ddfeaf47f17269a4b2ca6f2c1e7fdd95e5924ceb
32 286 10 10 52 3054 :ffcef72a9dd7b5652e732274e088f1029daf6c069924a3fd302752db61ebe1c2ead15370d7c035c9055f410a2aa771c857e47b4f06b0fbcd857ac74ee539f59d3ba8cb6a17f20d85c272973d9503e21a1a28b2c9237974e64b82048ced89e97b0bee3d60243bfa76e6a2ff34dc712aaff1f0390e1218e323d19b65cb4ed8b1414e3ba58ca58b57ddbaeee9b884b9c2b5b79ad6f37d5ed4f1fb0681ada6eb38a4b389d99241216dc55b8a6e49b5bc69819c7786663f26ef9e1f58c1c4a9b990dfdb4a5851a0c8b54178ea794a34921e6058d024d2614e5123f154912f3732d9a078572f00f8de8577251993f48db6ab4e115ce9d7f1ddf4e6b893e39271d4f56e15e2a08f166a7b6f45ddfeaf47f17269a4b2ca6f2c1e7fdd95e5924cebd2
32 287 10 10 52 3101 :ffcef72a9dd7b5652e732274e088f1029daf6c069924a3fd302752db61ebe1c2ead15370d7c035c9055f410a2aa771c857e47b4f06b0fbcd857ac74ee539f59d3ba8cb6a17f20d85c272973d9503e21a1a28b2c9237974e64b82048ced89e97b0bee3d60243bfa76e6a2ff34dc712aaff1f0390e1218e323d19b65cb4ed8b1414e3ba58ca58b57ddbaeee9b884b9c2b5b79ad6f37d5ed4f1fb0681ada6eb38a4b389d99241216dc55b8a6e49b5bc69819c7786663f26ef9e1f58c1c4a9b990dfdb4a5851a0c8b54178ea794a34921e6058d024d2614e5123f154912f3732d9a078572f00f8de8577251993f48db6ab4e115ce9d7f1ddf4e6b893e39271d4f56e15e2a08f166a7b6f45ddfeaf47f17269a4b2ca6f2c1e7fdd95e5924cebd280
32 288 10 10 52 3040 :ffcef72a9dd7b5652e732274e088f1029daf6c069924a3fd302752db61ebe1c2ead15370d7c035c9055f410a2aa771c857e47b4f06b0fbcd857ac74ee539f59d3ba8cb6a17f20d85c272973d9503e21a1a28b2c9237974e64b82048ced89e97b0bee3d60243bfa76e6a2ff34dc712aaff1f0390e1218e323d19b65cb4ed8b1414e3ba58ca58b57ddbaeee9b884b9c2b5b79ad6f37d5ed4f1fb0681ada6eb38a4b389d99241216dc55b8a6e49b5bc69819c7786663f26ef9e1f58c1c4a9b990dfdb4a5851a0c8b54178ea794a34921e6058d024d2614e5123f154912f3732d9a078572f00f8de8577251993f48db6ab4e115ce9d7f1ddf4e6b893e39271d4f56e15e2a08f166a7b6f45ddfeaf47f17269a4b2ca6f2c1e7fdd95e5924cebd2803f
32 289 10 10 52 3062 :ffcef72a9dd7b5652e732274e088f1029daf6c069924a3fd302752db61ebe1c2ead15370d7c035c9055f410a2aa771c857e47b4f06b0fbcd857ac74ee539f59d3ba8cb6a17f20d85c272973d9503e21a1a28b2c9237974e64b82048ced89e97b0bee3d60243bfa76e6a2ff34dc712aaff1f0390e1218e323d19b65cb4ed8b1414e3ba58ca58b57ddbaeee9b884b9c2b5b79ad6f37d5ed4f1fb0681ada6eb38a4b389d99241216dc55b8a6e49b5bc69819c7786663f26ef9e1f58c1c4a9b990dfdb4a5851a0c8b54178ea794a34921e6058d024d2614e5123f154912f3732d9a078572f00f8de8577251993f48db6ab4e115ce9d7f1ddf4e6b893e39271d4f56e15e2a08f166a7b6f45ddfeaf47f17269a4b2ca6f2c1e7fdd95e5924cebd2803f77
32 290 10 10 52 3096 :ffcef72a9dd7b5652e732274e088f1029daf6c069924a3fd302752db61ebe1c2ead15370d7c035c9055f410a2aa771c857e47b4f06b0fbcd857ac74ee539f59d3ba8cb6a17f20d85c272973d9503e21a1a28b2c9237974e64b82048ced89e97b0bee3d60243bfa76e6a2ff34dc712aaff1f0390e1218e323d19b65cb4ed8b1414e3ba58ca58b57ddbaeee9b884b9c2b5b79ad6f37d5ed4f1fb0681ada6eb38a4b389d99241216dc55b8a6e49b5bc69819c7786663f26ef9e1f58c1c4a9b990dfdb4a5851a0c8b54178ea794a34921e6058d024d2614e5123f154912f3732d9a078572f00f8de8577251993f48db6ab4e115ce9d7f1ddf4e6b893e39271d4f56e15e2a08f166a7b6f45ddfeaf47f17269a4b2ca6f2c1e7fdd95e5924cebd2803f771f
32 291 10 10 52 3102 :ffcef72a9dd7b5652e732274e088f1029daf6c069924a3fd302752db61ebe1c2ead15370d7c035c9055f410a2aa771c857e47b4f06b0fbcd857ac74ee539f59d3ba8cb6a17f20d85c272973d9503e21a1a28b2c9237974e64b82048ced89e97b0bee3d60243bfa76e6a2ff34dc712aaff1f0390e1218e323d19b65cb4ed8b1414e3ba58ca58b57ddbaeee9b884b9c2b5b79ad6f37d5ed4f1fb0681ada6eb38a4b389d99241216dc55b8a6e49b5bc69819c7786663f26ef9e1f58c1c4a9b990dfdb4a5851a0c8b54178ea794a34921e6058d024d2614e5123f154912f3732d9a078572f00f8de8577251993f48db6ab4e115ce9d7f1ddf4e6b893e39271d4f56e15e2a08f166a7b6f45ddfeaf47f17269a4b2ca6f2c1e7fdd95e5924cebd2803f771f0a
32 292 10 10 52 3054 :ffcef72a9dd7b5652e732274e088f1029daf6c069924a3fd302752db61ebe1c2ead15370d7c035c9055f410a2aa771c857e47b4f06b0fbcd857ac74ee539f59d3ba8cb6a17f20d85c272973d9503e21a1a28b2c9237974e64b82048ced89e97b0bee3d60243bfa76e6a2ff34dc712aaff1f0390e1218e323d19b65cb4ed8b1414e3ba58ca58b57ddbaeee9b884b9c2b5b79ad6f37d5ed4f1fb0681ada6eb38a4b389d99241216dc55b8a6e49b5bc69819c7786663f26ef9e1f58c1c4a9b990dfdb4a5851a0c8b54178ea794a34921e6058d024d2614e5123f154912f3732d9a078572f00f8de8577251993f48db6ab4e115ce9d7f1ddf4e6b893e39271d4f56e15e2a08f166a7b6f45ddfeaf47f17269a4b2ca6f2c1e7fdd95e5924cebd2803f771f0a27
32 293 10 10 52 3046 :ffcef72a9dd7b5652e732274e088f1029daf6c069924a3fd302752db61ebe1c2ead15370d7c035c9055f410a2aa771c857e47b4f06b0fbcd857ac74ee539f59d3ba8cb6a17f20d85c272973d9503e21a1a28b2c9237974e64b82048ced89e97b0bee3d60243bfa76e6a2ff34dc712aaff1f0390e1218e323d19b65cb4ed8b1414e3ba58ca58b57ddbaeee9b884b9c2b5b79ad6f37d5ed4f1fb0681ada6eb38a4b389d99241216dc55b8a6e49b5bc69819c7786663f26ef9e1f58c1c4a9b990dfdb4a5851a0c8b54178ea794a34921e6058d024d2614e5123f154912f3732d9a078572f00f8de8577251993f48db6ab4e115ce9d7f1ddf4e6b893e39271d4f56e15e2a08f166a7b6f45ddfeaf47f17269a4b2ca6f2c1e7fdd95e5924cebd2803f771f0a2730
32 294 10 10 52 3102 :ffcef72a9dd7b5652e732274e088f1029daf6c069924a3fd302752db61ebe1c2ead15370d7c035c9055f410a2aa771c857e47b4f06b0fbcd857ac74ee539f59d3ba8cb6a17f20d85c272973d9503e21a1a28b2c9237974e64b82048ced89e97b0bee3d60243bfa76e6a2ff34dc712aaff1f0390e1218e323d19b65cb4ed8b1414e3ba58ca58b57ddbaeee9b884b9c2b5b79ad6f37d5ed4f1fb0681ada6eb38a4b389d99241216dc55b8a6e49b5bc69819c7786663f26ef9e1f58c1c4a9b990dfdb4a5851a0c8b54178ea794a34921e6058d024d2614e5123f154912f3732d9a078572f00f8de8577251993f48db6ab4e115ce9d7f1ddf4e6b893e39271d4f56e15e2a08f166a7b6f45ddfeaf47f17269a4b2ca6f2c1e7fdd95e5924cebd2803f771f0a273095
32 295 10 10 52 3104 :ffcef72a9dd7b5652e732274e088f1029daf6c069924a3fd302752db61ebe1c2ead15370d7c035c9055f410a2aa771c857e47b4f06b0fbcd857ac74ee539f59d3ba8cb6a17f20d85c272973d9503e21a1a28b2c9237974e64b82048ced89e97b0bee3d60243bfa76e6a2ff34dc712aaff1f0390e1218e323d19b65cb4ed8b1414e3ba58ca58b57ddbaeee9b884b9c2b5b79ad6f37d5ed4f1fb0681ada6eb38a4b389d99241216dc55b8a6e49b5bc69819c7786663f26ef9e1f58c1c4a9b990dfdb4a5851a0c8b54178ea794a34921e6058d024d2614e5123f154912f3732d9a078572f00f8de8577251993f48db6ab4e115ce9d7f1ddf4e6b893e39271d4f56e15e2a08f166a7b6f45ddfeaf47f17269a4b2ca6f2c1e7fdd95e5924cebd2803f771f0a2730954d
32 296 10 10 52 3054 :ffcef72a9dd7b5652e732274e088f1029daf6c069924a3fd302752db61ebe1c2ead15370d7c035c9055f410a2aa771c857e47b4f06b0fbcd857ac74ee539f59d3ba8cb6a17f20d85c272973d9503e21a1a28b2c9237974e64b82048ced89e97b0bee3d60243bfa76e6a2ff34dc712aaff1f0390e1218e323d19b65cb4ed8b1414e3ba58ca58b57ddbaeee9b884b9c2b5b79ad6f37d5ed4f1fb0681ada6eb38a4b389d99241216dc55b8a6e49b5bc69819c7786663f26ef9e1f58c1c4a9b990dfdb4a5851a0c8b54178ea794a34921e6058d024d2614e5123f154912f3732d9a078572f00f8de8577251993f48db6ab4e115ce9d7f1ddf4e6b893e39271d4f56e15e2a08f166a7b6f45ddfeaf47f17269a4b2ca6f2c1e7fdd95e5924cebd2803f771f0a2730954da8
32 297 10 10 52 3104 :ffcef72a9dd7b5652e732274e088f1029daf6c069924a3fd302752db61ebe1c2ead15370d7c035c9055f410a2aa771c857e47b4f06b0fbcd857ac74ee539f59d3ba8cb6a17f20d85c272973d9503e21a1a28b2c9237974e64b82048ced89e97b0bee3d60243bfa76e6a2ff34dc712aaff1f0390e1218e323d19b65cb4ed8b1414e3ba58ca58b57ddbaeee9b884b9c2b5b79ad6f37d5ed4f1fb0681ada6eb38a4b389d99241216dc55b8a6e49b5bc69819c7786663f26ef9e1f58c1c4a9b990dfdb4a5851a0c8b54178ea794a34921e6058d024d2614e5123f154912f3732d9a078572f00f8de8577251993f48db6ab4e115ce9d7f1ddf4e6b893e39271d4f56e15e2a08f166a7b6f45ddfeaf47f17269a4b2ca6f2c1e7fdd95e5924cebd2803f771f0a2730954da850
32 298 10 10 52 3104 :ffcef72a9dd7b5652e732274e088f1029daf6c069924a3fd302752db61ebe1c2ead15370d7c035c9055f410a2aa771c857e47b4f06b0fbcd857ac74ee539f59d3ba8cb6a17f20d85c272973d9503e21a1a28b2c9237974e64b82048ced89e97b0bee3d60243bfa76e6a2ff34dc712aaff1f0390e1218e323d19b65cb4ed8b1414e3ba58ca58b57ddbaeee9b884b9c2b5b79ad6f37d5ed4f1fb0681ada6eb38a4b389d99241216dc55b8a6e49b5bc69819c7786663f26ef9e1f58c1c4a9b990dfdb4a5851a0c8b54178ea794a34921e6058d024d2614e5123f154912f3732d9a078572f00f8de8577251993f48db6ab4e115ce9d7f1ddf4e6b893e39271d4f56e15e2a08f166a7b6f45ddfeaf47f17269a4b2ca6f2c1e7fdd95e5924cebd2803f771f0a2730954da85079
32 299 10 10 52 3070 :ffcef72a9dd7b5652e732274e088f1029daf6c069924a3fd302752db61ebe1c2ead15370d7c035c9055f410a2aa771c857e47b4f06b0fbcd857ac74ee539f59d3ba8cb6a17f20d85c272973d9503e21a1a28b2c9237974e64b82048ced89e97b0bee3d60243bfa76e6a2ff34dc712aaff1f0390e1218e323d19b65cb4ed8b1414e3ba58ca58b57ddbaeee9b884b9c2b5b79ad6f37d5ed4f1fb0681ada6eb38a4b389d99241216dc55b8a6e49b5bc69819c7786663f26ef9e1f58c1c4a9b990dfdb4a5851a0c8b54178ea794a34921e6058d024d2614e5123f154912f3732d9a078572f00f8de8577251993f48db6ab4e115ce9d7f1ddf4e6b893e39271d4f56e15e2a08f166a7b6f45ddfeaf47f17269a4b2ca6f2c1e7fdd95e5924cebd2803f771f0a2730954da85079b8
32 300 10 10 52 3096 :ffcef72a9dd7b5652e732274e088f1029daf6c069924a3fd302752db61ebe1c2ead15370d7c035c9055f410a2aa771c857e47b4f06b0fbcd857ac74ee539f59d3ba8cb6a17f20d85c272973d9503e21a1a28b2c9237974e64b82048ced89e97b0bee3d60243bfa76e6a2ff34dc712aaff1f0390e1218e323d19b65cb4ed8b1414e3ba58ca58b57ddbaeee9b884b9c2b5b79ad6f37d5ed4f1fb0681ada6eb38a4b389d99241216dc55b8a6e49b5bc69819c7786663f26ef9e1f58c1c4a9b990dfdb4a5851a0c8b54178ea794a34921e6058d024d2614e5123f154912f3732d9a078572f00f8de8577251993f48db6ab4e115ce9d7f1ddf4e6b893e39271d4f56e15e2a08f166a7b6f45ddfeaf47f17269a4b2ca6f2c1e7fdd95e5924cebd2803f771f0a2730954da85079b8bf
