# in_len out_len m_cost t_cost time[ms] memory[kB]
1 32 100 255 21 132 :ee6603d8f4013b9fb98e79d5f1c6c3b62701c5cc5fff4f01623d53f94eacbe21
2 32 100 255 19 132 :577fff534c9e56846358312f63c3b4747282f88adc675564c2bc03bb8fef80d8
3 32 100 255 19 132 :a5e7404d5a5225aab8f14abc9b5d87e6c590f8a9de9aad7b9a8d2f8d05a6e801
4 32 100 255 22 132 :bdf72966da0abd3dce974925708f4fa1d26f452ce0a2a577e01c4dcc365cec2d
5 32 100 255 18 132 :9e65c73e4f96f9a42b762d58da47c9b9814ab1e9b59f4eaa0ec51ce43efc54b9
6 32 100 255 21 132 :d8e98b47da0794475297539b5dfbe289d91b71c480b0783e60f363d348f0cbb8
7 32 100 255 33 132 :157b9713093fc4364f09f1ae4e318d79375fea71ddadf89ca5e7ed076003aec2
8 32 100 255 26 132 :f80a029f315aa17ab5d3ecb1f5cac1147f29b996c3c80097f7f435b97fe5211e
9 32 100 255 28 132 :4e798fd659dc1cb7293819bdf681d2a0d190c9d4c7888c10082be82a62bcd505
10 32 100 255 21 132 :42c3e387a7f72b44a29beb8adc69fa2ac704165b152727ac75f4104ab62ee986
11 32 100 255 20 132 :931a1b73036e0f9ab78a7be322df26edbea1743143ec5e09688ea8d3396363ed
12 32 100 255 24 132 :317ea967e0f1607a486e4d704cec1dcb917428e2343f8c9d1c3b35b680194c36
13 32 100 255 20 132 :dd1d3754a5bcc06cf3f6c603d6ea7ca3f38dab9304d0bd9d6f9f518e48131d7e
14 32 100 255 23 132 :d649abc9ee1d8dd457f46c704ffb11b7f1c3930db7908ad030a7c613268b70d0
15 32 100 255 20 132 :92f52962d7db5e68ff78c0fb406af3e1fbea290090490aff0f1269570f800600
16 32 100 255 24 132 :72aeabb151b8e5fc25146459a0258115c3e02df03ae99c650d0f0995c69a8f23
17 32 100 255 22 132 :8919b45729ebb8b78a8d725af94012476e1fb4224e74697afbfa5b714bd68058
18 32 100 255 18 132 :1ef9635222967a0f6c31a29353c7bae029ad9a46844e17a29189967457249a2c
19 32 100 255 20 132 :f48a975ee95ec0fbc04b8588e1a2bba78cdc0b63961e5ab2809ff482359d1338
20 32 100 255 23 132 :fd24047ddd66e24fa4b0724629f380fb5700a4abdf2ce81da3ea81db48e71f04
21 32 100 255 24 132 :47b4fd83cd38b176e0b33785e9ddc130f82543f5871a1725ea3eb4bcfb1fbbcf
22 32 100 255 20 132 :59c90eedcc086a78e8dd80b713acdc7322ffc0cb100a35c106f6d8479d786c5a
23 32 100 255 18 132 :8eaa6cae43e4549c79bc618a3d00cd84303f38d13c6cc9a705a1ebc246457cca
24 32 100 255 16 132 :28a8d4ec703032a913098de469ac0e6bcd187664bd4aff27aec2a8abfbdb15cc
25 32 100 255 23 132 :d1932b8e76a80b3e20c22ca0558f4d1dd3125fdd09c9749df094c50bd4a77c12
26 32 100 255 26 132 :047dab82a7ea5fff803fccb4ef2972cc70e0a91e2b48d2c25c266be5d4b7c7b6
27 32 100 255 19 132 :f290664860fb61fb118ab694011db74c54fb0859a417a5e28a76a363ac59f3a5
28 32 100 255 21 132 :e05e538f56761f54c20bc048b17efeee81afe5ba3e381b08bf16098f53d265c0
29 32 100 255 21 132 :8618dd1723c719d2b06ca8bdda4fb297d94ddf890e6b05d73bdd710d1fe1d699
30 32 100 255 20 132 :844c77c0a4c9fb1af0df093b2e23ce02d9a9ef4634ec738cbe8cc66cf19de711
31 32 100 255 23 132 :13c1bac7968162879ecc0396c17728aa6ca164392953dd6a434dce5219d15e29
32 32 100 255 23 132 :f5da5b61957b97dd56d601fef7e5479b2e5a181961eaa9b440ccb78cf1c67e77
33 32 100 255 23 132 :74d5865b6f4b1cb1c7920eee695e91f626b38f8275eaef5b966e749c72d32f74
34 32 100 255 23 132 :a8604f1d279ca84e8984a163d7638c98877c11c7809920136340f4eb3583be76
35 32 100 255 21 132 :afaf857bd5feefc3bb7b4ef7822dd824386a89c97e27b1aa765a826c5c075c53
36 32 100 255 19 132 :6d17a7472ac85d07458e245aa812ae80732455ebe845c1e51e8e2fdf15105cfd
37 32 100 255 19 132 :99d3d17199311ff82ec4324528fa978dbdba40f60457afec85f8b7c2994abf42
38 32 100 255 20 132 :2ca6343d4da0beeae508b6b6a735d12346490fe239ce889d3d8dfc30f5d0bb9f
39 32 100 255 20 132 :29d87549f881c86aa99e5b61bd6005b857599686f31291090c7bcd3923fd2d31
40 32 100 255 20 132 :edf7a0d6b8991e3c2edabafc3e8c67deccba5296c909828c317f5703c108753a
41 32 100 255 22 132 :51dfd40e084ff687f45a508977abbc083f9f77eceb520ba1bbff9d1010eafdc6
42 32 100 255 26 132 :e5be49886bf1d6c9776510af5d596e72ba467b7b40117608f50bca8571bf1d21
43 32 100 255 24 132 :07a3d18c68c44ea689dec5ac45e0e56e556b11f79600a75b0fb1e3902a85dd34
44 32 100 255 24 132 :0d9b2fc776d97ee99c7b336224784a25a0a2b472f0ea365264581eb4e3a6d27f
45 32 100 255 23 132 :2c29cef42e71556dfa8418efbad36a6309915e45f74879e4b23268b322d11bd6
46 32 100 255 23 132 :c97e8beda22998e2e2545902c0049eb999440117d4fdd5297a9aec60e1b8614a
47 32 100 255 21 132 :41723db1ee5be0dc772963287a0d7695e58065b65a2dc267556bf0fe2d223380
48 32 100 255 20 132 :10b997c64a4c80a64c0936295b3f5e4d30a16d4403517e933706dacf3092803c
49 32 100 255 20 132 :7e1cce3b7cc542e3bfabc80e391581e2d6559aa75f520025aa669664794030b5
50 32 100 255 24 132 :dbff6ef7e614aaf6615fc65ecc0dc3c2e80a0a4cd44ecd971a933fa32142a499
51 32 100 255 19 132 :f3d62dd63d935b142022ebf41cc6b0e944e6027e2cfc2500efc140533df800e7
52 32 100 255 19 132 :dbe1311836b9bf4fb55f7631a2007f7519c03d3cdd2800c3242011afbd11847d
53 32 100 255 25 132 :089eda59f94fbc838f4f12c30cfddf52ce33926cad483462f59363da27498810
54 32 100 255 25 132 :211ee949b9d5dfd764b4eb7e15cc2edd18067a18cdcea2332328a3691be4302c
55 32 100 255 22 132 :3ca9c1f2f7c154afbf93dbf533aa656e0dadbae25aa85098f1237d692790862c
56 32 100 255 24 132 :3e1e9b8c31fe0dc9cb13e7adfb1eb3d2844071b7ce5a8e1bcae44337062f35e9
57 32 100 255 19 132 :c01140758cb708d7a0c5a77f96f5a37096e845dd131245f9962fadfa683ca9b4
58 32 100 255 20 132 :b6334663d059d0a189c98ee7bf41c9750a41648bee29deb6ca51d0832f61e405
59 32 100 255 22 132 :b4a6e75372d3c2588ab1f5b61f698d7b550dd5d8da88cc3a44781624e98abf12
60 32 100 255 19 132 :e66da213849920954437f15962e30572a10da5d162547638d2620ddaf65095bd
61 32 100 255 20 132 :25f6e20cd5e7062492a82c7640c7e390cf0a8dbb14aedb5d0dea9f9484b95d99
62 32 100 255 19 132 :17d73c372f03da808d963edba60e4c303a18bc8007ea4313de6310248a13d9f5
63 32 100 255 22 132 :13c028578c8db1330b38108e288ce989ae26f1f03a28bbef9e298db9557d87e5
64 32 100 255 19 132 :6e8266b78a3fbe133d90bbe080b3bab91e5f12336b55323e15b232d6db935356
65 32 100 255 22 132 :f8b31ddcb9b66320950f039bb75edce66c7ec36e1246b0440d5d933beaa1c2b2
66 32 100 255 23 132 :e057807c6212e9186e137f3b526ee037a74a8a45aad7d4a27fa3779784ec05b9
67 32 100 255 20 132 :98fa41d1f3b616cd4adb9fe30ddb30c45436c577d77785a522007cf8afd65c72
68 32 100 255 25 132 :78ba3478a1577ff912f1b1489f5bdf56b6a3c96b77ca4844fc7fff0ba1a6a589
69 32 100 255 20 132 :5bcf439ec417669712c67aa4bfa4f255db78250d6b46cf21283cbe204bc703b2
70 32 100 255 20 132 :e1c0fbcdccfb4c7ae145b3c5d78bddd5e217318da153292fe1d5c1e59e0dd308
71 32 100 255 20 132 :d2df5d7f4d4870a22ada70859db6b1037bc3cd0025f93dbbbb4f26261d2342b5
72 32 100 255 20 132 :8282db38f1946dfa223ab9a595218b4348ad96a54797d872e8666cfbf129a07e
73 32 100 255 21 132 :56a8def91ee56982dd6ae276f34f6d789db165d6ca9ce10e19e344479c6a627b
74 32 100 255 23 132 :8a0384c52be3b4aba7aa9055e241a597ed079acc8237f441f09ef1bfc1c501d2
75 32 100 255 20 132 :768cd7d0ae14e78e312042685127770bb4d4cc1c32f30179c24e862e03fe80d6
76 32 100 255 22 132 :08f3d8e730c52193093788827dbef7c19fb2d53f5c3fc863024f7a799518bab7
77 32 100 255 20 132 :dcee870e22b1fa001f79884ae48e2c3f8a89e85d1ba685f875a566e631a956a6
78 32 100 255 20 132 :dcc3844247e9c054c76f82a492363daf5ab33906505b6cf35c8ef46ee71aae19
79 32 100 255 21 132 :29eec5d1725bf4aa4f2a13862e0ae17fad69a697c908ebb17e9d3278799db342
80 32 100 255 23 132 :35a9858681627eca0f5c3c092a8bd031158415d5bc4e01c308ecbd6859642762
81 32 100 255 18 132 :628faf36ef5d498a071021dcca8156af70c34136c157724bd552a0a65f33796b
82 32 100 255 20 132 :3e2695a3e0b45944ae306cf18344f652764307c0eb656a4a3cc223475be4142f
83 32 100 255 24 132 :c31c6b4a1287b6c4dfbb55cf276ce889e1b023dcb6281228bdb3dc01cb6f610b
84 32 100 255 25 132 :287fb0de3edcc4380af8bd52e266f2b03265f6c58d2bf0b1ff2f7bdeba4421b2
85 32 100 255 19 132 :4e65c4e09e22c13983c5a0a204448ff188bace220cca8d2844455685febab36f
86 32 100 255 19 132 :d86d03895027461f15976f52887aa37cbf07c915ab001d3119f8a5949b596bc0
87 32 100 255 24 132 :bf4d79f94b1d0aaf08cf7c94ce97065b031dc852d0112d5fd47469c291455d85
88 32 100 255 24 132 :11c566532e62a2ed6f23b96a79bc1f8708a93ee2c72a495ccde8c406be2a7ccc
89 32 100 255 20 132 :59041d92abcbec0c905fd3af37c3cbc9c71d6a39de9282148922f875cfb53770
90 32 100 255 21 132 :2d5b1702e995f3955e6686653aba5539e50c8586f2641f71c1433631b6fa3701
91 32 100 255 24 132 :36eabb09d8e57ccf9ae4df189db3bcf576e2a048cfd67b750073ec7511877a12
92 32 100 255 21 132 :ed42cc591ba4903dd7cfe732fc98babd24f9c54742a5c7d931072a394a0b0489
93 32 100 255 23 132 :111913080cabb4766e7b791018722498addbf09ca2af8a49fc89897e7b094d4f
94 32 100 255 24 132 :a0f093178fb38678164948b4533421ad384496e9287b008fce6a576b6d1fe254
95 32 100 255 20 132 :bdcefda15f7d76f71a8fc312dcdc57b32e6c62565d566b3fc1390370a1aad122
96 32 100 255 19 132 :5ee57deeec62e2fdfe4a4c16ff202e753fddbbad928c6a20152e42b9c3c5c9e8
97 32 100 255 25 132 :66c9d7fa309a694b0a821618d9caccf8f161a69f766bbc67345fd7a075445f12
98 32 100 255 22 132 :cdee2bc6a0a6e6e094e9fe55857bd9dab316bba6b79521ee67b9af49f62f47aa
99 32 100 255 22 132 :720049c64a28ca4a47cbba830080c6ef5373871947b038d8d6bd804a387f959e
100 32 100 255 19 132 :d7b946f2039fe13d52086d657e38fdc0664040d18f138ac7e25d8d09b455c8db
101 32 100 255 20 132 :8c4976f4941743308bd0347cb6b7e4ceab3b57ed20241f1e3d77ae224c9155e2
102 32 100 255 23 132 :b735d376981cbd3d06f95e5efb1643320eea208591e3f7efe92bcbd30212a047
103 32 100 255 28 132 :51a946722abf17839fc80c0bc03ef457066c78980d2ef942d0e1a78852f22ea5
104 32 100 255 19 132 :2e1a666b6cc23f0c9e9853531faca6a66c4c80fee0bf5d2d579b5c31d2466813
105 32 100 255 19 132 :043dc5403e73b002264e20f48a15e6588bd0101110b0e4e21ab725ee412e32b7
106 32 100 255 19 132 :470d1c6992d8ef9bfd2acafb573632bc296d6dc0eafcd54753e72404ec7d0f1e
107 32 100 255 21 132 :84106a715f9f4d0e1e30e0ccdacc09f1bd5ada26a3a5feaff83468e9976ecd62
108 32 100 255 20 132 :1d5f84df92cbe443a4b6c0af2b9624a54bdcc885df2b4aefba89dacd22dd1a47
109 32 100 255 36 132 :7a154913a42acc741abb408ce1e551b3ca1411d72b8d849265d748736ad4bb3c
110 32 100 255 23 132 :d3a1208ffbf9771f11c8b4dae95fcc26a94d81210514cc8a4e7d314575e0ee98
111 32 100 255 21 132 :1524b5dcaa9991bf074f70a2bd64c6f114b97203421f22e97f4640e0125418e3
112 32 100 255 19 132 :c95947a19575be6d44b6ce48d2c803925c4fd3f76d1378da841920ce72665582
113 32 100 255 21 132 :14588d9f18c350b5680218ef290ac789c2e284f12fa91a480f689c604d9cca25
114 32 100 255 23 132 :8507522d7e2ec2020352a18b07428ef9a7ee7bd9c5aaff368a84d9daab6f80d2
115 32 100 255 22 132 :87991568d5cbf33784aef2061ffb8c6fae463f0adc233b04a9e978ae33bfcd23
116 32 100 255 22 132 :7eb5479050efdfcc826a228db77ad38313940a64b4da3d3d7c3eeca8a025090f
117 32 100 255 20 132 :9f9a6d47257342c0ef984e2e7c49df0df7a5ac719596496f5368789ffecd5d3f
118 32 100 255 24 132 :8e4e6631442af8c2f339093795e5f4b9891791995d8b7bce3bbbf8155da4d5b2
119 32 100 255 22 132 :6e626d030336ccf356795ddd246d0622bd441029b2520ce341affd44fe0da820
120 32 100 255 22 132 :6558662098049abd3e0928e8fe3fe4a740285c52fea20ca65b646151edbd8d34
121 32 100 255 21 132 :68090bdcf63b1a0df60d67b3b58d80e3f2761913116831717ca25d17bc5aaab5
122 32 100 255 25 132 :a7aa7e006bec1c6303eaa49f3264bb5cc22c1e600cd182b54173a65c480723d4
123 32 100 255 22 132 :0d16164b1789a8e38ef87b66b24e479e6b5bd01f741b1b1f5593636c17c2c48d
124 32 100 255 22 132 :bc996e89c566ba241d7e101f2a119d64a0ca0eb2d900ee2718155b06da9bb384
125 32 100 255 19 132 :59070dd1e7b609fcc5314ccc4c523ca62f1727682084804a16740ebac8ded77b
126 32 100 255 21 132 :6535ff27a3eeb66713528bc9b9d42c3f7f9627f48b21019923e278cdf774acc0
127 32 100 255 24 132 :23668136eb6d2fddf1ba4c98ac0e5c2eee31f857d321c9a3e7852a0ce5ebda40
128 32 100 255 26 132 :297a1dcada685a820a5157fa34f292f67cf0fd6682f6d7d8c53391fb796b1e1d
129 32 100 255 20 132 :023de1a2f7dbbbf249b1f06851ee0f39b79843471e20c86b9552e14c3b60a57f
130 32 100 255 20 132 :bda0c482c8faab13621c0251552ac983f53cfc6fcbc9d9babcbf31223842c332
131 32 100 255 21 132 :f44f3ae6fee460702f89d59223fb5045e47e8648066f89bea000be40d64437b1
132 32 100 255 22 132 :11bf27a866ee161943be090ceb63a0fcdff90f53627c9e7159b196b8a36b1826
133 32 100 255 19 132 :3a9ad0cfb6605ae21418092eb9c2b7d784ceab923be4d80a1487b5e81731c357
134 32 100 255 21 132 :347626693dcbe67adeb50bafd71c53a32164374c171cbb3cd71109f9e37e317a
135 32 100 255 19 132 :4ffdeaf5c4785d61d6086dc4228ccc8287b95668bfe727685864053cd0a073a4
136 32 100 255 22 132 :7c25e5645d64bb2df0074251f640f927e9d768f3597e5d544b698c73bce5f37e
137 32 100 255 23 132 :5aff74ede3c459f50ebd9d922fa20539f8c9f47b7db4f1a0d96867d94839082d
138 32 100 255 26 132 :80e7aed60e110a7b065309a393af0d16d0aa3ba873ce42f1cda77cd93fb34b46
139 32 100 255 23 132 :6ce13d2071c212cdec8e10c0cb8d763ca5622071bbef1d90ca3c27a5e4f9c8ad
140 32 100 255 24 132 :2c7d4fefc9baeee1372f8a9828680e4127739f1c76c0ede981fc56ebed2250ef
141 32 100 255 26 132 :de8cd7dcaedeae5379745361ee85e39efd4594443dde7143b15a61368caa89cb
142 32 100 255 24 132 :820f6498ea5112237bc69225adcf1017dfbf0d69a5aa7054a25d43b0be81c2c8
143 32 100 255 26 132 :978996a215f05c3154fd47dd0ab4ea03e6f4b3cd95708559ba03ddf124e57eb0
144 32 100 255 23 132 :d9ce4b1de878a7aa1c656ee8ce79763454b450b66af3775f718e293ec8480800
145 32 100 255 19 132 :8fb15a2255d054700bca00257e1a4d4ff9f12a30a781e731c4a8fd8bc82d056f
146 32 100 255 27 132 :e598583ded82989fc05bffe77298504a2550b81c98f270ea661cad5e56a7e66d
147 32 100 255 21 132 :5bd615726292d2c89a32b2e61b51ed69f556295991bc0a9d028db1bb676ea33f
148 32 100 255 24 132 :8c37407a5cb15dea8b2cb382491f2efe716f4f0935ba3153da458162efeaab31
149 32 100 255 22 132 :3d28b56f8ecf5c78f78a56627ec1e6eb0b07fdd05f5b59067292b08b7f17ce27
150 32 100 255 22 132 :4741fb37234dc3c3b68e6c2f8b180235806073129de11c2dc12cb7b29cc78860
151 32 100 255 22 132 :c9de43f3d83d235249e80f88d41b2d9319abaf2e58234aa84d5465c42d4a14c1
152 32 100 255 19 132 :53de0c256c6f84057c34310d17e3b068e21ff10b0660ae6be3f3c3ab01e6604b
153 32 100 255 21 132 :881096845580a25d019ca6d62a811117e506fd9300bbc708350c3702f951a40e
154 32 100 255 22 132 :f86d8e7d9d90bf906024210a2668f0ab33c14866b35bb0eacec3f4d48b31df5f
155 32 100 255 24 132 :7beaa1549dea76a46dc83c6472f4c2153c6099edc91e39c1f7f01bd0dc7a5a87
156 32 100 255 21 132 :1aefac6fa48cc4ee1e9f6b19496a7d0700c06a64cae0aa388da435436ac7e614
157 32 100 255 18 132 :1aa7dc38377ddb15df381a68fc1b40c356887b98da72dba5d8d56a20d13668bf
158 32 100 255 21 132 :2d481330edab9e0e7820ded0d1cd6e2aac6008b9702e9b53bd5f72e798f98170
159 32 100 255 26 132 :830c00ae3d58b2005f039545a1c68395f86dae1297a4b00bf9da6fafe0defdbc
160 32 100 255 24 132 :ccfcfbf6abf2805c206a23a115de70f72d3383d7969e6925acb34fec6bcc17ad
161 32 100 255 20 132 :d0081fe56e690766f411b5c8d665cc6ddf6e55e58327cfc24f30c5d844e20d5c
162 32 100 255 19 132 :b12ef03ae6d7cc5afb246fcd2c9a968671389967fe51d142b85be88a9ab3d279
163 32 100 255 21 132 :da47ff602b39bc2fc0da301fee1ed275fc30ff4f8cfc1bbbc16ecb5628caf976
164 32 100 255 17 132 :493e6e98a1bb214dc747c68a8dd6b1f0560afc0f796cf0ee4b8b7019e4bcf7d6
165 32 100 255 21 132 :6b7c8f0d11c02855ea20f97daf2266193f9c41d4522d5da8563d9cbd9bfcb9fa
166 32 100 255 22 132 :d35334b9133b6db235aa52ba5c0174420b9db2f7a87a2197cc27068129035d1c
167 32 100 255 19 132 :4e9146cb30193af4a3172a3f602f692fb2051604fe3f4e650b0fc0bcea80b0ae
168 32 100 255 21 132 :f40234b302caceb4b491b5e3db80ebbaae56171f953d6a7022f48a9c00abf07c
169 32 100 255 20 132 :ca3069d2961a437a02b195917b85bf915830ce2164618dd34d2b97f192abbf50
170 32 100 255 24 132 :4fde8d6ea5d2410d39aefb9b14dd92a3cc76f63889412fdedae097a6715d5cab
171 32 100 255 20 132 :befe0d37ad281b542decd823d4dca3dba152b982fae80a499d551ee2db13ba16
172 32 100 255 24 132 :69e694e84b1de2cd036e51e4b2ad453a0eeef5a3c80518881f90c9b0eba10195
173 32 100 255 19 132 :38b99f0dc6275e759223b049eac4054a68cde2941f26f9060ae694861238dd25
174 32 100 255 21 132 :8ef9036d3e26055fbe320d8963a937a5681697a1b7b436588dcc89ee6eb1deb3
175 32 100 255 22 132 :d70aa76b312f61bd61a234992efaa953383293b1bc91875115e868213bc96f34
176 32 100 255 21 132 :9a601fc2fc748e63c24d8c270a993e5357a73feadcd7196b4d6bdc6d493ad043
177 32 100 255 18 132 :5555fe87862de67bd595ae0e13700bfeb612ce41d2c1c8b520099f33f48fa0a6
178 32 100 255 25 132 :9171ae2c1c7a897cd30106006c750e0de1e7a2bedcf400625c52f8ea9be0c2e5
179 32 100 255 21 132 :9bb35723620dfb416d7c0b21f9c4f94e1b565d1695486bd9c2e026851178faf4
180 32 100 255 21 132 :f61d0a0a026eb283960d0529506037dd21e2d8133ff4cd2b5c45d387c4c9495d
181 32 100 255 21 132 :b4e405e60d620962a2ff826c598146a6fb3bc13d21279b0cd42f71799827962d
182 32 100 255 23 132 :e170abd0a1b861a38288336bff11fe11a016a9e1e887dbd7fb21360bbdd13e38
183 32 100 255 20 132 :1cf951682e8779adab5da7012001669af56276a20dab7401fbfd151912f0ea1c
184 32 100 255 21 132 :9bf2a4990dc51dd6778fee002b5f4b8318b0cba1779a9e7f0a9500168aa5c75f
185 32 100 255 22 132 :eb9fc3a075e504064c7d73d0b9c434854fed310afead2af6b49c97e82f94c1e8
186 32 100 255 24 132 :9abfecb88262901aa29f0dbf46ed45ce4044c3302e5786c5296bfce7681ad525
187 32 100 255 19 132 :fda2e89231fe606e0b38fae76d83a0cf53b4df0db6a6f97cfa42af702954b880
188 32 100 255 22 132 :5ff4beb9f5c852d8e546740eaa649f86ddb930283909c1470c7dcb4eded9df57
189 32 100 255 19 132 :89d2f5640cd27d3290a57a85fb8dd57a0da3db7806e9bb4e33fbac1d8adc3fe7
190 32 100 255 23 132 :60ed7fc00880162ec9c32bdd5fac662677e763cd1b1a84d39078b018dfb3f37b
191 32 100 255 21 132 :ed798e4c7521f3cbbc4aa001f1eee6489bc548c0c1afd6c8284e4b0aabe893a2
192 32 100 255 23 132 :ee51ef00c175f6eb0bb6a4966d8fd755c463fa1d9676498656be9723e9f50cf8
193 32 100 255 19 132 :ee4d96b6de18ad5f7690033cb56304641e47659d51dd541159b67b41eb4d17de
194 32 100 255 22 132 :918539a521256f35af38121f8d6ab47d13ee8f65ff5e692c22194a9cd7bfb5be
195 32 100 255 19 132 :ca4faf27b09e336d4460cb3d5ec37c2ea03db8c8069ee72bd01b98847e8e4ecf
196 32 100 255 18 132 :963431f4a8b1b7cf670256c82c6e8a29d59eed36a76693d7571f61d1c14cdf50
197 32 100 255 26 132 :bdaa77344da160309935dbe22f64ed8a161864f5848695594a7be8e0114bde31
198 32 100 255 19 132 :a9511d179402820f22bac1a773526310867d1ef18aaf407212b25a1cb40b5ed0
199 32 100 255 20 132 :dedfee87cfdf51aafb3971e9beefc898186ea843897c3e7bf702f7ce81acc5a6
200 32 100 255 26 132 :8f5456aafe9ee9cd091b01723735638009c386d6d39bf08927608b64f29ed176
201 32 100 255 20 132 :5ad1718a94248796fa1f929ebb1c84e696f847c2a2ef732709fb44f288f1f121
202 32 100 255 19 132 :3c1dd87c7b1e7dbd7f89f91b4a0b5febcdee3e8d6100d33634bdab3b6e7b04f7
203 32 100 255 24 132 :50cdf62e11db089f7b46646d7ea88d86952ee19ad1f72c23c61787ca193df501
204 32 100 255 21 132 :67bff607b6f2b84aa2aea4c3ca5974ff74988974b160465c10177bc7537cd034
205 32 100 255 24 132 :45e89294db855c247fe42050e7d5de8a7a4c9d0064a0b0b4f46a2f48dda294ab
206 32 100 255 19 132 :b51a98f75f27c348d8eea93aed47ad8493702de8cc2a52c99e6cc9967cb008c6
207 32 100 255 20 132 :891471b1d164d8f6e226cd3c88927c2da024b8e3d06a363f4ae566a6984cbaa6
208 32 100 255 21 132 :8c84115848dc558d45a4e08505bb3c73ce54ba301b898e557fc336ab10d1e2d1
209 32 100 255 18 132 :028dc6fd608eff4e8d0c7a281acd7350eea211d183a633f24280b0f73789afa5
210 32 100 255 32 132 :c2a985a10c6e112543d079d65179bf9f49ecec9dcb7894905929c06267f1e27f
211 32 100 255 20 132 :c37939632edf5c86e7d1f7b61ab6242b2db13385b6e23c588ca666c892bdee18
212 32 100 255 24 132 :a97e7c8ce12c26eeab1315494dc32ca91f684a7f1f0555dea086fef5e6942836
213 32 100 255 21 132 :4d167a9f4e6dac26022eb48f91a797fd4dbf775fc943e4a6aea9d3825d5b7522
214 32 100 255 23 132 :50dfab2113e976b4cfa48a2070b346f6a7ac1877d08dd9b115c64b99ced445b3
215 32 100 255 20 132 :c5913828493b528ac4fe54fa8b53aaa525c06d9d26c850354cbb4247c6f8f885
216 32 100 255 22 132 :af1b46996b9591fcc06dc5a83e554d1276597601b809bf4a222279cd895aa24b
217 32 100 255 20 132 :615617fba7ef56cfa0ddfa1882862e8e6f955f6047425a4baa875d760f9ea2b0
218 32 100 255 23 132 :7870e4f884435d8a58effc16d1e08edcbb9f87423ecb843e072ddaf2326a6b77
219 32 100 255 22 132 :8323095301c8c26b85fcd02459f9d12e0c7f710f121b7d19110a73a484884b75
220 32 100 255 21 132 :c9ac1165c010bdec842f1156c59dd472cb031e74f8edd117ada6a5cef7ea2fbf
221 32 100 255 22 132 :3ef0d3bc5f76b059b8d7b26b8e22f004dae928bbb4c34105f31857c04a44ffc4
222 32 100 255 23 132 :0593a9a0f30fe9f3b0037ff3f3a0d701527553ee94537ade3f472b8593bd6dee
223 32 100 255 20 132 :d025802c32a971f7968557cfcc9e0d9766eb14fe5ba4f174a4daa42e119ada5f
224 32 100 255 25 132 :edf0e92bfc63aa3a428c65a158ce4ea6c2bb1a454a16b4efe0f24cf00a822ce5
225 32 100 255 21 132 :d5ce297b4b39b5cedf984b951f1702fdd49771058b46921cd61559e5b3cbfc29
226 32 100 255 24 132 :8fdb8367538cff402418c508e3f0d20736bc1f742410e506caf2943946081b2c
227 32 100 255 20 132 :4339626cae1ff139473166eadfcfd9fb7f3de57632f13b3ff6ac1687fb510bc3
228 32 100 255 22 132 :33d7c02245ba1b67a1882b022cf0c0f383b6774a83a8dd9dbd36032e48e2cc19
229 32 100 255 20 132 :27f9e0fc9d1d7143307ee1dba1ce17024ca0a2202a7db3e63cb15d4a26dd68f5
230 32 100 255 21 132 :b456d1d391b0d5834e6d1dc0aa397bdca8b83321292a7069e0ba78676850b6e1
231 32 100 255 26 132 :615e6f6816b2f2b8d46b3b3093f05b4d12c59245d7e12039ee1fe278eaa3daa2
232 32 100 255 21 132 :b2ae6262aa8145d10936977dcc5a499f6c45a40f11ed10c61527388e38991ec6
233 32 100 255 20 132 :c13119870801f3278bc84267e6692108a7251dd7cdbf23782c4f1dee11909290
234 32 100 255 21 132 :198b94701e858e5d48bf292e6e935f36a6f3fdf820039a017badf8f2f587946d
235 32 100 255 23 132 :1438fa6addab8b776903410d0600398f8f508bcd4da10779fb4468fb8db00478
236 32 100 255 23 132 :04f8ed3c863538410a0a0f9f64db5c0d63b4111604a8cc945dc246c537ac1188
237 32 100 255 26 132 :fd106edc0182b53031dcb603ff8e2bbd9710a674df9a03fe28c993e533124677
238 32 100 255 23 132 :b39c0cf9e9f7f576416bfc0b36414a562f3ce0b3438aab7be4b2702bbb8c3510
239 32 100 255 19 132 :fe800de6d2848699b013e8ec2d6d117b0d65f5d1b8de606b5703b5fd655edf36
240 32 100 255 22 132 :0453a4ed05a29e50abc19871b569634f9eebd63231dcb21adc6461ca0c6bef29
241 32 100 255 25 132 :27de8dc41d4473f33d3f7848400155b24dc112d18dadb2c1978852adbeea8eb1
242 32 100 255 18 132 :589c9fab3b97f39e3037f62c2766fc61f9a38a971dbdf6e960ac416ff84f3b32
243 32 100 255 24 132 :3c1ec44ed6476e5716ba9196e7d95935b759f24b6c02f7ef41e79a74a51e7494
244 32 100 255 21 132 :08d3d57def51cebf2e20063cb44bc0990ed55fe8a72cdb1ff34c3990c93ea3cc
245 32 100 255 20 132 :951c8948965e289cb7f04087412b631d3c30be3b3f4c970356df4816ea6241bb
246 32 100 255 20 132 :811b9fab6db821c91005633796651a84fac5f032de76e95b193246c284c3099d
247 32 100 255 20 132 :fb5d5a73945a27e79b15d3b107c701e023d4e4357ce6c3e6e10aa05325c48c46
248 32 100 255 23 132 :fc7217ea7c46163d0c62c798539592712e182747fe33d88baf21d53034798d7b
249 32 100 255 22 132 :27868aa269b5cb24d08b3397385bf2701d18d8cd855e25ee043ff03cc10f4308
250 32 100 255 25 132 :098567fdd0fbf7ce30388c10cd917609bc15f28da595e73442960c65a9048c96
251 32 100 255 23 132 :994c92e622a20f77297eab1f01fa4e647f238b09f1ca396d496544cb1ee3e9b6
252 32 100 255 19 132 :0de571ee8af345c1051e411e634dd0f806358ca1d802732f259486f1063ecacf
253 32 100 255 19 132 :ed7affddf93953abdc5e7a86f24c5655b98ccd66e3c0133fb50a8b383ae41615
254 32 100 255 19 132 :e90f96d3139a50887b5e5a2eca55a9107317ca70c5e7e31abe162f6bf469f3c4
255 32 100 255 20 132 :cdb8536982c98850c0f2f447dc0247dfcd3ac0d0a21c59d05bff2bad000f3f1a
256 32 100 255 19 132 :44dceea79cce946c17ac3fb19fd784ab7206f8d9d339103ecc18814ea83c97b1
257 32 100 255 24 132 :420a93a3c6d65b36ea3bb44351e81dce8e4cdc0afc952e6f3096c834adbb1c9a
258 32 100 255 20 132 :337d8302cdd7fe1f3eaacedca255e814b0b4456a30cc86c9f5036ae5f1ae29df
259 32 100 255 21 132 :fe56da8ed0f58fb1270f8f8fecf356e21db89c5ffc519e4ede20e85d0f6ea67b
260 32 100 255 24 132 :7c18da2fb1490024d61466a1b77e5f162f47955819c4a32fc60154882edb5c43
261 32 100 255 23 132 :7719659d3b77ddc187976e7aac5ec900e3e516a13f34f5a4f534193a55e3e2fb
262 32 100 255 21 132 :0dfece1d53d2ed04d7f232b27675f0b25e9ec4c203b9a3a7825717e642e89396
263 32 100 255 19 132 :e1b4a312aaf96dc3eb95c34e1b72e0f621694f26cd9c1cf1a70f9d18a43dd2e1
264 32 100 255 20 132 :f9bcbbae3067bc7977f455d4ee98b3e68d1f82cbc8f4aa61fdf8d1086297b6c9
265 32 100 255 22 132 :31ec851c3008ef93d3b96cc7c53f3ca00dc74be2399a2ecfe5b4a3fbeb3731af
266 32 100 255 24 132 :e6d1d1ee93c790544920313fbb5bb5dae76dd4ea87042fa6eb045f6642041c8b
267 32 100 255 25 132 :0cecd80d4ba6d7737768f9134ea6a90954a3fc569c54d148fedceadd608a20c9
268 32 100 255 23 132 :783eae4157b71c061d79dc2b99edcbf9492e7795ad0d90251cf9d2858eb337ce
269 32 100 255 22 132 :c807aa144230bbd5d09626b485cf93690a1c3ef03b1255d9c10f170d86c7d01a
270 32 100 255 24 132 :73e5643a07b7c35d1144f916031295d0d07ebd16f19002609b75389066e44411
271 32 100 255 21 132 :8727fc424f2fd4b35510d47dfff8b6715e2c2a8a8548889c70638fd1b33d2792
272 32 100 255 17 132 :160b206cc914b293ef73b02736c2a850c2f0c41d010fc37da252352e9889940a
273 32 100 255 23 132 :c024854b77ee5f7dc65b35c14286550330217b533eb39a7aeeb0f7a21c6f83a9
274 32 100 255 22 132 :c5dae3af9b10aacdfe6f6d91ff0ec7252ee59380bea9d924da6b549b95bd37b4
275 32 100 255 28 132 :a8f0f10a2fddea2826b0ae08d20ad70184a660c507c62ce934dfd67fb5ef92b5
276 32 100 255 25 132 :6d73ca5827e26729765f2140ced465e0ad533baa8d9ada066da2b0ec8aec017e
277 32 100 255 25 132 :04032ab4458481b5b6dfb89db62ae019d547a35b721bc883d435bef11f391ec2
278 32 100 255 20 132 :ecda35d5aa09f488ed6cfeda073e22280c988eef065f9b76d0609937e9b8b47a
279 32 100 255 20 132 :16841b79eb5a15fc47fa3918968df33972e1f7f11eb8d3718f98a7ec239591fe
280 32 100 255 22 132 :61ef891f362fb7bc9f41182b62b3d37691168d828658fb0977385a3488d99080
281 32 100 255 17 132 :242016133bd673988025ad1e80aa7951c6405249f3c773a0a64eb48aa1b24fe6
282 32 100 255 20 132 :eb9161de71ef0f4b0a1b81536b26be09a629fade4c8f2a64b10a915488eb46c9
283 32 100 255 19 132 :f84b6db3b46166a90f63f5a9d442cff05e80a64c6317c1ddb754e8de4e9447a1
284 32 100 255 23 132 :cc517619a104bc533685170bc8ee0d7289103dfd39a4a80f35b420dd236d3a06
285 32 100 255 24 132 :812cf4d5a32baee3eb8742ec11098ba8bb864a0051c29a928b88e914bf88b581
286 32 100 255 20 132 :f38e4d4e47bd09c1900f08e3f4754580fecc2a6f9d4341387ee99023262f0e9b
287 32 100 255 24 132 :6ff63567b35951978a286cc3a5a3445ef796a94a56f0153d431e651efbb24765
288 32 100 255 26 132 :09e646c4bf7ce041f191f7dc3ecb83489287725690bed31a27436d63c00505be
289 32 100 255 29 132 :269c173ecf2c1af6e4a93f31206d93ad303ff186c6b3c3bc601c27bc8ef269bd
290 32 100 255 18 132 :b271b5d79e60faf4e3cd296bb1fbda92300f3f08bcfd6d3a9ce37f724f649377
291 32 100 255 22 132 :fc478f09d3db5d96fcd9b09708b9fdced7e51c3061325e4cff7e690580f51d52
292 32 100 255 21 132 :3121affaeaed15ffa387aaba505304c3093a69910a0db86b796d0855bdebed3d
293 32 100 255 21 132 :6303ae647e6590a8bb188201e13cded290f938f9ddb56504da62a0927b166663
294 32 100 255 24 132 :985324da17aef46bb5631b159020c7f8ccef17f036f7704227b6d93ef66d8f72
295 32 100 255 19 132 :9293b9e3b418c936a9cb8f0124cebf04732dce75c784e96c794124ce4b83a1a2
296 32 100 255 27 132 :3c23965880e52db70b8b9cdd7048b849aac73d20495edc207e08679713e8ce4c
297 32 100 255 21 132 :2816e16b65018956a4012d754c42aadd012d21931eee56299271bd6409817c76
298 32 100 255 24 132 :fc2df5850801f7362b30505bfc8af8f9469b354798d1773370cd9f1162236b32
299 32 100 255 26 132 :23bf107b47c671fcf85ea66359dfa20341a31eadd8753f0f34e725e6abe54b25
300 32 100 255 24 132 :75d801b61c858b4cab052f869e37691cb27caec92a17df0f30290d9c69acffb8
