# in_len out_len m_cost t_cost time[ms] memory[kB]
1 32 100 255 43 212 :2b1dbe4b7b7baa720e72e62e341ea74003a4c65d60e26bff92997677f5a87be7
2 32 100 255 45 212 :aadbc8e32a9ef82325da700da3ce744e1a7f40635dd435518c866d3f117f050e
3 32 100 255 42 216 :1a4e57aae0cacc95f2299a6e1dab06e1a797950d8497386fede7e920846edc7f
4 32 100 255 43 216 :a7b163b066729836bba14c6a99ee4db13907d5429dffb5d02f0c1aecb33f70c9
5 32 100 255 44 216 :b9e2d96e1646b8b128717334e083a5f97df8d6e1dab957fb861d2cb09a84b92e
6 32 100 255 44 212 :9f326ebf090cf40b0e5a126f5c7de9491a28667ecc38333e2efeb59097921226
7 32 100 255 44 216 :d3078f5fe26a14f5b3f367967c58c38f664149bd984dfb3f4a581e262d6f7be3
8 32 100 255 44 216 :15837bffa18376aae13f1ce381046309a028ee78516253acacfef6c4c89795c0
9 32 100 255 44 216 :a2bbce8c68ff33d926eedbbc1b2d51ce3150b738daab05e2ada1e399e95eb110
10 32 100 255 44 216 :7c06fbc768fe346d839c66ad231f9792966ed831394dcb4a0294ed51b8bff2fc
11 32 100 255 44 212 :6545f92bb8855f7283e5cd86fea9c4c56f0b2f6aa209bef1fbc0436b1058359b
12 32 100 255 44 212 :db0c2a6ddf13b2f4817f6c19eccca9770bfd7102b043beacb51b6650075fb6cd
13 32 100 255 44 216 :071c0d12e5c44bec9b33f6f42deab29c0645d3c3af5de84b6ae5701ccc460af3
14 32 100 255 44 216 :2460b453713ec279ff91c62499ffb60296b4489e8331138402a099b68c072b69
15 32 100 255 43 216 :f05fbeb4526f2661dd3fa34b8a002e33b182f04fb56f3a91fb35cf5483535ff4
16 32 100 255 44 216 :42011714d2d7be92a27c151fec9443adbcde5e6d971ba75ac97784b42c6af249
17 32 100 255 43 212 :8e731fbc4448b0f644ac802d8ebe8730864b6ad705564191561dabc0f4f57447
18 32 100 255 44 216 :95ed9a5468572122c60fe93ff9f5cb0ede31018aeb2d8410aab02df594846d2c
19 32 100 255 43 212 :c040f2723e61c3fc5bd5c34ce4a349c0bce1f97c2eba9dce0cab07221b7944cc
20 32 100 255 44 212 :c0c5854e05b638fa3ef33974cc20411b8a743e1ddd015d1fabba9f28dab500b7
21 32 100 255 43 212 :7003211b4851f2f973e9364bdf46bdee691637842729f961de71a091b4d84b55
22 32 100 255 44 216 :70529d02c3649e7a2d950a61e5b75448d72066aebddbf27c5d8a73b10ddf0e02
23 32 100 255 44 216 :b9dc3a8d903163c9b2b16840b991e6f7bb2b466b7cc3ceeccfbd5eaad1a2fd2c
24 32 100 255 43 212 :f1a01f47993df429de6a5ebea3b8c2593ee619992759f6d5abc4f2718590dbcb
25 32 100 255 44 212 :7e554ef0794985b30b1ec37b73f2d52364360fc3af4c0efa14754a4d7d329fe3
26 32 100 255 43 212 :43a6afa84388571c83d6c4372040643ce5160a7174c3ff986b84d749ef14bce1
27 32 100 255 44 212 :79a5481c47116bea4a86a9832ce8dea6b0cebf7873feeb268af486cfdc0c0fea
28 32 100 255 44 212 :2e0c6426fb6c36167fa3c65843a60a73b71d22b547bb6ed4ba6ec411b80026a7
29 32 100 255 44 212 :8b63e04e565f8830d2a5f41a60cb96eb7fca8f059e56d9c9b5ace398798fecfb
30 32 100 255 43 216 :45d912a167a2dac20abc98e84d802b78e7c8097491483eae6236568ebcda7a31
31 32 100 255 45 216 :a54fa709d8d2ee51f5f143bf59011652820e3a027d6ca925b18a74c19fbc1215
32 32 100 255 43 212 :6af4143df0786aba1c8c33cc8deb0e07353157e70b65dfcc37ccff317ec0dc52
33 32 100 255 43 216 :dad1593b992603ccaa0fa57cf116d6092789366972bf7488c4966106c2d1cb0e
34 32 100 255 43 216 :1c0eea0cd4f66b5bf1716e2ae194a526b56acf2b34a86e6091cdd314f9d05a06
35 32 100 255 43 212 :fc6edd32d5894b863f81bb9d4a027a6b9437f67a2f25a58e65dd23c806f69d2a
36 32 100 255 44 216 :4a93e0d840bc5e286e29b5512630fb2108e9937e4837e726d2ef3ef3ab75e4f8
37 32 100 255 44 216 :731201dddf778f6369fe8bf9fbbcdcc3172a977a867e34792a527ec8cff1f0d2
38 32 100 255 44 212 :dde80a4befe6b9424f192b2b17bf9c030c6fed33c4dd8237c57c4e17bebdc246
39 32 100 255 43 212 :42c17eff89f960d911d84b2f02ea807ecc77d9b3e03e65332e9749e3e26635fb
40 32 100 255 44 216 :ca5db83459787ff7252cf5f6adf8fda9e4b8d9f781c55a944d8824c863426042
41 32 100 255 47 216 :9df8ba7dc5941a4b674ca1cc690ca1615269ddec747da55ae782268506fb3552
42 32 100 255 44 216 :07ce961f9c84a23e97cac183a331fa41cfd8ff29518c564ffcccddfaea5a1e6c
43 32 100 255 44 212 :19ad3da2ad675b4d7bbafeb61d0a13692c9a74b8ac77968a8e07fb98c77f03ca
44 32 100 255 43 212 :c1e0efd2f6af49034b5e9f5e17e7f79db8d7ae3bc452c6a7089ff79590d5919b
45 32 100 255 46 212 :e6369db7b0dd819ac1d04c02dfb4056c5664c65733c72dfbebbf43d02bd0fa85
46 32 100 255 44 216 :5c55113ced88e53f9a2c8e0d7454d686f4c87e314990650ad28942601747eab1
47 32 100 255 44 216 :4ac04fa61928322fd50098f7a0244076c1a0f626c9573993a40c0b9483f9e289
48 32 100 255 43 216 :70492ffa3d45c4dc28472d104120576d28a942e0bb7b3729d3d68bced6717c5e
49 32 100 255 43 216 :3bb5953e642b3abc3d7600e211ae572b1850e10d5ccb12727e5e5a530aa5219d
50 32 100 255 43 212 :1e89ccfcf4b66e7b70f72c02052b6a902401f689febaf863297689942d01e680
51 32 100 255 44 216 :099d15df578f39021976f1337e2875728ad88629cd83c540aeed8a8dd50a4050
52 32 100 255 46 212 :d01c1a16571fa75d571e8fd2ba5c352c2ebd354577d90a3a0794ff2a57155899
53 32 100 255 44 212 :e14281fc7d34f37b74a6e9a483546d1f6840b17f4bd121d8552a69aaeab27b1a
54 32 100 255 43 216 :d63c79a201f138e79c7007d66ddac81262f16b0f9df3f30d0fe873c66305e19b
55 32 100 255 44 216 :9f4ff04e5756e8fa943928f3df952cb70c64fad384e88b5780074f8394790bc4
56 32 100 255 44 216 :cfeeeacf924d0b0eff329260e1d34328b1d920cb3b1277f7a5e64ed256c9bf70
57 32 100 255 43 212 :6984c26e1e44ae97fc77b73aa00d5bdff8e762a171f7e8f6b5bd086f8077e585
58 32 100 255 44 216 :d18b1844bff79dd1b7a9a17eec3bd4313872f8781ef55bf255da56b40618dc1b
59 32 100 255 44 212 :f958354e4158c289219df5b2083ac2d8a5007b2bcdafc726499d933e8a77250d
60 32 100 255 44 216 :b331646144a57b02dc84b60bcbd53e742a549746c7ba407616a66d0eac12af76
61 32 100 255 44 212 :b562f3717c146b3be95b469541c0509d69e5249e68921daf1c847738ed44c389
62 32 100 255 43 216 :d975342ffcb7e1dfb4855371cb98bce94c85a62c9db117dc1d91878d742665d3
63 32 100 255 43 216 :c902e555f153af4f01b055e49eef9dc5df1613275a498eba79b437d9f4d9ea02
64 32 100 255 44 212 :7c3e80842cd0e3438dcd90bc25958f61ca7fbb58527e32e64c62da3b90ae602c
65 32 100 255 44 212 :a29b3c161e21c101e51af36e446a683221fd78da7a2b203fa2313982a19d7004
66 32 100 255 44 212 :bbe6ed554484a3903db23f5364ec223f152bbd56ef2b0b1b34059409e6c116f1
67 32 100 255 44 212 :62ea6f1227e778efee46244becc4d6f8efa8d6139094d03429ecbcfb0f7df714
68 32 100 255 44 212 :fa9373d695387d2ed84f34dd75ff2d13644a1c3f2b6bc0c178568f26e2d4063a
69 32 100 255 44 216 :43c0b117a18262b7a5c76673f501bd0fa7f69d9c86cff280161bda563856c770
70 32 100 255 44 216 :618565582853cdb6400d7740a626d82df4728d72de54546d865fddda40cb8951
71 32 100 255 44 212 :1cddd9330f1285e393459ec3a885a39b3ab42a726f96fafae0c3f1cb018e34c3
72 32 100 255 43 216 :ff95996866b15466c916a725804eef3318813eddb9734eaa8193e639614754e9
73 32 100 255 44 212 :cdea67987e0a119df197384c7d66a1f70e79f40c1052ffe6f5881b476728349b
74 32 100 255 44 216 :582c4fb86a47115399ace917620b249b59eda9b7d85780096d4abc9a9024196f
75 32 100 255 44 216 :983aff27c24514fe5d0ac558d502a95df21fbf6aecaea43d0247e56c40b10679
76 32 100 255 44 216 :ebd467b7282074c4e28138a44440c58b8e76d2a42efb3f418f4e1b0352b3625b
77 32 100 255 44 212 :eae367126c4e58a5e8c9da50597333d48426deec546ffb6ddbf4136465f67ca8
78 32 100 255 43 216 :041a4ce2bc5d8545c4756e5073013e27d397b8ad5a4e43df1146171f55c0014b
79 32 100 255 44 216 :90aa8f3ebe855cb8c4a45ca52cfe62bbc719b62f0dd2b0ad63fdb8095362766d
80 32 100 255 43 216 :ac13499725fcdb36ecd351a51f37662b946776f919531c1643ed5e2d3fae6fc2
81 32 100 255 43 216 :97df35605d2db70d8475f5fd8dd8771517e6b1cfd821debb1fb2befca43b4e5f
82 32 100 255 44 212 :3c3fe9c0e45059ffaf6ef83a18c127e297a0c2460e2a04ab71b6bf267ebb272b
83 32 100 255 43 212 :3843b7c0e53ac0c6386d75dac9253746ff549a19dc1085e5f1bc68aae2477fc8
84 32 100 255 44 216 :d305fc49832567959912443b3cce20ac1c7a8095c87d857c318693cda52e0433
85 32 100 255 44 212 :dcf33903db4756b5952df0d358e3e9825e53496ceec688d06743bac3cad2f526
86 32 100 255 44 216 :f621d63e325dbf91babd209189602d6cd546eb8e30e13ea3811130dcbfdad881
87 32 100 255 44 212 :a920b002ca6c7753d85b23ea97e73059ea26d882b14200ddefcf62e3c78f481a
88 32 100 255 43 212 :9b042d6fdb1d00898926de1fcaf812ba685c22ddd738bd4af0b7f42f95be7cb7
89 32 100 255 44 212 :84c6dfb97429652f1c0f85742f260d80e8a1644ed2ea70e4171ef3e7c1a45c93
90 32 100 255 44 216 :4193155c0fbe652892993497391042442a1ba6f4bd80afd3bec65572b3fa07e6
91 32 100 255 44 216 :7d140f5698e9c93c3e9556431d360f1a095f2d9c4c57a76fd14ad72be06c0734
92 32 100 255 43 216 :63ce133335f0041756b39c35fe14c0f902071b7e9ffb4e4a7e96ed367a33a852
93 32 100 255 43 212 :83d7d7a6d090a3e926c730c7384c2bce2a05dbd7bab211085dd0d2964d7ef9cb
94 32 100 255 44 216 :a2e454c382d7c4bf22ca2473f4422e6211812f3770b4b143c7e229883dd467be
95 32 100 255 44 212 :fcf15f642389257e7850bcac43ef44bbc19ab3851898413abb4873e1de1f2523
96 32 100 255 43 212 :2602047e293a60d27a9615c5df73d7d3313b5891efa0cc611e6c2a2d9b725de5
97 32 100 255 46 212 :bb6a67093352f329b458c7e479cca017b604e8d6e8f07c479b8bc1f49390f76f
98 32 100 255 42 212 :db617d1736032c78324ee17a0602e0b7471f5f2b97353b648e95c5dbbd2137a4
99 32 100 255 44 212 :85f1dfde45e5f264f4aeabb63564c24d17d01104643c341b8dcb9af4789a7268
100 32 100 255 43 212 :40cd813f194bfa24b205798b7bb7010004a0e2ca023d7a7137087d4db45702b6
101 32 100 255 44 216 :0e06aed596b4af56d1744676857d817245845fa819736a66264b4f8e9cf69e63
102 32 100 255 44 216 :3f7f4d5f2ddb91b2c096a407a9f30a52a1d634bb2aaa35f6dadcaa91fde6429c
103 32 100 255 44 216 :bb7c8d4788950d85365c558e326839e627153588b2c5a652bd15440d9c2d17db
104 32 100 255 43 212 :38dc5ce975a18754a1f6005d924953137e209905841e1a7d271e5a1318e54e8e
105 32 100 255 44 212 :d17cad4319cf1235cddeed23eb097e9fcfffeb7710738f8af8dd99b929e7ac0d
106 32 100 255 44 212 :1b9df04986a025b827bc38bd3b15a76d59a4defbd0fc3222086384943b6f330f
107 32 100 255 44 216 :7bb7979033d06bd64186036b7a4c2fb59393ab3519c51ab55da4bb0869374026
108 32 100 255 43 212 :6daee90074f316718b2607abd7d999b4532a5ec245c8f64e5a61060018eaf0ab
109 32 100 255 43 216 :06cd0b0f27c525eb044e8683fab52457c1c84cbb433814feebcd806eb17f0f2b
110 32 100 255 44 216 :0536353cc423a9ecbc8bb2df76969c0a894c57d7ae84c74119a5977eb338984d
111 32 100 255 44 212 :51749abbd14872de861fe9d487e750a0315670445676fd6aa947bc82c7dc27cd
112 32 100 255 43 212 :46bc6bf6321009cb72459e458f8c1381b12ce214f62348311033d6e4eb1bfedf
113 32 100 255 44 216 :c04ac78914b34a2095c844805e484eb5f893622b7b3fa30fe575506b19bd6036
114 32 100 255 44 216 :d0f5584e2d0e7d09c2a7402a2587fac3a9aaf3e7a8c7fd284eaa771505bbbd6c
115 32 100 255 44 212 :c8952b19066b22bfc7507a052338752e6bed3bd9d8e01695a631f1e0ee37fd50
116 32 100 255 44 212 :31a04244c08d78b46f5ab1a01b9253d3ad424686c2784086dd4019968d26c800
117 32 100 255 43 216 :e766589bf2e5bb7034a31c65ed1ca73994793818054d2f066680218b2f6e7fec
118 32 100 255 44 216 :ffdd37dcee8f278ee7c95aab2c8e45780c12e007919200ff516f7c77206ca964
119 32 100 255 44 212 :3ad8a580f214f391c87b7ba78eb8604d2a45a0af4d297cb57fe06d1d59d60175
120 32 100 255 44 216 :564d4f88fdb50000dcb443f504c62468c5c0be570f7b67dd645999b2321d801f
121 32 100 255 44 212 :fbefeef04d9b6e795f7f455e916b9d9e0c02863a6d3012b8efffb24619e3235c
122 32 100 255 43 216 :e7c2d87b7a2256bf85fabd533e1cad22180b1c367dd1c7902c5b403259a0582e
123 32 100 255 44 216 :6d14a463bc30d26afe2dbed130ad64a8b6eb0b20f7fe7b0de11a782cbd68702c
124 32 100 255 44 212 :6e2870c44cc4f4d05378db6d009315522dd06424b254e9c94950c7d0a3bf367b
125 32 100 255 44 216 :1291f6d02efc7cdb78b98edd0a3d16890644ec29e4337222870de3865e552c80
126 32 100 255 44 216 :3780abbc103b1bcd6867e7d4099ba13f859dd5cbbcf2aa5591dc0e02456e0f84
127 32 100 255 43 216 :9376843e3863c62720a948c42d1a9c17f710ef7728b7a71f40330381a537a186
128 32 100 255 43 216 :6399f10aa19d36ef36a323ecf7ccc1b38d6b4cb91ab6131bc08a6a7c5b58d741
129 32 100 255 44 212 :c1779d904db87be5250ad10590c521b607f983074e3e71074e0db8ef1dc71951
130 32 100 255 44 216 :0bf0901c0269722db30d0c123227291ac85a728b210817012b250f7724c8fd24
131 32 100 255 43 212 :f150a38ea5c8898b9034971d4b34cf5ddb34caea9f0e35da636cf8c8a56792a5
132 32 100 255 44 216 :242fdc795ff0c395b22df71d031d1d2e53870ba967af29cd84f566dafcd3626a
133 32 100 255 44 212 :2062be9d5a67b7e1a9ad6c02033aa32ede672f3ceca385aae6ac197697e60e75
134 32 100 255 44 216 :bd3d34825a174793bb6d7fb97d0f75831e929a4ef4eb09fcf90d22449ed51bf4
135 32 100 255 44 212 :81d7e886d2f2f2145ad46e033419a51029c36477c43a375f45ae2a45e8aff232
136 32 100 255 43 216 :da93f9d8e7875e31f52b75e80a624e15233adc8930599389b4f900fd84ac9c5f
137 32 100 255 44 216 :41da8bba8037bba1dcf4117ee57e47f036ea2623a8cd46de9292b4fe9c1e635d
138 32 100 255 45 212 :c420027a7ae377e59b7933de2458b95d506facd0c97c7185138d73ea4271a6e4
139 32 100 255 42 212 :478c502b1b3f60dd28ee74b887a4cd2ae0cbe661c609395bca08ff5c8582be0e
140 32 100 255 44 216 :38889963c96988941542e1d88efa7716121403dcc5391d7e3d6c7b9388565b92
141 32 100 255 43 216 :ba73c1329a1526559fcbae41a77cd1f08ca542bdcc6ea97757a4c8d76a938b94
142 32 100 255 46 212 :ca75e10fe8ee1a5db3ac2c3f7f5312c56cdcc5566f5ed5d340fb0447ef8f482a
143 32 100 255 44 216 :bbe617075974e26f362b4ef0a162938e322fad259abdf7cb2f2db5e075e24516
144 32 100 255 44 212 :94a4ba1fe51b55ffb97906b751273e49d3fd05e7c29585d7d5142aefac16a01b
145 32 100 255 44 212 :e3f876f6c5bd6a2f5ff1b454bda315bddee46d451e01535973ee934d57b74216
146 32 100 255 44 216 :3bb533b57dc616d5e24b12887b311af7bb98dcdf739ada7f9cf8d81d7cab9a01
147 32 100 255 44 212 :f6300990e1d08bec6db2dcfc1dafa4a9de649f576a2945bedfa740f79118211f
148 32 100 255 43 216 :64b2b5d949092ef46fae637634bf41f2ebe8c34a40b4f829ae519cf2e26ee1c3
149 32 100 255 43 212 :7c389eec4a769031d9e3d760ff0e0e18ff094cfd1ba11859044952e4f868cff2
150 32 100 255 44 212 :21339249b4be607a140433100b93dfa43f09c77785f72151a54430aceb45a312
151 32 100 255 44 212 :1f067b87968bbb5a543a33fa261aad01e35867fd767c74f3c6641aee29cc57f4
152 32 100 255 44 212 :24bc49dbaf6a8310b6ee653cf8d0a74ec4274f87a0b02eceb885369bffe61b0f
153 32 100 255 44 216 :ef3b2e72bfe8c38623a4d7e88158d486faa403c797fbc292825f6b04910c5b4b
154 32 100 255 43 216 :c230a1c43b7b14a7064a0b708584e6b1583a8687c80d7db8bfe90a0e2e129d1c
155 32 100 255 44 216 :e4dcc67156703d271d2fc79a7587031c851c1213e9862a79a8622ff88271d0f6
156 32 100 255 44 216 :b09e121fa31b0027f17e73b9ab8a27981fcf08813be1193bde3a98b6bb4552c1
157 32 100 255 44 212 :85a9f6c513b125be8fef3a0441c2468a93477b95c3557c07bf0ca3ef213a433e
158 32 100 255 44 216 :54ad7788dcf2c70df6c0f3e04cbc7c705993a1c7612803ebe3fd02c670701bed
159 32 100 255 43 212 :b398936feea21c324b39b6670476ae989ac67c7aafefb83a2986e2ad477f397e
160 32 100 255 43 212 :6ddbee5ccd5649aeca174379fd3aae6f3659629f4a041243d0a76db5bdb69791
161 32 100 255 44 212 :61e9f021864327e5b781bd7d7af5f92168263c82d73f19c2cceea00df36a8052
162 32 100 255 46 216 :755b91a941202220ede1fb6b6ac91fbfa64c9aabe968beca60f57d52f1cb7585
163 32 100 255 42 212 :7ec3d11d618af4f9e05472cd4215dd7bdb226c44d407bbb4c7b527babdcd699a
164 32 100 255 44 216 :2c2c287f6475a61acc5faabc41d61b8f89ff9e2a8b2f0bfbfa9c2db7cb55ac08
165 32 100 255 44 212 :5a1c62a2f09345ea15a7b7f5c0a1a8bae3d37c00cfffc1432ef611ac35b71d27
166 32 100 255 43 212 :98b4117edac42b95c5b16768f7e7fb73098836f1affe5ca7b2d165b1953a38bf
167 32 100 255 44 216 :800e89a204a2c6ae47ad1088c7f405b93a19a36580d43d84bf5ca0ba2479e089
168 32 100 255 43 216 :19e651f31ef7554356297edfc024f2f506558e01d0ef7ab53c0101f3fa6eac2d
169 32 100 255 43 216 :223dbaadaa4283f3e5cf7f0da84ed42293d45632d4eef365fc585ce468163cd9
170 32 100 255 43 216 :07b075117ca5a9fc03f66bbfbd9514c3ecd3e64505329d1f3fc3c5536ba7ffc4
171 32 100 255 44 212 :bba7aa89df7ece4e2b7c6fcb6b8ad2221beaaaf4e403450a07e1110dd3356d7e
172 32 100 255 43 212 :930d2406829df1a853c02ab4ef67bc9134f89482c1eabaa2e54b50d12d2bb479
173 32 100 255 43 216 :ec1c0c19627d1232b94496980d1aebdbf749a9e2b9d73694eed1fad322bb8f69
174 32 100 255 44 216 :3fd352546f42b5fd4d4bb7d072629c7f8e6e6c36c490c4f2ba00658bf61da8fb
175 32 100 255 43 212 :e7a4d80e2c8078184ff433d3a0fca3f6ef2a2f810bd5e0560f1eedde61db2388
176 32 100 255 44 216 :a98987427d5c3a34d786d9a58c3cc3f2609e29aed2329438fe79a09efcac4134
177 32 100 255 44 212 :b655366641578192dc15acf434a10c7bf639204537489a32e5881d8581fa0d6c
178 32 100 255 44 212 :ca454841a4eb89b620242a357f661d7a19b6e751e6722a53260536103b259c8f
179 32 100 255 44 212 :70767805b3ab1b89d14900891384e30ef862f524fd8b0336129adb0d7d4e8a73
180 32 100 255 44 212 :23cc007907b3352f68c40bccd22e304565b480be70825a47af276231ae1eae89
181 32 100 255 43 212 :d2810b90a4282978e2455e4d18f44424beec7ca0b44d1a1fd2c4b51f47db5fbe
182 32 100 255 43 212 :68c85cd163139663213fc5515da9b1048f45eee09d874c789468118bcfe7e395
183 32 100 255 43 216 :752e68bb9cc67820865229f09be59da6677a3cf1276063ce47b1aee5532f4f37
184 32 100 255 44 212 :2709990704c60892ae475c6a793dc1187268eb3006180fa23c3aae94223fdc4b
185 32 100 255 44 212 :4ee638aea063e877af4970b8c8a424014dd75633b1a62ac6687be733934c71f4
186 32 100 255 43 212 :d096da5801f345ae8ef75248b13d3256f1b600f00567ae4cfd3b3b448d49b9c9
187 32 100 255 44 216 :0789b78fd7d96435c13618d206d9558ac1df9dd82a46448dc9527c813910a52a
188 32 100 255 46 216 :d302aa48f87b9815efb99b2a90eb48c431b3014c5f334fd40e7bb1a3979bc287
189 32 100 255 42 212 :bf2c5058aba06f5cc5ad712777f897c83d75e0c3ce0fadea620392f16cdf22a7
190 32 100 255 43 216 :4097d2b0b2bfcdc3d54a7c813906365988399432533f3411d628ab968b0d4baa
191 32 100 255 43 216 :8522828ae7b3e44accd4dce8f21592f108e94e21b6822a65b4ea953b892a03a9
192 32 100 255 43 216 :a3162901e2c0a976d199a1e02738f51e6922267036629ee0801fee58f8263f0f
193 32 100 255 44 212 :784c6c31ceb20ab88138dfa1cec01305734e11a483abfadce91662390b687819
194 32 100 255 44 212 :8a48d9d03e930fae98e1d724f9604bda9f1cd6a2095f49a25d83ac0db9b63fcf
195 32 100 255 43 212 :345072bda25ede11f726b855c32f36f624998795c7d2d55793a09155791dafd5
196 32 100 255 44 212 :ec4810079edfd96d735d91f6bba34bd0834939ab601d1ae77298519bb25770bb
197 32 100 255 44 212 :070dd74ac45ed31226334f5efee593cc0c55b0c7c682c925b43d189064af1e09
198 32 100 255 44 212 :78f3674bff608ef730eca6e0e6bd283b087f6787b4651b11b9a80be749f60905
199 32 100 255 43 212 :2f2b2874b31e2c0bf51030607af3b66e3459597b80e0412196c606b2eddfc1a9
200 32 100 255 44 212 :1849d1fa4df91458522c6c24b15207567f5f28811dde274795e0678e63ecf4fe
201 32 100 255 43 216 :17fd941958d5625d118e8e48f0008684dea33396cf2089a8c6c85db4cec2677a
202 32 100 255 44 216 :acfff87de01176165cc8cb86e5eaf3115c62bd3b7294e95be944fc5a82cf6aec
203 32 100 255 43 216 :cd79ce19f3de52d2e1b30b3f18b78150078327fc6275c83a76d97d95ab5f985f
204 32 100 255 43 212 :b2219268bd41b35816bfed605549ec235a142cb6fb23c1b424873e9a0b66a788
205 32 100 255 44 216 :747e8f92abff36b1cb49bb256f2bd0352e8cd1e5989543d58fff29b7a934d4f9
206 32 100 255 44 216 :cf6dbc9afadec038a74a5361395727f2ab732a2d5e6192a9e267d151e93088d3
207 32 100 255 44 216 :ec398bfbb83dc28bd507f360e80d4cdc1e5eb8b3a30d32acc5022abf3471703f
208 32 100 255 43 212 :11497297460a011bb50d932ceb1580d31de0cb8850cce10cb15e5191fe1b7c8d
209 32 100 255 43 212 :20a41b7950360b71584f0cd2c3e7227e581392608d839f01ab3bbb1c93358fa7
210 32 100 255 43 216 :34c58e6fe6bcb3f8e3404e6b4836b78cb4f5858dfba40c9a7cb8fc52dc4f8eb9
211 32 100 255 46 212 :d5d6c935eafe067f1d4db038f085f2843f44079be6e98a54dbd55f1bf83f6135
212 32 100 255 42 212 :6383ce29d57d6aa88d8c9894d60e2e0dfbd60ab2aeee05e9052d1a31433040ce
213 32 100 255 44 216 :c299ce0022c1cbcc17b831e97146d0df910175a82090d47ba0886bdc56f857c7
214 32 100 255 43 212 :f7d664ae7e6e93f640d1c44b555633f5f5a9300bab7a87c6712caef63369fb10
215 32 100 255 44 212 :dd00a08b5dc13af55dd29124788f7de59eeb409ffa81dc0e2c029f2133a8d508
216 32 100 255 43 212 :17a4d5ec5bad06e7dc4af85bed80fd69fc612f8993fefb51d44d9a1bf41f130e
217 32 100 255 43 216 :1d0503fb16ee447b08a08ecfed66fdc4957b4130210bdedb75c2723e95a3594f
218 32 100 255 44 212 :110c45ca9936a443738be2f5036cf58c153fa451645babbbb9e0776d1f7c9afd
219 32 100 255 44 212 :fb3181e8d1365288c71fcdb4902442a81d27821007b773ee14af167eda8ed3ab
220 32 100 255 43 216 :6d166907e85eb0c342bc4e76687ee7439369d0178bf84a58855db73606ec641a
221 32 100 255 43 216 :c62a316faba1e98dd6e224d5a60660f704891f2843111a23582222874ce8f3e5
222 32 100 255 44 212 :dfaa50f1a3dbf2137eaf3b88907be34233490f6a9981e0b174cdd4421c59dd7a
223 32 100 255 44 216 :7f2b99b529c3ddfb9865c21c75dd6cca7082c3069de8afbab6d7e2f65c64fe8b
224 32 100 255 44 216 :dc9004b82cabf69fb88046aac553aba0783899d7da03f044b0eb59c611fc6302
225 32 100 255 43 216 :0d26ff8f8eaf394883d526c7db7112f2a600ced09f55318fc28e254792cc2ffe
226 32 100 255 44 216 :ff146a3fb991cc840c769d2957be91816313bdf51f70758f76c7714115d8a156
227 32 100 255 44 216 :a4a52a54752bf617bc3cc289b9dce3ff38d518798c930615a333789b067b253c
228 32 100 255 43 212 :12f8163f477615229a0e73b8a996a2dac977523ccb761969c164e809f31f2156
229 32 100 255 44 212 :019c8074199ed16d9512e9846947de0745efe7af025bb71ce6a883f27121ef68
230 32 100 255 43 212 :64b4c108fe190f89e67ea796d92c17b343bcb92cf058304606efef2485585695
231 32 100 255 44 216 :f9d7871df06137f190300a6a34931060f482e374a7f0d67edf600d245413ae74
232 32 100 255 43 212 :104a9c7a11bd7d56ebe0a7f609da58a1c75d4f3e626648aa8dd2301ead567080
233 32 100 255 44 212 :e5463208caf63fb0b37b4ab975b477ac414509e4b36b75d7ca054353827b74ff
234 32 100 255 44 212 :6b32918be92c90b5fa0657be5080ba17effd472a77a2e082731a18af18ad417c
235 32 100 255 42 216 :0be90d25a2f357e2504dc71a693fa736774d3e7209edf41468db1c7f7f3eac49
236 32 100 255 44 212 :903c3697e5894bfcdca78aa52196e26a85db21be4339b6b214238256c26142d1
237 32 100 255 44 212 :83c969a6d446bd6dd1cf4ef218b517a84e3c9345a917e775b19f3b8ef62f3f4e
238 32 100 255 44 216 :ade68e1ec0a06e2c0bf786e4d35d9b99f0f9bb8406068d268a1308f915330dac
239 32 100 255 44 216 :c02e527ca187391d6e0581dcae9cde710442237dc8e52aaf11e40130dea6e4cd
240 32 100 255 43 216 :af1a13ae22b65f1e719d021f107cbe47e1a7e945ba900bee1e7864c37db39b53
241 32 100 255 45 216 :6c49a8e6152ce7fad8550df99ab1ff4c0d3dee5bc6f363a18e5fdbfb39ffb9a7
242 32 100 255 43 212 :25b0a7a513891cbaab4d47f6ef25c75272605c1420ded53a7600de30c7af2688
243 32 100 255 43 216 :8eb144ecf65ea56229dd43dcaa04f5e1d6517ef565b01cd2fe794774508d16be
244 32 100 255 43 216 :4ff77ff02fef59f8ed6131d743bd797adc6cceb2b06b8fc99fef5fd8716f8942
245 32 100 255 43 212 :9e18ddac1e0c5f1b41bf00dbae9e246a36f95e1338c435ff897a0ff7101386b4
246 32 100 255 44 212 :7ef315c0c8363c8ef9825db96bafcbbaef91a23eb1cbd3b914c25c5c89a40ef4
247 32 100 255 44 212 :6a2f21bc2561f28a9555013d3c8f8e78a26dca1ed6d527cc63605ba4ce579491
248 32 100 255 43 216 :a474274720340299985ecc0b5cd2878a61e56559d38a3509abfcb6574559bcc0
249 32 100 255 44 216 :8c09a8b43176dc6c10cce4459e38652329c66dadc853848385c2b32876c4380d
250 32 100 255 44 212 :2c6441c8fbcd30ffaee8792e138a5f71f730ec526c967769dad017d4b2b35f32
251 32 100 255 44 212 :4fe063e566f9698fe2984c6d9269602b1d9e628696cc82596e948ee18895a3fc
252 32 100 255 45 212 :99a114bc4ee3a5dfd446852e90f03c7595ee9f48f81faafba6baf2a3fed0fb5b
253 32 100 255 42 216 :64c6572f9d9165ece9b50e88eafa1fcb64d4cddf976c97a099bf29a96e8984c7
254 32 100 255 44 212 :c9e5e5a1c8ab9251be00babbbb95edc9c1dffbbb6addc4c9b5c0b5136ececb66
255 32 100 255 43 216 :522f3a77299417dc89532f0255a96434af708511a70451e1c138c13e9a62ac3e
256 32 100 255 44 212 :0ec766abf7cd8a117ebd47cf0daa2963be9e98fd0753eb6156c4da6357cb83db
257 32 100 255 43 212 :89f4367d7a7677a9e6acbdf29ee2c630d6328215d4434dc643963cd334c70160
258 32 100 255 44 216 :81b5a0fed927423a3674159a0fd4d569a4ff9a953c6711c82f4081aeca8fd924
259 32 100 255 44 216 :85ca795e093bcb508aa3b6a95cf3968ed1040be7d73b0c6c2c8a40bd8b202051
260 32 100 255 44 216 :b0a1aa21cfe2df14933929b8228e88bf047b65931e17367a6a681d11be5bde7a
261 32 100 255 44 216 :a91f2cdb60444808ca8f1958775f7892ea90dba59341321897317d5ad367cf4f
262 32 100 255 44 212 :ca289fafb0a042524d10d9474272df8d911f7f431ee2f394eb73d090005e3a5a
263 32 100 255 43 212 :6800e1ecbdc5b29dea63ef1dc5d20223a9dc37f43921b4df29992d8c8bf5edde
264 32 100 255 43 212 :d13c799e464887ad7b0ffd49dad169faaef09b694e830d276e451e2c1a23c2d2
265 32 100 255 43 216 :196c8586d265aa5c3d57341f9fdde470b4cf6dce9a548a894c0737667561482e
266 32 100 255 43 212 :211ab35a112d5063c714e9d66129d836d618feb2d06b8870489495b47eeb7b43
267 32 100 255 43 216 :a7f4f45cbd4020064e1e2a3eb70391ee135cf261578a8b8d4823625d8b181686
268 32 100 255 44 216 :e5e9be1b18ddf72076a58d0d41e5c9b290c88441e238effc25d4167a11064465
269 32 100 255 44 212 :c1c41438fce063d73a20f8d6458709ff9f72cf0244f4e30caad4adbad5bdcdf8
270 32 100 255 43 216 :f848d33a1682601a45ca66d09b2f5a432b717af86b48ec4586620c07f77743e1
271 32 100 255 44 216 :7b15461d86ddc110a9edfba5b6fff221be8cdfa1288e3a53ac8ebd05f6dbd5ac
272 32 100 255 43 216 :2465e031a6b1ecff0aebe63b569009ec83c1cbf24c085b10deda9b75b331a2a7
273 32 100 255 44 216 :0286a18b9af0e051459313d41658aeb2761a1c17f963baee011d5cf03efb27d6
274 32 100 255 46 216 :25919d9012e5b15f1180e2b51978a6b023f50922af652088f58d90dd1fbef4ea
275 32 100 255 44 212 :5fc68e904bed3344827aba063a67aad344726d18749970f382b1a7d104027274
276 32 100 255 44 216 :c78ce9156f1af0e7747e52a5f2f058c693c470dd9837a7d9919834ada0c1ac86
277 32 100 255 44 216 :9665b603b312ea15a4ee6d8ab58d160071a2d728bc902aa1ac0bc637562d28aa
278 32 100 255 43 212 :8b5a3a2eb25cf99ab9f96821f5fd25140f2fcd4395532b9f56ddbc12eb1919bb
279 32 100 255 44 212 :b73b81ad2bb2f18b65fb5cf4d84ea88c2c293450c49ed4b92b3319927f928046
280 32 100 255 43 212 :f48363dec5162c69bc117aab09b57b8b0491966a33e875b51fcb188c1efac66f
281 32 100 255 44 212 :a216b7f07bfedc4e21fd4e2a53c509c9cfc5af3b8d519fca15b684d169efea5a
282 32 100 255 43 212 :1dc15a4d6b7e68377db837045cda07d5c59fed11fe1261534f52a74c371da01d
283 32 100 255 44 216 :920edfd5696a0f21b49d0aaca34b48fd1666923d20542080b38874bf16634a7e
284 32 100 255 44 216 :779ddc5a3856ffad1dfaa53b1e5875e5b35114fab86bca84edf7869beaae57e3
285 32 100 255 44 212 :b6b97ea7359dca5f7b4df59244f4b70edfdcdcd7a305ee8fc48dcb6d17d90a58
286 32 100 255 46 212 :e4fdeb2b825ac3399f8a0272cff273c5ea0e5d8a1608d5460b0b5e36685ab685
287 32 100 255 44 216 :f82e5693f61979f48a63c9f0d6863bbc131181c816d207a31666b52e832d223c
288 32 100 255 41 216 :50621ea9940df1ee09e9c843b2b96bd87adb5bfe3565ff7e60e61e0e5f44d210
289 32 100 255 43 216 :8f8626af0b691bce34f7b6f6c3b2635bd5cdea0b990e4a23c94915cd9020b5eb
290 32 100 255 44 216 :006568c193a605d271411909469ea6649320008cdf03616933545884e7620a18
291 32 100 255 43 212 :b25cc9858d60791c90ecc46790bd27c1a638f50c4ddf7198a893f09b05ea201b
292 32 100 255 44 216 :8a8f7a9ccce6f5ef3aad9b718d86bfec54aa53ebb3b98ff865219d39c82646bb
293 32 100 255 42 216 :877143a1d2be35819577f3c8fd92218311d12c7e95c358a1a30ab6067a7e6f4a
294 32 100 255 44 216 :8a7ab463637af0ae50de3bf9269e6face64949ce09123bb7bf129394f3baef0d
295 32 100 255 44 216 :1cd5e2ce97c0366202f54beec332a31b44af8a8d575581e23724872a6ffdb129
296 32 100 255 43 212 :2399f33dd9e4dc0e1ba1e1daf365a33cad9cb6552ac95c521923311a9df65b4c
297 32 100 255 44 216 :765977716732ef20da1df509075b10c6d080c42995fcca9518b207919245ebad
298 32 100 255 44 216 :48eeba2bca9655900432689e869c1463a85a86778ca80e25f7fd09d11d65c64f
299 32 100 255 44 212 :5962bf6facc0cd73d2ba5001ee662d6900c725cea0fc80dea911fdeaf09e3291
300 32 100 255 44 212 :2052ad1ebaee43506ee40c88484167ea98dd6ff797203f32bdb9a0b39ac49281
