# in_len out_len m_cost t_cost time[ms] memory[kB]
1 32 0 2000 48 212 :be1c360bf9515d84d6a0d3d9dca35e1101423751daa3d294c70085a73a6f50d8
2 32 0 2000 47 212 :91ccd6f941d5dfb66836fd4f21a741828856f4f5194a25afcb64b328fcc1a0ef
3 32 0 2000 48 212 :7adcd484fff484c20dcddb4041bb4f97b28f402b033bb7d729cf1480a2b7d256
4 32 0 2000 48 216 :c723da5103a320dec68bd0e24b79cd6e12d653ae89cd8226c3be2afdf8dd605a
5 32 0 2000 47 216 :d7d5d66180c7fb6f3768b414a204db9baf07dafb26b51cd536ca30375a0be29d
6 32 0 2000 48 216 :e1010d900dd128b045882e78b800a22b1af79c5b8cfe1344a8f86c4364a3a3f9
7 32 0 2000 48 212 :098762c3c4c941abb4173708fa73c9ec12a634269931197aaa41bbe6a2a0c5c3
8 32 0 2000 48 212 :a685bf995bb20fa21ee5bb6534123d3a885a81e4fbf951b79ff4b94fcc0ea8c4
9 32 0 2000 47 212 :0dd6a120ae9137031f5ed7007acf82581e34776b0308d321928019a5f9c9dc64
10 32 0 2000 47 216 :96f518769bf75078e1639af3ccffc7c2e7e80eca7ebdc1629c4ff05f5d2e94ee
11 32 0 2000 47 216 :7e7606defa0bb4716d5304197adef1f203c963d2871e65a1a46d495559ab2fcd
12 32 0 2000 48 216 :ed440a1cfea802edf497e009ebd20c3a095a8f937b7cd3f21a068e67974d12e0
13 32 0 2000 48 212 :b18739377bf7320ffbda9a348c5a14e278194e0bf403f49f802d7a3a12ce4e6e
14 32 0 2000 47 212 :2a68a75865374ddcff53dfb8fb3c80001717443be43a9a0a4aa273adc2d2c68e
15 32 0 2000 48 216 :12ec6cf2bbcc089dd9a48ddd8bd741231714286cb7c77ac62dffe48f188e5357
16 32 0 2000 48 216 :08c14a8647e832ba397dd0485d2e97e3de912a3c47598fafeb02b9c99719c675
17 32 0 2000 47 212 :e3fa63cece461de16829cd76b1e3fbb5db7f28b5d09eaaa33d3dcf48119ca421
18 32 0 2000 50 216 :bc18217ac38730db8d558e2b23699a44b72115c5709d258d13682759383b457e
19 32 0 2000 51 212 :6856a21ad45810777014a7611c1daeebe6b2a931a5de33edae014474b27f8b63
20 32 0 2000 47 216 :f9ebbdeda57d2507cd800d44633db148cff3e1275655b74ca07a64e895522db2
21 32 0 2000 48 212 :2c76b3d2a541646bdcdd061208db6a16473416059a3f0e3edc6a579a8ba61dfe
22 32 0 2000 48 216 :2a857888247e288809b66b208b31f3ab9f831cad0171c0b106ae98159be875ff
23 32 0 2000 48 216 :48793f9fb560d8cb569f86444c05c22fc1344e524c449f79f2db1bae219649fb
24 32 0 2000 47 216 :8402154e93f8868af6ee6bbebf7dcb4b1e5c4a353ed724b7075c4accaa0d4c16
25 32 0 2000 48 216 :9b9b5ca4934bf0ae30b582ad165a5744b637fa42c75696aea0f608b1b994fcb1
26 32 0 2000 47 212 :869c60d1efa39b456aee8cec5d16719255d4a177fee3e3a4469fd311b8ce951c
27 32 0 2000 50 216 :b81836062b1408961e31f926dbb975b68b613e932fa29d9e6a7368609a5bba3b
28 32 0 2000 48 216 :e8b8626800a570f89d87fce3c709fcd669aa5d6c9b38bf4da344ebf941ae2319
29 32 0 2000 49 212 :300261da5a4ca9cd968e487d6aa1fcb747f19d7e0abb0ebd426badbfedefbc8c
30 32 0 2000 50 212 :b78d01a4bbc43efe14f4394427c60330c006f67a488ff528c44d23ac74473e53
31 32 0 2000 51 216 :0e7891fada89dcf6a944ad0a5662897f1d8011a5944222ed8b01d9b0b442938a
32 32 0 2000 51 212 :612ac6c83d9152b6ab00e678200775ec466e417efe03b9d61aca9ca820ea6742
33 32 0 2000 51 216 :cb6f43c0909718541a5615cc4b12a89aa3a1f85510977f7ac8ad6da0ce11ce72
34 32 0 2000 47 216 :7a2dc67f9f75c2d47018cb553aca50dda8593631d3b0357800356adeb1f731fa
35 32 0 2000 48 216 :122a67a30c7ce79b9dc99405f374b356ef5e7f09fbf1ab13be18522fa3a80327
36 32 0 2000 47 212 :83bdb0f5ef750651b1fba318ae7a3667e5dc7bf38d68d303f6cc8de6bdd65d21
37 32 0 2000 48 216 :7550948b0bed83ef6d6d1a681688f3a491cf7f99d5a5eb61b399ca1f3bcd82d3
38 32 0 2000 47 216 :de0934c7373c772704ed9bb5442f5e3e7210393b7a64bd4e39d30772a5b79776
39 32 0 2000 48 216 :58486772d4568531676699384ded618ec166588291787ab4bc740b9f9e2fe558
40 32 0 2000 48 212 :fc49f3ffb996d9a62bee2684b4b28325e893cd77daac587670bcc687be36fc6d
41 32 0 2000 48 212 :828d33364e4b1cb801a6538c163f8b480614b0184b2f2c5fb8e6a731ada38319
42 32 0 2000 48 212 :0ef45a94992bdc516edceed0e148e95e504b93fd0f1e385260cb1c9f5a3ddfca
43 32 0 2000 47 216 :40f8422b30034d0153b17105911f173c972741d4a95c1f69a7c4c479586b9339
44 32 0 2000 48 216 :9a6671326e601f473912066ea0cc2a93e55409ad36b5e9c4fa377f21487f2c3a
45 32 0 2000 47 212 :fd1a4ccea6189cda77be4db6f03f515544c93e6d5c1e9a5c6083a22fd8508c13
46 32 0 2000 48 212 :dee0a02f01602dc51dcb901504cab5199c058cebd8455c1eebca78985976f45f
47 32 0 2000 48 212 :5a8987886051fa322fdb52705bde7527db55b31623f6e91622bf2fc729c5f111
48 32 0 2000 50 216 :12225a0c79f0bbfab373260d96ff6a73d8e1967d9fc4057fab20ae19b141a609
49 32 0 2000 48 216 :cc7c784cbff4c4f39319b6b05a2e163e7288ca26bc08a90f3be8531cea84b838
50 32 0 2000 48 216 :e763ef2e1ea0b6507dbda6768b937953ec93cb97a5fa66599aa41c59c1a35a08
51 32 0 2000 48 216 :944c24449c8f5715b6e00da1917c23d2d9128486fd484fc2e4723b8216cd852e
52 32 0 2000 48 216 :473c32c588946d78bf69ceffccc946cd1ff12199f5ed0391228e707c652f50c1
53 32 0 2000 48 216 :531beacaee27595d37b1ea4c0cc40c185cc5073151489d1d2f39ca647a142b04
54 32 0 2000 47 212 :019875291756e4f12cd62d00a84d28b217c2dfe1345aa9ed43408f1c8259f86e
55 32 0 2000 48 212 :9a2e41f81da1628d8a4af3237cdf8e1ae15f6b126b55d73649c36f7e3c327eaa
56 32 0 2000 48 212 :a56ce2e47042cc617dfe0465ee2c54338d3ea067b8771487e0548a98880ed170
57 32 0 2000 47 212 :4672a858bb07113247a00130315ee9cb097f6a448d96eb0eca084bb1adfa9d23
58 32 0 2000 47 216 :5fdc8438453438ceb7ae8d6c06fa1299d0247a799b46d1137a3d5e04576427f8
59 32 0 2000 50 216 :a603f94f6cb1c18a6fb4c320dca21c00e6058cf98bf38af6cd06f95594819204
60 32 0 2000 49 216 :29d3523aa347d2ff5307bbfd327ede9025e992d2136ecd16045329c06031d5c8
61 32 0 2000 48 212 :94b4f4e9c4e94c0a44d8d7a145afa9f82b2b2d89ea0cd2d4ef99a1546f8ade42
62 32 0 2000 47 216 :8b7c6c02a430ef8086c9608d93100b47d99e263c17363f82371672bad8f3a5a3
63 32 0 2000 48 212 :a1308d451dbdb374f99caddf8a29b764b4fa9ea87bd0b5cbde72fab36a4a4862
64 32 0 2000 48 216 :96d1185bfd492b042eb6449d050f5244e185f181251e082215ea48e7dcd6d72c
65 32 0 2000 48 216 :d2f59b5066963206ca9e01b9f8a2f36539ef98812b0dbe790fe0535423aafdc7
66 32 0 2000 47 212 :b3e7f22bc36167b51f670e8a6d50e1679ca5a7ccc6742686e067006f135c459d
67 32 0 2000 47 212 :c1ed5c6292bc06bc4d80206c0aba563045f490318aeceb72fbd0d0b946addb40
68 32 0 2000 47 216 :60f1c253032cfee43d6223ea3073702b8afb9c1ce67d2cf42760af01009e0efa
69 32 0 2000 47 216 :62b1820b851d40d3d983ab1bff85dd8a1222a7bd4a1dd13449ab6f6e964d25b2
70 32 0 2000 49 212 :d25c18e3a013bc2a7a9b7e2423ab49254920df197add674ca8811f89ddf686d5
71 32 0 2000 48 216 :d2531814f78374a9ac291c66fbde75681afebcbd5e5e3a2033be4a7733bb7de4
72 32 0 2000 49 216 :74ce35ab38587e19b2a65e0b5c4962f79124103ade4ad80f3eb5ecf3a6764501
73 32 0 2000 48 216 :01b045b2c42c29019db69c130985492b5a6cd365a65a87fdd86406c201c0c4cb
74 32 0 2000 49 216 :d1e8e48e6fe2cd5ece8c62af32145edb599e0b6cb20de22c6adae7935118b9cf
75 32 0 2000 49 216 :81e7a4a7c1a35081d02790cf0cbc7b14643a6367fb2f96219f76e28f0bcd444b
76 32 0 2000 48 212 :fb4f33aebe1f6f2fdd8d8af8b51c8bfbce98e4ba4a274a557e3577ef7e65688e
77 32 0 2000 47 216 :b4655b1ec13a555dac92ef8180e51d7ca66eeb127db4769f5096fcb56277f2af
78 32 0 2000 48 212 :151eefb0cc69cb74904dde991a1e068de35e1d3c8fc8092353e2746e23ec90ad
79 32 0 2000 48 212 :b0e6bb4c4c77f6ef9e04f75d4de41344c9da71c4ff0f3fbd04b17f4d4f7733d4
80 32 0 2000 48 212 :61e56a467d744bc10c7e1e624870a49d7ebda321a66ce19157aeb05f3cedb55b
81 32 0 2000 47 212 :e921a0327f5c3e502289f63be8e96aadc86b772d8a4d762b131394a9a901a710
82 32 0 2000 47 212 :ee627e5b85de1ffb9107900b0b1ad51f1f65e0034d31f9775704960d06297e4b
83 32 0 2000 48 216 :b9ffef341a749c09abf4e769847a77795eb26edc39d5f1f0f76d27e49d7e6f59
84 32 0 2000 48 212 :9a71e9f9aa73bf3491c9cdfbb281d8cf7e10300b2f01729e0c5497a7b34e664b
85 32 0 2000 48 212 :cf8a21b74d837037002d38c864e77ec593893970cb41ecca6bd775dccf049ca3
86 32 0 2000 48 216 :759a8a2b174d8a8060fdbebaac7b5b095154c3ba1db4b38461005944493d97a9
87 32 0 2000 47 216 :cc4430b58fb6ff8fc8edc38abe914c21eba2448ac7861242befa99f15355432e
88 32 0 2000 48 212 :ac11b250d2c0c79eb17e0d79f827c3244b3d6bb2b3843b71400d51e6d3ba987a
89 32 0 2000 48 216 :c5d9d674773db976af8f48adb19379868761fe86ace58a85ab33f0b804056fa2
90 32 0 2000 47 216 :2dc6dcd91df608b49b263b85a97d2af0b0555b3866e1bb2833e0ab5767d3f7dd
91 32 0 2000 47 216 :0983fc0cad37355a889a7e49d25f6f48062b5d5be2f1891a55e68dc3c0881651
92 32 0 2000 48 216 :5520079b6586056c0d757f066ccfda00903d4880ce816fcb362c20ad0b50f00c
93 32 0 2000 48 216 :c4081aa8688105d8f3fcbccebca0923dc9c70e61b1195646b6da5df2cc3e87c2
94 32 0 2000 47 216 :6fc99de54fdd8456fefa2b474036c2d4c232690202322e5dbc38007c12762bf1
95 32 0 2000 48 216 :fd234ed4a0f96f378faa6415d0ff20d3b2185177032629c2420e1167e702fb7a
96 32 0 2000 50 216 :ee0ea791f339faa7ed9386f332e23b44ca0f18e4f6f774ae0bd880227ff72be8
97 32 0 2000 50 216 :c7d762b13012eacad5edfd4651cb0364e688395bb37df25c03978f20450fa76a
98 32 0 2000 46 216 :ed9fa0f1dd8c4a0524845ddac8cea0b8d54c5d4be827f6a10aca6e090a648d62
99 32 0 2000 48 212 :1cfc6b86640ee4755dcef6af5948371f9bd93faf8b6bcb0f6ec448f10431ee27
100 32 0 2000 47 216 :f82d772f3fcc729db929e965fae155c0aaf2a8946788aef26de77cd28cfefece
101 32 0 2000 50 212 :b156c1fb636bf28174fdc469d2a07a958a5fb602437922d621c267bbd66dfece
102 32 0 2000 50 216 :5c096de8d1c33eb801bc2d178921f2fd710cc8fe4e78a129e48af9aadcfe2099
103 32 0 2000 48 212 :e29aec7fef88403bef1bb7154361a18a5fcfae9c27dc4000932b2a5220cd5cf9
104 32 0 2000 46 216 :be3776d2875a36399512aa9c5f867e8e6a0cf8a258ecd1ea5d2a5a6108969628
105 32 0 2000 48 216 :673bcd027e84197b7ccb3e9a830c275d282a539d29001d7b27c0e9b60d57f447
106 32 0 2000 47 216 :2cf734691df75d280aa496bb01b795a48da3b5c46593791353f9e4cb008d8b04
107 32 0 2000 48 216 :dc26d69462fa2093d0a22ed925375be920533d9c3e6b98e8efcf31b335152abb
108 32 0 2000 48 212 :d0ccf095bb7dcd79e8bd7fc3a6f8d14158288d93e169779012230fbdbf04389f
109 32 0 2000 48 212 :9deebef65bd4fa5053b98907fde43bac10adf95abed5b88ef0089d066c747924
110 32 0 2000 50 216 :6602a2249ad763088c528ac404628fb43e81f1b4c0099561f3e4aecfa7a23423
111 32 0 2000 48 216 :78db7492219dddcb870fddf2f91781b97ecb7e6222d9e81738de3ec251529ef4
112 32 0 2000 48 212 :06ef584c7a702b98e80358a964aa455ac0d0610937c7ddfe6913ed5df04d9e5b
113 32 0 2000 47 216 :6cb5ec748e4e26399100a80b709d6b4a6f63da91e9253a60d6b58eeabaaa3b20
114 32 0 2000 48 212 :150caf62f7b6e5d27b042593dbb4d5ae2490d1e0accaf5aaf1495798eeccf354
115 32 0 2000 48 216 :7d4e34c7a831c51631f49bb2d6e55be7228c2972dc2023367b28d34a6185ef21
116 32 0 2000 48 216 :7bce8d26cdb17063905399486f4b69ada8d5377c612ec91658a7541fc11a9c5f
117 32 0 2000 48 216 :90485dc4b25301df2ef16912f9b21c34988cd50b8ab6fb9d0f841750ac0de4be
118 32 0 2000 47 212 :564e4d2ed5a336c1c121841565f3144b5cc8f0604dd62f8e828a7c0385d215e9
119 32 0 2000 48 212 :449bb7b94c263e51ba43208ff8770fbd4088b295ea6c396b0647fbf9173795f7
120 32 0 2000 48 212 :5b212fa1b53df8f25f989837f2ff7b8ddad24f2fc3b9ff59d17b8fe920add15f
121 32 0 2000 50 216 :ad6683c64446a963065f102c01c305f2b8c4e3b13a7105dd5422bc37229188e4
122 32 0 2000 49 216 :104cf03bf319d6a4fb47af68edd90f88ef438171bce6476873f2320f98228790
123 32 0 2000 50 216 :7c4128fccad7b0a5a82dbde32aa0e73e17c53c48a8dc29b105e17dd039e90e42
124 32 0 2000 49 216 :ad5d51e23e2c8d6ca52c322238216f9e1c66fdaa324d2a9bd8ac360136424a90
125 32 0 2000 48 216 :2dd57b47257a369ecf1a7484aa10ea12e30fcd980a93ed19f4103f3162c03307
126 32 0 2000 47 216 :bc084397952177e27668750a99f9eca50b076db558d4924e421b4b68ff377147
127 32 0 2000 48 212 :4f62a296e108be63b69dd01cc94f0eed3f9ee40ad10f58acca95696d7574ceb0
128 32 0 2000 48 216 :5759433b1f5a9f152020a3ee7416073086fc731072d67f8aadca11c3b7a463e6
129 32 0 2000 48 216 :46d5d4f286175c0e6355bc3c87fe04a08ddbca7d641bcae18248de82821fef48
130 32 0 2000 48 212 :9e2572a7a8c626fde27e1bbeec87d9f670a274e18941be2de8ee4a383c401058
131 32 0 2000 49 212 :459fc4e58ed65f4ef768ae4904e5884d833bdc6c59cead0875a1ceb38f01282d
132 32 0 2000 49 216 :968b9a57c74763ca6f61ab56d29b6eaf98fafd8ba2774e38813335458d86100a
133 32 0 2000 48 216 :4444c34727620a370d4f9fc7674bca61ddedb8471420d747dd717dda92fecd7b
134 32 0 2000 47 216 :a5e1e58624bd8f5f423e06747e41ac4d60daf08c723dab113bf78f0833bc535f
135 32 0 2000 48 216 :317f8dc5d936a710563d22e070b706f4dcb0291dc8217387ab4d4bb5448e72f3
136 32 0 2000 48 212 :86fd96c2eb297139fd0a75bb04b882ddadfee494ab475fad2059579ebe75a29b
137 32 0 2000 47 212 :3d380907c901c5c2f3529399b8934eaf78f1fee96563a753585d85be1fa73554
138 32 0 2000 48 216 :54ec19b3f4028a2515385341e6b3ebe7956df9d677b2168aa0f04540cde94dfd
139 32 0 2000 48 212 :97e1446f1492f00ab86878a4712bb95019496473f7877d2d655616eec13cbbad
140 32 0 2000 47 212 :b8d59bb95c981f9572e5b5bd1f0b2f693ee4ab6436fc10414de41d8f2f36ef6a
141 32 0 2000 48 212 :940a025e06101618f3a033cd264264f292a1a3affb0169d0bdca70e257bfd3e7
142 32 0 2000 48 212 :4e9836c9ec434b44bfb6e56cfc77375227bc6c392f34cd8dda31f1b1c24418c4
143 32 0 2000 48 216 :76b686e984f908edb8807240985dd2ee5e1e856c6eff88644940a79b9bdec4e9
144 32 0 2000 47 212 :10bce145a2dda39da6734118c29b8e59c3e309600a2bfc863807145671af1e2d
145 32 0 2000 48 212 :1ec07215fef0bb9798587bb94a811974d9d64e603b9bf41ef48042d014215f86
146 32 0 2000 47 216 :ec151cadd8bce9b1c345afb32063e8978d49e16e63400a388b1f11f60baa6cc5
147 32 0 2000 48 216 :e58594630391ee964d9ab3f6ea83b2cbbd41051bbfecaea8cf377a23d70f787d
148 32 0 2000 49 216 :c296c45efcd08ab5a2b5ab856f35de12089d9900d9836e2a3ed7d963f25726b8
149 32 0 2000 49 212 :43fd3222e6adb9587fbbc416a7e2cfca87760958a693583947483da1ae98ba1f
150 32 0 2000 48 216 :a4652c26af7cf288d291e4423abd9d473b105639ffa5806ba30552ee893e4fb5
151 32 0 2000 48 212 :96ea8e86dfcbb7887c5a3521d1ac3d3e33dd727d8d44eafbf3b8a0471efa3607
152 32 0 2000 48 212 :7f028b84ebe3e14b533001be32d6fa479c80510333ee4cf5e8284a20f916ac8a
153 32 0 2000 47 216 :2f63f2595ec019f9a7821e80bec19ad17b4d9d0002a6d25b627ab6b6a55dcc61
154 32 0 2000 48 216 :4c47ae2ed4c32a0b91b51266fc972908bbe2654e42e75cda9570c80540ae53c8
155 32 0 2000 47 216 :d65296d64fc8100989d32eb08de2808730f4975a8a7169593c20e19bb0a6b79e
156 32 0 2000 47 212 :4c7a3c023fe3d3a8e10b05d5cecf3086caf7f72e8352523d5ad3c458e583b36f
157 32 0 2000 47 212 :e79eef4a3c87d470f3ee36ca16d5c82061d54d655ab1aab6797bb13d185037fe
158 32 0 2000 48 212 :817ec5571eb82eb91cf9fab3125f88926fe56e7aa14730b567099e32b853f3e9
159 32 0 2000 48 216 :246be5394919c737d715fd0491569765fb58bc80d7b9bcbc71d74899d702e418
160 32 0 2000 48 212 :71a275d258cb27e5cf059e3d19db65024980520b2db13afa2720270bc6caf8fc
161 32 0 2000 49 216 :f89ec3f0c96cdbb28236bb06f8946d4e765cff1f5e32f5c9f47501914451c04b
162 32 0 2000 48 216 :4654af4d765525736e061887dde409cb2d0aa0dfbf51187580a31caf02c53e56
163 32 0 2000 48 216 :c399eeccdecfe90061766051403eb84ce06cdaa49e79c55f09a5ab47224f624b
164 32 0 2000 48 216 :d741a78c81065b09c0f66a5f1b6a2fd4386faa4387d19abe41c2baa8880762ec
165 32 0 2000 50 216 :4d443254012056bfcbbce03e6397c7c72942c0e385851b27709a23257b8fd65e
166 32 0 2000 50 212 :976eed6dd4a9e4251469876364ebd6098b10cec2bf440612d6e910e989964ae6
167 32 0 2000 46 216 :6ea497807c1c3b019df869ca22ceb58c787c5ce974a21a56fe49a400c2699bd0
168 32 0 2000 48 216 :11cd104873708f6b041ea6cccfa966408e76b4a109735a824ed5bc5bb1820d8e
169 32 0 2000 48 216 :a122291f1da702110f5611db770c79d6189258c47e67966461fcea5c1dd68fa3
170 32 0 2000 47 212 :3eba9ada4da54e1f2fc1b9f8bebeaf9358135908fcd5a8e9e5c1f3b3f44bbd99
171 32 0 2000 47 216 :e9f8907e5181ca9ca74a3effa83fda76a75514084e8ffb34336035f3747f7124
172 32 0 2000 48 216 :b98fb0e9da7130c3d576d87effe9caf4fd74bf6ffd24e14aa2351ce22f7683cf
173 32 0 2000 48 212 :3eb72380fbe0db46881f6be630b5a58a6fcd85c53b500718585e40bbc91b37e1
174 32 0 2000 47 216 :086af407f6b9397bc17905ab7ba5b63350e276dc9dbdef692ac3cc327273988c
175 32 0 2000 48 216 :a60757748ea6cb8e7323251e43acf3ff7ec78d314ee9704cc35c8525c8ad8aaa
176 32 0 2000 49 216 :62d180e39aa51944e6c6045f2b3b78fac1a23267a148d0d3a29133becf1e00b6
177 32 0 2000 49 212 :99ccb7697cdee285197a7b78adc5b52f423f7847bdd399c6249ca0eb3993b39f
178 32 0 2000 48 212 :d3069d7a1f80d2ab20963fc0054150a43c2edc870f47cb807def3f3ee93db96b
179 32 0 2000 47 212 :f7f7d4dbd467d660ad1684bf276e47eaf015fa48b87d06f274bad477dc874c28
180 32 0 2000 48 212 :a941446c2f7af7152d2bab1837f5fed7a66ed90e1180b4a43e949a446d032243
181 32 0 2000 48 212 :2fec9351a96eaa1c704f8c336b039edddd3ed1c1ab0e9b176bb1f47afc616c08
182 32 0 2000 47 212 :cbf6ed7be153073b7850d7513d8aed890417afea544aac62a9bb1e8170641bb9
183 32 0 2000 48 212 :35d261090f1eb0d25b8eb5e10b5b2616648e5f04906f9cc3fa78528e12d3cc1b
184 32 0 2000 48 212 :4a0f9b5fa93c2a099fe9759a261584405ec91c58dd54090e775dbb77e3c44b36
185 32 0 2000 47 212 :ee6c0d4546a07c310a1fd548d5b670ae7582e22fe57e5c3e56b45b7107ee7f3e
186 32 0 2000 48 216 :b7f78f9ef68b8358f400ce8a566a13d3e1d20369c60cb89d00a4c62997e438ab
187 32 0 2000 48 212 :1e2e8cdafedb7ace55ccb084b8f072a7ad7ad24d19d924b185a58f3a6aa00afd
188 32 0 2000 47 216 :7c5d31241b5cf4c15666584b4296fa7773b7f4a9d34de264c69461e505d24f53
189 32 0 2000 48 216 :8a5589415cc17d4827496ebfc8a582747d139e57b0532c3d5fdf61cfbffe3eb0
190 32 0 2000 48 216 :7b00959eb8d8d092df74f4a3c4625d6967bcaa74bcc5b6e2dcba8800f531d70d
191 32 0 2000 47 216 :be946deba6153de81ef9a89644497d56fbd3b1eb0989cae8ada66c07c3a9ada5
192 32 0 2000 48 212 :8e58412e3070c484f65964d9cc8004d8b0e83ca0bf6ff9e82034abd9df64597d
193 32 0 2000 49 216 :1cfbcbc4059083731b9654a57291fd5145a8a09249457a10d222e7f53f937234
194 32 0 2000 46 216 :85f360e3f64047655bcaf62640a50179418abe374ac62c318fd8615b18ebe2d5
195 32 0 2000 50 212 :f1ccdeae6ae3927f0cf9f9eb84c6d9dd323dbfc350b29a80a2c4bfdf037652bd
196 32 0 2000 50 212 :520d55c30661632a195c8ff4cbd2988f8cd8e75b05265bc2dae1794b1c46b4be
197 32 0 2000 49 212 :40876e9ab48fa3ca0e9ee0ea43aee4abfa84df9cfbe583576c3952b629bd2ec7
198 32 0 2000 49 212 :4e282605dce53921c89340365ca5f0acf45aceaded5dfcdfa5ae81db1a461e1c
199 32 0 2000 48 216 :76860d7361a26a9bf631dc805add72020e43f2f2834dd26a5ac7c9bfe3528731
200 32 0 2000 47 212 :b000b3b7348032b9fd51eb94576ad2cc9c9595b10b42323b43bd02e99f9ca99b
201 32 0 2000 48 216 :407efd06635a064d3f71ec8a0c7d7550e4beb28b7bdc61289825d785a109ec24
202 32 0 2000 50 216 :0e3e34e60f5824133c0707458a6cd929e26a84a8f31ca8b8dae77e0863bc6503
203 32 0 2000 48 216 :d2bf3b8ba893d753bd0174124a3af5992f60f45f4571dc69132cb0e1b4af592a
204 32 0 2000 48 216 :db5120309a2041299cbfa5b2df946e5c1c7d81d53af409aaeb2d71a797fcdd72
205 32 0 2000 48 216 :168a5b59dabfccc160db318d355f0b4cbc8cf9f0ce8f1426b3e6651a19fa18e4
206 32 0 2000 47 216 :a91f7e6287e2cac073cef4d39da6929a67db3bd5863c4e11baf08434dc74ecb9
207 32 0 2000 48 216 :3a8b86231359b57d6c2b844f7f61ba5a5a26ecdfe9bfea305974dcce35353235
208 32 0 2000 48 216 :ba695183d803a362774c2b6dea222ead76b52a81563552b2be62774ee6b077c0
209 32 0 2000 47 212 :3744f66697f36c1938475d2ea4ebb470b5bb0ef35641cc45ec6debf73b77dba1
210 32 0 2000 48 216 :d424b393035dac2e5fe0658b6416a6d287ecec525f81a66d74889845ef980bf3
211 32 0 2000 49 212 :337cebabf0260a281c6a269520edb0fd2c3d7c8e9edc1f985e654c0c62262285
212 32 0 2000 49 216 :e2c7ba6447ee8f1cb4f20e46494901591149c18fa486110903c825eaf925e1b6
213 32 0 2000 50 216 :432545d22672ce9a2e6c5ed05c103e9459112656f8e72b80299a50b31783b27d
214 32 0 2000 49 212 :06438f2b4213ab566e60a26c309288137a890da255746d90a955fdea17aa2b81
215 32 0 2000 50 216 :85e348ed290bb007d5fe1d64d9f59d212c87a993c43286928b842676c9ecfa2a
216 32 0 2000 50 212 :26182ec158018f834571d644460073f6bec6c71952b85c8b33032184e656330e
217 32 0 2000 47 216 :81fb7016f85e2792de877efefd930b653038334f418394e68ede536697045d47
218 32 0 2000 47 216 :46a3fec029c5080857c7c4d342f008241e0f21be31f28dafbe58558dd1a4812f
219 32 0 2000 47 216 :98e86c930b181dfa43dc11a3167fd3844e04abba1ccf6570a2dd752601396630
220 32 0 2000 50 216 :a57937e4812aef902f920fdf3f0c538aa467f8d37c532cd9cb8bf09a58c32e3b
221 32 0 2000 49 216 :49d56052f5b629ced59f2bb40f2b0662ad6916b062b13fe3268222d4f4b062c1
222 32 0 2000 50 212 :8251a571e562c01d1bcdf01bae56b24487fb7f78a757d90d54a61160a19fe107
223 32 0 2000 47 212 :7e1d06deb793e7a7e2ce51125ea1ded90710a819d277df5682369e3b55a7366f
224 32 0 2000 46 212 :d82942185a16bde9d6c29131704eaa03ea5be826235135c3e800bbc0e2c83362
225 32 0 2000 47 212 :7fd75953a047d25ad84a636e58fa227003a2c482e39d4f00b2fb55498bae0cf0
226 32 0 2000 48 216 :e019908e675674bf89122062266c82fe15faf4ca35ce36b451ae19e2e581e076
227 32 0 2000 50 216 :cea9dcd0bb01218379fa3d4000a840d2e0bd9d780e2a25f33f172e9cdafac1e5
228 32 0 2000 48 216 :d000770bf1836da25b7ccef7c2584dd6cc30ece8894cc652251a3673d91966aa
229 32 0 2000 48 212 :d1c75ac13540a4527bae78440dabf2790723268f23d64b64958ab78d9543e3f2
230 32 0 2000 47 216 :5b1e4e858dd91246ae77d2ffc5311bb6d265a35832e0a62d2b5ff84062fe5238
231 32 0 2000 48 216 :916de901c7659044231b3b2e1aff5b0f6d9785ff9f4a5f7ca9922b3c77efb44c
232 32 0 2000 49 212 :3ea0208c5b3110ab43b6a034981ab53dea4062535a2260e97055bf1938acafb6
233 32 0 2000 46 216 :a54ef70da15354df62fec3f54e7b7948413af522572f6438af08aea7f27df226
234 32 0 2000 48 216 :b57b3f306f6f718a61672858b3d1b3b1cc7aa7bd8dba5b9539aa08b538d8b9ff
235 32 0 2000 49 212 :f1540fa1a9ac097eef1e108f141d042b1e3a9b59e7952a3e9e5cd550692310b5
236 32 0 2000 48 216 :2300394ef7e2d0155a1f2d47166571a9cfc0df9f318b33c8179365f3d070eaba
237 32 0 2000 52 212 :9ebb5f208ad8ef556fde090b4622535695bbc08dbbfa6e514c6303436a2380b1
238 32 0 2000 50 212 :727600237a7b1415e6b0e643535593d3d75a4b33ab558312a10b5e6c566ec24e
239 32 0 2000 48 216 :77504f24b850f7978aed00d1443eb05fbd02cc88bd3dd7974dfdf14504213cb1
240 32 0 2000 49 216 :897e21fd19fe0a06898d72f297ec5700e06c9a73012fcf7a2a4eab98cc29a8db
241 32 0 2000 48 212 :0dff5e12fb1ce4be81a403169d7d12ddd37bf6e301ca8576616cc5662f8dd688
242 32 0 2000 48 212 :1eea9bd3170c142423da5fdd3196d200ac9dcdb0fa897fe1587bb273e608e74d
243 32 0 2000 47 216 :b313175c26e28675f1f0a1aa52a91cfdfd622111d86a7f7e67445c1ddc560293
244 32 0 2000 47 212 :21e42583fbe73779c796b5dee906df441ef41f3449b610f1c3802d41b782b077
245 32 0 2000 48 216 :951605a15b307844214f631fbf314b27af8b4410cb620dc91334b5d36c4ddbf8
246 32 0 2000 49 216 :cf47ca2a0631d5cad3c11e4b332d4fbe0f734c9a90fcd1d547b7e60713e0c242
247 32 0 2000 49 212 :b9ba97fa3b86e91f947c5b9395667c6a56153572aa100f1f611e59ca5d28ef99
248 32 0 2000 47 216 :b2d21e350a94f226eb11ba50ed79b7db77b13a60c52b190c56972a5179f94092
249 32 0 2000 48 216 :bf877ea34126388d2fcbf27f56e07b729e557b46b75b8793d1787abae9bd634e
250 32 0 2000 47 216 :c09f82138120c01ded1a2a455ba4bf79cbb3608396ca66c5d47c96ab6c2181f0
251 32 0 2000 50 212 :35f809c4342a9cf7e906eece04d3c627b8c40b2f96625d745d3b60d481a05f6b
252 32 0 2000 49 212 :dcf04ac5e9cf3c61301bf0efcd0c291a3b73a1562c2a1fcc327d26f7e8e16a7e
253 32 0 2000 48 216 :9c83e1727cbfaff2d092add277bb6655c3e430a5fb46651a69158ed2838b25e5
254 32 0 2000 47 216 :4a2598022ec9a5d843034d0733497ca181fc65ff6b32c4c4946c9e3251d8916e
255 32 0 2000 48 216 :e0d6d2d19dde38aa3a8ab333bc3c551bb999f9b2f85254c7136320c8f2867ab9
256 32 0 2000 48 212 :5e0665221a39ccba18c4e43b8fc7ba6d1e3ace96af0e40e9eb52ea5b419ed20a
257 32 0 2000 48 216 :a7754306ab5e9c1fef28afea90a2a41621c441754b6dc8674384f10c6044fe3e
258 32 0 2000 47 212 :31fec7726e08e7e2728c24d507c0d9aedb0dd3132a72e8fbfe1a7fb7036b5a15
259 32 0 2000 47 212 :dbcadc484e1d1005f01d09de70443a6da5515e9a7ee4a25ad3b76dfbefecdcd6
260 32 0 2000 48 212 :6c833cb9636a2cf50f0265abea90a9665c4e1fd82f623c3002d942fd257695ed
261 32 0 2000 49 212 :26538e2682483c385741fe6cb1f3777403e2df0dd576876cd942fb14a788f2af
262 32 0 2000 48 212 :5e0652c669ee55ce51c15e8824970aa8c45dc577e32b5eeaf200ce1f8abc59e3
263 32 0 2000 48 212 :34f0bbeb4ada198d29ac62f14f068db280234b984b80cf4a1d5f852f3c22968e
264 32 0 2000 48 216 :0e940d88c8335a422fb9200320966fa35c66b46c1a3dfde1edbcc2ee6ef31c2e
265 32 0 2000 47 216 :61c8df495ed5867b2e73850a47e690322b815268368a05ef79a5d5c910ae8860
266 32 0 2000 48 216 :b412fe2ade03c76cac47580dc52634943d6d76b53b894c6689649309d0c2a7b6
267 32 0 2000 48 212 :86f317dda77c3e2183a321a32409872690998776e65523d9fbf72d2391cad946
268 32 0 2000 47 216 :a52cef730aa57b93805976a2cd547ca4d6a7eeafea18aa394311007b4b801d75
269 32 0 2000 48 216 :fe7653ffc1077b041408b444236b040f851b1b282d967fa3c2ac4e7dea3a6907
270 32 0 2000 48 216 :3eccaa367ecc9abaea4edcc272142558a209ec452dde664db7f2ef7387b0e303
271 32 0 2000 47 212 :0cec5dab90f5859d162ed4cfb40ccfe1a063ce554edc5cbeb73f299d04538dba
272 32 0 2000 48 216 :90e3f7e35f7ac4d6ca2da852bea861ff215a04c07e8e7d33abab36270b8cf31f
273 32 0 2000 50 212 :49d3abd44fa5af0e877d5be5dd00d6dfdb345e4fdf2412a829b657a638735807
274 32 0 2000 50 212 :7f6dae9073bdcea338e85b3a6a8d65cbc434c2bf956e2438147c02ef91fa5ba5
275 32 0 2000 46 216 :b03233598cef581f6cb47040bf21f7359790f7f9c9051a9d60e5e05dde3ad6a2
276 32 0 2000 48 212 :daf49b5cf6f9a529737cec147036da4005291c15e96c2e1a9b7d82c587010d7b
277 32 0 2000 49 216 :9840d2b3f007391d02c967928122da86bef23381fce671525233032088edbffb
278 32 0 2000 46 212 :cc30696d5ffec1b30c36600093e6c69405a46a0ba52dde5629f48f9cbcf0a980
279 32 0 2000 48 216 :8750cda387654611ba9d257812a47633a731259ed91737afeea1e1753aaeef4d
280 32 0 2000 47 216 :e77b862ef67734d26f32397bf58f7b8f80d963cb35f4d84edf842f598b8fd05e
281 32 0 2000 48 216 :157ed53f66e78567ee2a1ea13520ab110d87d27e6e66b61f8d5ef9318c133540
282 32 0 2000 50 212 :e8d03f65c766e91a6f9486c85545b5594b36d068a12324d0650fa09732f89bad
283 32 0 2000 50 212 :cecc8decc09955af7ac14e51082c6133ed407aa1f4e38d0d41964b3cdc4489e3
284 32 0 2000 46 212 :48a06eae48447205f4b537abbaa73ed2463d0eb3c72f99afda8d22c52d990c29
285 32 0 2000 49 216 :05061aa4c3c6cdba5982fd2bc4cbf26bc18317ed358a8463dd0ca96a0538b6ce
286 32 0 2000 46 212 :35b963a7d24e3b570340664ce682db138cca01fbb18955d368d7a99104cf780a
287 32 0 2000 50 216 :eed986a5fb5f3609346e53a338e3ee5216982426954994578790f1bf4bb51a50
288 32 0 2000 48 212 :ac814b33d961c4624793c53053390db8641d52b2b8caa93dc5157ee3aa1fcc9f
289 32 0 2000 52 216 :96e1717351398c297ab2c3ea23e1b67b970ca738c92f30a6a35a24f2931cc312
290 32 0 2000 48 212 :d9c24ddfdc07d846f70bc3f1bc806fff950b1ca012cf9c5ab3c4ca72682ccc03
291 32 0 2000 49 212 :5b00f807dbeb7d7f3697779b3e21ed0af0d34c2c0654cf5baa84f906a4ade88b
292 32 0 2000 46 212 :d715de4aa10a5429ffdb97548b1487ee5ff947a20e7b34dcb5a59dc3bf0ef812
293 32 0 2000 48 212 :695a9f6dc9789778290acef89a02fc87684208e46ee2230d5943c3fca405c3a5
294 32 0 2000 48 212 :4eb67b8b464e147d7530247bf8abf3a3ec10a92d9fe16853c32636ac0f2d3b55
295 32 0 2000 47 212 :e3e1c1fd3d0e93c0b81e4c0f078e7583a1474ff0f0052630bbc86ce37b4fdacc
296 32 0 2000 48 212 :f101f1bae6f08577006ff70fd1e6a7ffcde0fb6cb713e7ed63ed6e97789c1861
297 32 0 2000 48 212 :4879ac733a74dee20489babbbc22d0609ed2fa5bedb66e1cacef3b6bcf2297d1
298 32 0 2000 50 212 :25549db67ebcaef58be5f1c5724502ff5dcfbece33fb28e74259ba4a3da7773a
299 32 0 2000 49 212 :76b72ca3ed24e5a56cae1a21e829a5699dfdd34de22e91f9e5666a0cae98500f
300 32 0 2000 48 212 :95173a77236fabf75be2ead12a19ba48c32385e5eea82afc60634a303ac1e1df
