# in_len out_len m_cost t_cost time[ms] memory[kB]
1 32 0 14 53 216 :9770979248b12894a7daa03ec9bb8edbf82a85b36e28c2c856290758ac814c6d
2 32 0 14 51 216 :5b9d527e589bd3c09b985222a1a1d1afd01c87158bd004c1519aa7bd115be6e0
3 32 0 14 52 216 :074f70769f1255254c633acd382f6386a907bb2a39c69979a0c80803b4ef44fb
4 32 0 14 52 212 :0dc5957b5bff56adec8c4d9c2402c18f353679fc79df037812438d016cb1035e
5 32 0 14 51 212 :8a9105c48c7c2ab0551c657701f1875f02a3438fa151a8a09a19b123cc810ef8
6 32 0 14 52 216 :b0294552ae49a779d96b44a3ca88cd7aa6ac92a18616e3c9ebe020bbacd88c38
7 32 0 14 52 216 :d6fa7790134a6a29a7d30a0182dce1d692703cd546512f007f6df238fd5eb1a3
8 32 0 14 51 216 :4011079ce0394590bd361ed4fa9a2cfb0b46e9d10a04bff857df664887a6e50b
9 32 0 14 52 212 :afba026525e81d2c6974269c46e4549c234bfe37d3381b2593f23285a53e1f87
10 32 0 14 52 216 :59cc86c4677d9d3c456a77888b53007d2562bc66270171fea31595b66100f8a9
11 32 0 14 52 216 :bb835e480a77d45e622ff0cddfe0bd724690dc158e2607c54722839f9460df51
12 32 0 14 61 212 :06d3282bbf58fd5609bc9c982b82369048adde00669c602a9bfe60cc6ce26963
13 32 0 14 52 216 :44a3c977fe02a68361bc73c687778553aa1c75b55a04cb9ccdaf07075ac765a7
14 32 0 14 52 216 :bcc8e5510ca73df36e347bb1c24ed81702a0e18b8c9c8a099f966f36f4f8cb11
15 32 0 14 52 216 :876ea4eed31340fa077db9be81ad733a95855bc6309b1ced0b5fe2dffffe1921
16 32 0 14 51 212 :6ceba7e658da36f723160f9bf5c4311cf1aabac5553895d94658bb480cf9ae3b
17 32 0 14 52 212 :a81c2cddc0628e27094cf165db9db3152db25d444fdd05c5ea9f7e3fbe62e5a5
18 32 0 14 51 216 :dbf205bbaeeefa2119e7be1588645968d22627d16659b455a14e066b58db5dc9
19 32 0 14 52 216 :285c55380e093653d8fe15df3ac0e5ef48150736baeaac0b122a2a471623af26
20 32 0 14 51 212 :0c9d9aa9c0a7cfb3bdb85c046a2b8090842de5c9cb1e00d7ca2a6277248bf883
21 32 0 14 52 212 :445fc675b25f8591f1c59d65f4872f5dca643347806ab7d1b19de94d1965487a
22 32 0 14 51 212 :08d8040f1949ba7ed9527af4d862898bdf5a259755ae341f272d0a91f415f14d
23 32 0 14 52 216 :69615904c1f42e34b08a88f8ff3510bd041876e27977b10c52aff3e2726493b9
24 32 0 14 52 212 :b38ac299a8669bcf96541d910a1cca9af2328d9ab9ae65500ca5965fe4d830db
25 32 0 14 53 216 :ca625cdb7e36b4f86adb4888a22547f246a11b616db79dc1544d1b5414d6315d
26 32 0 14 52 212 :d31283fab5a61c73f602706baf1761bdca07872642c85801bd7b7c4515919b51
27 32 0 14 53 216 :201dd40713e44ecdd222296e9834ad1cfad4e7feacc70a7cb3e58962a2b8cb04
28 32 0 14 51 212 :83f3f53506f719ee41d6cbe1b685622277899ecf0812cee32ba71a9af147b5b6
29 32 0 14 52 216 :6faf504da8fe6aa0a5b7bc9daa5514372612c240472e5bcbaecdb7f76628b447
30 32 0 14 51 216 :cd317bd37373dcd4881c0cba78fbb4b4ec18ab96c2c9eac1ab1afa0f5702e133
31 32 0 14 52 212 :91725217173d4c03e8ef3dae0e823fad2f2e31873cc32d794359da19f98154af
32 32 0 14 52 216 :fdd1503397926095d8ce79a5478b8d01aead3f0aff4143ff9213283e855ef88d
33 32 0 14 51 216 :c77250c39e74914e1bbb27a7678b3a40c189f83c3e88b02b1b17f6ee089834bc
34 32 0 14 52 216 :f5c0637c1355742e6d83757e8ede224519c671b828c7bae3eaf106cd6102fe62
35 32 0 14 51 212 :50ea7b44429ac3d2ef2623e08e7b239667b043c7425c4a165613bc4042367116
36 32 0 14 52 216 :490fc54792c1853903b208de393e6d3b4c507b11e64be0cfd318ab9f687e3be6
37 32 0 14 52 216 :863bd04a01c565b1397ea1f045687e4c04f1fc9e47dd740c5665d72a49b2f158
38 32 0 14 52 216 :12a14e1438d48943dfc7daa2dd15a1e7c9e1807ccd27980a706b4b98bac63ab4
39 32 0 14 52 216 :d5e31ecbefb07f2ed57a1b6d8ded4fcdbfea09180063a230cfa70323b3630d8c
40 32 0 14 51 216 :064abc26ed78c3f056f691e0d3ae7dcf7899e6b080266acb0bae8d4bc1812585
41 32 0 14 52 216 :446842735bf90bd6fc71468691b37ec421a96110be8b01d5a62e39601cd77b0c
42 32 0 14 52 212 :87a6a373fd7d1c5df3bddca05c74b281c52ef618436868c5d6e3b9a2c764c975
43 32 0 14 51 216 :cbd9e888b51682862c9bb9348a237a15dea183bd8a496baf74ffe921de02a628
44 32 0 14 51 216 :8fa3acfded7b98d1e76c2f79e65e4f4a7b675dba757e2c823180184cf7c67388
45 32 0 14 52 212 :9246272586f064724e88a243d695829954c6bc1e753f65ac955b231a752eb42e
46 32 0 14 52 212 :b408447c66205587638abc43483930bb2bd09bfe60c73728eec0d83a691a7eff
47 32 0 14 52 216 :5175b216b9cfd314f9dc1a421e28bb9f264ff2f2248a1251a9c77825342158b6
48 32 0 14 52 212 :9a148e10535b0c53382bc0cdd858e3c9f5e26c96346381fd200c3f5b29c1ed42
49 32 0 14 52 212 :b6b2d930e14259e2f66ada09f22f878b9c660991ac95ab209613a15d809e088a
50 32 0 14 51 212 :ce978ae55891be95548f28da929d7e3f6fdeef82c90be0bcf85469a5b6868d36
51 32 0 14 51 212 :3055a143f861fc8cdd5e73836885a24201c03dc530bcd0b757a692ce70ee8403
52 32 0 14 51 216 :4ebdb05cc269c4606df40e10425afa849b71be5d15563837e90bdf13cb4fe005
53 32 0 14 52 212 :37a62a2606900943a4a02a226942cce49ca1f2b66620dbb11d1cd2be8e29e48f
54 32 0 14 54 216 :49432cddca36856830fbf0f72ad19a663f8ad8d0bf27f308a0df6c6f35742e95
55 32 0 14 53 216 :e24e8fa355415007f67f2c3df5c19010df7ba02ccb1dacb83fe4966bbf31e638
56 32 0 14 52 216 :328c072932e93220731b2ff999c4a0f8640652b5e8fa7f4ee47fd29711d8a2ea
57 32 0 14 51 216 :f75ce41b56846b5aff4763d9ca559982d0a62ab514339c58a7a901606589f239
58 32 0 14 51 212 :d33945780706f3efc7f6f9f6e06d5b1c3c863c6ecb5555fcb0a535d94537cc1a
59 32 0 14 52 216 :c8899be854ac3583ce32722ec225a1e48ca2f86484358801b2ecaedb53bd971f
60 32 0 14 51 212 :64c69cb288e2f64ca12698c8054cbf701bb422d787a7f62ad50f5dab49cc898d
61 32 0 14 52 216 :afa862a9cf166787c6f6762e7890aa655662b42f8b2a6c885cc1a648b57baa34
62 32 0 14 51 212 :9b82efdc2c0243555c4094e39fcb6dff8b32e7f29d1b3203ffce2b5fe0fb5268
63 32 0 14 52 212 :97569bfef4bb40960b3d1a06d8db88eec55611f49cabeacf1f35a3e947a96217
64 32 0 14 52 212 :f9f921863a1f17381b951e1ef6d64358d55d0af7d386f800c8afebc4186316ea
65 32 0 14 52 216 :f77395c38dc0222ceb1a27959a703c58d41970a9497070991b7bfe24d56f31f2
66 32 0 14 52 216 :15f34806a9e0542f251f7bb5a9ee280ee2cd91da984f26ee3ad2d51014d7ef37
67 32 0 14 51 216 :1555243dd2febeb5fd9b44675687b4653db9ab1f427e58974da3b3838a5274f0
68 32 0 14 51 216 :8f2014ea55fe2acc9578895235950189b091394a30972e36632e82062f88d08c
69 32 0 14 52 212 :932631392be1f1c27825ed914ad284970a0fd5c571a678fe95b42a83888f0bfc
70 32 0 14 52 212 :5111152913f5c835a5950f777324b2381c02fd64459f3ff513b805d81ab6ebef
71 32 0 14 51 216 :560b8df5f165eefff5b5c57bf42e5e6ce1215164a43092baba0a7ae0a416cffe
72 32 0 14 52 212 :a7d10ff81f1620942a9b3a2c01f606cddb5c3812dae37dad0786489ab167ee93
73 32 0 14 51 216 :68138b29e63060626106a3ce5bd6270dad08182570a359d0070ae5ab9fd9bf1a
74 32 0 14 51 216 :2ca0fa30629dd461dca13ab790af60f35eaa3736c6897e1d4c6e5472c1fb0a23
75 32 0 14 52 216 :3961b1c7c38ce473a64f862bbf2b04a17cf54d1e5586f256b737d709dacd5fbb
76 32 0 14 52 216 :58ac77af14214cda876e798623d8024c8bd66bee38595727fe4e20fe48dc3c83
77 32 0 14 52 216 :d79bdf9e0ac752acb78ff218f1ae4d7afae7e35ec331b41d5e2343de71bced07
78 32 0 14 51 216 :471ed97c02b1d1b38b93327d9a34e1544339666105dba4d37e27810da0ab6239
79 32 0 14 52 216 :ede2e0f9f327736b7e45d9fe7adbb32c6051e30cb7bbb7a13ee58d596a9eab24
80 32 0 14 51 216 :9cc1c9989e2bddb25df05e23a0557d9168b74281fffef9f4da650358bd9c4bc8
81 32 0 14 52 212 :28d20916c75c6705428ca91be43e940e4eba82b79b687e9caf1e80cfaf6bd9d1
82 32 0 14 52 212 :d355f257ba33fb9c3c4de505c5bea829e470b5371f9f13d11708049ae4b0ed38
83 32 0 14 52 216 :324d1aba86579618e46232c7a2946082fcc3700dc7ab3d7cb83719a944e2e5f7
84 32 0 14 52 216 :2cd36ad704fd6b8e835345b580ef80936527d5a0bd4d15cd8337f3dfaeb76ef3
85 32 0 14 52 216 :3a36d3ea381c52fa5b56ab226548bd0a9fef78f4132d3150b6553a4d176e0860
86 32 0 14 52 216 :6b149b0dddc536155b88ab55a2b8732f23c2a3202a2d3a6f272fd674fee9ba8e
87 32 0 14 52 216 :2496a18de10d79f2e548706b31653770643b3c7c5152ca7aebdba1c9243ffb47
88 32 0 14 51 216 :29b6be6b351a746935a8cd6d3478ca7d22244428d048428e3b8b09f87f08fbaf
89 32 0 14 52 216 :067d7d6524ab2df18a8ef31980caf65d130207112b0ef76d8e453a7b6cf1835b
90 32 0 14 52 212 :e35b44d19a976b81c044beda5431a7183ec8e4ad66154451c07b8bb568517d64
91 32 0 14 51 216 :ff0d5e27b499ff6b54bde932ca783f67deed7a5299e363d3d83f690881629555
92 32 0 14 51 216 :c9d5625916d067516dfc3fb94bf5933d75e7d25c565b62b360f8fddeebd3b2f6
93 32 0 14 52 216 :cc41b517a9faebe1259e667748b08fe4d2fb71e8fa167afc1a46438761470591
94 32 0 14 52 212 :7eed6d5908af2eb996853d4527cc2ae72efe646685fc1a34403933caa6a065ac
95 32 0 14 52 212 :d14709e3d5b98cae4b6560f0e285fc5df32fefd3db7a9da35892925b31cd606a
96 32 0 14 52 216 :3da353718aaef343d2bacbcc29f1364a4ef6bc85b2c01a0b6694151870a2d8cb
97 32 0 14 51 216 :b9590d74e708fdc61ae56fa53a2b40136b56786d3df815d46e94a921f51a5ad9
98 32 0 14 52 212 :c14cfaae9a78275be8158357267abe97d8884eeba96867f1f788289ee1e86525
99 32 0 14 52 216 :444f97e952677d7e037b34a0a149c84a9acbb8860fce828256a7329350cceffa
100 32 0 14 53 216 :91a9d889c8543d1bed6e61f20c7f505fc778c659fd9e57ad06ca1a7029c0d7ea
101 32 0 14 53 216 :f36535465982810f6596361cefae8daee18d9e7f0c6f14e398ccebdb0637f3b3
102 32 0 14 51 216 :499803813a1c9d810a88edb5b24ffd991b0a9f84c91180351a56d2b05271348e
103 32 0 14 52 216 :b9ff69e83f98cd1f548d1ea32d5acf75dddb5706c5086e02182da7e7a19e2855
104 32 0 14 52 212 :3733feef07f68a2da3baabcc100287a35c616ea20d5ac6f0fae39afbf91a6a25
105 32 0 14 51 216 :3c06f98e9ce662823f8600a3e6f1078edc202f4d82dc6041f5faea316b86c3c5
106 32 0 14 52 216 :43832064a8dcf10f7ac79ab704fd18d796dd5c562068eb400fe8c0c5fa9f166f
107 32 0 14 52 212 :0f3a51c434bad3847c8b4a7dbdcb9fe805e2219ed8f5c492432846ae30df63c4
108 32 0 14 52 216 :aee98b91c9b86dad54f418cc61b8ebfb0d830c3fda763352c18dd00ad42217ce
109 32 0 14 51 212 :fc6529bdcf32441ec5f3d05e559d2789d8d19a7f03d113089afd3b05fdee7b29
110 32 0 14 52 212 :504fa23e4f49c0144275e4e7dd4fb5e9564c65c03e4a8c321fb68e0ff837f2de
111 32 0 14 51 216 :09b5fb3b8c3eaf2840c1eebe7b6d9d08e624da7a389d0deb95447c8afc2a08f4
112 32 0 14 52 216 :6d641fb332c839611c138e6b2b61cdebdb284f3abad8ed14473914baea2da652
113 32 0 14 52 216 :cc45ff710b3d154239ce840f82fa77f57afa85f40ca8e2ebebf11ad304327234
114 32 0 14 52 216 :010c9fb073c5cdd49d1f829a1d692266b53a266d4fffb9cf055884d617180b1d
115 32 0 14 52 212 :beba8b741ed09e5f28ae68270de9b9b88a8867c870df673c2f68e99c5ab521e8
116 32 0 14 52 216 :dd872cd9b2a6f3f3d55d255c1dbd1eaaafde8747dbb3c81e6df4f0c9b2428407
117 32 0 14 51 212 :209c8f5f296ba0c84c6504caf602c3d193563cb7f1b0ae59f7ba97e781f2f63d
118 32 0 14 52 216 :c747c0e1da8b0de0cd5644bf7af0fdff64549344144a4b3f4ec3bdd2f69e7241
119 32 0 14 54 216 :53a5ea3832c54975b73447c38efb5be50bd18611467437176fd20dd9453da15e
120 32 0 14 53 216 :3f9ee3cae20070a12c1c6fd52db1bd8fdd4975231c01b7bc2c437e0fc83c44a9
121 32 0 14 51 216 :ab12185cbdea8f9dd3d17075071d308e6be5585e96d60d2a93d87c9f1ba4f6df
122 32 0 14 52 216 :be8b10ab36120892d42487541911df1290ac4a987d9eb9fc228ea4a90339b6de
123 32 0 14 51 216 :b76cde1ed95a130da5ba25d076cb6e46e3ea5a238673cc5aba16eb33b6f3bf5d
124 32 0 14 52 212 :13859a0d6b81264ff26c338c3dfd5c287efa907320d4cce0b5b60ca6fc7356b6
125 32 0 14 52 216 :bfae14d6842137a1dbce69e5de88487bd2054331ffe374bafcb1d779de00e059
126 32 0 14 52 212 :3aa90bb0d3b68c620db8e8038b4748f19f02a45a54edecfb15a87af93a4162c3
127 32 0 14 51 212 :6df6a31f3125844ba51e2d1b4bde8c337c0f9621a56af2a5500ed9557463e86f
128 32 0 14 52 212 :64643be0ebc5b5f538f3463cc163fdeff21e849185c06dc7b9bf772ed54ab6f6
129 32 0 14 52 216 :86578a12ae692b03696556c26ae8fce3cf0a9180cab5fa8aecdac318913be00a
130 32 0 14 51 216 :c3e4b8eaa739fdc4f8b223041481922fcc19b666cc8ee3c144cbc6d3b332adb7
131 32 0 14 52 216 :b94de2914c272224e7e2c766ca0cd9e21de3a8dbd574944b57712ebcfb2e1838
132 32 0 14 52 212 :7435fe0801e93ff349b9b088facb3c9af5d59e561f8113d85eb93410ca2f6ae3
133 32 0 14 52 216 :ae3bee64bda36d3043d3f83f0c9fd49eb020b433db3940adfd8cf0afb02c61cb
134 32 0 14 51 216 :be265ae68a2046dd9e3491f4334e586140f28c8d9a59c137af83e4f836e24616
135 32 0 14 52 216 :ba89c0271d14b027353d5f8d692a01a072cb80580ef3f93b19c2b7e7989a6420
136 32 0 14 53 216 :29a6c750ad9b0384849c90d2741d23d47dfb1b88aadfafb50ae9120909b6f541
137 32 0 14 51 212 :cb1dc9b1a9116d3dc58a60379b5535fc81cfb49cd794d5781ef5f1df2fd48366
138 32 0 14 52 212 :987c8e29ecfd3567de7ec41a4904e0c92206da9230e4559a4475ca90ef534727
139 32 0 14 52 212 :f2a998d8a1a4704de8246fe0da4f9f574cffbc18d1a394ea1071c28da9cbff26
140 32 0 14 51 212 :a718c589fd62cbb7c000032f7265a33335dcbe5d5a94a1ddfc6b8a55cc701a19
141 32 0 14 53 212 :55ac8c5519e4c22389a8ae9ffba524583a79d17e0d6568074864cc272b0f78b6
142 32 0 14 51 216 :1ba2ea5052083c1a2a648f31ec6615c6789298fec0d836cac44b57d8a4174760
143 32 0 14 51 212 :32b931a592178acf308d1bd0849a3d5b2ada19e5feffc47e333f68c558628f49
144 32 0 14 52 212 :8c659a26884485f62377b4f824fdd3ec6f6415b74e49a081ee780d8d339e64b5
145 32 0 14 54 212 :0d07e116afe94b89b89b7ab7c092f6c3ee1372d1fda8643e53bdd11c0039903c
146 32 0 14 52 216 :fa6792152bd5de8cc84407253ec6e9e8819185ae1658613ec917235e9e8b0483
147 32 0 14 52 216 :7c965ca68f2c4142773a8b104620f836d3fa09fe65d48363d622668f598f0726
148 32 0 14 52 212 :466146485942823e8e9b37ea1fa78eeecb636545d9cd816d103de001da2577d2
149 32 0 14 52 216 :7aca75181c02363b46077bfaa8e0c6449c23417136aad03a7910438eef3fa178
150 32 0 14 52 212 :ef5af49a5a17ff94531575e6498aaae623ff103d24a683903af56e4d524c8894
151 32 0 14 53 216 :8efccbb0530430fc61bd5f9c2aeaeae082eac215635995818bd48e2a3e7bb201
152 32 0 14 53 216 :5a9df834fe926dd3980330ce91be83b83546a06f6035c9f211d5d41effec4070
153 32 0 14 52 212 :56592e6376747b27e1fc625e635ef744aeba3d4d4545fd317f3813cf33df3819
154 32 0 14 51 212 :804b2a7c206aec7f4fde76a5d626b92e09ea76720355548ef7e00e855fe7c2a5
155 32 0 14 51 216 :0f41de39ab6fdf266b14a47d0292eb0dc32c52b975b9cbd2b6b5323f19f0ae44
156 32 0 14 52 212 :cd110223e7e42f7e0708e2a37df01f972c1cdea41a3d130ced1de4187aba47f0
157 32 0 14 52 216 :ceb585c99ae85ff5f49299563f6b6632a1ba7996595cf17a93f5614473c61fc9
158 32 0 14 52 216 :0ebd8c0382a87ecbe8bc61953ab5c4a034f6941be04a403bf17a28a0a7a39c3c
159 32 0 14 52 216 :cc7e92db01d98e197cb2bbc75a67ca8ce72a594b0579ca8cecad4672a3dacdab
160 32 0 14 51 216 :3c654ab9855bf26f1b722fea5c09f8fe3d9a346757f3ab97ebb43a5633467a0a
161 32 0 14 52 212 :79e9f2231c93961dcfd1d01247ce8207e163c390f421b618e5bb0c5867628151
162 32 0 14 52 212 :e8a2d5482c6138bfd608632ff9e1e3c9d1e19e9b4d24195b00981934f4ba0028
163 32 0 14 52 212 :ee9ce63b955aa4f736ee57a1c598997278afe9f09457628b58a42776b81c2573
164 32 0 14 52 212 :7a6b0ec17f738bdbc9d70c2e54a504a414bfe0483fcd00030c2d5d62cb70194f
165 32 0 14 52 212 :44df5546cfd90878579baabfc1791aecbae341e0d171d0aa3dac4fb85137d4ec
166 32 0 14 52 216 :d001ea742a794b1f7b11d8d9a8351036df43516248d22ca02cdfbff22dccff40
167 32 0 14 52 212 :a8c44e91e3c5901c3b9b10b5cee47c0e3e58297e979cf53a1752c7d08d1b584b
168 32 0 14 51 212 :9ed2e6f5de255926c629e63074d01ce5e761441e8c7393867f4889af4094798d
169 32 0 14 52 212 :a2f265138d5cac6a284d04c89fc2e5f3429fdcb94eb008964ad1d14a21d18060
170 32 0 14 52 212 :4fa07baca201403504254d0b26b5a7f8cc2bb20005245f23b1383c796aa9adc4
171 32 0 14 52 216 :dac953f80d6c442b3e7945c96523026c9d803fe6518acb6b24db169977a91063
172 32 0 14 51 212 :813aee2aeea181d39de910cd64afd56bd85043ddf7d89e6c86a0ff364fd41d2a
173 32 0 14 51 216 :87c18035d32ca6292b9d87c627d156e2a9247de21c8e9d46da3a1894cbffd7dd
174 32 0 14 51 212 :02add0c8861694ad4b99c9da4cafbb38f9edd8ff170810d237f20f0a2db63983
175 32 0 14 52 212 :9e9305c1c6c0c37768c7e5df012ad0db1a3dbbf2ee8582bea16ae2270e417b0a
176 32 0 14 52 212 :9e136394ee5d8e0bbcb76a181ef7dbf0b7010cdb6486b3813ef5eeade9f6d88d
177 32 0 14 52 216 :d97893093b4be1f65681a5a9bd0a716158208d64f64da36c37f0977ba22a1796
178 32 0 14 55 212 :5e81e5d53c80911985b3765dc8d72050da8a662a21609bfdbe72c9b3740a727b
179 32 0 14 52 212 :8a94e806367826f2705abad227eb87469953859e263ba58e341cafc07d0283c5
180 32 0 14 52 216 :dab53ecbef1d27612de9b68ad985ed340216301cb32e52575d1a70c8ae366a6f
181 32 0 14 51 216 :55ebd5802510492f79f2c72941e6f40c914cf96cf277eeeb90d48a6dd07cc527
182 32 0 14 51 212 :3f8a071980c10ca3842b5c8f3fa689ba5745d6432e4c63bf49dad11d9e7a7875
183 32 0 14 51 216 :5eea1fb3adc1ee993dbd4e396b9d8180dcff886c8e7d494cc388bf97aae6eafa
184 32 0 14 53 216 :cf0d082739836f2a2de5b79e79da0be586cb30c49e113540d24a15dff83dafe3
185 32 0 14 51 216 :501e6d6a72329fddb006186c187be236fcc97025035f6cf6ccc9045329dfe942
186 32 0 14 51 212 :8f8f0738e08f0bc99c0a289e8b7b7b8d6e3ab1d1ebd500706b815ef6ebeef5dd
187 32 0 14 52 216 :e32da06f5950e6887daae00070a0f0cc09596d7d9708412f3a12e637ac960ccb
188 32 0 14 52 212 :ceaa22ae23084e701e116ae829784315c27cd28dc4d3a581973e2962c5940ff2
189 32 0 14 51 216 :dec62444e2135eb8c4a637fbbc9d5203a03fe17f0a1f67f87d341001d4c71b80
190 32 0 14 51 216 :925696ef5f5956a9b171de5c53e5b330850cf9e12f31dba98aa7e78e044e0389
191 32 0 14 52 216 :05c4abdb4f7d19648f0e280cfd60117243575e1b68c1c13e211539e50ac38e05
192 32 0 14 51 212 :70eb78e5a017b4d1d2b5bf99cf87691374d6f942b8fd1b1eafab6fd71d73d5fb
193 32 0 14 52 216 :813df7babf3f0e2bf50419b3aeda5b8feff34e321b76e7fd37d5ca2c2d1b36c3
194 32 0 14 51 212 :60620cfd707a3e5c87d00b8e39ab2a7bd8bb17cfa569d9feb27c196d431be99c
195 32 0 14 51 212 :2dab53e8f35dd529b707bc3389be85ebd46729bd96673210f147823399c5b7c4
196 32 0 14 52 216 :b8d978d3f6d8c304bea6681d9788855c857f3ed6bb3ae18d85dd1af5afb1b319
197 32 0 14 52 212 :eccfce476dee01ea3a7dc4a5b2a26f7b9588911bab68b60a570dc2bb1d9a3936
198 32 0 14 52 216 :2b9ed93794cbdaa34d68132a6299115616d3f5c488615d3b92b0ca46e51b9c10
199 32 0 14 52 212 :18499f599fb7eed1fc9e5ce5250dfc6e42d10233e5cd05bcbd8d30e9ab8e96a0
200 32 0 14 53 216 :748d512e91d16ebf45646f25ca2ec7a72937927a82ec4c6c2b0386160fdb33f7
201 32 0 14 53 216 :970d73f979c22b90bb9f415c3c63e3fbd30e3846c1372dd66d09e80f1aa4d428
202 32 0 14 51 216 :8fbadf5f96671ab46959c3299d1775230398b29f8a269e908b7f0bd2909faa81
203 32 0 14 52 212 :5a240ee8b329a710ab0477008c40569b52af5702b753fcc09565a9c0fdbd16d9
204 32 0 14 51 212 :4a8f30e12f5a50b79dfc054ef0b20ef2f601610db1e94b34053aff33ea06e3fa
205 32 0 14 52 216 :791738873f4ce40421d2b8356b6aa14ee5b3882e4101579201253c3f5106ea1c
206 32 0 14 52 216 :62153cd2a0bfda2e21fdc7d867df690f0bf3b2bca9c9aa7f86c73b1a66fa53fe
207 32 0 14 51 216 :f947cff71eff3b86a51feb355c8c01556c8221e5e909107ff49f3368ee76e468
208 32 0 14 52 212 :4a3a42fda0c015150b14f7731209fbbadb0bd0501a4c44a968686b2b0764ec21
209 32 0 14 52 212 :0985d2b2a2a51ebfeaeec6302b1eb60819afa7e170b1db03b5b85b95223f88c7
210 32 0 14 51 216 :6357ceb302458bb48a7d9e6634b490a334bc0ff8e183c156c0d97be3a9c20da3
211 32 0 14 52 212 :30b0c64dc6bfe9d8434cc80501b3aba27dab766a37758cb3d9a8956d7a380358
212 32 0 14 52 216 :e662df71d90dc369072c6d5a595b95ead9cc33234f83ce4ac0069baf77b8fa46
213 32 0 14 52 212 :e315d7c2f40391fa756a7f7c582722e692fc4a6f77b3d0545ec8d09f61747437
214 32 0 14 52 216 :e4e137bc766c2261479541b7a9bf602ac7e4ba205b57776dcfa4282a1af0f3fb
215 32 0 14 53 216 :c379a725f8fc573d19e96ad8d8accb3fbbbbe238f5ebcb3106871b492b336228
216 32 0 14 53 216 :1c2c0ce602322d889f03e76d697f315631a544257bc30de8419807a914da1a62
217 32 0 14 52 212 :c4998c3c388d68b510e773e215df8ab212f5301fc273fb96049390b2549dee79
218 32 0 14 51 212 :2b13003e46b80701eeeda3b92ea416e8f7e027a267542049771a1e79c2503a23
219 32 0 14 51 216 :a4819734e533add123ea6350496d02df8e34d029c329ce1d9eff7497e937bb04
220 32 0 14 52 212 :fe271914ede710ddd066e6a761a32d6e78d4567f4a5ecc01ba81a08da3824721
221 32 0 14 52 212 :d4e4c8f958eea11b2d7fb2aa2aa26698f783c317d936dd3904bd99f5a6e0f361
222 32 0 14 51 216 :55abc19883e21291c2b594162b19dd6722f4cecadcbcd94de79d62796991612e
223 32 0 14 52 212 :cefbba2fba8fc22d5e6d2d35fbd9ac8cf8dc1a64fc5c9c9c333fc25636a4d991
224 32 0 14 52 212 :84faf0708685f9528e40acc19e4f4cb80519973cef99008daa2aa5019bafaeab
225 32 0 14 51 216 :d107a98adea4d97122eb988be84a6521c2092ff9d93fcf3f367ac35ad60c043e
226 32 0 14 51 216 :11e72c9bf251051e8a0deafbf2ddba1400e6268ab1450b4634580a728609f54c
227 32 0 14 52 216 :76a9eaed9ee4454d15eec470cdd08daa464e856869308432736abaa1b49c8bb2
228 32 0 14 52 216 :8752096c31b98f9febc62ebc2aae3a8fa69d1d823e0833c2f6ef4e25be8d7e4a
229 32 0 14 52 216 :a850f0200c6d076b8c1323e9c8d48621c47a49d21bb0a5258e3f268739f3f41d
230 32 0 14 51 212 :cabbf53d6958f14909d4dab93217bc1483ee17a7585eb02593542665210f73db
231 32 0 14 52 216 :a6c4bb6ab151872a372bb537d42c33fae5c040b74398829c952dc5175d4b4ba8
232 32 0 14 54 216 :a22f7e9c7da801b2e40c7e971e0b83c8e4fcc947c854ec57d6c1eeafe7865aa2
233 32 0 14 53 212 :2eeebf223b0252edda4824c711eb7c2c093d0092fd48cdbbca2243d49b17f879
234 32 0 14 52 212 :5caed4a12a49a24212b5be1eff1773761e0b38d370fa8f6dec0a1cd06c0b2bf1
235 32 0 14 52 212 :16ad4ab53c2cdbed20f96ede49e49553965a89d9ca852d50c5ac14bf5a56e7d1
236 32 0 14 51 216 :9c6a10ffca68ac370cd27e88baf743d7ebce845b753e794665e507abe82cd6cf
237 32 0 14 52 216 :4da3de2a6c604b219a5f3eb81e94d553ada00b0430410923d88f367ee176931e
238 32 0 14 52 212 :56bc5ae66a9d46f6881280509b156c388ef1cb623135d89a90b8c215fd68df94
239 32 0 14 51 216 :d339a1a279595760d2289ac89cada89f99034b75c4859d8bf2c8848fc7867201
240 32 0 14 52 212 :8a17a03d20cb5681606904910a6c40a07942f298e222325ea410f178f7a19bb9
241 32 0 14 52 216 :6cf3346d0bf0925ef50ca4c3b3d955f4d6582c28c8378f33aafb2ebf7f2209a7
242 32 0 14 52 212 :55aab5bcd3b963d5068641de97ecffeabe0941a446520d1725098d7b0a9c5322
243 32 0 14 52 212 :1dc40f8ee9c30df835f378a0b2f5e304e54621570588f169d7584435aef5b4d9
244 32 0 14 51 216 :b36869da4a41f3fe699a4f29279da18a949a1eaa4fe3dd4892059638960e1c1e
245 32 0 14 51 216 :87d5285ade7d4e136e0757516c33f7fc56cdb7686ed71b9591c5ea4abd19513c
246 32 0 14 51 216 :865818dc0300875fc5a6e5d2b59387497dba3764de5294cdf21edf054b089450
247 32 0 14 52 212 :86781cf4027d4ade02e7645ce9fdf39aaaa6c1ca3c9328721d5cc27d46d31df2
248 32 0 14 52 212 :f5dc9d4df6034c76b729227b25f328901286b96ca27f7021647c77988a9bf719
249 32 0 14 52 212 :2d1a4d9d76631f5d1fd759e68a554bc55819ac7168e736fc4696b2e9dc9cb947
250 32 0 14 51 212 :c08e6d360edcd1bfcd38819ec8a891de5c099a2e4a367623bf9a52d683786b84
251 32 0 14 52 216 :680e941479cb7349ea5bb22f7cbfe234402ce1a424e9c4e56ba12f02ca1a8bfb
252 32 0 14 52 212 :baea9d0a374d06546539a2b5c41d4658b3fce2ca703fc2900a2607ac211f326f
253 32 0 14 51 216 :e24f3c28e483843dfc11690e1a073ea97178bf722775b981a877334ed5ced18c
254 32 0 14 52 212 :50fe0ec767c61fc31047a24acbfe5fac9c5d5dbc89ec060f258ff6395c7d8f01
255 32 0 14 52 216 :54e538ee63907a0f2564f5156fd1cb00f14191fb4744dc5d237f86d1839e09e5
256 32 0 14 52 216 :be55dc86b54680f4127fa2a87986a6886fc57bcfb73310987881e26a4fb80e90
# ERROR 257 32 0 14
# ERROR 258 32 0 14
# ERROR 259 32 0 14
# ERROR 260 32 0 14
# ERROR 261 32 0 14
# ERROR 262 32 0 14
# ERROR 263 32 0 14
# ERROR 264 32 0 14
# ERROR 265 32 0 14
# ERROR 266 32 0 14
# ERROR 267 32 0 14
# ERROR 268 32 0 14
# ERROR 269 32 0 14
# ERROR 270 32 0 14
# ERROR 271 32 0 14
# ERROR 272 32 0 14
# ERROR 273 32 0 14
# ERROR 274 32 0 14
# ERROR 275 32 0 14
# ERROR 276 32 0 14
# ERROR 277 32 0 14
# ERROR 278 32 0 14
# ERROR 279 32 0 14
# ERROR 280 32 0 14
# ERROR 281 32 0 14
# ERROR 282 32 0 14
# ERROR 283 32 0 14
# ERROR 284 32 0 14
# ERROR 285 32 0 14
# ERROR 286 32 0 14
# ERROR 287 32 0 14
# ERROR 288 32 0 14
# ERROR 289 32 0 14
# ERROR 290 32 0 14
# ERROR 291 32 0 14
# ERROR 292 32 0 14
# ERROR 293 32 0 14
# ERROR 294 32 0 14
# ERROR 295 32 0 14
# ERROR 296 32 0 14
# ERROR 297 32 0 14
# ERROR 298 32 0 14
# ERROR 299 32 0 14
# ERROR 300 32 0 14
