# in_len out_len m_cost t_cost time[ms] memory[kB]
1 32 10 1 24 8180 :0be54205204fdc2e4b6ab0e4ce6a4afaa4b5aab0daf97e3ebcc3b3b6e80574b6
2 32 10 1 25 8176 :c958dc6a60174296155234d6359ea57cd8e43b06218fe1b2f02bf5eafdab07dd
3 32 10 1 22 8176 :960082bf4eee9f23b866258c25c63d9500fb8dd0e13b0a7f2fc7625dfbeadc94
4 32 10 1 24 8180 :58bdfb78fef642b9ce50821cd7e7f1943ebf7d8f273a03f1b864845d83730bb7
5 32 10 1 24 8180 :8ecadcd38474fa996df526c8a1f6a88962241eaa9af1eb750a6ba54e9385bcf8
6 32 10 1 24 8176 :33108eb0e578308277d496b8c8ca9f3f56898bdcec5dbb57901d1d7de463b416
7 32 10 1 24 8180 :62c99966859779815628b1d73fd2cb1fb634bdc810147dafab5af6d55ef76f86
8 32 10 1 24 8176 :093a857996d093b60022a9ed00e55107ac4c762f505f94277dc0f3e06bad4714
9 32 10 1 24 8176 :f9d9b9d38ada5fc2980f5027d983fb029623ddc0b934c0c6d0653717beb6b032
10 32 10 1 24 8180 :ca12456d63ea3b1764a5f7a43efe01eb61dd887d9ffbdf3e2861affd1a89071d
11 32 10 1 23 8180 :e460a10d7e55fb097f29e576f8928e08ed51f2eb637f645caffce27a9bdc5ed4
12 32 10 1 23 8180 :0fb5eeac9f9c7f078983b51b9fbe0cf985cbfa69c506c232b18183c5d82f6fc5
13 32 10 1 23 8180 :6de8af75e4544d18d932fe6ef3e4558092ec52ccba724504a535668c0b73fa38
14 32 10 1 24 8180 :f35d1e21d4367972ff06a6fd6c8a331a90f6da44e8770a30b7a7870bf3480466
15 32 10 1 24 8176 :f36e5f593266d1f76bc221babf69730634b4370782e8fbeccb275e47596185e9
16 32 10 1 24 8176 :97cde9bf3b726841bfd88ca9996dc3aba4ce7c04ddc78b30afbff72f8b21670d
17 32 10 1 24 8176 :fde1dee54ff91b6cd0ed9d78de07bc7d0c61a9fff3eab48bc040c8ca55dd7ce6
18 32 10 1 24 8176 :0542dd21d99e387870b222ee1f81c5ffd74fe26b036535622cc4f25dff428d02
19 32 10 1 24 8176 :68c8d03d910558a28e714d7e280279c3896d1b0912568c26bf5d38ddee01c246
20 32 10 1 24 8176 :1d11d1bb7349d802eb7c5b9ccbb068c3a4f101a3734e0758c09279af6713a893
21 32 10 1 23 8176 :c57c4c9da48785cdef298c6f13518ac0cf686a3d0a30772b1e57928130c42abc
22 32 10 1 24 8176 :8a6b61b2d4abd2263d1d02d8548472fc357888e3a23d5831115447156eab3a24
23 32 10 1 24 8176 :89f867f9ebf9179bb5dbbe1b2f07f3ae4aee05b433efd6c531862a25aed12859
24 32 10 1 24 8180 :be091250881cb26a6299c4689885a6361c1eb1b2d914dc7d71f2a3eaa66c5933
25 32 10 1 23 8176 :cdc76c0bc779c20ca20884e3155eaa2aeacea354ec5c828eff19768da3b39fa2
26 32 10 1 24 8176 :0acbab0a078e6fbda55979d94528838b1068361fa29a153eb4f2c5667e1dd2ef
27 32 10 1 24 8180 :53c4c62ec7fa1eed04cdb1b0b0809279b701da771cff04b065b62a5244d2c87c
28 32 10 1 24 8180 :a7f3313ccb8dff36d79bce13553d09aa0f15c983a4201780b974a01a8fd25ed6
29 32 10 1 24 8180 :2cda56f13fb8b4c3a2b11f06bb8e1289db17a10b35c7f330f00c7f50acccb870
30 32 10 1 25 8176 :c3b92279831c6d8ef3df703499c5da4bdc5a38555140ffc6dc979518b7ba78bd
31 32 10 1 25 8176 :5eb686baf09ae9d6d66939b1da5d5bcb0caa5c1dfef073e4c279a36db3b09730
32 32 10 1 24 8180 :b6285e6d05daffee2f3daf3b72814a1bbb2fc91ed396e560045b47d8bcd90c8b
33 32 10 1 24 8180 :9f44b5034e9571ce545a165dc75be7c01ca1099a881f3665e027aeb4325db43f
34 32 10 1 24 8176 :ec0c077ae1f29c0a960281b7ae65402ea6ad0d308b187a25a50b5e58d8ed0613
35 32 10 1 24 8180 :52e1074670a001305c53fa54ccf3b8b4f91aff5f9bcde660e6d39de7e168c537
36 32 10 1 23 8180 :22194adeab633cf1b672c5af59225eb6dac4175e8c52e552e8cac9ca41668ea0
37 32 10 1 23 8176 :83615c56322f644872c000b87ebb405b668b1b4e4f3254c46e6d7b83cca85ece
38 32 10 1 24 8180 :c244053958e7ce97002843d1c97be564e0c594bb06173d38185576f18b99a51d
39 32 10 1 23 8180 :fc6d6e8d2364226ad9beb0112746e6854cbc389fe9f6830820542036a765b5aa
40 32 10 1 24 8176 :f84b8bb89627fe0afb07f4060c88da8842fdae5fe6d530398718fdeefc0ce105
41 32 10 1 23 8180 :e79993a91758383436815f38de87d697e414d236a98c804f636b0dd7c51b54b6
42 32 10 1 23 8180 :f96768164b737fd4f5a3da8a7a332022f6bb424dfae224507583a107a2deca03
43 32 10 1 27 8180 :95c0a5e71abdc1c62e8c037785200f7fc66497db10be2c77891d9d73efd9552a
44 32 10 1 24 8180 :7b52c1e1c8d5d9e46247da67f67309f031b3d93cf4438c081f77e5b25b4b74ca
45 32 10 1 24 8180 :4ece28b94b5036556568766e51e063c632480cbb264f3a10398578ac5646154b
46 32 10 1 24 8180 :4971f3c16afa6ad4e8f92a4b03756d9b86795541c6f18b098e21a8107491c6b7
47 32 10 1 23 8176 :5e1a2970979de5ec4e8ffcc18a7c6f1de9d9b438e7ab632bd068177d89f622cd
48 32 10 1 23 8176 :7fb168c163f20926cc3ba0bdf478ee4fa657f54f3f5f30cca55cda4354a51171
49 32 10 1 24 8176 :b81c6ef567e53ccee6fde88b692fb704cd6547a337a68b366f64b100650d5ae8
50 32 10 1 26 8176 :c1924c3dab6f98f5dad2caee39154ab8f01ac7fb8a85edadb95e434bb97cac72
51 32 10 1 24 8180 :3ce6e1a7548d821a4dab1cc79c4e13fa7c66c7c7425494207c65d000625fdb26
52 32 10 1 27 8180 :63d59bb2e50f3b8a1c084fb7d58a4c375920fff946c908c4f0285951fbb8b037
53 32 10 1 24 8180 :f8c3cc42654691d08893440e4afc77df801a4b8cc65177e5a30c348a431dca33
54 32 10 1 23 8176 :23f5e97b6c1259b8c872dbaa8443e6f223efb6cbf771d56f35da9b8c7d1dcff6
55 32 10 1 24 8180 :8b0bfe1d7173617c6d5bd44ee53ef3f8914a52b72aab31bd2e8aba3a1ce6219d
56 32 10 1 23 8176 :1ccea5bc35638b273f6e57650b7905f9b0992aa7cf22d30932919b0065210557
57 32 10 1 27 8176 :2f6e3f28570e18f6b30215e2bb9f8f3cca65d57df11d89b68ffba8627bc107cd
58 32 10 1 24 8180 :d14374f55e99d820a16314b7c64651018868bade705f547274cd22eb97f94515
59 32 10 1 27 8180 :a7dfc2b41dfc5e07584a07bbedf0b840d806925931dfb13979146871cdec6632
60 32 10 1 22 8176 :e75063682a15ed591c9c45dcaeb7032d43a6108177feb50fbcb6d20db7e49820
61 32 10 1 24 8180 :f233dd6e801ef016202e44f35073b6e1390086daa2b75a4f651d0f8fd5b860da
62 32 10 1 24 8176 :780c4ed254b60488fc3dc8c9303a1c338eab6e84ec9fb543136d48f0831bc128
63 32 10 1 24 8180 :d9c46204ced61f7a9d7f54f8bb3dbb5555dbe1adf2b65c7d713bd2a91def2bb8
64 32 10 1 24 8180 :8a2f1b7165581c3239de9b112cb5c6474b7f0b70ce42fdf0bbd27b230fd14e37
65 32 10 1 24 8176 :61910347731b5956272fad317363e7626c6e1130b9850c838ff88625f5621a85
66 32 10 1 23 8180 :2b2e2d807a1c761d16147765cc0dc00c72eb2e591e0f816efed20dca6db0de80
67 32 10 1 24 8180 :9c273c11c4a6425dde020e2d0587c82e09709d28e0a95604a9f218f2bb306332
68 32 10 1 24 8176 :d23696fc05198cf57c35d8486d34488398845da04c945eb358c1d0e24ccd6530
69 32 10 1 24 8180 :b5f3bf3ca6527641a955ac922d3b90359e66781f1f560599251d94a7504a82c3
70 32 10 1 23 8180 :4753c4ca0d0c61dda1c33d39deb866ba70f407cc1080866d5e9c3f23a850a724
71 32 10 1 24 8180 :c2bac17daf69f1a13a7d371d00744983dbde18ab4dcdf9ed457310d4e1cea2db
72 32 10 1 23 8180 :0bb5cae10d964dc1d5833f50fec40583a0b5578774bacf463c4d68f29b8be30c
73 32 10 1 24 8180 :4f463f4b54f143ccaee2ddb82f9cc26dbb050ba07bbadfbe9765da77f91769fa
74 32 10 1 24 8180 :24da66d45df6ae50bae89a06f2999e4e6f23a0d16df9648362e94fed03976d1f
75 32 10 1 24 8180 :2ec2c88fcf3efb9ced9c998015410f57da33f91ea727dc5fa3a3fcfaeb6b5ab1
76 32 10 1 23 8180 :44cd9666a9eb8079524473a0f626245601331c0df24bca4f4e88208f2ca1d465
77 32 10 1 24 8176 :fbc92f3e64aaf6fdba1b5b2a0301fffa02f1fe6372072dcb1e8a40c488448f0c
78 32 10 1 24 8176 :158751544e4ff15b31de731b8ffd71e8911649d2a79a1647d7d7639d4ae39539
79 32 10 1 24 8176 :180952e7cb7af22b6e53cb0c8598439c5bb53e32c531bb655734ed98381177c2
80 32 10 1 24 8180 :467184f07e2ff0a54a1d448b27bfeaa9271f4cd2e877972f70a06ef6de540f26
81 32 10 1 24 8180 :f4c959154efbd166ea1ad17baee8db9f3ccbf3608694e4eee3be15411a6b50d3
82 32 10 1 24 8180 :ce393eef19edeed1f960dcc264ffbc734eed8a14c3006a78892df91fc2c48b03
83 32 10 1 24 8176 :a067cb2b40a41209d0486090652c5319e1a60296665d9bf08f46e3cd951e0c73
84 32 10 1 24 8180 :4512d3a81d6e9ed31993c62cad5ca935028822f960fa57fe7f686196e200655d
85 32 10 1 24 8180 :f13652b9e8792af8b89f39792e1c4b0a8f369f9a73efd2d82fb97a6fda63fd4d
86 32 10 1 24 8176 :2cc526885b8cda26c5f55c066945c86a95e8c52c3bbd933b52f893bf6b86d261
87 32 10 1 24 8180 :eef530de9405fe55ff5d8cdd7f5836b37884af3cdd4700611b1668a7734b4a66
88 32 10 1 24 8180 :f4ad7910b8b6b915995c91af64c1a1d845dd55986d6d6112cca44301f79d0b03
89 32 10 1 24 8176 :dbf8a222e3c8d0682ab48c5482481e8c95bafef5610762868fb5acdc97320ab3
90 32 10 1 24 8176 :79e671102b046293aa0a3d788c22cc69f1a1da1a7e1b6a69dd61e818829e6f43
91 32 10 1 23 8176 :3cbd89009dc9d52c327e15b8ef52c275981e42f2bf23d94d89beb9a3c11a5236
92 32 10 1 23 8180 :245cd642858bd6e80ff557bbcc1a12e04ad071d8fca424ebc3999f44d22155c0
93 32 10 1 24 8180 :e287226776e282a9f896afe5a0ce65c874f316b8617a128ca6a9694b0d2df242
94 32 10 1 24 8180 :e6532d25c6f9ba0ee4b95bf5f2f0721b2844fe345b9f15619b2c1a9458433b45
95 32 10 1 24 8180 :9bf1f60c181361b872c1d4f59a018fd0e1c5aa0c6129e4482e8d557d6a6d6b97
96 32 10 1 24 8176 :7092636d82cb5c487f52a9726af40f281d6d82d63960c43d19a5337a702b82bf
97 32 10 1 24 8176 :f13db39f0247d3cde56c85ba8a86911d0773b06cdb351bf7d0edd5df7eeb4815
98 32 10 1 24 8176 :2a5561025defb26df84589b0f3371f221c84435b6ef6e1a39b72a79e17facdc9
99 32 10 1 24 8180 :97947a154eba7f34b8e0779f3a631ae467834e549fc4e52013725deab09e1f5c
100 32 10 1 24 8180 :c854a3db058c09d3db119877b73180adb086a8873ab432345e81c3a9625fcd0a
101 32 10 1 24 8180 :33e6219b339710daf1ee9389d34312b6bae30c450eccbc0be9fdaf5c11c2e81b
102 32 10 1 24 8180 :4effaf77ef64d789d34adfc23a00bb7ffc9fce74c1319dde688d70375ac2d1c4
103 32 10 1 23 8176 :884f358f71fd24c8ee65a32d7699e564ecd1317c8dde5776e328b12871f23bba
104 32 10 1 23 8180 :77499276bfa42886f994e5532f38b328e5393ec470d194216b40b19ee3f22360
105 32 10 1 23 8180 :9b816d7613e625a5c7125e0352f996da0a8c7672337d76f7e38d0c26317698cf
106 32 10 1 24 8180 :831b4088a2d3f7b74b458493c03dfe01fd9984649fdfc71bb5e1b1c2f68c866d
107 32 10 1 24 8176 :7ed48b4ffd6431e8c36da62f2e0e5c82c6ce75b9dc1f7e5917f29c7723c0a977
108 32 10 1 24 8180 :d2fd0bbd8f18a37ccada55547aea34397d68b460550d2a1fb97a4ff6b6f9acf9
109 32 10 1 24 8176 :8cfa1bca79cebd3c34ff312b2501446e683baaa1704b2b0808b03d387c7a01df
110 32 10 1 24 8176 :a85b1656763a0a565c9f95bd33b7784893e0defd0f21dd1f484c073d9866f26b
111 32 10 1 23 8176 :7acaeda35b1eb46ac0d0c80a6c3a83e64d9d1e68e380b51599ccd965621a11a5
112 32 10 1 24 8180 :36976942a3cce71fe5dc718bb3e62e5cfec07f9e6a16bbcb7f48dad7d7754e87
113 32 10 1 24 8176 :79bfb30a6cad910aa9042163c4919a9b859bf58cfb6794a04f5802ec6025c4fa
114 32 10 1 24 8176 :71a238a0585b41dfee63e5f880162609ab607c628ec2736871c66f42e23699cf
115 32 10 1 24 8180 :08aa82ff75ac11b761a6fe210604dde505a3e56b097f5b641d530b7c21458517
116 32 10 1 24 8176 :4b39a0e9b4e9b53eb62cf8cb8f11b12728df5746b3f2c26c32e53b62e292db59
117 32 10 1 23 8180 :28dfb050345acd97b9836cbf607b662346654309b8b9af8a8d9589ce4193cda7
118 32 10 1 27 8180 :b7efdeece502471f7d8d021d931db4f29fd3c66a8691046ffce854e7e0b0884a
119 32 10 1 24 8180 :2f195c952634f87e14564775d0e0f1a5e430c5a2a62af40009f7e1d8c60606a7
120 32 10 1 24 8176 :b4f0f35cc5cbbb53847e78c1c6f5f9dfd885d63b92ec0909aa6fe64010df2102
121 32 10 1 24 8180 :936ab4fec23642cf99c11119392faf4236745507b43d34d648de46106ecb5af2
122 32 10 1 24 8180 :e3ced6f982eb3dc82cd1f90000cd0b57930053f5a02351c8139ec8788e6fd462
123 32 10 1 24 8180 :22a547c6412d83f017560c41c78d41f1ff80f356381779e3bf4800651037f04f
124 32 10 1 24 8180 :023b10833443b6b7e748d7d7e4f567cf3002fdb9e764221c0f2f4e5a4d9d2855
125 32 10 1 23 8180 :0b869127119ef4e811b621f4bf96e660f4982ea59a836e80e68d561dd00ea778
126 32 10 1 24 8180 :cac2b13afc4cba6824f8d202368e892925ce7fd41cd93870da1d533405b3589e
127 32 10 1 24 8180 :4f482430414c785846c33a6e2a0bb4264e0d635bb755917007cb740569356f07
128 32 10 1 23 8176 :4569a586e003a41a9ec61efa00b62bdc1a79275e52c402a2724f3e6e2baf6305
129 32 10 1 24 8180 :03e8eca5736d74cfb8cf5cc653e75dd695de028c59ec0185f820dd1c29381c57
130 32 10 1 24 8176 :be0dfd87a181f56d2fbe11a6bc06d2eb973e2a9f2667bc303b6504cf17f35f68
131 32 10 1 26 8180 :e6c43660805cf144088cd40026fe67b9982ddfa92284409fb12d8e6d87e39aa9
132 32 10 1 24 8176 :94dd9115ae5b9a57d468c1485d41e9b1731b2e8f7186ff647ecc3b641478ac55
133 32 10 1 24 8176 :9f32ee36506797a67498eab9a5a724b5e4ebec66f20db68eea5eb45ea434f760
134 32 10 1 24 8180 :df028bf2d46728f08d83955b364ce250fc35cb5f3518e3fb294b727dc5fb3c90
135 32 10 1 24 8180 :f549c2c151aa894eef96fba7725a65c440fe3cb0e6c9f7d1fc05e8dcb0d9654d
136 32 10 1 23 8176 :4fe0231f9119b78abbadc5b2105bc47d53ad75fe3c7bded28e10875f3f8cbcbc
137 32 10 1 24 8176 :aff14155ed1559e9063d54097be92b0cf8db334cba1c29281de4aa9b40c48b8d
138 32 10 1 23 8180 :2741a2dca5ad1eab72c02c44f1a85eae3a51a9a213640430f23a08add4ac6bf5
139 32 10 1 24 8180 :eb4c98d276c7dd92d986c10077ff733e47f07bebc23445a4acee8afa403b90a3
140 32 10 1 24 8176 :f9ec05074a94047e0193e943757d2962a6fc0483949c62df9477caa747048979
141 32 10 1 24 8180 :1840fcf56b6c2320135662e2eb277e022b279a3a96301bb55eeff2238f65c94f
142 32 10 1 24 8180 :096fecc2b76856c1778ad12e826c74e96868d40f7e063c26562f207aee114d79
143 32 10 1 24 8180 :8600d8d0b4480f49d20ae264c8b0ce6b9630f2f4fb6678fee5bf8cc7f1eff368
144 32 10 1 23 8180 :e7dbca86330ff26239af3fcb9b1df92224a753cdf0ec84a2be7d20f09d981db8
145 32 10 1 23 8176 :dc4106346e8495a56bdfb6c050ccfc8163bf1741960913e665ab3b1567b231e0
146 32 10 1 24 8180 :babd54db2bf97cf69e50ba599769d87abe2c813cba183dd2c9a314e66ed89df8
147 32 10 1 24 8176 :d0eea955f22ccdb29d658f592a3e03d8016d69310aa5611ddf6c7382206c3084
148 32 10 1 24 8180 :2055756522f151f6e00af08f64c4de4886e7a6cd04690e878fde1fc7f9eae7d5
149 32 10 1 24 8180 :c93bf453280f599284e102b46cf448c61239b25c7d48388a82fab54da0dc4555
150 32 10 1 24 8180 :860d29cdc10673c311b95cbcea6d344e2efd52edbefaf285506e6444da28f144
151 32 10 1 23 8176 :26a5429143bc62b3565747596cccd799cb97e502adc5153156049edc0a820ea2
152 32 10 1 23 8180 :e58503193d9f496f5591cb79c87cbe36715cc41d2f823e1d7aa578cf03c85456
153 32 10 1 24 8180 :7ec7fefe53090e5f83b90fb470cafaf183b1cf1fe2489c62f7bdfceae076e52c
154 32 10 1 23 8180 :976705e4c0cdbc8aa147e7dc88576f4279a25c46aec61f0d71d02d59ac5f06b0
155 32 10 1 26 8176 :46913367b026679d3179b3f1a953a6e94d413bb7b5d0d53378ae9f504a2ec0d9
156 32 10 1 25 8180 :fcd77036b217fc89f4e76ab0cf27d84c19f22c5ed51f2f70dbaa8af69ee809b7
157 32 10 1 24 8180 :fd2bdb4ba73b8ca4e1f80a0c44579d4cbaff9135f466c2d31f7226cf2fb096d9
158 32 10 1 24 8180 :11bcc32b05f2a6e5397f2b80314378f7b9b75e042b5ae5841524fa6c35bc89af
159 32 10 1 24 8180 :c4451e2a2c702d70503e3b43cfd601108e083700c8c877a060d0b97deb53d076
160 32 10 1 24 8180 :8524be0f78618827707b363c029d5a1005e165d443c7baba7168b5c0c4deeffe
161 32 10 1 23 8176 :283a6d232b0e7dd7de41d7b85eb608dbbf9a5e40a4d124ae151e190870f40b19
162 32 10 1 24 8176 :41d925fe4a94bd74da9ed9833e27012e906ae755ff2cc1de8b91131ff8d91860
163 32 10 1 24 8176 :48fef31a6637d95302cec30b794ab73f3f2ac676af0c5d658091c045c7c81ed8
164 32 10 1 24 8180 :371e98993507c1fe1ac9468d5606283435f9d6d8d31145f628679768d444c296
165 32 10 1 24 8180 :035e7da90aaebf5e0633f3996b3bec96fb738fa806a09c9cda1dbab807734dc9
166 32 10 1 24 8180 :16135d87cf17a4ebd84ae0dd3143e75b19c0955a05dba431b9f4eecc2b267de9
167 32 10 1 23 8180 :f264974a9d8e10338c504ec411ea9286e51063c1e47ab61065abd92159ca34cf
168 32 10 1 23 8176 :c0e20a871d65e40452ff624cb2326fbe42877f8664a644ff1c203d8dd6e6166e
169 32 10 1 24 8180 :895d8822c50eb61c2d233774818a4708b8ca94b0cabec107a70c546ad8050369
170 32 10 1 24 8180 :e2d4701ff3af61c9763d09367076c3eda156fd9e7916fce2e508469410b8ab3c
171 32 10 1 24 8180 :5e805a9f9f3f95216ba4097297e599f3d4f96e3d393a78d45cc0d803fbf752f2
172 32 10 1 24 8180 :70b03f1bf5b9160b139e88bd202bc7b5b6a439e622b84d948277b0790718d7ad
173 32 10 1 23 8176 :7f0c3b513e54bec92cb693bddd84199dab1763d683f4afba90d38838747ed3a9
174 32 10 1 24 8180 :73f915ad332b37d1ee2e65d6ced20d813652e2447622eea04475c28261d988c8
175 32 10 1 23 8176 :e782cb43b32bb0f7a54a4ae4e396b8edff4d0c9dfd54cd1652c971f5328647e3
176 32 10 1 23 8180 :2aa79bb2ba17dce788fd75bb65eff91dbb8f7f2d11eef6a3e445674d9bd02f58
177 32 10 1 24 8176 :e19320257051379593b92419b6cf26a757f8f39b704f8df74020d4728f45695f
178 32 10 1 24 8180 :6cc1d797fe2ce597a71444e0e7eec3bd176a5be464d3d8666129a5dcdc79aee9
179 32 10 1 24 8176 :49e1948fae8a76f0741aec25f0fec327f36ee954b9841b00e1f9fd723ed74986
180 32 10 1 23 8176 :fabac5e334334183879913c856081df7f9e062baeeabc25c1dcb2b093584f7e1
181 32 10 1 23 8180 :905472ec30b7c89338dfff9c15f068d227a9305af07335deb9035c2bbe1cf446
182 32 10 1 23 8180 :6ad43c85da205570f5efc6375665acdb4e19f32f5d71f917adf76671d3dedce1
183 32 10 1 23 8180 :6136008a2a3311555df75a66e9296af750d841b55c9453d5087c5307a71af4ca
184 32 10 1 24 8180 :fe498b6b8b6f95b46b8cd071763adf2e9cf9e0145f6f06bd6cbaad86909c9ebe
185 32 10 1 26 8180 :229b75d47b65121f996f1ac019f2a8e7a0109aa606595b6e34a7ce2f1bd58eb6
186 32 10 1 25 8180 :4339dbb19d50a679a99542f161959b70f955ff328eab1b0ab8161bd414ead1e5
187 32 10 1 24 8180 :98d113f400f6601f1f6e7267536d3b8b510b77a1a90e305e665ce1895b7915d4
188 32 10 1 24 8180 :f1a0398333eec3f509712010b46a759d6d058beada4efd32cd87e14c4709cb5d
189 32 10 1 23 8176 :cd9d1404366d5cdfcbfefe47c94972c03b27afa23b8842ac815124df7011dd62
190 32 10 1 24 8176 :459e4c685c10d08a8ae0874c82b0807954f127fd21d18ff537fa044978746c3f
191 32 10 1 24 8180 :3be55f079f1e8edcbf497329657d7a25ab016175d7f3e39bfbfcd746e9efea30
192 32 10 1 24 8180 :c3c56ad8e3934fa0c910d3b6573a268ba07ac8263cc839605eef484ff289dd88
193 32 10 1 24 8176 :8c40a740035bcc054585d633f8e2be39a187e917b3fd1ccb8e380aec53dbf7aa
194 32 10 1 24 8176 :56d2e90d9f5c175749f9210577e8fc5cb1c14a27987938ebce71cd1e2aaf6de0
195 32 10 1 23 8180 :bd5089e3f26e61b7b6b3407862d0b0ae187912d07d1939d0ca4ab77d540d7941
196 32 10 1 23 8180 :37f24046365f4c748c4185a46eeaaa8a576d15a6bc3e20c5d930e71941fa4cee
197 32 10 1 24 8180 :b319fcad1c41724c4dc9f4bf708e2332e0514eca986aebf135a7df1663d0b8cc
198 32 10 1 24 8180 :c801871b18e2af608a25e9df09328e4bbf8d4a282008e164db04496d6884b540
199 32 10 1 24 8180 :a33815c87715469ba269fcfdf3284373a6b49ae4e4ce63d2a93443a5c9906740
200 32 10 1 24 8176 :fc0d0cb95c6a7f80b30fa823a4664de8fa013e668affa9fdd3f1def8dc4c53d9
201 32 10 1 25 8176 :8167fb063579dbfb95d45bf8b839f89b342fb8f10fd5c0d4cc0c16d0b7ef4ae5
202 32 10 1 22 8180 :31e0335bafc9554a44d5da7d2a164124a64403d4e5f20c4566294ac4b64f15ff
203 32 10 1 23 8180 :9e4993b7e00a44b5def57db98d87a042ae23c3fd0619e2cbef19816e2dfe15f7
204 32 10 1 24 8180 :7e855a95fbba6b5e661013d1b9784e6b9c43b1819dfb278bca40040a1009de60
205 32 10 1 24 8176 :fde0b9dd1b39815d2200153acfefb9200815f1a3c4b1229fc290062438f2ab8b
206 32 10 1 24 8180 :9e34ef11444e80b7b69f8e207eebe34ba8666a5dbcc1b393b0bdba6d7807bfe2
207 32 10 1 24 8176 :cb930db88c5506372ff98928856a810a449b9939bc5762274bac15e1688ab115
208 32 10 1 24 8176 :40d110f48c8f5d2b9871071e80aa2b8dc0b53847b59881ce7f4f344ff13459f6
209 32 10 1 24 8180 :0569173fbfba808bd2032a5d4393076880e83b965850fea782644aca75da5e85
210 32 10 1 24 8180 :4957e215fa8fea965aa2eebecba2086fe2dad2237cb9132d951766092c8a99bb
211 32 10 1 23 8176 :1cc8a434e5c5d4cd0172d5ad9383270d0bf20d90a001f6b86d2379e2dd798a07
212 32 10 1 23 8180 :41ee30c8114e606a9f7f8cc5987fe8943c8551a0b5f623e2a880b1f3a99d8f74
213 32 10 1 23 8176 :4adc55d6b72e3eea2e969aa16dc7ea8222c79ac80671a32ec7510193c727c219
214 32 10 1 24 8180 :78d25f2f6371881019f93a50d67f0c087e126929af00b39f29e56f13a90db8ce
215 32 10 1 23 8180 :93f8e6be282cb6edec7e3d0acedf60fe87a4a6480dee8df2288ce24d00192e00
216 32 10 1 23 8176 :178aadbc8b61d3229b9599c38d40e89d55acd956cea207a3b69a3fd6f5e17b54
217 32 10 1 23 8180 :d2bd03b8f253a8c4ef7196ae834687bcbcf8d9fec623a1c1abef8935c0c62843
218 32 10 1 24 8176 :63c2428e58ee592bc82e0fc440923689d76d523d33eaebcaf92c88adedb591a7
219 32 10 1 24 8180 :dbd26e7b958e0fd4ffa9dcdbaec2d2bf93bc35ce7d969bc4a6786332d718adb4
220 32 10 1 23 8176 :7a22d2e00ff444a9c596fd5f85dfc4428fcbc154ff098a69dc395f3098007dea
221 32 10 1 24 8176 :23859e0718f045fffb1a6f64231f38452ebb389a61b8fdd3617df11ce1aaf941
222 32 10 1 24 8180 :4f569de577b20ae0da83d423af0fcfe9457b243120120426db83e52b8c7cb324
223 32 10 1 24 8180 :fd00e71ecf1cf93b9f689dfe0cd6ebbb8231c411396fdbf18bb65214eae376f1
224 32 10 1 24 8180 :0a32b22ad8fe376b6c62173e653e73ba995ba2595d776fbf16c5bb2c3a56b44b
225 32 10 1 26 8176 :0588dbf5bac58642d8b0f8af5b90e317a04063b094a06ef468d3a2970f0bb135
226 32 10 1 25 8176 :70a8562071cee36f855a5a6627873eee47b7e8417d542b1692747aacb1741072
227 32 10 1 24 8176 :74676862c0b86c5c8d8a15edf472f1c2dd4ef5c47d7fc4b0c5377967b4927b32
228 32 10 1 24 8180 :1b89aecbcf1a56a633c4183e6ea512bf90f53c09b4a57f55b720d7c819483f9c
229 32 10 1 24 8180 :62b68fe86a832654079542dedd583fee94f0936574853b4738a8efc8053104f6
230 32 10 1 24 8180 :48617b7b498c31372bb18489bf9bf8cffb6e8ecade612bfcf65ab21f5d6c43d2
231 32 10 1 23 8180 :e87b571098d505ff123526f016d537b1e12f3ff439686fc1653dcca0f54026d5
232 32 10 1 24 8176 :82b819d4e900d5ba24ed6ecb87cb91492b56a21b297f763ff150a73c07862d62
233 32 10 1 24 8176 :9c09ecd65492c78e5748728da6adb3c943f34a0076d323fcd9181c61c4477bf0
234 32 10 1 24 8176 :06efc239ed4c934db54f4ac5cba65cf101661ccd18d9d110a04529caa978e0b8
235 32 10 1 23 8180 :7449f61ca435313589db4a12474d3bbf889890663db18387c2b1780e2a1d1b69
236 32 10 1 24 8180 :6c25e362df1642dd04e7f24dae19be5d00c03c005354036dec71a89aeb6e598a
237 32 10 1 24 8176 :c526580e084a2e12d9466b1cc1f3646eaed62763e5ad95b919ce69ac3192d35c
238 32 10 1 24 8176 :0399b45bd8aa96917af4868b41503f2a487753f1c40d24d90a242d5b70aadf4c
239 32 10 1 24 8180 :5f52fb9c3efff9f1f4ef1a479a3199687f2473fe3b51dc4ef47dada68281f14d
240 32 10 1 24 8180 :209a25132d4dd7138849031c7b9586e2ca22d2a31443e56705fbfc5f5f2bf726
241 32 10 1 24 8180 :029b76b581c6fdf6a1e2bd311d4471c560a1c6f42727b22476a80dcf0e666b24
242 32 10 1 23 8176 :0781283a1475941af3b51ad89854d839dfca674565e283e5958b2e35082b7b06
243 32 10 1 23 8180 :cdbce204241d48b20329b036ead1e893b2b3aed2822bc4a82ba8f07f510c0d5b
244 32 10 1 23 8180 :e6b54182d12aa803c22f64a7936f7429ced93faa20181c1ceb93d30d71fa6aac
245 32 10 1 23 8176 :a96650cd52906dd9b2c64f7fa221fde08cf1758579012a53e62dcd0632bdf121
246 32 10 1 24 8176 :e8bc30b02ec0af886cc77caa21e90843d8d5a37661c73408ec9a8277e7be9b9c
247 32 10 1 24 8180 :08d6d1fc04620fd78f56a2a53c54cbb1a98e43cd4773fa42a47eec421c6a4a8a
248 32 10 1 24 8176 :7666f47ab8ec3ef679775c6310a61d02e6bd599dd4cda05284de10cea5f905f9
249 32 10 1 24 8176 :ea7c01c2f91c5cc35e1e2ac2c022aedf410c9a5652b121ed1419d915de0e04bb
250 32 10 1 24 8176 :cdc522c4dac320575e24c70b4d8eea16e610a61568ddc671bef656b1cc6dcca6
251 32 10 1 24 8180 :d9b6e0e328f96e740056501efb1058521929ad078684a51e7d95cdba9ea1439c
252 32 10 1 24 8180 :54ce98e398454a6cdd9b8ea591e053161e5071752cd4beb906e8fa2245560834
253 32 10 1 24 8180 :98a8cac06f3645e0e59c109d3a83036da4724ef78e5f6ee4ea1558dcc6eac5cd
254 32 10 1 23 8180 :5808a9132f9aae131255b7088e7dbc5b77967fb791f3a0e1c2d75e8f8900e6ec
255 32 10 1 24 8180 :ed172a22cc33272e8d8b2447ade1632073c56e38212aac9958c84c049a8166a0
256 32 10 1 24 8176 :1e07d87663313799ecd526fa8844044b0d25851e115d0662f61f9e84c8b9d375
257 32 10 1 23 8176 :4344aefc4948d53004f0920e0e82feb8cd891cf7982e874e9620627fc906a61a
258 32 10 1 23 8180 :31f1846e1f3aa47e4131989c38ea28436f6cdc9cdc58ba7dc4edd729e6dcb548
259 32 10 1 23 8176 :9ad811f93935b45ba35714aec54003db5a595b3f7d9806796389ffd9f944bc1e
260 32 10 1 24 8176 :4704c85ae17924978dcd42b5ea2e4f5487a029a6963d42a05359da486647a5c2
261 32 10 1 23 8180 :d2a16929fc07d5a999bddd83e24cb95351b8e00f060815eeec41f9d02ea43804
262 32 10 1 24 8180 :fa435397f4b25d1a81f669146793e92364b2f4f263890eaf10f6fbb00b4f0d8a
263 32 10 1 24 8180 :a2b86a814867bece274f543a0227418c9033255f779b7e1d37e25c0134d7fe91
264 32 10 1 24 8176 :df73311eb1d75749487c40098acaae20f265703d1e23243333100a7b4e654e35
265 32 10 1 24 8176 :0475efcb545bec9d924d08072d9b2115ad70f525f2f7a1dcd9c2bd5d1a1dc592
266 32 10 1 24 8180 :8915c3b2d58e2c98e7db53e1019adeafb575b444c84fca00cc2a3943eebef8c0
267 32 10 1 24 8180 :b4af43246a21c2517cb5edcc53e4d264bc10a5d35f686a810d4887787822dbff
268 32 10 1 25 8180 :a04080fcb9001edfba28faff54146f27c65152a3ecf3b6d8722a1fbdd3ea8493
269 32 10 1 22 8180 :ac380fb6c3c769ae9306f02aa95c4babc1c0c88d02234e70161ef450cfb82a53
270 32 10 1 24 8176 :8150bd3696838340a7fd40fba4a863e52a591a44f341a37770b351160df30ad6
271 32 10 1 24 8180 :e425bd277dfbd8e13fd820ae08878ee21b79c2ca5061ed1b90b6b18eb1cbffac
272 32 10 1 23 8180 :56541ce80437d7bd3f02cba54d4acd42c11bd2b4bc51f23d04185dc7568343d1
273 32 10 1 24 8176 :8d38e50a365404316e8c45a4b0cb74793566e47bdf5a7a1e85fdb87656ce243a
274 32 10 1 23 8180 :29f64c3de4efea60ce66dfd61445dd41f2c5e771e187389ac7e0186bef12c2c7
275 32 10 1 24 8176 :9bac7348f7b0042408e90683f54e7115718b31cc99e192c0fe6b8cb7ea661b28
276 32 10 1 24 8180 :398a6b4cc5f6f08b5f48886d5a62d8ce3d7c56b62973c4017792ad22c32c8d6d
277 32 10 1 24 8180 :dd64b1589e6087ae9f966bc2453bbcafd307d4200f513aa5a4bcf58714b8e840
278 32 10 1 23 8180 :b3648e8ebe2b83b314a1e1ff3c9327d498144f93a83fa4e10e21989a6a39436d
279 32 10 1 24 8180 :dc86f11d20ae552131ecb172c15a7b3e1afb43434504bd14c40dc44ad7e96fa5
280 32 10 1 23 8180 :b0f4cdebaba46ba92012841a001054e1d2a031ecd70414f00d2a10fe60464e38
281 32 10 1 23 8180 :e41e70584106ac313aea319788cb721fb86546f30073827ec5cf698cef18d3e3
282 32 10 1 24 8180 :7e139b907a64612b068b2503158fa3700010e9a7f0247fbc7dcb6e156766edd4
283 32 10 1 24 8176 :c4e1650d4a796350fc00bfab26d38fa52c957365496dbe451127114dae1d1df3
284 32 10 1 23 8180 :cce5c90e66efc09830341aa8f7bd9ec055423dd867711c00cc2f5097c13da871
285 32 10 1 24 8176 :d6e1e0c16966e26d5fb892251df0a73fc5a243d66f1a68dcc02ee448d49fc950
286 32 10 1 24 8176 :34025ffdb0b76cbea084180360b7e049c64de93cb60f93403cadc9eef2518f03
287 32 10 1 23 8180 :e78c052ea3f8fe6b3b738ecde572de1e2a4f2ef6a22d2f56e4696d01db68194a
288 32 10 1 24 8180 :7bf0a6b32587f500925d30a05b2cece16bf0399a974e0f450c6a85fd50f523ac
289 32 10 1 24 8180 :e048423fa538730b44c0369a498185977d33ac5110fa391b6d86a35d80d841f9
290 32 10 1 24 8180 :c988898aca82a5cd71743cd52b35bfae4794d2144bbd78956a4d73c2e8d27297
291 32 10 1 23 8176 :cf4fe36362262772f4e40a8562006e70d57e8cdcd984a84bd2f79a193864d09a
292 32 10 1 24 8180 :c1beb737e279e2e2ba092ac4a0880b7f316011e9269bcf08f74a16e6702c0ca3
293 32 10 1 24 8180 :c19e4f696e2d01133b7680185e7d63bef7f8b1921db75f2bc6273cba34060dd4
294 32 10 1 24 8176 :665a65b0472ddb6b56fa542ea6986a62ce1a70931ea7f3340c84b9537a64c292
295 32 10 1 24 8180 :d81c81c4aeadda8154c7506b959e31d0db1f4face9061d469d7e6f113465ea65
296 32 10 1 23 8180 :b09ec8c36286a9fbaa4e2991b7851cc02631dd0e8dfb91a764ccae95459b7551
297 32 10 1 24 8180 :0f08d1a33f6810206116dddd4845d5f2197bf485344c0ccefff65d01a4afacd9
298 32 10 1 23 8180 :7b7398cd336f1dc7358324062a7a790fae411595f1e7095c4aa502ed053134bb
299 32 10 1 24 8176 :f12efce16aa18a2f65b1ddca76149f0bd498aa9dd0f785d6d90018906e6026af
300 32 10 1 24 8180 :92ae9ca58295c5b84a3f0518c261b56538ea31c8c805201ade7358daa06b18c5
